35870660922
1781735489620
35873383756
1781735490021
35880081897
1781735491025
35886798169
1781735492024
35893855278
1781735493021
35900735061
1781735494022
35907552328
1781735495025
35914452429
1781735496024
35920940134
1781735497023
35927545175
1781735498022
35934369296
1781735499025
35941546205
1781735500088
35947667490
1781735501024
35954325713
1781735502023
35961235668
1781735503024
35967658118
1781735504025
35974499681
1781735505025
35981014452
1781735506025
35987628122
1781735507023
35994103740
1781735508023
36000420283
1781735509022
36007086447
1781735510022
36013802933
1781735511025
36020242428
1781735512023
36026960903
1781735513021
36033732897
1781735514023
36041415256
1781735515176
36046988404
1781735516021
36053481464
1781735517021
36060543531
1781735518021
36071982851
1781735519023
36086004628
1781735520023
36101792698
1781735521020
36118095842
1781735522016
36134908645
1781735523020
36151714043
1781735524020
36168423004
1781735525020
36185223139
1781735526021
36202066098
1781735527022
36218822245
1781735528019
36235628943
1781735529020
36252441684
1781735530019
36269265748
1781735531020
36286098012
1781735532021
36302962866
1781735533022
36319742973
1781735534021
36336606939
1781735535021
36353437000
1781735536020
36370236109
1781735537021
36387068266
1781735538021
36403856237
1781735539020
36420683652
1781735540020
36437497342
1781735541020
36454322568
1781735542020
36471155613
1781735543020
36487943997
1781735544020
36504551581
1781735545020
36520671645
1781735546024
36537365475
1781735547020
36554142186
1781735548020
36570847230
1781735549021
36587622212
1781735550021
36604414742
1781735551019
36621185990
1781735552019
36637939934
1781735553021
36654726420
1781735554021
36671462387
1781735555020
36688251918
1781735556021
36705068883
1781735557021
36721800702
1781735558020
36738601724
1781735559020
36755427624
1781735560020
36772182853
1781735561021
36788894813
1781735562020
36805626465
1781735563020
36822424993
1781735564020
36839168747
1781735565019
36855974435
1781735566021
36872619305
1781735567022
36889271320
1781735568020
36906065197
1781735569019
36922894294
1781735570020
36939718939
1781735571020
36956529263
1781735572021
36973342143
1781735573020
36990110973
1781735574020
37006971680
1781735575023
37023743816
1781735576021
37040537524
1781735577019
37057293977
1781735578020
37073977418
1781735579019
37090813492
1781735580020
37107606864
1781735581019
37124420279
1781735582020
37141245123
1781735583021
37157981900
1781735584021
37174600377
1781735585019
37191385717
1781735586020
37208220230
1781735587020
37225007207
1781735588020
37241813476
1781735589020
37258551646
1781735590019
37275361190
1781735591020
37292164017
1781735592019
37308974219
1781735593020
37325781544
1781735594021
37342601966
1781735595019
37359295016
1781735596021
37376052968
1781735597020
37392858565
1781735598020
37409662845
1781735599019
37426526658
1781735600021
37443318057
1781735601020
37460171649
1781735602022
37476836180
1781735603020
37493621167
1781735604021
37510511541
1781735605023
37527225399
1781735606019
37544041858
1781735607019
37560880013
1781735608021
37577659018
1781735609020
37594471408
1781735610020
37611305478
1781735611021
37628161977
1781735612022
37644902380
1781735613020
37661716009
1781735614019
37678519877
1781735615019
37695394155
1781735616021
37712202399
1781735617020
37729035382
1781735618021
37745859996
1781735619021
37765256877
1781735620173
37779501147
1781735621021
37796250042
1781735622020
37813027532
1781735623020
37829862489
1781735624020
37846660742
1781735625020
37863481623
1781735626024
37880208929
1781735627020
37896993871
1781735628020
37913827543
1781735629021
37930565743
1781735630021
37947281712
1781735631020
37964110717
1781735632020
37980945277
1781735633021
37997759395
1781735634023
38015578709
1781735635080
38031304829
1781735636022
38047955911
1781735637020
38064640653
1781735638020
38081418296
1781735639020
38098240875
1781735640021
38115088776
1781735641022
38131839997
1781735642020
38148691050
1781735643020
38165476986
1781735644020
38182241961
1781735645020
38199102193
1781735646021
38215866618
1781735647019
38232711290
1781735648020
38249565418
1781735649020
38266369913
1781735650020
38283165901
1781735651020
38299987089
1781735652021
38316760004
1781735653019
38333641397
1781735654021
38350487141
1781735655021
38367318150
1781735656019
38384160452
1781735657020
38400982236
1781735658019
38417852337
1781735659022
38434548508
1781735660015
38451431920
1781735661022
38468186782
1781735662019
38485032862
1781735663021
38501834312
1781735664019
38518621794
1781735665019
38535464921
1781735666019
38552277601
1781735667019
38569112696
1781735668021
38585910276
1781735669020
38602727592
1781735670019
38619577359
1781735671021
38636448409
1781735672023
38653248911
1781735673020
38670050927
1781735674019
38686914113
1781735675019
38703727711
1781735676020
38720561062
1781735677020
38737337114
1781735678019
38754156205
1781735679020
38770941269
1781735680020
38787779256
1781735681022
38804559638
1781735682019
38821417453
1781735683019
38838242634
1781735684019
38854994634
1781735685019
38871766540
1781735686020
38888596540
1781735687021
38905390723
1781735688019
38922235625
1781735689019
38939007286
1781735690015
38955969861
1781735691022
38972661381
1781735692019
38989498510
1781735693019
39006336528
1781735694020
39023199086
1781735695020
39040000643
1781735696020
39056786380
1781735697020
39073607353
1781735698021
39090321043
1781735699021
39107189905
1781735700021
39123971985
1781735701020
39140772930
1781735702020
39157620510
1781735703021
39174448567
1781735704020
39191302022
1781735705019
39208086872
1781735706021
39224902918
1781735707020
39241743230
1781735708020
39258580605
1781735709020
39276462082
1781735710081
39292283812
1781735711021
39309114745
1781735712019
39325937554
1781735713019
39342806753
1781735714020
39359675814
1781735715019
39376536873
1781735716023
39393317194
1781735717021
39410185367
1781735718019
39427063470
1781735719021
39443873091
1781735720020
39460708431
1781735721020
39477538201
1781735722019
39494389392
1781735723020
39511268214
1781735724020
39528128936
1781735725019
39544983523
1781735726021
39561754481
1781735727020
39578564943
1781735728020
39595355744
1781735729020
39612191742
1781735730020
39628993360
1781735731019
39645803348
1781735732020
39662692987
1781735733023
39679572926
1781735734023
39696389064
1781735735019
39713276531
1781735736022
39730050151
1781735737019
39746899444
1781735738020
39763720769
1781735739021
39780532072
1781735740020
39797416066
1781735741024
39814192853
1781735742021
39831072669
1781735743022
39847909447
1781735744021
39864775005
1781735745021
39881569799
1781735746021
39898377171
1781735747020
39915194961
1781735748019
39932023431
1781735749020
39948854946
1781735750019
39965616830
1781735751020
39982499814
1781735752020
39999381834
1781735753019
40016241317
1781735754019
40033128570
1781735755020
40049925920
1781735756021
40066749096
1781735757020
40083599093
1781735758020
40100416945
1781735759020
40117188973
1781735760019
40133980249
1781735761021
40150846051
1781735762020
40167708548
1781735763020
40184535258
1781735764020
40201449837
1781735765023
40218230311
1781735766019
40235077125
1781735767020
40251816595
1781735768020
40268502332
1781735769020
40285345352
1781735770019
40302202540
1781735771020
40319082495
1781735772021
40335917758
1781735773019
40352765919
1781735774020
40369609215
1781735775019
40386458141
1781735776019
40403260968
1781735777021
40420057981
1781735778019
40436935166
1781735779019
40453764417
1781735780021
40470556870
1781735781020
40487375946
1781735782019
40504289346
1781735783019
40521106617
1781735784021
40537930237
1781735785021
40554778321
1781735786020
40571662866
1781735787022
40588461195
1781735788021
40605304047
1781735789020
40622089799
1781735790019
40638900613
1781735791021
40655734438
1781735792019
40672633334
1781735793019
40689479399
1781735794020
40706345369
1781735795020
40723172202
1781735796021
40739972643
1781735797019
40756807493
1781735798020
40773627900
1781735799020
40791573392
1781735800083
40807342291
1781735801020
40824199296
1781735802020
40841053867
1781735803021
40857854859
1781735804020
40874665535
1781735805021
40891522646
1781735806021
40908342885
1781735807020
40925178882
1781735808020
40941963671
1781735809020
40958803310
1781735810020
40975630663
1781735811020
40992483705
1781735812020
41009299231
1781735813020
41026144914
1781735814020
41042945048
1781735815019
41059784794
1781735816022
41076590651
1781735817020
41093407125
1781735818021
41110212049
1781735819020
41127073047
1781735820021
41143887823
1781735821021
41160699754
1781735822020
41177578836
1781735823020
41194397407
1781735824019
41211248016
1781735825019
41228156367
1781735826022
41244931792
1781735827020
41261727643
1781735828020
41278593873
1781735829019
41295449286
1781735830019
41312281230
1781735831021
41329121496
1781735832020
41345717651
1781735833021
41362042521
1781735834020
41378884348
1781735835019
41395751573
1781735836021
41412563611
1781735837020
41429450680
1781735838019
41446284872
1781735839020
41463104177
1781735840023
41479851389
1781735841020
41496738473
1781735842022
41513543764
1781735843019
41530451763
1781735844022
41547218467
1781735845019
41564035324
1781735846018
41580993661
1781735847023
41597748232
1781735848020
41614599851
1781735849021
41631415362
1781735850021
41648226634
1781735851020
41665098067
1781735852024
41681963410
1781735853022
41698797480
1781735854021
41715641280
1781735855021
41732497015
1781735856021
41749293921
1781735857020
41766127853
1781735858020
41783009399
1781735859021
41799829331
1781735860020
41816651329
1781735861019
41833428453
1781735862020
41850342557
1781735863019
41867177881
1781735864020
41884048900
1781735865021
41900910066
1781735866023
41917701893
1781735867019
41934502196
1781735868019
41951366039
1781735869019
41968243745
1781735870023
41985023989
1781735871019
42001379337
1781735872019
42018125233
1781735873020
42034960206
1781735874020
42051811473
1781735875019
42068708517
1781735876021
42085541026
1781735877020
42102384888
1781735878019
42119240087
1781735879020
42136036106
1781735880020
42152851525
1781735881021
42169710105
1781735882020
42186591330
1781735883020
42203488053
1781735884022
42220345134
1781735885021
42237199905
1781735886019
42254061867
1781735887021
42270905682
1781735888020
42287759336
1781735889019
42305701248
1781735890085
42321498208
1781735891022
42338346583
1781735892020
42355202119
1781735893019
42372065427
1781735894019
42388878612
1781735895021
42405724555
1781735896020
42422587190
1781735897023
42439390981
1781735898020
42456244313
1781735899020
42473127481
1781735900022
42489948591
1781735901020
42506817117
1781735902021
42523696322
1781735903021
42540519284
1781735904021
42558385048
1781735905081
42574209991
1781735906021
42591017852
1781735907020
42607871980
1781735908019
42624725557
1781735909019
42641597280
1781735910019
42658474083
1781735911020
42675335953
1781735912020
42692201020
1781735913020
42709040736
1781735914020
42725887627
1781735915021
42742723885
1781735916020
42759581012
1781735917023
42776430183
1781735918021
42793338136
1781735919023
42810164280
1781735920021
42827003889
1781735921020
42843842411
1781735922019
42860758611
1781735923021
42877640937
1781735924019
42894525038
1781735925019
42911379457
1781735926020
42928256382
1781735927022
42945095439
1781735928020
42961986119
1781735929020
42978925392
1781735930023
42995762598
1781735931022
43012618425
1781735932022
43029503306
1781735933020
43046378288
1781735934021
43063244579
1781735935021
43080103833
1781735936019
43096966896
1781735937019
43113830862
1781735938020
43130679987
1781735939020
43147544397
1781735940019
43164405043
1781735941022
43181284477
1781735942022
43198216758
1781735943021
43215129684
1781735944022
43231955797
1781735945019
43248805228
1781735946019
43265663365
1781735947021
43282530758
1781735948021
43299372264
1781735949019
43316267013
1781735950020
43333124079
1781735951020
43350034557
1781735952023
43366861161
1781735953021
43383702804
1781735954020
43400540316
1781735955019
43417410219
1781735956020
43434198067
1781735957020
43451018352
1781735958019
43467843869
1781735959018
43484724343
1781735960019
43501579971
1781735961020
43518446676
1781735962020
43535304124
1781735963020
43552163989
1781735964019
43570094778
1781735965082
43585896006
1781735966020
43602719382
1781735967020
43619561361
1781735968019
43636401873
1781735969019
43653262671
1781735970019
43670138832
1781735971023
43686943602
1781735972020
43703802549
1781735973020
43720681815
1781735974022
43737542568
1781735975020
43754387425
1781735976021
43771194811
1781735977020
43788029707
1781735978020
43804917832
1781735979020
43821790810
1781735980020
43838614261
1781735981020
43855438478
1781735982020
43872365205
1781735983020
43889206282
1781735984020
43906068305
1781735985020
43922886202
1781735986019
43939724464
1781735987019
43956566383
1781735988020
43973396092
1781735989020
43990313471
1781735990024
44007128109
1781735991021
44023950934
1781735992019
44040873698
1781735993022
44057678162
1781735994021
44074529169
1781735995019
44091449255
1781735996022
44108265715
1781735997019
44125113065
1781735998020
44141970131
1781735999021
44158857506
1781736000022
44175685287
1781736001021
44192476410
1781736002021
44209327141
1781736003019
44226204219
1781736004021
44243046398
1781736005020
44259864327
1781736006020
44276745153
1781736007023
44293543834
1781736008020
44310378944
1781736009021
44328310407
1781736010083
44344128082
1781736011021
44360961586
1781736012020
44377879591
1781736013023
44394701085
1781736014020
44411622089
1781736015020
44428467465
1781736016019
44445307395
1781736017021
44462173687
1781736018020
44479030645
1781736019020
44495851527
1781736020022
44512703451
1781736021020
44529583528
1781736022019
44546446240
1781736023020
44563284058
1781736024019
44580195668
1781736025021
44597045023
1781736026020
44613886743
1781736027020
44630724056
1781736028020
44647560115
1781736029021
44664391033
1781736030019
44681266474
1781736031021
44698081770
1781736032020
44715000862
1781736033022
44731887273
1781736034021
44748701285
1781736035019
44765542454
1781736036019
44782434893
1781736037021
44799255943
1781736038019
44816101120
1781736039020
44833949611
1781736040083
44849711763
1781736041020
44866570664
1781736042019
44883489068
1781736043021
44900304089
1781736044020
44917163541
1781736045020
44933924232
1781736046020
44950651218
1781736047020
44967405177
1781736048021
44984135268
1781736049020
45000873789
1781736050020
45017718400
1781736051021
45034525955
1781736052016
45051442125
1781736053020
45068276088
1781736054019
45085182251
1781736055022
45101995956
1781736056020
45118871183
1781736057020
45135692891
1781736058019
45152560819
1781736059020
45169409715
1781736060020
45186241337
1781736061020
45203110153
1781736062020
45219968106
1781736063021
45236733601
1781736064020
45253569690
1781736065021
45270358641
1781736066021
45287229415
1781736067023
45303995583
1781736068019
45320863543
1781736069020
45338715736
1781736070080
45354533396
1781736071021
45371395771
1781736072019
45388216422
1781736073019
45405068439
1781736074020
45421907237
1781736075020
45438805842
1781736076023
45455552411
1781736077021
45472356936
1781736078019
45489165715
1781736079021
45506003916
1781736080019
45522860599
1781736081022
45539613013
1781736082017
45556490198
1781736083019
45573273656
1781736084020
45591083911
1781736085080
45606839086
1781736086020
45623593443
1781736087020
45640351350
1781736088020
45657082971
1781736089019
45673908013
1781736090021
45690622743
1781736091022
45707361509
1781736092021
45724137118
1781736093020
45740916567
1781736094020
45757730303
1781736095021
45774474776
1781736096020
45791320091
1781736097020
45808058918
1781736098020
45824845772
1781736099021
45842674954
1781736100083
45858337931
1781736101021
45875119308
1781736102022
45891901740
1781736103023
45908638762
1781736104021
45925392033
1781736105021
45942190622
1781736106021
45958923987
1781736107019
45975772852
1781736108021
45992591912
1781736109021
46009434244
1781736110020
46026281181
1781736111019
46043065939
1781736112019
46059853941
1781736113020
46076607792
1781736114020
46093349022
1781736115019
46110206883
1781736116020
46127119580
1781736117022
46143930348
1781736118021
46160770262
1781736119021
46170893232
1781736120021
46180078158
1781736121019
46189248244
1781736122021
46198641296
1781736123021
46207541092
1781736124021
46216625391
1781736125023
46227999349
1781736126025
46242703246
1781736127020
46259342960
1781736128020
46276254111
1781736129022
46293103848
1781736130020
46309976902
1781736131020
46326858020
1781736132020
46343755982
1781736133018
46360647534
1781736134020
46377550530
1781736135020
46394520464
1781736136022
46411318686
1781736137020
46428202374
1781736138021
46445086444
1781736139020
46461933381
1781736140019
46478846797
1781736141021
46495703587
1781736142020
46512625096
1781736143020
46529528322
1781736144019
46546409210
1781736145019
46563356852
1781736146021
46580175407
1781736147019
46597048354
1781736148020
46613942308
1781736149023
46630847814
1781736150023
46647742992
1781736151021
46664615709
1781736152020
46681443476
1781736153017
46698427072
1781736154021
46715347449
1781736155020
46732203138
1781736156021
46749027033
1781736157020
46765924629
1781736158024
46782728787
1781736159020
46799597007
1781736160019
46816456230
1781736161019
46833312240
1781736162019
46850175395
1781736163020
46866983286
1781736164020
46883896212
1781736165021
46900697050
1781736166021
46917516356
1781736167025
46934238582
1781736168019
46951168874
1781736169023
46968001398
1781736170020
46984937733
1781736171021
47001733354
1781736172021
47018650564
1781736173021
47035525898
1781736174021
47052433439
1781736175020
47069298200
1781736176019
47086128904
1781736177020
47102988188
1781736178020
47119797503
1781736179019
47136712877
1781736180022
47153593948
1781736181022
47170406705
1781736182019
47187260772
1781736183021
47204107418
1781736184022
47220965142
1781736185020
47237845509
1781736186020
47254712887
1781736187021
47271558157
1781736188020
47288512194
1781736189022
47305317943
1781736190020
47322195679
1781736191022
47339044789
1781736192020
47355790517
1781736193020
47372579176
1781736194020
47389359726
1781736195019
47406194806
1781736196022
47423034414
1781736197022
47439840087
1781736198019
47456694613
1781736199021
47473537312
1781736200019
47490416410
1781736201020
47507286358
1781736202019
47524199162
1781736203020
47541056396
1781736204023
47557833642
1781736205020
47574641242
1781736206020
47591445079
1781736207021
47608196468
1781736208019
47624958169
1781736209020
47641779754
1781736210020
47658546641
1781736211019
47674918207
1781736212019
47691248203
1781736213019
47707522002
1781736214020
47723956605
1781736215022
47740649608
1781736216020
47757460866
1781736217020
47774304728
1781736218020
47791106423
1781736219020
47808992031
1781736220081
47824814388
1781736221021
47841673412
1781736222022
47858500704
1781736223020
47875359285
1781736224020
47892216274
1781736225022
47908996212
1781736226020
47925843363
1781736227020
47942693315
1781736228020
47959515236
1781736229021
47976307353
1781736230023
47993072940
1781736231024
48009834289
1781736232022
48026568588
1781736233016
48043515939
1781736234023
48061424849
1781736235083
48077188102
1781736236021
48094031046
1781736237021
48110900275
1781736238021
48127717087
1781736239019
48144572638
1781736240020
48161424379
1781736241024
48178191358
1781736242022
48194965498
1781736243020
48211728132
1781736244020
48228540170
1781736245019
48245421609
1781736246022
48262186553
1781736247021
48279050856
1781736248021
48295864668
1781736249020
48315258810
1781736250173
48329535761
1781736251022
48346300093
1781736252020
48363073544
1781736253020
48379795710
1781736254021
48396513576
1781736255020
48413240209
1781736256019
48430002507
1781736257020
48446773525
1781736258020
48463585380
1781736259021
48480349314
1781736260021
48497207420
1781736261021
48514019825
1781736262020
48530838733
1781736263018
48547664418
1781736264019
48565608457
1781736265084
48581303580
1781736266020
48598113934
1781736267021
48614948723
1781736268020
48631806554
1781736269021
48648648580
1781736270022
48665461352
1781736271021
48682301526
1781736272020
48699194700
1781736273022
48715947772
1781736274020
48732801976
1781736275020
48749549433
1781736276020
48766273496
1781736277020
48783047513
1781736278020
48799845046
1781736279023
48817643628
1781736280083
48833366306
1781736281020
48850109876
1781736282020
48866910378
1781736283019
48883758906
1781736284021
48900606272
1781736285021
48917436884
1781736286019
48934296260
1781736287019
48951151275
1781736288020
48968002772
1781736289020
48984851484
1781736290019
49001727965
1781736291021
49018580303
1781736292021
49035375465
1781736293019
49052190226
1781736294020
49069068054
1781736295020
49085902185
1781736296021
49102751493
1781736297020
49119577668
1781736298020
49136425738
1781736299022
49153179666
1781736300021
49170035294
1781736301021
49186875606
1781736302020
49203768810
1781736303019
49220611004
1781736304019
49237494034
1781736305020
49254355430
1781736306022
49271193324
1781736307022
49287949257
1781736308020
49304794083
1781736309019
49322709006
1781736310084
49338517425
1781736311021
49355353881
1781736312019
49372144270
1781736313020
49388972235
1781736314020
49405755294
1781736315020
49422527001
1781736316021
49439265813
1781736317020
49456033267
1781736318023
49472797324
1781736319021
49489613967
1781736320020
49506434695
1781736321019
49523285243
1781736322019
49540145614
1781736323021
49556967551
1781736324022
49574830224
1781736325083
49590566886
1781736326020
49607367831
1781736327019
49624148443
1781736328019
49640927938
1781736329020
49657768617
1781736330020
49674594379
1781736331019
49691397405
1781736332019
49708237518
1781736333020
49725064152
1781736334020
49741909345
1781736335020
49758726784
1781736336022
49775527638
1781736337020
49792398167
1781736338020
49809190805
1781736339021
49827081890
1781736340084
49842853084
1781736341021
49859717815
1781736342023
49876497999
1781736343021
49893227478
1781736344019
49910078209
1781736345020
49926891517
1781736346021
49943672037
1781736347019
49960517076
1781736348020
49977335999
1781736349019
49994152137
1781736350021
50010990966
1781736351020
50027829488
1781736352019
50044696330
1781736353021
50061548714
1781736354020
50078430963
1781736355020
50095271214
1781736356021
50112103402
1781736357019
50128968715
1781736358019
50145802479
1781736359020
50162569504
1781736360019
50179445343
1781736361022
50196214846
1781736362019
50213116083
1781736363021
50229953947
1781736364019
50246785477
1781736365021
50263518598
1781736366021
50280277070
1781736367019
50297098242
1781736368019
50313913049
1781736369020
50331838346
1781736370082
50347611162
1781736371019
50364477101
1781736372020
50381305495
1781736373019
50398109821
1781736374020
50414978913
1781736375019
50431819883
1781736376019
50448638882
1781736377019
50465457132
1781736378019
50482333613
1781736379022
50499148436
1781736380021
50515999121
1781736381020
50532822053
1781736382019
50549696178
1781736383020
50566553335
1781736384021
50583475288
1781736385022
50600344028
1781736386022
50617163196
1781736387020
50634015916
1781736388021
50650806289
1781736389021
50667611901
1781736390022
50684349198
1781736391021
50701153601
1781736392021
50717999360
1781736393019
50734839305
1781736394020
50751751267
1781736395023
50768540615
1781736396020
50785400083
1781736397020
50802229165
1781736398021
50819081931
1781736399021
50835928899
1781736400023
50852747118
1781736401019
50869561191
1781736402020
50886399499
1781736403021
50903233171
1781736404019
50920020224
1781736405021
50936772622
1781736406020
50953555605
1781736407021
50970293698
1781736408020
50987051069
1781736409020
51003854906
1781736410021
51020640857
1781736411020
51037419067
1781736412019
51054218176
1781736413020
51071047457
1781736414022
51087843047
1781736415022
51104549637
1781736416019
51121334166
1781736417019
51138089028
1781736418021
51154832889
1781736419019
51171604703
1781736420020
51188439170
1781736421022
51205225948
1781736422021
51222038995
1781736423019
51238915507
1781736424020
51255764372
1781736425019
51272627344
1781736426019
51289498455
1781736427019
51306343036
1781736428019
51323187571
1781736429020
51340055698
1781736430020
51356877237
1781736431020
51373722339
1781736432021
51390558428
1781736433019
51407415494
1781736434019
51424309539
1781736435021
51441167569
1781736436021
51458000629
1781736437021
51474794689
1781736438021
51491542880
1781736439019
51508358162
1781736440019
51525221730
1781736441021
51542043498
1781736442020
51558830460
1781736443020
51575559464
1781736444018
51592391285
1781736445019
51609141434
1781736446021
51625894399
1781736447021
51642659894
1781736448019
51659512997
1781736449020
51676333710
1781736450019
51693249344
1781736451023
51710053915
1781736452022
51726897578
1781736453020
51743755990
1781736454020
51760620522
1781736455021
51777509213
1781736456023
51794272674
1781736457019
51811115939
1781736458020
51827937202
1781736459020
51844851016
1781736460023
51861600216
1781736461022
51878373683
1781736462019
51895124628
1781736463020
51911889863
1781736464019
51928689217
1781736465020
51945476040
1781736466020
51962270606
1781736467019
51979043766
1781736468019
51995808175
1781736469019
52012592367
1781736470019
52029360218
1781736471020
52046197470
1781736472022
52062994300
1781736473020
52079700783
1781736474015
52096550658
1781736475019
52113434682
1781736476021
52130243323
1781736477020
52147091668
1781736478021
52163987779
1781736479022
52180781564
1781736480022
52197521294
1781736481019
52214294378
1781736482022
52231177026
1781736483022
52248004057
1781736484023
52264841631
1781736485021
52281719489
1781736486020
52298545190
1781736487022
52315274791
1781736488020
52332028551
1781736489020
52349831188
1781736490084
52365542651
1781736491021
52382148200
1781736492021
52398781197
1781736493021
52415635509
1781736494021
52432480594
1781736495021
52449244728
1781736496019
52465977206
1781736497020
52482758674
1781736498019
52499547670
1781736499020
52516374457
1781736500021
52533182762
1781736501021
52549955035
1781736502020
52566709468
1781736503019
52583484266
1781736504020
52600439894
1781736505023
52617206628
1781736506019
52634019676
1781736507019
52650786961
1781736508019
52667497927
1781736509018
52684288683
1781736510021
52701215409
1781736511023
52717982634
1781736512020
52734740785
1781736513020
52751483988
1781736514020
52768222953
1781736515020
52785040453
1781736516023
52801813154
1781736517019
52818669042
1781736518021
52835492356
1781736519021
52853384864
1781736520084
52869176178
1781736521021
52886021202
1781736522020
52902909128
1781736523022
52919732718
1781736524021
52936500554
1781736525020
52953388036
1781736526021
52970242562
1781736527021
52987060551
1781736528021
53003863179
1781736529020
53020694694
1781736530021
53037517044
1781736531021
53054280413
1781736532020
53071131496
1781736533020
53087950143
1781736534020
53104916971
1781736535023
53121713021
1781736536020
53138566629
1781736537021
53155351723
1781736538019
53172135272
1781736539021
53188976181
1781736540020
53205808293
1781736541020
53222614608
1781736542021
53239465187
1781736543021
53256307059
1781736544021
53273140823
1781736545020
53289994615
1781736546019
53306849171
1781736547020
53323713627
1781736548022
53340571886
1781736549021
53357433542
1781736550021
53374004712
1781736551021
53390503069
1781736552020
53407360425
1781736553020
53424249055
1781736554021
53441119034
1781736555022
53457943633
1781736556019
53474811913
1781736557020
53491664649
1781736558020
53508493440
1781736559019
53525323226
1781736560020
53542165635
1781736561020
53559033303
1781736562021
53575747115
1781736563020
53592261644
1781736564020
53609165390
1781736565019
53626005595
1781736566019
53642795188
1781736567019
53659612076
1781736568020
53676443682
1781736569020
53693296969
1781736570022
53710108165
1781736571019
53726937890
1781736572020
53743732073
1781736573020
53760501087
1781736574021
53777328088
1781736575022
53794017450
1781736576020
53810823965
1781736577020
53827603582
1781736578020
53844466110
1781736579020
53862370353
1781736580082
53878174075
1781736581019
53895033084
1781736582021
53911932944
1781736583020
53928771451
1781736584020
53945609193
1781736585020
53962494594
1781736586020
53979353511
1781736587021
53996202116
1781736588021
54013058126
1781736589020
54029885724
1781736590022
54046702504
1781736591021
54063487721
1781736592020
54080301182
1781736593019
54097112990
1781736594021
54113924232
1781736595019
54130802473
1781736596019
54147638318
1781736597019
54164519695
1781736598023
54181370136
1781736599023
54198136809
1781736600020
54214959909
1781736601021
54231837156
1781736602021
54248657455
1781736603021
54265488450
1781736604020
54282315528
1781736605020
54299168508
1781736606019
54316043108
1781736607019
54332911388
1781736608020
54349762609
1781736609021
54367544835
1781736610081
54383322226
1781736611023
54400061681
1781736612021
54416888881
1781736613020
54433724771
1781736614021
54450560646
1781736615020
54467393997
1781736616020
54484248936
1781736617021
54501020888
1781736618020
54517816800
1781736619023
54534539439
1781736620019
54551333745
1781736621021
54568118763
1781736622019
54584911323
1781736623019
54601736366
1781736624020
54618549521
1781736625019
54635409585
1781736626020
54652190427
1781736627019
54669041969
1781736628019
54685899264
1781736629023
54702680243
1781736630019
54719543230
1781736631020
54736408359
1781736632020
54753288084
1781736633022
54770081823
1781736634020
54786962481
1781736635022
54803745877
1781736636020
54820551397
1781736637019
54837405678
1781736638020
54854236596
1781736639020
54871142836
1781736640022
54888019516
1781736641020
54904865000
1781736642020
54921680832
1781736643020
54938532803
1781736644021
54955419015
1781736645022
54972240141
1781736646020
54989084232
1781736647021
55005906797
1781736648019
55022745747
1781736649019
55039690237
1781736650023
55056512908
1781736651022
55073314649
1781736652020
55090223307
1781736653023
55107015225
1781736654020
55123904574
1781736655019
55140752398
1781736656021
55157609770
1781736657020
55174471058
1781736658021
55191291695
1781736659020
55208123775
1781736660021
55224982386
1781736661023
55241820511
1781736662020
55258754275
1781736663023
55275575554
1781736664021
55292468116
1781736665020
55309318848
1781736666020
55326207997
1781736667021
55343035305
1781736668021
55359909629
1781736669021
55376753796
1781736670020
55393637163
1781736671020
55410500165
1781736672021
55427344057
1781736673020
55444181417
1781736674019
55461074896
1781736675019
55477946145
1781736676019
55494766690
1781736677019
55511636072
1781736678021
55528465338
1781736679020
55545307241
1781736680021
55562155800
1781736681019
55578998805
1781736682020
55595868309
1781736683021
55612717236
1781736684021
55629521730
1781736685018
55646393377
1781736686020
55663254283
1781736687021
55680154617
1781736688023
55696913503
1781736689019
55713824226
1781736690021
55730624528
1781736691021
55747544661
1781736692023
55764378684
1781736693019
55781256803
1781736694020
55798122391
1781736695019
55814998230
1781736696020
55831824833
1781736697021
55848687177
1781736698020
55865531590
1781736699020
55882394592
1781736700021
55899256431
1781736701020
55916133769
1781736702022
55932953075
1781736703022
55949759253
1781736704020
55966657582
1781736705021
55983547635
1781736706020
56000369143
1781736707020
56017319463
1781736708021
56034174952
1781736709020
56051004402
1781736710020
56067829123
1781736711021
56084672067
1781736712021
56101488786
1781736713017
56118397214
1781736714020
56135258243
1781736715022
56152088518
1781736716020
56168908741
1781736717019
56185738695
1781736718019
56202577218
1781736719019
56219427827
1781736720020
56236403284
1781736721024
56253201138
1781736722020
56270036585
1781736723019
56286935160
1781736724023
56303769168
1781736725020
56320655029
1781736726020
56337495463
1781736727020
56348206703
1781736728020
56357356317
1781736729017
56366726756
1781736730088
56374613263
1781736731021
56381979249
1781736732021
56389585981
1781736733025
56399550963
1781736734021
56413956892
1781736735021
56430323547
1781736736020
56447032432
1781736737019
56463926784
1781736738022
56480782809
1781736739022
56497546973
1781736740019
56514461077
1781736741022
56531304480
1781736742021
56548200836
1781736743021
56565057550
1781736744021
56581958925
1781736745021
56598866587
1781736746022
56615698179
1781736747019
56632548619
1781736748021
56649374473
1781736749020
56666205605
1781736750020
56683080159
1781736751020
56699926560
1781736752019
56716865512
1781736753022
56733654447
1781736754021
56750505423
1781736755019
56767381338
1781736756020
56784229484
1781736757019
56801071938
1781736758020
56817898190
1781736759021
56834758269
1781736760021
56851654671
1781736761022
56868474497
1781736762020
56885209101
1781736763019
56901718062
1781736764019
56918549041
1781736765018
56935416893
1781736766021
56952208949
1781736767020
56969056238
1781736768019
56985911437
1781736769020
57002754381
1781736770020
57019556061
1781736771020
57036380124
1781736772020
57053214041
1781736773019
57070060075
1781736774021
57087986167
1781736775080
57103745014
1781736776020
57120605018
1781736777020
57137475624
1781736778022
57154211116
1781736779020
57171024255
1781736780020
57187852358
1781736781021
57204665161
1781736782019
57221556162
1781736783022
57238393154
1781736784019
57255252805
1781736785019
57272096637
1781736786019
57288929850
1781736787021
57305775303
1781736788020
57322572163
1781736789019
57339435976
1781736790020
57356279945
1781736791021
57373109440
1781736792020
57389897961
1781736793021
57406722438
1781736794019
57423616316
1781736795020
57440458326
1781736796020
57457305738
1781736797020
57474147014
1781736798019
57491025622
1781736799020
57507887293
1781736800020
57524748964
1781736801021
57541616082
1781736802019
57558503334
1781736803021
57575326281
1781736804019
57592199151
1781736805020
57608989264
1781736806017
57625874100
1781736807019
57642738280
1781736808019
57659598329
1781736809021
57676428987
1781736810020
57693265474
1781736811021
57710121086
1781736812022
57726991754
1781736813021
57743831102
1781736814019
57760702473
1781736815019
57777574365
1781736816020
57794449744
1781736817024
57811264414
1781736818022
57828072183
1781736819021
57844927520
1781736820019
57861753327
1781736821019
57878660883
1781736822021
57895510957
1781736823019
57912318252
1781736824019
57929205305
1781736825019
57946084740
1781736826021
57962954275
1781736827021
57979826579
1781736828021
57996668100
1781736829020
58013506347
1781736830019
58030381145
1781736831021
58047227011
1781736832020
58064066543
1781736833019
58080901240
1781736834020
58097792808
1781736835021
58114624781
1781736836021
58131389496
1781736837021
58148254824
1781736838021
58165159564
1781736839022
58181968527
1781736840020
58198831927
1781736841019
58215674763
1781736842020
58232591377
1781736843023
58249377818
1781736844019
58266275887
1781736845019
58283137589
1781736846019
58300046124
1781736847022
58316795982
1781736848021
58333620903
1781736849019
58350463464
1781736850019
58367345163
1781736851020
58384174658
1781736852021
58401070677
1781736853022
58417847724
1781736854020
58434784212
1781736855022
58451567364
1781736856019
58468454478
1781736857020
58485308117
1781736858019
58502179962
1781736859021
58519023534
1781736860022
58535890422
1781736861020
58552733457
1781736862021
58569607292
1781736863021
58586393442
1781736864021
58603918062
1781736865081
58619408731
1781736866016
58636331739
1781736867020
58653152820
1781736868021
58670029607
1781736869021
58686849846
1781736870020
58703711670
1781736871019
58720580623
1781736872019
58737409445
1781736873020
58754212823
1781736874019
58771060250
1781736875019
58787882722
1781736876020
58804751844
1781736877020
58821569176
1781736878021
58838404133
1781736879020
58855226927
1781736880019
58872111517
1781736881020
58888917313
1781736882019
58905745630
1781736883020
58922542306
1781736884020
58939331731
1781736885019
58956197242
1781736886020
58973056695
1781736887021
58989884231
1781736888021
59006704898
1781736889020
59023520379
1781736890020
59040327796
1781736891019
59057199366
1781736892020
59074104443
1781736893020
59090954364
1781736894020
59108748952
1781736895081
59124570483
1781736896022
59141407552
1781736897021
59158261343
1781736898021
59175073626
1781736899019
59191909164
1781736900019
59208775211
1781736901022
59225652901
1781736902020
59242506402
1781736903020
59259319924
1781736904021
59276172537
1781736905020
59292770115
1781736906020
59309373017
1781736907021
59326252712
1781736908021
59343109716
1781736909021
59359910967
1781736910021
59376805549
1781736911021
59393703787
1781736912020
59410571547
1781736913021
59427430571
1781736914021
59443906300
1781736915020
59460665843
1781736916021
59477491054
1781736917019
59494356612
1781736918020
59511154191
1781736919021
59527985139
1781736920020
59544800910
1781736921021
59561627315
1781736922021
59578503368
1781736923022
59595285938
1781736924020
59612163567
1781736925020
59629024335
1781736926019
59645870140
1781736927020
59662732928
1781736928022
59679482037
1781736929019
59696317346
1781736930020
59713182291
1781736931020
59730008895
1781736932020
59746779928
1781736933019
59763610158
1781736934019
59780433196
1781736935021
59796978402
1781736936019
59813645733
1781736937022
59830457220
1781736938019
59847305166
1781736939019
59865208431
1781736940084
59881022572
1781736941020
59897839429
1781736942019
59914696755
1781736943019
59931536180
1781736944019
59948393751
1781736945019
59965103906
1781736946019
59981773470
1781736947021
59998607570
1781736948020
60015456741
1781736949019
60032323691
1781736950020
60049189952
1781736951020
60066074588
1781736952022
60082856179
1781736953019
60099690187
1781736954019
60116564083
1781736955019
60133421271
1781736956020
60150277679
1781736957022
60167087514
1781736958019
60183923481
1781736959019
60200759432
1781736960020
60217638989
1781736961020
60234500492
1781736962020
60251360617
1781736963021
60268236533
1781736964021
60285140753
1781736965023
60301962124
1781736966021
60318825845
1781736967022
60335653428
1781736968020
60352482433
1781736969019
60370404792
1781736970081
60386291164
1781736971021
60403194558
1781736972022
60420113237
1781736973022
60436943329
1781736974020
60453841689
1781736975019
60470729554
1781736976021
60487544499
1781736977020
60504430971
1781736978022
60521269294
1781736979021
60538098254
1781736980020
60554974689
1781736981020
60571814818
1781736982021
60588651581
1781736983019
60605552267
1781736984020
60622435908
1781736985020
60639358198
1781736986022
60656170328
1781736987019
60673049624
1781736988021
60689911066
1781736989021
60706775169
1781736990020
60723652018
1781736991021
60740520559
1781736992020
60757376156
1781736993020
60774248139
1781736994021
60791087961
1781736995019
60807920073
1781736996019
60824786931
1781736997019
60841643094
1781736998020
60858507962
1781736999020
60875403217
1781737000023
60892294203
1781737001023
60909095913
1781737002019
60925965264
1781737003019
60942851737
1781737004022
60959698215
1781737005021
60976587074
1781737006023
60993366370
1781737007019
61010207172
1781737008020
61027048203
1781737009020
61043882242
1781737010020
61060747478
1781737011021
61077603014
1781737012020
61094472044
1781737013019
61111346904
1781737014019
61128203158
1781737015019
61145101182
1781737016021
61161885909
1781737017016
61178768434
1781737018019
61195669472
1781737019023
61212454873
1781737020021
61229354993
1781737021021
61246203093
1781737022021
61263084577
1781737023023
61279864592
1781737024019
61296705822
1781737025020
61313542003
1781737026020
61330409932
1781737027021
61347270134
1781737028022
61364064592
1781737029020
61381979301
1781737030084
61397794452
1781737031022
61414625997
1781737032020
61431484180
1781737033020
61448383351
1781737034024
61465201861
1781737035020
61482037170
1781737036019
61498900983
1781737037019
61515181239
1781737038023
61531803664
1781737039020
61548614738
1781737040019
61565500644
1781737041024
61582294980
1781737042020
61599136347
1781737043019
61615960350
1781737044019
61633861151
1781737045081
61649758830
1781737046023
61666488034
1781737047016
61683391137
1781737048020
61700195142
1781737049020
61717038362
1781737050020
61733875553
1781737051021
61750691171
1781737052020
61767578469
1781737053022
61784387156
1781737054020
61801317295
1781737055022
61818113145
1781737056021
61834942074
1781737057020
61851817745
1781737058021
61868639039
1781737059020
61888041780
1781737060173
61902320811
1781737061021
61919177326
1781737062020
61936038094
1781737063019
61952867268
1781737064020
61969729689
1781737065021
61986529792
1781737066019
62003372568
1781737067020
62020200288
1781737068020
62037073618
1781737069022
62053610730
1781737070022
62070372645
1781737071020
62087280858
1781737072022
62104107125
1781737073021
62120963717
1781737074019
62137867141
1781737075020
62154728200
1781737076020
62171544813
1781737077019
62188385523
1781737078022
62205163671
1781737079019
62222049547
1781737080021
62238877573
1781737081020
62255720777
1781737082021
62272608060
1781737083020
62289488550
1781737084022
62306339328
1781737085020
62323259995
1781737086023
62340086874
1781737087020
62356925014
1781737088019
62373774016
1781737089020
62391729867
1781737090085
62407508512
1781737091021
62424333325
1781737092021
62441188157
1781737093021
62458078271
1781737094019
62474930869
1781737095019
62491806234
1781737096019
62508682853
1781737097019
62525556549
1781737098021
62542404971
1781737099020
62559230809
1781737100021
62575994927
1781737101020
62592826029
1781737102020
62609677112
1781737103019
62626507173
1781737104020
62644446225
1781737105084
62660266945
1781737106020
62677162046
1781737107021
62694018485
1781737108020
62710886964
1781737109020
62727708213
1781737110019
62744598418
1781737111022
62761448262
1781737112020
62778347709
1781737113021
62795189245
1781737114020
62812105216
1781737115020
62829004770
1781737116021
62845864773
1781737117020
62862763072
1781737118020
62879630236
1781737119021
62897518827
1781737120081
62913330031
1781737121021
62930209389
1781737122020
62947124533
1781737123020
62963928126
1781737124020
62980817321
1781737125021
62997637713
1781737126021
63014490449
1781737127020
63031344898
1781737128020
63048197588
1781737129020
63065055694
1781737130021
63081857313
1781737131020
63098743617
1781737132020
63115581481
1781737133020
63132453357
1781737134021
63150330749
1781737135080
63166182237
1781737136021
63183034208
1781737137019
63199897409
1781737138022
63216698355
1781737139020
63233577284
1781737140023
63250359915
1781737141019
63267226727
1781737142020
63284116412
1781737143022
63300956434
1781737144021
63317829932
1781737145021
63334691205
1781737146019
63351553105
1781737147020
63368445545
1781737148020
63385270618
1781737149019
63402120554
1781737150020
63418965181
1781737151020
63435845181
1781737152020
63452737116
1781737153022
63469565310
1781737154020
63486465323
1781737155020
63503285929
1781737156020
63520194295
1781737157021
63537068007
1781737158024
63553803698
1781737159019
63570680226
1781737160020
63587565642
1781737161021
63604412243
1781737162020
63621291983
1781737163021
63638160570
1781737164021
63655050622
1781737165019
63671915384
1781737166019
63688809797
1781737167024
63705616923
1781737168020
63722469812
1781737169020
63739329387
1781737170021
63756197713
1781737171020
63773064204
1781737172020
63789913038
1781737173019
63806784348
1781737174021
63823660799
1781737175021
63840668065
1781737176020
63857569791
1781737177020
63874408420
1781737178020
63891261569
1781737179019
63909159525
1781737180083
63924929510
1781737181020
63941814651
1781737182019
63958671579
1781737183021
63975555435
1781737184020
63992429989
1781737185019
64009347872
1781737186022
64026152780
1781737187020
64042966715
1781737188021
64059794145
1781737189019
64076658340
1781737190021
64093495393
1781737191021
64110375195
1781737192020
64127276768
1781737193023
64144106233
1781737194021
64160986998
1781737195021
64177893146
1781737196023
64194762987
1781737197021
64211656008
1781737198020
64228574641
1781737199024
64245387612
1781737200021
64262210222
1781737201021
64279032343
1781737202020
64295930275
1781737203020
64312759005
1781737204020
64329549255
1781737205020
64346414904
1781737206021
64363347231
1781737207021
64380185049
1781737208019
64397055227
1781737209023
64413873538
1781737210020
64430854916
1781737211021
64447792215
1781737212023
64464624081
1781737213020
64481512925
1781737214020
64498436255
1781737215021
64515314358
1781737216021
64532192691
1781737217019
64549051929
1781737218020
64565964794
1781737219022
64582831208
1781737220019
64599665324
1781737221020
64616556524
1781737222021
64633448856
1781737223022
64650282589
1781737224022
64667171923
1781737225021
64684036072
1781737226019
64700888762
1781737227020
64717737260
1781737228017
64734886908
1781737229020
64751764429
1781737230019
64768661872
1781737231021
64785568173
1781737232022
64802439039
1781737233021
64819260165
1781737234020
64836225341
1781737235024
64853021160
1781737236019
64869895638
1781737237019
64886770283
1781737238020
64903610932
1781737239021
64920455543
1781737240020
64937315455
1781737241020
64954187759
1781737242020
64971067178
1781737243020
64987905639
1781737244020
65004787935
1781737245021
65021643746
1781737246021
65038591250
1781737247022
65055495745
1781737248024
65072321048
1781737249020
65089179567
1781737250020
65106083925
1781737251019
65122993072
1781737252019
65139923150
1781737253022
65156821877
1781737254022
65173639438
1781737255019
65190528114
1781737256021
65207433604
1781737257021
65224183738
1781737258016
65241104100
1781737259022
65257954617
1781737260021
65274792543
1781737261022
65291632243
1781737262021
65308521117
1781737263020
65325347430
1781737264020
65342239900
1781737265020
65359093140
1781737266020
65375958713
1781737267019
65392797434
1781737268020
65409666066
1781737269020
65429071148
1781737270173
65443348420
1781737271020
65460276416
1781737272022
65477154703
1781737273020
65493983693
1781737274019
65510882008
1781737275020
65527731056
1781737276020
65544565860
1781737277018
65561502899
1781737278023
65578303523
1781737279020
65595129408
1781737280019
65611915191
1781737281020
65628771522
1781737282020
65645623416
1781737283019
65662475953
1781737284020
65679344203
1781737285019
65696282772
1781737286022
156488
1781737287022
16998238
1781737288024
33843753
1781737289023
50635472
1781737290021
67489784
1781737291021
84343024
1781737292020
101201391
1781737293019
118042284
1781737294021
134958454
1781737295022
151750097
1781737296019
168668454
1781737297020
185479130
1781737298019
202340832
1781737299022
220253307
1781737300085
236100573
1781737301022
252963376
1781737302019
269861384
1781737303019
286691170
1781737304019
303536485
1781737305024
320138102
1781737306020
336994250
1781737307021
353815085
1781737308020
370641765
1781737309020
387444470
1781737310020
404337338
1781737311021
421176288
1781737312020
438034532
1781737313020
454855337
1781737314021
472774467
1781737315083
488536956
1781737316019
505415288
1781737317019
522295656
1781737318021
539087314
1781737319019
555910230
1781737320019
572747054
1781737321021
589591069
1781737322020
606488725
1781737323022
623286748
1781737324020
640120543
1781737325021
656953725
1781737326021
673780589
1781737327020
690642336
1781737328021
707487957
1781737329022
725310973
1781737330081
741093811
1781737331019
757949331
1781737332019
774827664
1781737333022
791677692
1781737334024
808484711
1781737335020
818810589
1781737336021
828243452
1781737337020
835791034
1781737338021
844037214
1781737339024
852932389
1781737340020
861370339
1781737341024
869403053
1781737342025
880460746
1781737343021
895052034
1781737344020
911703223
1781737345020
928583698
1781737346020
945378401
1781737347019
962256106
1781737348021
979019613
1781737349019
995849811
1781737350019
1012730057
1781737351020
1029199879
1781737352022
1046009852
1781737353019
1062888934
1781737354019
1079805976
1781737355020
1096657595
1781737356020
1113515884
1781737357020
1130299372
1781737358019
1147130428
1781737359019
1166595669
1781737360173
1180840122
1781737361020
1197806002
1781737362022
1214648624
1781737363019
1231577722
1781737364023
1248413200
1781737365020
1265261391
1781737366020
1282130957
1781737367021
1298943423
1781737368019
1315871940
1781737369021
1332760662
1781737370020
1349611653
1781737371021
1366441485
1781737372021
1383315350
1781737373019
1400170549
1781737374021
1417074739
1781737375019
1433952521
1781737376019
1450827181
1781737377020
1467706723
1781737378020
1484597265
1781737379022
1501454315
1781737380020
1518379588
1781737381021
1535300271
1781737382022
1552138503
1781737383021
1569107779
1781737384021
1586003217
1781737385021
1602821007
1781737386021
1619681378
1781737387021
1636526969
1781737388020
1653534831
1781737389021
1671069151
1781737390084
1686405152
1781737391021
1703220587
1781737392019
1720181968
1781737393023
1736972555
1781737394019
1753805630
1781737395019
1770705123
1781737396022
1787473602
1781737397021
1804316561
1781737398019
1821165961
1781737399020
1838049067
1781737400022
1854887727
1781737401021
1871724796
1781737402023
1888460012
1781737403016
1905368562
1781737404019
1922220671
1781737405019
1939029144
1781737406020
1955871307
1781737407023
1972658789
1781737408021
1989410942
1781737409019
2006225535
1781737410019
2023081499
1781737411021
2039885642
1781737412021
2056775373
1781737413023
2073528491
1781737414020
2090343956
1781737415019
2107209085
1781737416020
2124096934
1781737417022
2140869421
1781737418020
2157670015
1781737419019
2177131722
1781737420173
2191401053
1781737421021
2208252809
1781737422021
2225110946
1781737423019
2241926518
1781737424020
2258776332
1781737425019
2275635218
1781737426019
2292483517
1781737427021
2309282963
1781737428019
2326143609
1781737429020
2342983324
1781737430020
2359836243
1781737431020
2376609496
1781737432020
2393441852
1781737433020
2410276457
1781737434019
2427133248
1781737435019
2443981898
1781737436020
2460837296
1781737437020
2477671228
1781737438021
2494363941
1781737439019
2511200398
1781737440020
2528046264
1781737441020
2544886714
1781737442021
2561597374
1781737443019
2578091340
1781737444020
2595010386
1781737445020
2611872746
1781737446022
2628755607
1781737447020
2645639264
1781737448019
2662487854
1781737449020
2680432321
1781737450083
2696311472
1781737451021
2713201188
1781737452019
2730112538
1781737453020
2746958389
1781737454019
2763907668
1781737455019
2780764580
1781737456019
2797626603
1781737457019
2814646889
1781737458021
2831484432
1781737459019
2848352927
1781737460019
2865294602
1781737461021
2882145333
1781737462020
2899019520
1781737463019
2915887280
1781737464021
2932739756
1781737465019
2949608847
1781737466020
2966461139
1781737467021
2983330154
1781737468019
3000214133
1781737469019
3017105639
1781737470019
3034000832
1781737471020
3050883954
1781737472020
3067736246
1781737473020
3084650365
1781737474022
3101491274
1781737475019
3118368888
1781737476020
3135255574
1781737477021
3152115608
1781737478021
3168952309
1781737479020
3186844405
1781737480083
3202635183
1781737481020
3219482120
1781737482020
3236344893
1781737483019
3253202127
1781737484021
3270134162
1781737485023
3286915631
1781737486020
3303748813
1781737487020
3320588391
1781737488019
3337414199
1781737489019
3354279282
1781737490019
3371106114
1781737491019
3388021121
1781737492019
3404845766
1781737493017
3421788588
1781737494023
3438631716
1781737495019
3455471294
1781737496019
3472334954
1781737497021
3489163470
1781737498020
3505987594
1781737499019
3522829926
1781737500020
3539768388
1781737501023
3556581359
1781737502021
3573470968
1781737503020
3590330910
1781737504021
3607286905
1781737505023
3624146082
1781737506019
3641063048
1781737507022
3657886652
1781737508019
3674725236
1781737509019
3692626970
1781737510082
3708470349
1781737511022
3725275196
1781737512021
3742154554
1781737513020
3759016103
1781737514019
3775857042
1781737515019
3792704362
1781737516020
3809614121
1781737517020
3826464301
1781737518020
3843336300
1781737519021
3860134124
1781737520021
3876943224
1781737521021
3893882191
1781737522021
3910708243
1781737523019
3927650836
1781737524019
3945650139
1781737525082
3961466850
1781737526019
3978367582
1781737527020
3995353305
1781737528021
4012303671
1781737529021
4029229908
1781737530022
4046026339
1781737531020
4062902285
1781737532020
4079818271
1781737533020
4096663541
1781737534019
4113573789
1781737535019
4130469916
1781737536019
4147311069
1781737537021
4164255881
1781737538023
4181152757
1781737539023
4199055639
1781737540082
4214831637
1781737541020
4231725805
1781737542023
4248618673
1781737543019
4265472189
1781737544018
4282386599
1781737545020
4299233016
1781737546019
4316085584
1781737547020
4332941364
1781737548021
4349805361
1781737549020
4366650829
1781737550020
4383486674
1781737551019
4400340282
1781737552020
4417225224
1781737553021
4434089832
1781737554020
4450994206
1781737555020
4467820702
1781737556021
4484652247
1781737557020
4501513903
1781737558020
4518375237
1781737559019
4535318610
1781737560023
4552140348
1781737561020
4569053030
1781737562020
4585960570
1781737563020
4602811118
1781737564019
4619723570
1781737565020
4636599424
1781737566019
4653533999
1781737567021
4670414811
1781737568023
4687200349
1781737569020
4706685067
1781737570176
4720946733
1781737571021
4737867462
1781737572024
4754707820
1781737573019
4771595807
1781737574019
4788505443
1781737575020
4805394287
1781737576019
4822277240
1781737577021
4839138391
1781737578021
4856034334
1781737579020
4872915574
1781737580021
4889791810
1781737581021
4906663794
1781737582021
4923534216
1781737583020
4940472188
1781737584023
4957371757
1781737585023
4974197810
1781737586021
4991056911
1781737587021
5007907810
1781737588020
5024761219
1781737589020
5041612685
1781737590019
5058487927
1781737591020
5075432953
1781737592023
5092314774
1781737593021
5109189343
1781737594021
5126124775
1781737595020
5142997156
1781737596020
5159881899
1781737597021
5176786533
1781737598023
5193607185
1781737599019
5211542120
1781737600083
5227407623
1781737601023
5244233844
1781737602023
5261085769
1781737603020
5277945834
1781737604021
5294914834
1781737605022
5311726443
1781737606020
5328538267
1781737607019
5345499189
1781737608019
5362423192
1781737609023
5379329677
1781737610023
5396164833
1781737611021
5413028325
1781737612021
5429934855
1781737613020
5446808874
1781737614020
5463663568
1781737615020
5480573633
1781737616020
5497475956
1781737617023
5514324255
1781737618020
5531214873
1781737619020
5548021235
1781737620017
5564943203
1781737621020
5581811943
1781737622020
5598729275
1781737623019
5615571913
1781737624019
5632448012
1781737625019
5649380292
1781737626022
5666186057
1781737627019
5683035962
1781737628019
5700029183
1781737629021
5717966413
1781737630084
5733779774
1781737631022
5750621983
1781737632019
5767484358
1781737633020
5784310701
1781737634020
5801232058
1781737635020
5818067076
1781737636019
5834918557
1781737637019
5851790739
1781737638020
5868646245
1781737639020
5885554550
1781737640019
5902415058
1781737641020
5919306090
1781737642020
5936179771
1781737643019
5953033746
1781737644020
5971028413
1781737645084
5986824684
1781737646019
6003712074
1781737647021
6020601744
1781737648022
6037435294
1781737649021
6054234908
1781737650015
6071196962
1781737651021
6088075708
1781737652022
6104987181
1781737653019
6121834072
1781737654021
6138663567
1781737655020
6155561070
1781737656020
6172439694
1781737657020
6189341558
1781737658020
6206250261
1781737659021
6223111947
1781737660021
6240028928
1781737661022
6256882184
1781737662020
6273773919
1781737663021
6290668593
1781737664023
6307493391
1781737665019
6324366460
1781737666021
6341212800
1781737667020
6358071564
1781737668020
6374924346
1781737669019
6391788878
1781737670018
6408656822
1781737671019
6425506850
1781737672019
6442394791
1781737673020
6459298644
1781737674022
6476165961
1781737675019
6493078458
1781737676020
6509938431
1781737677020
6526879295
1781737678022
6543757674
1781737679022
6560564892
1781737680019
6577457561
1781737681020
6594331410
1781737682020
6611205490
1781737683019
6628126693
1781737684023
6644902286
1781737685019
6661813208
1781737686021
6678666280
1781737687022
6695538585
1781737688023
6712344503
1781737689020
6730241724
1781737690080
6746103800
1781737691019
6762983601
1781737692020
6779943911
1781737693022
6796841002
1781737694020
6813711256
1781737695020
6830590736
1781737696021
6847438591
1781737697021
6864401013
1781737698023
6881291999
1781737699022
6898140099
1781737700020
6915094977
1781737701023
6931945188
1781737702020
6948897849
1781737703022
6965775156
1781737704019
6982720243
1781737705021
6999612621
1781737706021
7016534926
1781737707022
7033420251
1781737708021
7050307228
1781737709021
7067268716
1781737710021
7084134380
1781737711019
7101023454
1781737712019
7117902536
1781737713019
7134762050
1781737714020
7151664618
1781737715020
7168520383
1781737716019
7185427801
1781737717022
7202346250
1781737718022
7219177046
1781737719020
7238607357
1781737720173
7252920890
1781737721020
7269794847
1781737722020
7286725827
1781737723021
7303613538
1781737724020
7320518738
1781737725021
7337484816
1781737726022
7354342570
1781737727023
7371165563
1781737728021
7388022781
1781737729021
7404909575
1781737730024
7421711744
1781737731021
7438565092
1781737732020
7455460515
1781737733020
7472348441
1781737734020
7489198499
1781737735020
7506090127
1781737736020
7522926538
1781737737019
7539798246
1781737738019
7556695061
1781737739019
7573553641
1781737740021
7590451084
1781737741021
7607391948
1781737742020
7624278512
1781737743019
7641116697
1781737744019
7658018531
1781737745020
7674886903
1781737746020
7691777277
1781737747023
7708617038
1781737748019
7725508575
1781737749020
7742408113
1781737750020
7759265500
1781737751019
7776146419
1781737752020
7793030168
1781737753019
7809911239
1781737754020
7826808406
1781737755020
7843659122
1781737756020
7860519248
1781737757019
7877398575
1781737758020
7894294824
1781737759020
7911181098
1781737760021
7928034384
1781737761020
7944914905
1781737762020
7961913832
1781737763024
7978694444
1781737764021
7995560643
1781737765019
8012442740
1781737766019
8029285760
1781737767020
8046175017
1781737768020
8063013463
1781737769019
8079824644
1781737770019
8096683515
1781737771020
8113548965
1781737772019
8130459397
1781737773021
8147136045
1781737774020
8163531556
1781737775020
8180309337
1781737776022
8197079606
1781737777020
8213913079
1781737778019
8230833869
1781737779021
8247716302
1781737780020
8264600265
1781737781023
8281476043
1781737782020
8298322123
1781737783019
8315198406
1781737784020
8332057644
1781737785021
8348944606
1781737786021
8365803722
1781737787020
8382676302
1781737788020
8399562101
1781737789020
8416441780
1781737790021
8433316915
1781737791021
8450197022
1781737792020
8467111708
1781737793020
8483959961
1781737794020
8500837329
1781737795020
8517735261
1781737796022
8534580102
1781737797020
8551652194
1781737798019
8568644772
1781737799021
8585514277
1781737800020
8602378044
1781737801019
8619298788
1781737802022
8636125376
1781737803019
8652987017
1781737804019
8669829716
1781737805020
8686775858
1781737806020
8703610371
1781737807019
8720524353
1781737808020
8737455777
1781737809020
8755385724
1781737810082
8771231399
1781737811021
8788146222
1781737812022
8805045302
1781737813021
8821883655
1781737814020
8838799274
1781737815021
8855626581
1781737816021
8872489828
1781737817022
8889308675
1781737818019
8906200701
1781737819022
8923076142
1781737820021
8939906509
1781737821021
8956735698
1781737822021
8973589505
1781737823020
8990450686
1781737824020
9007368126
1781737825021
9024207030
1781737826019
9041112521
1781737827021
9057923181
1781737828020
9074805492
1781737829021
9091720453
1781737830023
9108467665
1781737831016
9125390337
1781737832020
9142287075
1781737833020
9159169845
1781737834020
9176096725
1781737835023
9192925853
1781737836020
9209824335
1781737837020
9226653984
1781737838019
9243615288
1781737839022
9261510857
1781737840082
9277376513
1781737841020
9294225776
1781737842020
9311117618
1781737843019
9328035379
1781737844020
9344929960
1781737845020
9361905249
1781737846022
9378716690
1781737847021
9395558808
1781737848020
9412441700
1781737849021
9429258603
1781737850020
9446105923
1781737851020
9463000779
1781737852022
9479848023
1781737853021
9496785000
1781737854022
9513583941
1781737855020
9530527131
1781737856024
9547437394
1781737857022
9564221586
1781737858020
9581098542
1781737859020
9597993184
1781737860020
9614821302
1781737861019
9631677695
1781737862019
9648612209
1781737863021
9665500533
1781737864019
9682361271
1781737865020
9699191959
1781737866020
9716084261
1781737867020
9732960161
1781737868020
9749824830
1781737869020
9766668126
1781737870021
9783545357
1781737871021
9800433849
1781737872019
9817334719
1781737873020
9834236154
1781737874022
9851083122
1781737875021
9867993080
1781737876022
9884844699
1781737877021
9901720568
1781737878019
9918611615
1781737879019
9935481212
1781737880019
9952404037
1781737881021
9969293217
1781737882023
9986118321
1781737883020
10003028447
1781737884021
10019936569
1781737885020
10036816141
1781737886020
10053706607
1781737887020
10070558593
1781737888019
10087493581
1781737889021
10104363055
1781737890020
10121345137
1781737891021
10138263174
1781737892020
10155103623
1781737893019
10171944716
1781737894021
10188897024
1781737895020
10205800816
1781737896021
10222620657
1781737897020
10239458475
1781737898020
10256312083
1781737899021
10273145969
1781737900020
10290043932
1781737901021
10306901196
1781737902021
10323780264
1781737903021
10340634285
1781737904021
10357591060
1781737905020
10374472958
1781737906021
10391330804
1781737907020
10408241037
1781737908020
10425086536
1781737909020
10442008367
1781737910021
10458843324
1781737911020
10475732259
1781737912021
10492647297
1781737913022
10509462517
1781737914019
10527463334
1781737915084
10543302307
1781737916024
10560134296
1781737917023
10576951521
1781737918019
10593820413
1781737919019
10610680356
1781737920019
10627633260
1781737921021
10644533105
1781737922021
10661436530
1781737923020
10678357901
1781737924020
10695264906
1781737925021
10712118942
1781737926020
10729013157
1781737927020
10745870146
1781737928021
10762789651
1781737929020
10780747980
1781737930083
10796545322
1781737931020
10813407375
1781737932019
10830164088
1781737933020
10846646105
1781737934021
10863498106
1781737935020
10880369661
1781737936020
10897267272
1781737937023
10914055564
1781737938021
10930904245
1781737939022
10947759399
1781737940023
10964559946
1781737941021
10981384668
1781737942021
10998196476
1781737943020
11014999242
1781737944019
11026236587
1781737945086
11035741819
1781737946026
11044314241
1781737947021
11053444929
1781737948020
11062022216
1781737949024
11069868041
1781737950021
11077497891
1781737951020
11084535707
1781737952023
11091558636
1781737953021
11098346328
1781737954022
11105321308
1781737955025
11112127956
1781737956023
11118921248
1781737957025
11125851613
1781737958023
11132854790
1781737959021
11140994084
1781737960176
11146843733
1781737961023
11153761934
1781737962022
11160797746
1781737963023
11167692079
1781737964022
11174823562
1781737965021
11181908747
1781737966025
11188925327
1781737967022
11195760985
1781737968025
11202628849
1781737969023
11209538512
1781737970022
11216693221
1781737971024
11223780992
1781737972022
11230657745
1781737973024
11237468877
1781737974023
11244676232
1781737975022
11251374373
1781737976025
11258176922
1781737977021
11264894540
1781737978023
11271819702
1781737979021
11278557929
1781737980023
11285285309
1781737981025
11291974423
1781737982024
11298926483
1781737983023
11305786345
1781737984021
11312521894
1781737985023
11319339008
1781737986022
11326154363
1781737987025
11332984879
1781737988021
11339698672
1781737989025
11348301985
1781737990276
11353390398
1781737991023
11360067272
1781737992025
11367051400
1781737993024
11373939629
1781737994023
11380796293
1781737995022
11387868718
1781737996021
11394631624
1781737997021
11401580899
1781737998024
11408435055
1781737999023
11415191733
1781738000021
11421949315
1781738001023
11428753914
1781738002021
11435703143
1781738003024
11442523730
1781738004024
11450703508
1781738005176
11456460576
1781738006024
11463303624
1781738007021
11470069896
1781738008024
11476907604
1781738009025
11483841135
1781738010024
11490896225
1781738011023
11497752247
1781738012020
11504792236
1781738013021
11511613389
1781738014022
11518815436
1781738015021
11525589786
1781738016023
11532573425
1781738017022
11539493248
1781738018024
11546374913
1781738019023
11554203494
1781738020176
11559896548
1781738021025
11566512650
1781738022024
11573519255
1781738023021
11580295334
1781738024023
11586944439
1781738025023
11593560908
1781738026025
11600182427
1781738027021
11607043605
1781738028024
11613808041
1781738029023
11620437470
1781738030022
11627145342
1781738031021
11633936048
1781738032023
11640716686
1781738033021
11647640502
1781738034022
11654634744
1781738035023
11661199929
1781738036022
11667918312
1781738037025
11674462642
1781738038023
11681214562
1781738039022
11687958267
1781738040025
11694837269
1781738041027
11701603740
1781738042020
11708553505
1781738043025
11715504831
1781738044023
11722596901
1781738045022
11729572614
1781738046023
11736468233
1781738047023
11743380375
1781738048023
11750306517
1781738049025
11757232857
1781738050025
11764204180
1781738051026
11770940234
1781738052022
11777844191
1781738053021
11784506867
1781738054023
11791474242
1781738055021
11798452021
1781738056024
11805013426
1781738057024
11811849160
1781738058025
11818669977
1781738059023
11825326150
1781738060025
11831939253
1781738061023
11838493529
1781738062025
11845408976
1781738063024
11852153782
1781738064024
11859092515
1781738065021
11865649437
1781738066023
11872184817
1781738067025
11878620624
1781738068024
11885221121
1781738069023
11891873806
1781738070022
11898505652
1781738071021
11905307481
1781738072024
11912371675
1781738073025
11919177972
1781738074023
11925893845
1781738075022
11932644618
1781738076023
11939215020
1781738077023
11945772875
1781738078023
11952419471
1781738079021
11959030188
1781738080023
11965510411
1781738081024
11972239290
1781738082023
11978983377
1781738083023
11985785405
1781738084025
11992750087
1781738085022
11999372401
1781738086021
12006086944
1781738087023
12012744005
1781738088021
12019422914
1781738089023
12026117811
1781738090023
12032818859
1781738091022
12039773566
1781738092024
12046763830
1781738093023
12053510686
1781738094025
12060750493
1781738095084
12066930729
1781738096024
12073499892
1781738097024
12080053065
1781738098022
12086783168
1781738099022
12093801905
1781738100024
12100315437
1781738101022
12106687014
1781738102021
12113631256
1781738103023
12120281233
1781738104025
12127098989
1781738105025
12133518961
1781738106023
12140055381
1781738107021
12146704975
1781738108023
12153338321
1781738109022
12159982208
1781738110027
12166500039
1781738111023
12172975749
1781738112023
12179616897
1781738113023
12186394812
1781738114023
12192985961
1781738115021
12199664242
1781738116024
12206355254
1781738117024
12212766382
1781738118024
12219519175
1781738119023
12226255612
1781738120022
12233053539
1781738121022
12239758856
1781738122022
12246609125
1781738123020
12253294873
1781738124023
12260246994
1781738125022
12266973150
1781738126022
12273863474
1781738127022
12280699575
1781738128023
12287503746
1781738129021
12294181262
1781738130025
12300774262
1781738131021
12307565197
1781738132021
12314694982
1781738133021
12321467604
1781738134023
12328279485
1781738135025
12335197762
1781738136024
12341888009
1781738137023
12348609222
1781738138023
12355205756
1781738139026
12362954257
1781738140176
12368454102
1781738141025
12374880011
1781738142025
12381532787
1781738143024
12388049883
1781738144023
12394686258
1781738145023
12401113023
1781738146022
12407449717
1781738147023
12414176607
1781738148021
12420826890
1781738149025
12427508308
1781738150023
12434266609
1781738151021
12440881503
1781738152022
12447453373
1781738153022
12454124463
1781738154022
12461327811
1781738155085
12467508536
1781738156021
12474191515
1781738157025
12480677996
1781738158025
12487375479
1781738159021
12494256639
1781738160021
12500879565
1781738161023
12507517348
1781738162023
12514552517
1781738163021
12521350307
1781738164024
12528161653
1781738165023
12534692183
1781738166022
12541199946
1781738167021
12547864549
1781738168023
12554592816
1781738169021
12562461193
1781738170176
12567991516
1781738171023
12574720089
1781738172023
12581550422
1781738173021
12588342872
1781738174022
12595129141
1781738175021
12601827496
1781738176022
12608652505
1781738177025
12615332546
1781738178025
12621920665
1781738179023
12628583815
1781738180023
12635302596
1781738181022
12641999574
1781738182022
12648744243
1781738183022
12655220488
1781738184025
12662030166
1781738185021
12668589888
1781738186025
12675111712
1781738187023
12681577476
1781738188021
12688085255
1781738189024
12694530900
1781738190022
12701097415
1781738191021
12707522834
1781738192022
12714408293
1781738193019
12721187799
1781738194021
12728033723
1781738195025
12734630272
1781738196024
12741197369
1781738197023
12747705423
1781738198021
12754351804
1781738199021
12760940596
1781738200023
12767368860
1781738201022
12773904516
1781738202023
12780716473
1781738203024
12787211905
1781738204024
12793876126
1781738205023
12800609870
1781738206024
12807236361
1781738207025
12813951623
1781738208023
12820674305
1781738209021
12827512763
1781738210024
12834346110
1781738211025
12840896698
1781738212022
12847880781
1781738213023
12854639066
1781738214023
12862158037
1781738215086
12868411682
1781738216022
12875117320
1781738217023
12882013811
1781738218023
12888790074
1781738219023
12895606790
1781738220023
12902130924
1781738221025
12908684419
1781738222025
12915432239
1781738223022
12922093767
1781738224023
12928783600
1781738225021
12935486500
1781738226025
12941992565
1781738227023
12948528786
1781738228025
12955151467
1781738229025
12962717424
1781738230175
12968258855
1781738231028
12974937458
1781738232023
12981646554
1781738233023
12988056596
1781738234022
12994940739
1781738235022
13001628308
1781738236021
13008232951
1781738237025
13014838420
1781738238025
13021381847
1781738239022
13028087791
1781738240023
13034816762
1781738241021
