42969209678
1779888277359
42972668916
1779888278022
42978123305
1779888279023
42983820367
1779888280021
42989517261
1779888281023
42995054606
1779888282024
43000495148
1779888283024
43006138385
1779888284024
43011675440
1779888285019
43017199489
1779888286024
43022586267
1779888287024
43027876242
1779888288024
43033273853
1779888289023
43038919828
1779888290019
43044581394
1779888291024
43050120392
1779888292024
43055523786
1779888293024
43060857519
1779888294022
43066278432
1779888295024
43071650032
1779888296023
43077072123
1779888297024
43082397961
1779888298023
43087787462
1779888299023
43093480500
1779888300019
43099213074
1779888301024
43104687276
1779888302022
43110125462
1779888303022
43115709748
1779888304023
43121260435
1779888305024
43126915912
1779888306023
43133953131
1779888307023
43141904144
1779888308021
43147455137
1779888309023
43152817358
1779888310020
43158309982
1779888311023
43166933735
1779888312020
43178342272
1779888313019
43189779251
1779888314017
43201249156
1779888315019
43212718786
1779888316019
43223994473
1779888317019
43235199780
1779888318018
43246615905
1779888319019
43258027365
1779888320016
43269495021
1779888321018
43280913518
1779888322018
43292195493
1779888323018
43303505498
1779888324018
43314798474
1779888325018
43325988572
1779888326018
43337322904
1779888327017
43348589365
1779888328019
43360013584
1779888329019
43371482373
1779888330019
43382851282
1779888331018
43394294122
1779888332019
43405704387
1779888333021
43416952458
1779888334019
43428306741
1779888335020
43439630393
1779888336019
43450995753
1779888337019
43462471151
1779888338018
43473771180
1779888339020
43485184292
1779888340016
43496612382
1779888341021
43507976381
1779888342019
43519404899
1779888343020
43530715271
1779888344019
43542174252
1779888345020
43553661890
1779888346019
43565035068
1779888347019
43576416524
1779888348018
43587784853
1779888349018
43599210434
1779888350017
43610685005
1779888351019
43621941613
1779888352019
43633400211
1779888353021
43644802230
1779888354018
43656259329
1779888355019
43667564744
1779888356018
43678841961
1779888357018
43690140369
1779888358019
43701574150
1779888359018
43713066852
1779888360016
43724597544
1779888361019
43736065369
1779888362018
43747438578
1779888363019
43758916852
1779888364018
43770313256
1779888365019
43782197041
1779888366057
43793244376
1779888367018
43804405083
1779888368017
43815798595
1779888369019
43827197463
1779888370016
43838489857
1779888371019
43849960741
1779888372018
43861469065
1779888373018
43872856595
1779888374020
43884356411
1779888375023
43895785588
1779888376020
43907054206
1779888377019
43918515681
1779888378019
43929991782
1779888379021
43941404496
1779888380015
43952913080
1779888381018
43964349279
1779888382020
43975832005
1779888383021
43987200517
1779888384020
43998487557
1779888385022
44009941014
1779888386019
44021177013
1779888387019
44032581985
1779888388020
44043980959
1779888389019
44055444316
1779888390017
44066894056
1779888391019
44078475743
1779888392019
44089903787
1779888393018
44101403328
1779888394019
44112806556
1779888395019
44124240552
1779888396018
44135733667
1779888397019
44147134737
1779888398018
44158571028
1779888399018
44169975924
1779888400016
44181521686
1779888401020
44192977347
1779888402019
44204348858
1779888403018
44215723306
1779888404018
44227198352
1779888405021
44238623444
1779888406018
44250061617
1779888407021
44261484948
1779888408021
44272963926
1779888409020
44284409397
1779888410016
44295839002
1779888411019
44307367399
1779888412019
44318831460
1779888413020
44330185238
1779888414018
44341701747
1779888415019
44353141373
1779888416020
44364651976
1779888417021
44376120428
1779888418021
44387531780
1779888419018
44399035972
1779888420019
44410621285
1779888421021
44421971774
1779888422019
44433459274
1779888423019
44444930143
1779888424018
44456378093
1779888425018
44469437102
1779888426158
44479239184
1779888427018
44490716020
1779888428019
44502155892
1779888429019
44513452937
1779888430018
44524918421
1779888431019
44536367655
1779888432022
44547716262
1779888433019
44559223346
1779888434020
44570692792
1779888435018
44582144720
1779888436019
44593666614
1779888437020
44605105904
1779888438019
44616669751
1779888439019
44628261138
1779888440018
44639825904
1779888441021
44651330586
1779888442018
44662716983
1779888443019
44674144844
1779888444018
44685719370
1779888445020
44697114367
1779888446019
44708626087
1779888447019
44720120395
1779888448020
44731592672
1779888449022
44743135589
1779888450016
44754621008
1779888451019
44766178643
1779888452018
44777597967
1779888453020
44788998012
1779888454022
44800530876
1779888455018
44812053750
1779888456019
44823564873
1779888457018
44835031183
1779888458017
44846520902
1779888459018
44858107316
1779888460017
44869679624
1779888461020
44881177482
1779888462020
44892656476
1779888463018
44904157210
1779888464022
44915655941
1779888465020
44927171669
1779888466018
44938629702
1779888467018
44950063759
1779888468019
44961604365
1779888469018
44973050815
1779888470015
44984546868
1779888471019
44996214419
1779888472018
45007641025
1779888473018
45019174180
1779888474019
45030706310
1779888475018
45042110777
1779888476018
45053590122
1779888477018
45065073614
1779888478019
45076575481
1779888479018
45088191853
1779888480019
45099660029
1779888481016
45111222346
1779888482019
45122686345
1779888483019
45134128420
1779888484020
45145699305
1779888485021
45157181373
1779888486020
45168724260
1779888487019
45180303973
1779888488021
45191775959
1779888489019
45203398558
1779888490017
45214968341
1779888491019
45226476848
1779888492018
45238032250
1779888493018
45249564258
1779888494019
45261152309
1779888495019
45272824817
1779888496016
45284392504
1779888497020
45295995458
1779888498019
45307648336
1779888499021
45319263453
1779888500017
45330910517
1779888501020
45342449410
1779888502020
45353942127
1779888503018
45365592144
1779888504019
45377203284
1779888505020
45388798465
1779888506020
45400399843
1779888507020
45411918555
1779888508019
45423492133
1779888509019
45435137223
1779888510016
45446820808
1779888511020
45458410252
1779888512020
45469914796
1779888513019
45481628645
1779888514020
45493305574
1779888515023
45504811633
1779888516022
45516365688
1779888517019
45527849011
1779888518019
45539429428
1779888519019
45551002241
1779888520016
45562654216
1779888521018
45574374919
1779888522019
45585970651
1779888523018
45597471371
1779888524020
45609063201
1779888525018
45620639946
1779888526020
45632121893
1779888527018
45643688280
1779888528019
45655114411
1779888529019
45666783125
1779888530018
45679872978
1779888531148
45689999253
1779888532019
45701487457
1779888533019
45713108618
1779888534019
45724656308
1779888535018
45736256263
1779888536019
45747802163
1779888537018
45759393443
1779888538021
45770949441
1779888539020
45782612218
1779888540017
45794240830
1779888541019
45805833044
1779888542019
45817321599
1779888543019
45829016384
1779888544019
45840592242
1779888545019
45852148117
1779888546018
45863786644
1779888547020
45875300383
1779888548018
45886851470
1779888549018
45898435299
1779888550017
45910044786
1779888551018
45921676336
1779888552018
45933193854
1779888553019
45944772237
1779888554018
45956393260
1779888555021
45967968765
1779888556020
45979594700
1779888557019
45991044639
1779888558020
46002493062
1779888559018
46014133226
1779888560017
46025722884
1779888561019
46037364593
1779888562022
46048938905
1779888563020
46060449034
1779888564022
46072011978
1779888565019
46083600397
1779888566018
46095168850
1779888567020
46106717305
1779888568019
46118279209
1779888569020
46129925079
1779888570015
46141644910
1779888571018
46153196854
1779888572020
46164742280
1779888573015
46176332519
1779888574022
46187789465
1779888575019
46200861525
1779888576148
46210911636
1779888577018
46222498739
1779888578019
46234105380
1779888579019
46245733533
1779888580018
46257456485
1779888581018
46269001666
1779888582018
46280569415
1779888583024
46292119477
1779888584020
46303584807
1779888585018
46315225674
1779888586019
46326803460
1779888587018
46338328644
1779888588018
46349942721
1779888589020
46361567095
1779888590018
46373198231
1779888591020
46384743902
1779888592019
46396253618
1779888593020
46407760289
1779888594019
46419315767
1779888595019
46430882720
1779888596019
46442520573
1779888597019
46454110965
1779888598019
46465657003
1779888599019
46477286258
1779888600015
46488977493
1779888601019
46500537653
1779888602018
46512108721
1779888603019
46523658768
1779888604018
46535278169
1779888605018
46546884137
1779888606020
46558434245
1779888607018
46570031140
1779888608019
46581605605
1779888609019
46593289909
1779888610017
46604909984
1779888611018
46616496460
1779888612021
46628089912
1779888613018
46639655657
1779888614019
46651161058
1779888615018
46662802675
1779888616019
46674361106
1779888617018
46685875794
1779888618019
46697560037
1779888619021
46709052968
1779888620017
46720786584
1779888621019
46732338574
1779888622019
46743853094
1779888623018
46755422724
1779888624019
46766936601
1779888625020
46778487199
1779888626018
46790087414
1779888627018
46801570814
1779888628018
46813208193
1779888629018
46824982323
1779888630018
46836623787
1779888631019
46848266429
1779888632018
46859784483
1779888633018
46871421449
1779888634021
46882986015
1779888635019
46894540437
1779888636019
46906155463
1779888637019
46917746177
1779888638018
46929333295
1779888639018
46940955481
1779888640017
46952594803
1779888641019
46964114923
1779888642018
46975742724
1779888643018
46987307658
1779888644019
46998919470
1779888645018
47010536286
1779888646018
47022033348
1779888647020
47033543385
1779888648022
47045013459
1779888649020
47056700792
1779888650019
47069886654
1779888651148
47079957159
1779888652018
47091585649
1779888653022
47103078994
1779888654022
47114604713
1779888655020
47126306582
1779888656022
47137830404
1779888657019
47149350432
1779888658019
47160990534
1779888659019
47172634523
1779888660017
47184372178
1779888661019
47196080212
1779888662018
47207650745
1779888663018
47219303822
1779888664018
47230867730
1779888665018
47242477217
1779888666018
47254153932
1779888667018
47265589550
1779888668019
47277127831
1779888669017
47288791205
1779888670016
47300474422
1779888671019
47311937351
1779888672019
47323346943
1779888673019
47334915533
1779888674019
47346538974
1779888675017
47358186527
1779888676020
47369749349
1779888677016
47381475346
1779888678020
47393086363
1779888679019
47404788461
1779888680017
47416440941
1779888681019
47428083093
1779888682019
47439710879
1779888683018
47451295473
1779888684020
47462966481
1779888685021
47474588208
1779888686018
47486163209
1779888687019
47497798155
1779888688019
47509444041
1779888689020
47521124199
1779888690016
47532868326
1779888691019
47544411931
1779888692018
47556022932
1779888693018
47567686352
1779888694018
47579295732
1779888695020
47591472313
1779888696056
47602678049
1779888697019
47614307089
1779888698019
47626008590
1779888699018
47637642787
1779888700016
47649303590
1779888701019
47661008610
1779888702019
47672574048
1779888703018
47684181271
1779888704018
47695796802
1779888705020
47707418544
1779888706019
47719100951
1779888707018
47730673106
1779888708019
47742304196
1779888709019
47753984492
1779888710017
47765692220
1779888711020
47777432445
1779888712019
47789028606
1779888713019
47800538016
1779888714018
47812233045
1779888715018
47823816492
1779888716019
47835452922
1779888717019
47847092244
1779888718019
47858662196
1779888719019
47870390028
1779888720017
47882106064
1779888721022
47893681983
1779888722019
47905349564
1779888723019
47916953666
1779888724018
47928492543
1779888725019
47940151786
1779888726019
47951752644
1779888727018
47963347565
1779888728016
47975098500
1779888729021
47986699695
1779888730014
47998553859
1779888731022
48010137719
1779888732019
48021713148
1779888733018
48033346534
1779888734019
48044911437
1779888735018
48056612754
1779888736020
48068173159
1779888737018
48079774690
1779888738019
48091496463
1779888739020
48103099371
1779888740014
48117423920
1779888741247
48126488298
1779888742019
48138046285
1779888743019
48149708465
1779888744019
48161300174
1779888745018
48172876337
1779888746018
48184511498
1779888747018
48196054782
1779888748018
48207633730
1779888749018
48219401250
1779888750015
48231056087
1779888751018
48242717089
1779888752019
48254326576
1779888753019
48265901378
1779888754019
48277549971
1779888755019
48289149192
1779888756018
48300823643
1779888757019
48312538822
1779888758019
48324109386
1779888759020
48335776187
1779888760016
48347393737
1779888761019
48358936914
1779888762019
48370566000
1779888763018
48382154128
1779888764020
48393773377
1779888765022
48405470778
1779888766018
48417071697
1779888767020
48428660146
1779888768018
48440259887
1779888769019
48451902345
1779888770017
48465066175
1779888771146
48475231158
1779888772020
48486846842
1779888773019
48498494058
1779888774018
48510083441
1779888775018
48521751359
1779888776021
48533325411
1779888777018
48544901330
1779888778018
48556636246
1779888779018
48568305312
1779888780016
48579959031
1779888781019
48591680514
1779888782019
48603255438
1779888783019
48614867955
1779888784019
48626487891
1779888785018
48638048786
1779888786019
48649706253
1779888787018
48661339685
1779888788019
48672920836
1779888789018
48684632818
1779888790016
48696279515
1779888791018
48708009749
1779888792021
48719626641
1779888793019
48731188867
1779888794019
48742815321
1779888795019
48754377271
1779888796018
48765883131
1779888797019
48777628758
1779888798019
48789183088
1779888799019
48800885385
1779888800017
48812590589
1779888801018
48824256380
1779888802019
48835868973
1779888803019
48847316448
1779888804020
48858879331
1779888805018
48870497585
1779888806018
48882031215
1779888807018
48893663254
1779888808019
48905308818
1779888809021
48916899242
1779888810017
48928672515
1779888811019
48940277856
1779888812019
48951872410
1779888813020
48963591399
1779888814018
48975107067
1779888815019
48986772337
1779888816020
48998416265
1779888817019
49009961430
1779888818019
49021538940
1779888819018
49033219940
1779888820017
49044770828
1779888821019
49056460425
1779888822020
49068005285
1779888823018
49079612768
1779888824020
49091225927
1779888825018
49102791809
1779888826018
49114433885
1779888827018
49126019213
1779888828019
49137590588
1779888829022
49149291202
1779888830018
49160875780
1779888831020
49172513618
1779888832019
49184204471
1779888833020
49195763881
1779888834018
49207461633
1779888835018
49219106999
1779888836021
49230684387
1779888837019
49242323571
1779888838018
49253952351
1779888839021
49265644825
1779888840018
49277308474
1779888841019
49288913433
1779888842022
49300523256
1779888843018
49312175124
1779888844020
49323812733
1779888845021
49337049359
1779888846159
49347035302
1779888847019
49358643932
1779888848019
49370274900
1779888849019
49381922377
1779888850017
49393554462
1779888851020
49405178301
1779888852019
49416747840
1779888853020
49428357449
1779888854018
49439935969
1779888855020
49451551652
1779888856019
49463191265
1779888857021
49474742535
1779888858020
49486383556
1779888859019
49498054258
1779888860017
49509680499
1779888861019
49521385121
1779888862020
49532906893
1779888863018
49544488549
1779888864019
49556173465
1779888865021
49567700378
1779888866020
49579383229
1779888867019
49590955062
1779888868019
49602546954
1779888869019
49614342597
1779888870017
49626016405
1779888871024
49637506980
1779888872018
49649141896
1779888873018
49660720002
1779888874021
49672346993
1779888875019
49684007582
1779888876018
49695553987
1779888877019
49707162770
1779888878018
49718671537
1779888879019
49730428944
1779888880015
49742142334
1779888881020
49753706762
1779888882019
49765290438
1779888883018
49776846681
1779888884020
49788352434
1779888885019
49800022830
1779888886019
49811638193
1779888887021
49823203095
1779888888019
49834872880
1779888889019
49846514068
1779888890017
49858245619
1779888891018
49869935859
1779888892019
49881499446
1779888893020
49893131302
1779888894019
49904765284
1779888895020
49916420273
1779888896020
49928080388
1779888897021
49939583356
1779888898020
49951233587
1779888899020
49962949134
1779888900016
49974636467
1779888901021
49986255578
1779888902018
49997869609
1779888903015
50009537343
1779888904018
50021200533
1779888905019
50032888065
1779888906018
50042864706
1779888907020
50050446560
1779888908020
50057936430
1779888909019
50065170316
1779888910021
50073734628
1779888911019
50082499616
1779888912019
50090091430
1779888913022
50097022774
1779888914026
50105041565
1779888915024
50112611056
1779888916024
50118079230
1779888917024
50123884341
1779888918024
50129591761
1779888919023
50139201707
1779888920017
50150993401
1779888921019
50162493998
1779888922019
50174046432
1779888923018
50185599859
1779888924020
50197270164
1779888925025
50208799815
1779888926018
50220332343
1779888927020
50231920104
1779888928019
50243532238
1779888929022
50255153109
1779888930018
50266834092
1779888931018
50278464433
1779888932020
50289989694
1779888933018
50301853008
1779888934020
50313384266
1779888935019
50325024781
1779888936019
50336783382
1779888937018
50348321127
1779888938018
50359901728
1779888939020
50371565132
1779888940015
50383223028
1779888941019
50394824483
1779888942018
50406316236
1779888943018
50417904426
1779888944018
50429557824
1779888945019
50441091010
1779888946019
50452684524
1779888947019
50464258193
1779888948019
50475751920
1779888949019
50487464101
1779888950018
50499062939
1779888951018
50510744673
1779888952020
50522321571
1779888953019
50533905996
1779888954018
50545499097
1779888955018
50557142673
1779888956020
50568598395
1779888957018
50580161905
1779888958019
50591681826
1779888959018
50603309918
1779888960017
50615017906
1779888961019
50626592249
1779888962020
50638132044
1779888963018
50649722284
1779888964019
50661117464
1779888965017
50674136555
1779888966147
50684251446
1779888967018
50695824688
1779888968018
50707492131
1779888969021
50719008043
1779888970018
50730612328
1779888971020
50742288018
1779888972019
50753777125
1779888973020
50765339197
1779888974018
50776924342
1779888975022
50788513327
1779888976021
50800147738
1779888977019
50811640669
1779888978018
50823240976
1779888979019
50834888469
1779888980019
50846408190
1779888981019
50858132565
1779888982020
50869651706
1779888983019
50881126048
1779888984020
50892725284
1779888985018
50904345710
1779888986020
50915886975
1779888987020
50927471538
1779888988018
50938979418
1779888989019
50950754145
1779888990016
50962488525
1779888991023
50974069937
1779888992019
50985696162
1779888993018
50997294725
1779888994020
51008896868
1779888995018
51020596350
1779888996019
51032197161
1779888997020
51043843751
1779888998018
51055478728
1779888999019
51067118249
1779889000017
51078772213
1779889001020
51090348529
1779889002019
51101949402
1779889003018
51113575306
1779889004017
51125171926
1779889005020
51136824834
1779889006020
51148382133
1779889007018
51159886892
1779889008018
51171499377
1779889009019
51183098935
1779889010017
51194768367
1779889011019
51206498801
1779889012020
51218055916
1779889013019
51229688429
1779889014019
51241336243
1779889015019
51252976773
1779889016019
51264678611
1779889017020
51276309029
1779889018019
51287860238
1779889019018
51299644971
1779889020020
51311207793
1779889021018
51322913288
1779889022019
51334518108
1779889023021
51345964987
1779889024017
51357600820
1779889025018
51369218416
1779889026018
51380851848
1779889027019
51392526788
1779889028022
51404110556
1779889029018
51415785343
1779889030018
51427421345
1779889031018
51439048641
1779889032018
51450644022
1779889033019
51462215014
1779889034023
51473736618
1779889035022
51485289066
1779889036019
51496892495
1779889037018
51508511559
1779889038021
51520186347
1779889039022
51531729876
1779889040017
51544065960
1779889041062
51555255691
1779889042021
51566848547
1779889043020
51578408003
1779889044018
51589980081
1779889045020
51601546713
1779889046023
51613123428
1779889047020
51624646439
1779889048017
51636367249
1779889049018
51648103144
1779889050018
51659820955
1779889051018
51671527965
1779889052019
51683152905
1779889053020
51694839672
1779889054021
51706418375
1779889055018
51718014888
1779889056018
51729757454
1779889057021
51741325738
1779889058018
51752951780
1779889059019
51764619529
1779889060018
51776258148
1779889061018
51787946521
1779889062018
51799664608
1779889063021
51811270545
1779889064019
51822882495
1779889065019
51834534027
1779889066019
51846194432
1779889067018
51857768408
1779889068018
51869386096
1779889069017
51881070752
1779889070017
51892716760
1779889071020
51904401309
1779889072019
51916079906
1779889073018
51927676724
1779889074019
51939169182
1779889075017
51950888171
1779889076020
51962496525
1779889077019
51974043267
1779889078021
51985584975
1779889079020
51997159349
1779889080017
52008937870
1779889081023
52020537305
1779889082020
52032162979
1779889083020
52043807993
1779889084017
52055375818
1779889085018
52066998693
1779889086018
52078655013
1779889087020
52090255396
1779889088020
52101858121
1779889089019
52113521846
1779889090017
52125121281
1779889091020
52136783477
1779889092020
52148286399
1779889093018
52159916067
1779889094018
52171565472
1779889095020
52183051992
1779889096021
52194657501
1779889097018
52206261067
1779889098020
52217867693
1779889099018
52229549932
1779889100017
52242613439
1779889101147
52252796155
1779889102018
52264415648
1779889103018
52275963400
1779889104018
52287617655
1779889105019
52299067639
1779889106018
52310657083
1779889107018
52322338526
1779889108020
52333879377
1779889109019
52345571056
1779889110016
52357277682
1779889111021
52368907473
1779889112021
52380586131
1779889113019
52392168996
1779889114015
52403852428
1779889115021
52415510156
1779889116018
52427044749
1779889117019
52438654986
1779889118019
52450395288
1779889119022
52462020197
1779889120016
52473762657
1779889121019
52485434491
1779889122019
52497091133
1779889123018
52508819195
1779889124018
52520501785
1779889125021
52532167591
1779889126020
52543825074
1779889127018
52555377997
1779889128019
52567098532
1779889129021
52578793255
1779889130016
52593170267
1779889131247
52602270003
1779889132020
52613902915
1779889133020
52625541013
1779889134019
52637224307
1779889135018
52648714791
1779889136019
52660330658
1779889137018
52671994781
1779889138019
52683620211
1779889139019
52695403980
1779889140018
52707019388
1779889141019
52718667033
1779889142018
52730327592
1779889143020
52741979414
1779889144020
52753687540
1779889145021
52765280166
1779889146019
52776931376
1779889147020
52788589548
1779889148019
52800215391
1779889149019
52811914398
1779889150014
52823673641
1779889151019
52835261127
1779889152020
52846917998
1779889153019
52858540811
1779889154019
52870123110
1779889155019
52881828727
1779889156019
52893424413
1779889157018
52904980656
1779889158021
52916545835
1779889159020
52928154434
1779889160017
52939879727
1779889161019
52951598318
1779889162019
52963256704
1779889163019
52974896638
1779889164019
52986487367
1779889165019
52998101919
1779889166018
53009751660
1779889167019
53021389299
1779889168019
53033028759
1779889169020
53044774844
1779889170017
53056463508
1779889171018
53068136246
1779889172019
53079652296
1779889173019
53091137684
1779889174018
53102700139
1779889175019
53114233769
1779889176019
53125891910
1779889177019
53137528340
1779889178020
53149133757
1779889179019
53160873983
1779889180016
53172525973
1779889181020
53184159313
1779889182018
53195859957
1779889183018
53207476008
1779889184020
53219180003
1779889185019
53230776898
1779889186019
53242401609
1779889187020
53254053905
1779889188019
53265699515
1779889189019
53277430851
1779889190015
53289607953
1779889191055
53300805166
1779889192020
53312460584
1779889193018
53324097458
1779889194018
53335719093
1779889195018
53347355982
1779889196018
53358941525
1779889197019
53370623580
1779889198021
53382267140
1779889199018
53393954229
1779889200017
53405675696
1779889201019
53417343553
1779889202019
53428920466
1779889203019
53440561364
1779889204019
53452131086
1779889205020
53463775656
1779889206018
53475485955
1779889207020
53487104469
1779889208022
53498694678
1779889209019
53510365992
1779889210017
53522050449
1779889211021
53533799380
1779889212020
53545417772
1779889213018
53556976463
1779889214018
53568660048
1779889215019
53580240434
1779889216019
53591867118
1779889217019
53603501912
1779889218018
53615117962
1779889219019
53626894602
1779889220019
53638598857
1779889221019
53650252944
1779889222019
53661973539
1779889223019
53673580027
1779889224019
53685225745
1779889225019
53696898482
1779889226020
53708515145
1779889227019
53720143818
1779889228018
53731746695
1779889229018
53743422079
1779889230015
53755187320
1779889231019
53766838393
1779889232021
53778468978
1779889233018
53790093383
1779889234018
53801730685
1779889235021
53813789181
1779889236056
53824944442
1779889237018
53836584957
1779889238021
53848218251
1779889239018
53859920043
1779889240018
53871617673
1779889241022
53883319022
1779889242020
53894963561
1779889243018
53906592846
1779889244019
53918229843
1779889245019
53929905762
1779889246022
53941576266
1779889247022
53953186747
1779889248019
53964907557
1779889249018
53976637042
1779889250015
53988288879
1779889251018
53999971500
1779889252019
54011590978
1779889253018
54023236879
1779889254020
54034903741
1779889255019
54046439972
1779889256019
54058156329
1779889257019
54069792224
1779889258020
54081419918
1779889259019
54093166202
1779889260018
54104886522
1779889261019
54116535820
1779889262019
54128187091
1779889263018
54139856539
1779889264021
54151440659
1779889265019
54163134219
1779889266019
54174780243
1779889267019
54186407523
1779889268019
54198055811
1779889269018
54209727814
1779889270014
54221478459
1779889271021
54233089843
1779889272021
54244740303
1779889273019
54256466790
1779889274023
54268019774
1779889275018
54279670923
1779889276019
54291361821
1779889277018
54303053239
1779889278021
54314711824
1779889279019
54326240298
1779889280014
54338406812
1779889281056
54349679943
1779889282019
54361219571
1779889283022
54372825875
1779889284020
54384429334
1779889285019
54396095217
1779889286021
54407731326
1779889287018
54419397821
1779889288021
54431027289
1779889289024
54442765786
1779889290016
54454509791
1779889291021
54466372982
1779889292018
54478019893
1779889293018
54489674546
1779889294018
54501348905
1779889295019
54513081312
1779889296022
54524694195
1779889297019
54536327688
1779889298018
54547912619
1779889299018
54559681914
1779889300014
54571393911
1779889301018
54583048778
1779889302023
54594634581
1779889303019
54606272816
1779889304019
54618018473
1779889305018
54629713564
1779889306020
54641334985
1779889307018
54652981437
1779889308018
54664635355
1779889309019
54676322046
1779889310017
54688077097
1779889311019
54699709182
1779889312019
54711358938
1779889313018
54723013698
1779889314019
54734626750
1779889315019
54746269407
1779889316019
54757894317
1779889317019
54769491717
1779889318020
54781175348
1779889319022
54792885784
1779889320017
54804568711
1779889321019
54816281504
1779889322021
54827933265
1779889323021
54839584444
1779889324019
54851228295
1779889325017
54862823002
1779889326019
54874429597
1779889327020
54886017879
1779889328018
54897606496
1779889329018
54909375272
1779889330017
54921019581
1779889331018
54932691049
1779889332018
54944325643
1779889333019
54955955326
1779889334018
54967659061
1779889335019
54979326657
1779889336018
54990968198
1779889337019
55002719914
1779889338021
55014375959
1779889339020
55026036257
1779889340020
55037680368
1779889341019
55049413127
1779889342019
55061022109
1779889343020
55072677603
1779889344018
55084396240
1779889345022
55096166729
1779889346020
55107823203
1779889347022
55119479798
1779889348019
55131163781
1779889349022
55142873238
1779889350018
55154609501
1779889351020
55166263924
1779889352018
55177929088
1779889353022
55189582669
1779889354019
55201181094
1779889355018
55212898768
1779889356020
55224601799
1779889357020
55236166641
1779889358020
55247867193
1779889359021
55259497350
1779889360015
55271200366
1779889361019
55282888465
1779889362018
55294510559
1779889363019
55306158235
1779889364018
55317855987
1779889365021
55329409905
1779889366019
55341056204
1779889367019
55352727258
1779889368020
55364246750
1779889369018
55375953056
1779889370017
55387631393
1779889371019
55399263814
1779889372020
55410891600
1779889373018
55422382329
1779889374018
55433970151
1779889375019
55445553306
1779889376019
55457081091
1779889377018
55468770123
1779889378018
55480374286
1779889379019
55492130745
1779889380018
55503822515
1779889381019
55515372179
1779889382019
55526966963
1779889383019
55538544060
1779889384019
55550070957
1779889385021
55561645774
1779889386019
55573210769
1779889387019
55584760418
1779889388018
55596510037
1779889389018
55608298167
1779889390018
55619942263
1779889391019
55631558941
1779889392019
55643119269
1779889393019
55654824411
1779889394020
55666427763
1779889395018
55678099521
1779889396018
55689722136
1779889397019
55701175670
1779889398021
55712806470
1779889399019
55724489228
1779889400017
55736180739
1779889401020
55747906597
1779889402021
55759514218
1779889403019
55771117462
1779889404018
55782795968
1779889405020
55794399564
1779889406018
55806027212
1779889407020
55817641809
1779889408019
55829174261
1779889409019
55840863216
1779889410016
55852478288
1779889411019
55864142334
1779889412018
55875777847
1779889413021
55887362028
1779889414019
55898952466
1779889415018
55911041287
1779889416058
55922284675
1779889417020
55933913838
1779889418018
55945561636
1779889419021
55957264423
1779889420018
55969020071
1779889421022
55980613707
1779889422018
55992337148
1779889423019
56003992551
1779889424018
56015689691
1779889425018
56027400449
1779889426018
56038962460
1779889427019
56050585992
1779889428019
56062265997
1779889429018
56073852243
1779889430016
56085587114
1779889431020
56097291874
1779889432019
56108881685
1779889433021
56120544432
1779889434018
56132189690
1779889435019
56143834030
1779889436020
56155503600
1779889437020
56167163256
1779889438018
56178818613
1779889439018
56190580319
1779889440017
56202242760
1779889441019
56213906225
1779889442018
56225524265
1779889443019
56237107497
1779889444019
56248713725
1779889445019
56260383203
1779889446020
56272057761
1779889447019
56283735226
1779889448021
56295341225
1779889449019
56307049366
1779889450017
56318708532
1779889451019
56330490343
1779889452020
56342171205
1779889453018
56353790529
1779889454019
56365490164
1779889455021
56377120826
1779889456018
56388716849
1779889457020
56400369207
1779889458018
56412030821
1779889459019
56423661039
1779889460014
56435427933
1779889461018
56447053041
1779889462019
56458730185
1779889463019
56470350336
1779889464020
56481886765
1779889465018
56493549252
1779889466020
56505166710
1779889467019
56516803722
1779889468020
56528428524
1779889469019
56540054152
1779889470018
56551694958
1779889471018
56563372515
1779889472018
56574964637
1779889473020
56587070196
1779889474020
56598619645
1779889475019
56610275583
1779889476019
56621915364
1779889477020
56633538667
1779889478019
56645268856
1779889479022
56656919439
1779889480014
56668624704
1779889481019
56680302260
1779889482020
56692026956
1779889483019
56703668405
1779889484018
56715353902
1779889485021
56726957040
1779889486019
56738590502
1779889487018
56750245568
1779889488019
56761886466
1779889489018
56773610198
1779889490018
56785195541
1779889491015
56796900944
1779889492018
56808626787
1779889493019
56820261519
1779889494018
56831996910
1779889495020
56843630724
1779889496018
56855214981
1779889497022
56866952805
1779889498019
56878596763
1779889499018
56890313656
1779889500015
56902066611
1779889501018
56913666199
1779889502019
56925288431
1779889503020
56936969307
1779889504018
56948604514
1779889505019
56960322570
1779889506019
56971950784
1779889507020
56983598766
1779889508021
56995192830
1779889509019
57006853236
1779889510015
57018609205
1779889511019
57030239255
1779889512018
57041864593
1779889513020
57053497535
1779889514023
57063127370
1779889515022
57069257514
1779889516024
57077241498
1779889517021
57086366555
1779889518018
57094152649
1779889519022
57102380453
1779889520023
57110434572
1779889521022
57116654955
1779889522024
57123202606
1779889523024
57131587771
1779889524024
57138073777
1779889525023
57143815439
1779889526023
57153826688
1779889527020
57165599763
1779889528019
57177322240
1779889529018
57189084758
1779889530016
57200799034
1779889531018
57212532038
1779889532022
57224225232
1779889533018
57235869266
1779889534020
57247456048
1779889535018
57259126719
1779889536015
57270783851
1779889537019
57282443613
1779889538018
57293981420
1779889539019
57305749155
1779889540018
57317447198
1779889541019
57329091952
1779889542019
57340810268
1779889543019
57352487365
1779889544020
57364142492
1779889545018
57375823109
1779889546020
57387419423
1779889547019
57399050360
1779889548019
57410710016
1779889549019
57422390786
1779889550017
57435747273
1779889551155
57446074314
1779889552019
57457709046
1779889553018
57469428188
1779889554021
57480981952
1779889555019
57492614358
1779889556018
57504308240
1779889557018
57516017024
1779889558024
57527640342
1779889559020
57539418221
1779889560016
57551180616
1779889561021
57562877222
1779889562021
57574487015
1779889563018
57586158054
1779889564017
57597810778
1779889565019
57609505119
1779889566019
57621283916
1779889567021
57632866123
1779889568021
57644434943
1779889569019
57656154559
1779889570017
57667819294
1779889571019
57679561708
1779889572020
57691261985
1779889573019
57702883498
1779889574019
57714494438
1779889575019
57726096948
1779889576019
57737715325
1779889577018
57749393830
1779889578018
57761100717
1779889579019
57772839672
1779889580015
57784519126
1779889581020
57796135315
1779889582018
57807769618
1779889583018
57819431095
1779889584019
57831081096
1779889585020
57842721459
1779889586021
57854371246
1779889587021
57866011027
1779889588019
57877743342
1779889589019
57889439335
1779889590017
57901128367
1779889591019
57912773381
1779889592018
57924329853
1779889593020
57935970338
1779889594019
57947596441
1779889595019
57959200772
1779889596020
57970865415
1779889597020
57982477228
1779889598020
57994185277
1779889599021
58005857816
1779889600015
58017543252
1779889601019
58029230830
1779889602019
58040919173
1779889603019
58052576718
1779889604019
58064267509
1779889605019
58075967205
1779889606018
58087693476
1779889607018
58099365005
1779889608019
58110960462
1779889609018
58122667701
1779889610018
58134413618
1779889611019
58146152940
1779889612019
58157782746
1779889613018
58169340213
1779889614018
58181056157
1779889615018
58192737126
1779889616019
58204296873
1779889617020
58215942483
1779889618018
58227626297
1779889619019
58239311382
1779889620017
58251085038
1779889621019
58262751961
1779889622020
58274447403
1779889623020
58286096058
1779889624018
58297763027
1779889625020
58309447959
1779889626019
58321166657
1779889627018
58332867454
1779889628020
58344573806
1779889629021
58356184930
1779889630018
58367925936
1779889631020
58379658863
1779889632020
58391371564
1779889633019
58403005424
1779889634020
58414653528
1779889635019
58426313933
1779889636020
58437984574
1779889637019
58449619459
1779889638019
58461259898
1779889639020
58473051256
1779889640017
58484798856
1779889641019
58496546089
1779889642016
58508258668
1779889643019
58519889835
1779889644019
58531626954
1779889645018
58543256209
1779889646017
58554940391
1779889647020
58566613526
1779889648019
58578297860
1779889649020
58590048413
1779889650017
58601759630
1779889651019
58613433821
1779889652019
58625171323
1779889653019
58636837496
1779889654018
58648598071
1779889655019
58660315331
1779889656021
58671968683
1779889657020
58683618868
1779889658019
58695373904
1779889659019
58707163870
1779889660017
58718891136
1779889661019
58730561410
1779889662020
58742286106
1779889663020
58753959363
1779889664018
58765589873
1779889665018
58777384505
1779889666019
58788955145
1779889667019
58800568396
1779889668018
58812244193
1779889669018
58823937279
1779889670017
58835678561
1779889671019
58847434775
1779889672018
58859141508
1779889673018
58870819708
1779889674018
58882475034
1779889675019
58894081308
1779889676019
58905767983
1779889677022
58917388333
1779889678022
58929078696
1779889679020
58940715998
1779889680015
58952439608
1779889681020
58964142501
1779889682020
58975781364
1779889683019
58987457422
1779889684019
58999154180
1779889685020
59013539026
1779889686247
59022583330
1779889687020
59034228374
1779889688019
59045890662
1779889689021
59057645269
1779889690017
59069362024
1779889691020
59081009287
1779889692019
59092706504
1779889693019
59104387075
1779889694021
59116062872
1779889695020
59127739878
1779889696021
59139369791
1779889697022
59151013045
1779889698019
59162700240
1779889699019
59174416307
1779889700016
59186167044
1779889701019
59197843453
1779889702019
59209520306
1779889703019
59221223521
1779889704021
59232837567
1779889705019
59244441439
1779889706018
59256080134
1779889707019
59267714391
1779889708018
59279391627
1779889709019
59291062559
1779889710017
59302829238
1779889711019
59314503826
1779889712018
59326186080
1779889713022
59337853661
1779889714019
59349499593
1779889715020
59363896403
1779889716250
59372867941
1779889717015
59384517498
1779889718018
59396205765
1779889719019
59407965927
1779889720015
59419719448
1779889721020
59431391879
1779889722018
59443097542
1779889723019
59454821274
1779889724019
59466549550
1779889725019
59478276709
1779889726020
59489969474
1779889727022
59501599922
1779889728018
59513272797
1779889729019
59525053308
1779889730020
59536722051
1779889731018
59548395003
1779889732018
59560123294
1779889733018
59571791289
1779889734019
59583466198
1779889735018
59595154939
1779889736018
59606796128
1779889737019
59618438311
1779889738020
59630037868
1779889739019
59641672356
1779889740014
59653429411
1779889741019
59665068718
1779889742018
59676737400
1779889743019
59688410964
1779889744019
59700072425
1779889745020
59711754985
1779889746018
59723403028
1779889747020
59735059669
1779889748018
59746873289
1779889749018
59758579610
1779889750017
59770294743
1779889751019
59782006985
1779889752019
59793671200
1779889753018
59805361242
1779889754020
59816983106
1779889755019
59828646679
1779889756019
59840319875
1779889757020
59851929913
1779889758018
59863634306
1779889759021
59875383176
1779889760017
59887050390
1779889761019
59898783822
1779889762018
59910470176
1779889763018
59922138859
1779889764019
59933990621
1779889765020
59945627097
1779889766018
59957278996
1779889767020
59968930313
1779889768020
59980614174
1779889769020
59992380378
1779889770019
60004120114
1779889771020
60015797732
1779889772021
60027480323
1779889773019
60039178580
1779889774020
60050810390
1779889775020
60062552895
1779889776019
60074213224
1779889777020
60085839021
1779889778018
60097566211
1779889779019
60109363551
1779889780017
60121171479
1779889781019
60132802922
1779889782019
60144457100
1779889783020
60156139629
1779889784021
60167751610
1779889785018
60179457655
1779889786018
60191091179
1779889787021
60202701522
1779889788022
60214347531
1779889789018
60225986592
1779889790016
60237725992
1779889791020
60249424540
1779889792018
60261139689
1779889793019
60272787242
1779889794018
60284434643
1779889795017
60296018839
1779889796018
60308029584
1779889797018
60320109806
1779889798018
60331814811
1779889799018
60343569556
1779889800019
60355206644
1779889801019
60366848368
1779889802018
60378497742
1779889803018
60390159479
1779889804019
60401883333
1779889805019
60413650227
1779889806019
60425346480
1779889807018
60436986613
1779889808019
60448692459
1779889809021
60460392553
1779889810017
60472121517
1779889811020
60483756510
1779889812020
60495471735
1779889813019
60507142330
1779889814021
60518735568
1779889815020
60530383657
1779889816019
60542036015
1779889817020
60553626836
1779889818019
60565323977
1779889819020
60577081399
1779889820017
60588798874
1779889821018
60600470433
1779889822022
60612048616
1779889823019
60623656542
1779889824018
60635408595
1779889825020
60647124478
1779889826018
60658841509
1779889827018
60670511859
1779889828022
60682178201
1779889829020
60693838071
1779889830018
60706048404
1779889831018
60717701175
1779889832018
60729347504
1779889833020
60740985159
1779889834018
60752641234
1779889835019
60764363727
1779889836019
60776062994
1779889837020
60787702775
1779889838020
60799377303
1779889839020
60811103131
1779889840017
60822764271
1779889841019
60834416123
1779889842018
60846093665
1779889843018
60857675749
1779889844019
60869357238
1779889845019
60880999865
1779889846018
60892645475
1779889847019
60904306646
1779889848020
60916003083
1779889849021
60927683913
1779889850017
60939331911
1779889851019
60951010309
1779889852019
60962686167
1779889853015
60974391463
1779889854019
60986059503
1779889855019
60998045508
1779889856024
61009639236
1779889857018
61021281465
1779889858019
61032928268
1779889859021
61044640066
1779889860018
61056376773
1779889861018
61068797114
1779889862020
61080438853
1779889863023
61092067649
1779889864019
61103695190
1779889865020
61115412343
1779889866019
61127105307
1779889867019
61138812117
1779889868018
61150517122
1779889869019
61162221132
1779889870017
61173925556
1779889871019
61185636895
1779889872022
61197288870
1779889873021
61208865600
1779889874019
61220532997
1779889875019
61232191184
1779889876019
61243835800
1779889877018
61255475076
1779889878018
61267121038
1779889879018
61278838038
1779889880016
61290524913
1779889881019
61302172145
1779889882019
61313837569
1779889883019
61325451294
1779889884018
61337164484
1779889885021
61348761961
1779889886019
61360362620
1779889887018
61372418331
1779889888019
61384113804
1779889889026
61395704136
1779889890015
61407443336
1779889891021
61419083454
1779889892022
61430720756
1779889893019
61443164414
1779889894019
61454683432
1779889895018
61466321607
1779889896018
61478007257
1779889897019
61489614862
1779889898019
61501396199
1779889899019
61513086271
1779889900017
61524730458
1779889901018
61536404205
1779889902019
61548026376
1779889903019
61559631350
1779889904019
61572137631
1779889905018
61583897241
1779889906021
61595551909
1779889907020
61607203410
1779889908020
61618874648
1779889909021
61630590256
1779889910018
61642706096
1779889911056
61653986358
1779889912021
61665575389
1779889913021
61677279078
1779889914018
61688975958
1779889915021
61700624476
1779889916020
61712285310
1779889917018
61723910892
1779889918018
61735561475
1779889919018
61747584001
1779889920016
61759252821
1779889921019
61770860273
1779889922018
61782466746
1779889923018
61794135276
1779889924020
61806119919
1779889925019
61818096774
1779889926018
61829746531
1779889927020
61841378616
1779889928018
61853108468
1779889929020
61864813243
1779889930016
61876657494
1779889931021
61888271127
1779889932020
61899982160
1779889933020
61911590086
1779889934018
61923234962
1779889935020
61934826579
1779889936018
61946481048
1779889937021
61958039448
1779889938018
61969658513
1779889939019
61981320816
1779889940017
61993022301
1779889941018
62004640968
1779889942019
62016191489
1779889943019
62027862513
1779889944018
62039467823
1779889945018
62051074112
1779889946019
62062734640
1779889947019
62074433418
1779889948021
62086068318
1779889949019
62097824180
1779889950014
62109792804
1779889951018
62121412190
1779889952017
62133079863
1779889953017
62144732817
1779889954018
62156525782
1779889955018
62168211004
1779889956018
62180386346
1779889957021
62191923265
1779889958017
62203550837
1779889959018
62215249997
1779889960017
62226848851
1779889961019
62238752082
1779889962019
62250515365
1779889963023
62262150235
1779889964022
62273887446
1779889965021
62285521367
1779889966018
62297203866
1779889967019
62308782064
1779889968017
62320398880
1779889969019
62332126315
1779889970020
62346672453
1779889971258
62355526196
1779889972018
62367246072
1779889973022
62378832319
1779889974019
62390471472
1779889975019
62402102838
1779889976018
62413755777
1779889977019
62425405825
1779889978019
62437087191
1779889979021
62448725565
1779889980014
62460409241
1779889981020
62472077205
1779889982020
62483725630
1779889983019
62495396608
1779889984019
62506995217
1779889985018
62518691944
1779889986018
62530451907
1779889987018
62542071568
1779889988019
62553781148
1779889989018
62565445899
1779889990015
62577145089
1779889991018
62588801318
1779889992018
62600440518
1779889993018
62612091911
1779889994019
62623783376
1779889995019
62635415002
1779889996020
62647074581
1779889997020
62658690769
1779889998018
62670317117
1779889999017
62682054512
1779890000017
62693733476
1779890001020
62705423074
1779890002020
62717085193
1779890003020
62728722082
1779890004018
62740408329
1779890005019
62752104904
1779890006022
62763754844
1779890007019
62775428484
1779890008020
62787042194
1779890009019
62798815085
1779890010016
62810581397
1779890011019
62822193898
1779890012019
62833858220
1779890013018
62845582182
1779890014019
62857241700
1779890015018
62869395010
1779890016057
62880601097
1779890017019
62892199431
1779890018018
62903901727
1779890019019
62915608186
1779890020017
62927287624
1779890021019
62938982837
1779890022019
62950623521
1779890023020
62962322360
1779890024019
62973939145
1779890025019
62985656650
1779890026021
62997425196
1779890027020
63009009270
1779890028019
63020742947
1779890029018
63032423701
1779890030017
63045627035
1779890031150
63055845920
1779890032018
63067440765
1779890033018
63079114818
1779890034018
63090771888
1779890035018
63102408165
1779890036020
63114042347
1779890037020
63125628960
1779890038021
63137252079
1779890039020
63148909425
1779890040016
63160662915
1779890041019
63172315809
1779890042018
63183959307
1779890043019
63195611772
1779890044020
63207267771
1779890045020
63218983149
1779890046019
63230576143
1779890047018
63242185171
1779890048019
63253784040
1779890049021
63265446954
1779890050016
63277143422
1779890051018
63288691265
1779890052018
63300286952
1779890053018
63311724099
1779890054018
63323357057
1779890055018
63335027866
1779890056019
63346570171
1779890057021
63358110333
1779890058021
63369664695
1779890059019
63381292542
1779890060018
63392919608
1779890061018
63404515218
1779890062020
63416121064
1779890063018
63427798881
1779890064018
63439428793
1779890065018
63451079758
1779890066019
63462653214
1779890067018
63474168315
1779890068018
63485889477
1779890069019
63497654886
1779890070017
63509352119
1779890071019
63520984862
1779890072019
63532529706
1779890073018
63544201326
1779890074019
63555863048
1779890075019
63567541262
1779890076019
63579213464
1779890077019
63590861736
1779890078018
63602394662
1779890079021
63614087718
1779890080017
63625745002
1779890081018
63637313837
1779890082020
63648984310
1779890083019
63660625223
1779890084019
63672320925
1779890085019
63683902765
1779890086019
63695513553
1779890087019
63707174127
1779890088018
63718864428
1779890089018
63730543163
1779890090016
63742709493
1779890091056
63753950388
1779890092019
63765558911
1779890093018
63777207000
1779890094018
63788871001
1779890095018
63800583579
1779890096018
63812152506
1779890097018
63823719321
1779890098021
63835323071
1779890099019
63847012240
1779890100015
63858726670
1779890101019
63870401610
1779890102018
63882029075
1779890103018
63893701980
1779890104018
63905381633
1779890105018
63917044747
1779890106018
63928655504
1779890107019
63940231591
1779890108018
63951896479
1779890109017
63963648700
1779890110017
63975339414
1779890111019
63987071623
1779890112020
63998648138
1779890113019
64010289939
1779890114019
64022034020
1779890115019
64033710888
1779890116019
64045342820
1779890117018
64056984192
1779890118019
64068594796
1779890119020
64080301086
1779890120018
64092020535
1779890121018
64103715579
1779890122019
64114982759
1779890123023
64121764653
1779890124023
64129086483
1779890125020
64137255428
1779890126021
64145230431
1779890127019
64153089459
1779890128020
64159720250
1779890129020
64167387034
1779890130019
64173726711
1779890131022
64180711850
1779890132023
64189248760
1779890133022
64195597954
1779890134020
64201436786
1779890135023
64207297818
1779890136023
64213116317
1779890137023
64224261648
1779890138018
64236029581
1779890139014
64247788044
1779890140016
64259476923
1779890141018
64271210616
1779890142018
64282855476
1779890143018
64294540362
1779890144019
64306252955
1779890145019
64317955742
1779890146018
64329665857
1779890147020
64341332581
1779890148018
64353058623
1779890149021
64364744197
1779890150017
64376425763
1779890151018
64388254453
1779890152019
64399858462
1779890153019
64411476655
1779890154019
64423139967
1779890155018
64434752545
1779890156018
64446448477
1779890157019
64458068047
1779890158019
64469711607
1779890159018
64481463522
1779890160017
64493161427
1779890161018
64504794736
1779890162019
64516390943
1779890163019
64528018622
1779890164018
64539676656
1779890165019
64551787646
1779890166057
64562945905
1779890167020
64574563134
1779890168019
64586246260
1779890169018
64597929723
1779890170014
64609641414
1779890171018
64621261197
1779890172019
64632931257
1779890173019
64644607100
1779890174017
64656254470
1779890175019
64667861647
1779890176019
64679437489
1779890177019
64691061343
1779890178019
64702715888
1779890179019
64714371474
1779890180019
64726458734
1779890181057
64737721003
1779890182022
64749270881
1779890183018
64760982465
1779890184020
64772668070
1779890185020
64784250644
1779890186019
64795890272
1779890187019
64807597342
1779890188019
64819309217
1779890189020
64831012478
1779890190017
64842703636
1779890191020
64854457693
1779890192021
64866061794
1779890193019
64877689458
1779890194021
64889281900
1779890195019
64902419796
1779890196147
64912529179
1779890197018
64924145735
1779890198018
64935789968
1779890199018
64947559968
1779890200017
64959220755
1779890201019
64970838810
1779890202018
64982599936
1779890203019
64994228410
1779890204019
65005904574
1779890205022
65017570794
1779890206019
65029167352
1779890207018
65040796408
1779890208020
65052453524
1779890209019
65064170692
1779890210018
65077366728
1779890211147
65087531406
1779890212018
65099206866
1779890213021
65110894551
1779890214021
65122543650
1779890215020
65134192336
1779890216021
65145855342
1779890217018
65157550586
1779890218019
65169224822
1779890219020
65180977777
1779890220017
65192782446
1779890221022
65204477889
1779890222019
65216149800
1779890223021
65227775291
1779890224020
65239460681
1779890225018
65251163391
1779890226020
65262842126
1779890227021
65274499578
1779890228018
65286179919
1779890229019
65297908364
1779890230016
65309566444
1779890231018
65321239869
1779890232019
65332913402
1779890233018
65344512807
1779890234019
65356159824
1779890235020
65367827314
1779890236018
65379487918
1779890237019
65391148339
1779890238018
65402764206
1779890239018
65414483776
1779890240018
65426235293
1779890241019
65437854251
1779890242018
65449515804
1779890243020
65461104850
1779890244019
65472741158
1779890245017
65484518868
1779890246018
65496158558
1779890247018
65507865276
1779890248020
65519576447
1779890249023
65531280105
1779890250016
65543122917
1779890251018
65554855279
1779890252020
65566550966
1779890253020
65578360914
1779890254021
65589969865
1779890255020
65601637507
1779890256020
65613282291
1779890257019
65624922164
1779890258021
65636596875
1779890259019
65648288156
1779890260014
65659999189
1779890261018
65671634105
1779890262021
65683248319
1779890263020
65694831781
1779890264020
65706395888
1779890265019
4976738
1779890266018
16621629
1779890267018
28212679
1779890268019
39914441
1779890269021
51686750
1779890270015
63342321
1779890271019
75089003
1779890272020
86720522
1779890273018
98347390
1779890274018
110011176
1779890275019
121705211
1779890276018
133362679
1779890277019
144999308
1779890278019
156585463
1779890279020
168327081
1779890280016
180064001
1779890281019
191717766
1779890282018
203376627
1779890283019
215027194
1779890284019
226668383
1779890285019
238376952
1779890286018
250094855
1779890287023
261701068
1779890288018
273463157
1779890289021
285158309
1779890290015
296913850
1779890291019
308601810
1779890292022
320220309
1779890293019
331950972
1779890294022
343575147
1779890295018
355311303
1779890296019
366980965
1779890297020
378570730
1779890298018
390320365
1779890299021
402027175
1779890300018
413711127
1779890301019
425379122
1779890302018
436984355
1779890303018
448574763
1779890304018
460215233
1779890305019
471858135
1779890306018
483596234
1779890307022
495226207
1779890308019
506891310
1779890309020
518661355
1779890310017
530337887
1779890311018
542020263
1779890312019
553756878
1779890313019
565307245
1779890314018
576956313
1779890315018
588617239
1779890316019
600303853
1779890317019
612005798
1779890318019
623594049
1779890319019
635320489
1779890320017
647042309
1779890321019
658558848
1779890322019
670246763
1779890323019
681812553
1779890324018
693535260
1779890325021
705224430
1779890326019
716811992
1779890327018
728451161
1779890328019
740181564
1779890329021
751815393
1779890330016
765038250
1779890331147
775283711
1779890332019
786983636
1779890333019
798637203
1779890334019
810251325
1779890335019
821941535
1779890336018
833606102
1779890337019
845245134
1779890338019
856951393
1779890339021
868547753
1779890340015
880300065
1779890341019
891991499
1779890342018
903555361
1779890343018
915139267
1779890344019
926728405
1779890345020
938371888
1779890346018
950060859
1779890347018
961805797
1779890348019
973585894
1779890349021
985318408
1779890350015
997012826
1779890351019
1008686083
1779890352019
1020401262
1779890353023
1031979078
1779890354019
1043686287
1779890355020
1055345789
1779890356018
1067005980
1779890357018
1078687240
1779890358020
1090316892
1779890359019
1102043853
1779890360017
1113901307
1779890361019
1125602609
1779890362019
1137259725
1779890363018
1148931850
1779890364018
1160679511
1779890365020
1172403871
1779890366020
1184070335
1779890367021
1195646927
1779890368018
1207327329
1779890369019
1219034844
1779890370018
1230748998
1779890371019
1242396827
1779890372019
1254000331
1779890373019
1265678102
1779890374018
1277304480
1779890375019
1289026591
1779890376020
1300739781
1779890377019
1312392613
1779890378018
1324080803
1779890379018
1335849273
1779890380016
1347583363
1779890381019
1359261088
1779890382018
1370960279
1779890383019
1382643053
1779890384019
1394425812
1779890385021
1405969953
1779890386019
1417737978
1779890387021
1429408956
1779890388019
1441008177
1779890389019
1452756450
1779890390017
1464484543
1779890391021
1476216063
1779890392019
1487896802
1779890393019
1499499740
1779890394019
1511214552
1779890395019
1522891436
1779890396020
1534493043
1779890397020
1546198523
1779890398021
1557806985
1779890399018
1569538642
1779890400016
1581296126
1779890401020
1592914456
1779890402019
1604594538
1779890403021
1616221206
1779890404018
1627766143
1779890405018
1639487259
1779890406019
1651175586
1779890407020
1662771288
1779890408019
1674475574
1779890409021
1686186454
1779890410014
1698012023
1779890411018
1709752386
1779890412022
1721364000
1779890413019
1733066480
1779890414019
1744733893
1779890415019
1756411297
1779890416018
1768102608
1779890417019
1779625941
1779890418020
1791295863
1779890419018
1803079204
1779890420017
1814872719
1779890421023
1826591953
1779890422019
1838216006
1779890423018
1849890839
1779890424019
1861687598
1779890425020
1873341730
1779890426017
1885074795
1779890427018
1896735430
1779890428017
1908368510
1779890429017
1920201836
1779890430017
1931910176
1779890431020
1943608403
1779890432019
1955325189
1779890433021
1966955775
1779890434018
1978668506
1779890435018
1993070702
1779890436248
2002070392
1779890437020
2013750228
1779890438018
2025405936
1779890439019
2037132774
1779890440016
2048885714
1779890441018
2060525373
1779890442018
2072228343
1779890443019
2083889743
1779890444020
2095547562
1779890445019
2107274278
1779890446019
2118934408
1779890447018
2130606610
1779890448019
2142303230
1779890449018
2154004716
1779890450017
2165678295
1779890451019
2177309003
1779890452019
2188971734
1779890453021
2200688658
1779890454019
2212237908
1779890455018
2223851312
1779890456016
2235641385
1779890457018
2247309792
1779890458019
2258988099
1779890459018
2270752514
1779890460018
2282351413
1779890461018
2294154001
1779890462019
2305787907
1779890463019
2317469472
1779890464019
2329236687
1779890465022
2340853992
1779890466021
2352568284
1779890467019
2364211018
1779890468019
2375839370
1779890469020
2387628342
1779890470016
2399372469
1779890471018
2411098006
1779890472021
2422796707
1779890473019
2434429710
1779890474020
2446168911
1779890475020
2457847600
1779890476020
2469508495
1779890477020
2481195446
1779890478019
2492889603
1779890479021
2504555011
1779890480019
2516300271
1779890481020
2527921416
1779890482019
2539591690
1779890483022
2551214855
1779890484019
2562765468
1779890485019
2574477648
1779890486018
2586156047
1779890487019
2597833726
1779890488019
2609518014
1779890489018
2621236621
1779890490016
2632969258
1779890491020
2644665572
1779890492019
2656295653
1779890493019
2668056656
1779890494022
2679736477
1779890495019
2691431751
1779890496019
2703265031
1779890497019
2714843643
1779890498019
2726538856
1779890499020
2738237970
1779890500015
2749974080
1779890501018
2761655462
1779890502018
2773294875
1779890503019
2784923334
1779890504019
2796662611
1779890505021
2808317203
1779890506019
2819992082
1779890507018
2831672423
1779890508018
2843336745
1779890509018
2855112314
1779890510017
2866862836
1779890511019
2878571253
1779890512021
2890228140
1779890513020
2901872434
1779890514020
2913568091
1779890515020
2925299044
1779890516018
2936962800
1779890517020
2948727445
1779890518021
2960384775
1779890519018
2972176332
1779890520018
2983931414
1779890521018
2995620048
1779890522020
3007336711
1779890523020
3019030608
1779890524018
3030716702
1779890525018
3044009725
1779890526148
3054223485
1779890527019
3065869324
1779890528018
3077573809
1779890529018
3089329426
1779890530017
3101135197
1779890531019
3112851279
1779890532020
3124495727
1779890533018
3136206989
1779890534019
3147908567
1779890535019
3159596681
1779890536019
3171258142
1779890537019
3182903385
1779890538018
3194640015
1779890539019
3206438962
1779890540018
3218177734
1779890541019
3229944658
1779890542019
3241599846
1779890543018
3253207788
1779890544018
3265061310
1779890545018
3276724836
1779890546019
3288480010
1779890547019
3300201447
1779890548019
3311842131
1779890549018
3323677216
1779890550016
3335424633
1779890551019
3347111767
1779890552020
3358819358
1779890553018
3370496914
1779890554018
3382206647
1779890555018
3393968767
1779890556019
3405666015
1779890557020
3417380031
1779890558022
3429123561
1779890559020
3440905740
1779890560020
3452649147
1779890561017
3464302821
1779890562017
3476001033
1779890563019
3487693384
1779890564018
3499391734
1779890565021
3511101818
1779890566019
3522798867
1779890567020
3534482177
1779890568021
3546171744
1779890569019
3557917783
1779890570016
3569670601
1779890571018
3581415875
1779890572020
3592991442
1779890573020
3604677567
1779890574020
3616381149
1779890575022
3628003702
1779890576018
3639742398
1779890577018
3651409351
1779890578018
3663195737
1779890579023
3674925956
1779890580016
3686698526
1779890581021
3698417041
1779890582019
3710080185
1779890583018
3721748424
1779890584019
3733445840
1779890585019
3745605331
1779890586055
3756906294
1779890587019
3768604138
1779890588018
3780245602
1779890589018
3792036180
1779890590017
3803796296
1779890591020
3815497996
1779890592019
3827226364
1779890593018
3838885346
1779890594020
3850564494
1779890595019
3862339711
1779890596018
3874014284
1779890597019
3885736455
1779890598019
3897427599
1779890599018
3909119996
1779890600014
3920956887
1779890601021
3932587366
1779890602020
3944217355
1779890603020
3955881845
1779890604019
3967572300
1779890605020
3979313214
1779890606019
3991038491
1779890607020
4002712636
1779890608019
4014468284
1779890609019
4026218286
1779890610017
4037950418
1779890611018
4049676629
1779890612019
4061257566
1779890613018
4072920113
1779890614018
4084588521
1779890615018
4096340466
1779890616020
4108097307
1779890617022
4119711185
1779890618019
4131427833
1779890619019
4143207717
1779890620017
4154885365
1779890621019
4166592741
1779890622019
4178306100
1779890623018
4189953011
1779890624018
4201679987
1779890625018
4213396910
1779890626018
4225060039
1779890627018
4236704364
1779890628018
4248375510
1779890629020
4260217940
1779890630020
4273487767
1779890631149
4283653118
1779890632019
4295348989
1779890633019
4306982237
1779890634018
4318680601
1779890635021
4330382240
1779890636018
4341998276
1779890637016
4353734783
1779890638019
4365439650
1779890639019
4377145145
1779890640016
4388984560
1779890641019
4400711291
1779890642020
4412361124
1779890643018
4424031169
1779890644018
4435667568
1779890645019
4447415964
1779890646019
4459129828
1779890647020
4470780074
1779890648020
4482512864
1779890649019
4494248499
1779890650017
4505986873
1779890651019
4517782072
1779890652019
4529441835
1779890653019
4541133727
1779890654019
4552891181
1779890655018
4564627551
1779890656021
4576320346
1779890657019
4587990712
1779890658018
4599676592
1779890659018
4611454180
1779890660017
4623210011
1779890661018
4635048891
1779890662018
4646729538
1779890663018
4658404770
1779890664018
4670141859
1779890665018
4681851821
1779890666018
4693534273
1779890667019
4705287550
1779890668019
4716962046
1779890669020
4728763640
1779890670017
4740565112
1779890671019
4752233473
1779890672019
4763960311
1779890673021
4775554697
1779890674019
4787263144
1779890675019
4799016849
1779890676019
4810663592
1779890677018
4822363303
1779890678019
4834157598
1779890679019
4845934605
1779890680016
4857838403
1779890681019
4869528659
1779890682019
4881211249
1779890683019
4892893044
1779890684018
4904557978
1779890685019
4916340615
1779890686023
4927975730
1779890687018
4939579311
1779890688018
4951431318
1779890689019
4963169570
1779890690017
4974947724
1779890691019
4986721594
1779890692018
4998427823
1779890693018
5010133088
1779890694019
5021874354
1779890695019
5033593802
1779890696018
5045388297
1779890697019
5057094189
1779890698019
5068807946
1779890699022
5080682475
1779890700017
5092554173
1779890701019
5104337713
1779890702018
5116110787
1779890703018
5127835713
1779890704019
5139531660
1779890705019
5151320310
1779890706021
5163026233
1779890707018
5174797365
1779890708022
5186475457
1779890709018
5198245471
1779890710016
5210073014
1779890711018
5221771256
1779890712018
5233483070
1779890713019
5245162830
1779890714018
5256850928
1779890715018
5268628593
1779890716018
5280321526
1779890717018
5292084854
1779890718019
5303838421
1779890719019
5315540489
1779890720016
5327383729
1779890721019
5339096874
1779890722019
5350760829
1779890723019
5362534194
1779890724021
5374142120
1779890725019
5385838771
1779890726018
5397501778
1779890727019
5409190106
1779890728019
5420916485
1779890729019
5432688167
1779890730017
5444428729
1779890731020
5455752840
1779890732020
5462718609
1779890733023
5471406653
1779890734019
5480336177
1779890735018
5489915904
1779890736020
5498600720
1779890737021
5506321804
1779890738019
5512793765
1779890739023
5518968524
1779890740023
5525190957
1779890741023
5531322646
1779890742023
5537542999
1779890743024
5543542603
1779890744024
5549681208
1779890745023
5555713034
1779890746024
5561783676
1779890747022
5568009338
1779890748024
5574248173
1779890749024
5580664152
1779890750020
5587445341
1779890751059
5593666719
1779890752022
5600125951
1779890753020
5606469025
1779890754024
5612594548
1779890755020
5619026148
1779890756023
5625114966
1779890757023
5631433545
1779890758025
5637458272
1779890759021
5643605414
1779890760020
5650054930
1779890761027
5656094712
1779890762023
5662130440
1779890763022
5668295177
1779890764020
5674294307
1779890765023
5681213732
1779890766151
5686537291
1779890767024
5692283910
1779890768023
5698188639
1779890769023
5704279232
1779890770020
5710378439
1779890771022
5716426284
1779890772019
5722349741
1779890773024
5728369556
1779890774021
5734418687
1779890775023
5740301736
1779890776025
5746379125
1779890777021
5752407096
1779890778024
5758259667
1779890779023
5764386628
1779890780020
5770674867
1779890781023
5776688287
1779890782023
5782901449
1779890783022
5788830245
1779890784021
5794935343
1779890785021
5801191054
1779890786024
5807298890
1779890787023
5813582952
1779890788024
5819813051
1779890789024
5826220813
1779890790022
5832648221
1779890791026
5838752722
1779890792024
5844902358
1779890793023
5851094727
1779890794024
5857134846
1779890795023
5863692196
1779890796059
5869499342
1779890797021
5875336017
1779890798025
5881347540
1779890799023
5887500465
1779890800020
5893680931
1779890801024
5899759192
1779890802024
5905648178
1779890803024
5911758401
1779890804022
5917801335
1779890805024
5923833788
1779890806023
5929946490
1779890807023
5935777091
1779890808021
5941952691
1779890809023
5947980111
1779890810020
5955386871
1779890811250
5960071165
1779890812023
5965921028
1779890813022
5971989024
1779890814023
5978157999
1779890815021
5984055154
1779890816020
5990109716
1779890817020
5996056933
1779890818024
6002105467
1779890819024
6008513826
1779890820020
6014809271
1779890821024
6020933754
1779890822026
6027395724
1779890823022
6033789747
1779890824022
6040135147
1779890825023
6046391654
1779890826020
6052435016
1779890827023
6058374354
1779890828024
6064458674
1779890829022
6070586370
1779890830021
6076658190
1779890831022
6082756372
1779890832023
6088699596
1779890833024
6094780336
1779890834022
6100871450
1779890835027
6107012946
1779890836027
6112953799
1779890837022
6118900419
1779890838022
6124973785
1779890839022
6131274003
1779890840022
6137403459
1779890841024
6143523780
1779890842023
6149501199
1779890843025
