16289504733
1781729939384
16293895466
1781729940023
16300804808
1781729941021
16307281711
1781729942024
16314257838
1781729943022
16321225014
1781729944021
16328077900
1781729945025
16334835420
1781729946024
16341546719
1781729947021
16347999341
1781729948023
16354627959
1781729949024
16362344438
1781729950177
16368092372
1781729951025
16374916738
1781729952025
16381520570
1781729953021
16388005261
1781729954022
16394826904
1781729955024
16401431133
1781729956023
16408215199
1781729957025
16414777476
1781729958025
16421180006
1781729959023
16427713688
1781729960022
16434265790
1781729961021
16440770509
1781729962025
16447333199
1781729963023
16453956125
1781729964024
16461033217
1781729965085
16467099116
1781729966025
16473507368
1781729967025
16479977891
1781729968021
16486843598
1781729969024
16496504492
1781729970023
16509198734
1781729971025
16524731523
1781729972021
16540438059
1781729973021
16556247106
1781729974019
16572527514
1781729975022
16588625960
1781729976020
16604769159
1781729977020
16620990402
1781729978022
16637186385
1781729979020
16654262639
1781729980081
16669415545
1781729981021
16685668612
1781729982019
16701959746
1781729983020
16718313014
1781729984022
16734531411
1781729985020
16750905028
1781729986023
16767089505
1781729987020
16783165873
1781729988020
16799196234
1781729989020
16815473751
1781729990020
16831589394
1781729991020
16847930330
1781729992020
16864227385
1781729993020
16880414157
1781729994020
16896619489
1781729995019
16912807440
1781729996020
16929228486
1781729997023
16945469926
1781729998019
16961673834
1781729999020
16977957624
1781730000021
16994056193
1781730001020
17010155541
1781730002021
17026376356
1781730003021
17042080460
1781730004020
17058214233
1781730005020
17074759608
1781730006019
17091300636
1781730007019
17107881139
1781730008020
17124491324
1781730009022
17140856051
1781730010021
17157254193
1781730011020
17173731605
1781730012020
17190032378
1781730013021
17206591920
1781730014022
17223114788
1781730015019
17239690058
1781730016021
17255974353
1781730017020
17272672543
1781730018023
17289225736
1781730019020
17305687893
1781730020020
17322082562
1781730021020
17338583046
1781730022020
17355092358
1781730023019
17371792614
1781730024022
17388148681
1781730025019
17404527546
1781730026020
17420994171
1781730027018
17437635629
1781730028020
17454309033
1781730029019
17470980036
1781730030019
17487504525
1781730031020
17504042754
1781730032019
17520503121
1781730033020
17536939728
1781730034020
17553383479
1781730035020
17569779219
1781730036022
17586291285
1781730037020
17602947340
1781730038020
17619665833
1781730039020
17637427343
1781730040085
17652810361
1781730041020
17669029631
1781730042020
17685498168
1781730043023
17702091340
1781730044020
17718569103
1781730045019
17735070979
1781730046020
17751607770
1781730047021
17768334541
1781730048020
17785058007
1781730049021
17801623654
1781730050021
17818070985
1781730051019
17834431673
1781730052020
17851076268
1781730053020
17867668399
1781730054019
17885290617
1781730055082
17900778853
1781730056021
17917198538
1781730057020
17933844326
1781730058024
17950311792
1781730059023
17966296881
1781730060020
17982809237
1781730061022
17999326566
1781730062020
18016019371
1781730063020
18032745913
1781730064020
18049316042
1781730065021
18065990533
1781730066021
18082604619
1781730067020
18099184419
1781730068019
18115568209
1781730069020
18132085493
1781730070020
18148536864
1781730071020
18165159594
1781730072019
18181838094
1781730073016
18198611101
1781730074020
18215419085
1781730075022
18232141021
1781730076021
18248715450
1781730077020
18265329658
1781730078020
18281996453
1781730079020
18298788907
1781730080020
18315334817
1781730081015
18332011648
1781730082021
18348733003
1781730083023
18365440940
1781730084020
18383050291
1781730085084
18398590470
1781730086019
18415319827
1781730087019
18432095833
1781730088019
18448606691
1781730089019
18465350506
1781730090022
18481939791
1781730091021
18498638150
1781730092021
18515244632
1781730093019
18531870469
1781730094019
18548457642
1781730095023
18565094006
1781730096019
18581755614
1781730097019
18598518753
1781730098019
18615155391
1781730099021
18634203708
1781730100175
18648305014
1781730101019
18664952011
1781730102019
18681447308
1781730103020
18697735703
1781730104020
18714194036
1781730105019
18730850243
1781730106021
18747453436
1781730107019
18764175464
1781730108023
18780781380
1781730109017
18797414683
1781730110021
18814060563
1781730111018
18830797478
1781730112020
18847526452
1781730113020
18864159724
1781730114021
18880775555
1781730115022
18897099722
1781730116019
18913783744
1781730117020
18930438605
1781730118020
18947086551
1781730119020
18963713902
1781730120022
18980480606
1781730121020
18997241572
1781730122021
19013965681
1781730123021
19030633119
1781730124021
19047125983
1781730125020
19063876760
1781730126021
19080681652
1781730127020
19097309968
1781730128019
19113721176
1781730129020
19131259765
1781730130085
19146662015
1781730131020
19163146541
1781730132021
19179800178
1781730133021
19196300157
1781730134021
19212701619
1781730135021
19229269714
1781730136020
19246003844
1781730137020
19262660189
1781730138020
19279067022
1781730139020
19295788988
1781730140020
19312571145
1781730141020
19329346800
1781730142020
19345876828
1781730143020
19362547539
1781730144022
19379300810
1781730145020
19395992161
1781730146021
19412809860
1781730147021
19429365776
1781730148020
19445934268
1781730149021
19462660060
1781730150021
19479460653
1781730151019
19496247645
1781730152021
19513005643
1781730153020
19529638809
1781730154019
19546339065
1781730155021
19563010358
1781730156020
19579692652
1781730157021
19596384508
1781730158020
19612979760
1781730159021
19629391749
1781730160021
19645937460
1781730161022
19662632483
1781730162020
19679398942
1781730163021
19695944699
1781730164020
19711734819
1781730165020
19728042921
1781730166021
19744337176
1781730167020
19760214231
1781730168019
19776528223
1781730169020
19792991466
1781730170020
19809422550
1781730171019
19825870509
1781730172021
19842212010
1781730173020
19858718553
1781730174020
19877678619
1781730175175
19891520009
1781730176021
19908017540
1781730177020
19924482176
1781730178019
19940883179
1781730179019
19957392935
1781730180019
19973677536
1781730181019
19990247145
1781730182021
20006611581
1781730183021
20023005929
1781730184020
20039462242
1781730185019
20056105918
1781730186021
20072691684
1781730187020
20089231596
1781730188019
20105839517
1781730189020
20123212713
1781730190081
20138833737
1781730191021
20155329754
1781730192019
20171910899
1781730193021
20188426331
1781730194022
20204999001
1781730195020
20221477024
1781730196019
20237927905
1781730197021
20254403772
1781730198022
20270886982
1781730199020
20287499094
1781730200021
20304108101
1781730201019
20320631550
1781730202021
20337360341
1781730203021
20353980425
1781730204021
20370486141
1781730205021
20386915771
1781730206020
20403283619
1781730207021
20419792105
1781730208020
20436406390
1781730209021
20452754899
1781730210019
20469154617
1781730211019
20485533742
1781730212019
20502023317
1781730213023
20518653499
1781730214019
20534977023
1781730215021
20551410294
1781730216020
20568128573
1781730217021
20584567337
1781730218022
20601107081
1781730219020
20617562996
1781730220019
20634034027
1781730221021
20650571568
1781730222022
20666996821
1781730223024
20683406041
1781730224019
20699780483
1781730225019
20716302632
1781730226022
20732807645
1781730227019
20749291742
1781730228020
20766047782
1781730229023
20782681621
1781730230020
20799415292
1781730231020
20816022080
1781730232019
20832547197
1781730233016
20848988424
1781730234020
20868034109
1781730235173
20882082921
1781730236021
20898691958
1781730237021
20915391862
1781730238020
20931788260
1781730239020
20948409660
1781730240021
20964930447
1781730241021
20981347454
1781730242022
20997982349
1781730243019
21014659930
1781730244020
21031319381
1781730245019
21047699821
1781730246019
21064390377
1781730247022
21081072778
1781730248023
21097541591
1781730249020
21114856738
1781730250083
21130356342
1781730251021
21146872080
1781730252020
21163522535
1781730253020
21179845034
1781730254020
21196251315
1781730255021
21212653038
1781730256019
21229361235
1781730257019
21245853824
1781730258020
21262552060
1781730259021
21279214341
1781730260021
21295543037
1781730261021
21311995280
1781730262019
21328650294
1781730263022
21345202798
1781730264022
21361554765
1781730265019
21377875642
1781730266023
21394319179
1781730267020
21410917782
1781730268022
21427405888
1781730269020
21444094577
1781730270022
21460416525
1781730271020
21476847364
1781730272020
21493524654
1781730273023
21509949648
1781730274019
21526638919
1781730275019
21543271901
1781730276019
21559752036
1781730277020
21576357646
1781730278021
21593048033
1781730279023
21612151032
1781730280173
21626256821
1781730281021
21642841577
1781730282019
21659537580
1781730283020
21676168481
1781730284020
21692710244
1781730285019
21709183739
1781730286019
21725812177
1781730287019
21742412401
1781730288019
21758964630
1781730289019
21775528043
1781730290020
21792295512
1781730291023
21808803125
1781730292017
21825390345
1781730293019
21841829690
1781730294021
21858391772
1781730295020
21874929465
1781730296023
21891525635
1781730297020
21908065211
1781730298019
21924436440
1781730299017
21941160901
1781730300019
21957906521
1781730301020
21974551881
1781730302021
21991171383
1781730303021
22007926566
1781730304020
22024619907
1781730305024
22040998480
1781730306020
22057726414
1781730307020
22074411783
1781730308020
22091032617
1781730309021
22107383528
1781730310020
22123966372
1781730311020
22140484864
1781730312022
22156926687
1781730313021
22173508766
1781730314019
22190146675
1781730315021
22206552329
1781730316021
22223019306
1781730317020
22239676906
1781730318021
22256309811
1781730319020
22272864778
1781730320021
22289518492
1781730321022
22306277469
1781730322022
22322870717
1781730323023
22339528653
1781730324020
22355935425
1781730325021
22372679530
1781730326019
22389364945
1781730327022
22406006480
1781730328021
22422500446
1781730329020
22439138079
1781730330020
22455713961
1781730331021
22472169968
1781730332020
22488778929
1781730333020
22505356525
1781730334019
22521846743
1781730335020
22538183868
1781730336020
22554902745
1781730337021
22571709657
1781730338021
22588538173
1781730339019
22606264952
1781730340081
22621817845
1781730341020
22638400750
1781730342023
22654274975
1781730343021
22670543725
1781730344020
22687183607
1781730345022
22703652374
1781730346019
22719849979
1781730347021
22736403340
1781730348022
22752724492
1781730349020
22769281173
1781730350019
22786028431
1781730351020
22802551696
1781730352020
22818874394
1781730353019
22835416999
1781730354020
22852925585
1781730355083
22868372159
1781730356020
22884867777
1781730357020
22901393965
1781730358024
22918019113
1781730359022
22934631517
1781730360020
22951164360
1781730361020
22967807103
1781730362019
22984578443
1781730363019
23001181728
1781730364020
23017815108
1781730365020
23034478001
1781730366020
23051168511
1781730367023
23067842895
1781730368021
23084570415
1781730369020
23101078090
1781730370021
23117658210
1781730371021
23134388118
1781730372023
23151084212
1781730373023
23167582340
1781730374021
23184264205
1781730375021
23200822875
1781730376021
23217489517
1781730377020
23234104873
1781730378020
23250704593
1781730379021
23267262008
1781730380020
23283866762
1781730381020
23300527666
1781730382020
23317062085
1781730383021
23333642634
1781730384021
23350038175
1781730385021
23366532065
1781730386020
23382848337
1781730387021
23399290589
1781730388021
23415891609
1781730389019
23432580574
1781730390020
23449277464
1781730391019
23465943004
1781730392020
23482628220
1781730393020
23499092290
1781730394020
23515653209
1781730395020
23532272482
1781730396020
23548822431
1781730397019
23565236990
1781730398021
23581812689
1781730399020
23599405118
1781730400080
23614926678
1781730401021
23631434521
1781730402020
23647982679
1781730403020
23664566839
1781730404022
23680574403
1781730405020
23696591544
1781730406020
23712977064
1781730407023
23729730534
1781730408021
23746462430
1781730409019
23763284443
1781730410019
23780088189
1781730411020
23796896386
1781730412021
23813670755
1781730413020
23830435929
1781730414020
23847180708
1781730415019
23863960616
1781730416020
23880752687
1781730417020
23897506570
1781730418021
23914342935
1781730419021
23931234119
1781730420023
23947933320
1781730421019
23964801585
1781730422020
23981649241
1781730423019
23998360880
1781730424020
24015205798
1781730425021
24032025516
1781730426021
24048801109
1781730427019
24065551029
1781730428020
24082339199
1781730429019
24098854356
1781730430020
24115495248
1781730431020
24132209243
1781730432019
24148972168
1781730433021
24165705717
1781730434022
24182361342
1781730435021
24199074053
1781730436020
24215901253
1781730437020
24232708655
1781730438021
24249485319
1781730439019
24266266879
1781730440020
24283061031
1781730441019
24299888262
1781730442019
24316668261
1781730443019
24333435975
1781730444019
24350174925
1781730445020
24366967807
1781730446020
24383749673
1781730447020
24400517984
1781730448020
24417284167
1781730449019
24433980063
1781730450019
24450658011
1781730451021
24467426460
1781730452021
24484251854
1781730453023
24501011229
1781730454020
24517791734
1781730455020
24534535503
1781730456020
24551264600
1781730457022
24567914381
1781730458019
24584631253
1781730459020
24601298568
1781730460019
24618055617
1781730461021
24634755705
1781730462020
24651542498
1781730463021
24668235502
1781730464019
24684935697
1781730465021
24701694460
1781730466020
24718417038
1781730467020
24735035883
1781730468020
24751766433
1781730469019
24768486747
1781730470019
24785209219
1781730471021
24801907700
1781730472019
24818595135
1781730473016
24835452644
1781730474020
24852336684
1781730475020
24869179199
1781730476020
24885976442
1781730477020
24902820809
1781730478019
24919659086
1781730479019
24936379370
1781730480020
24953062933
1781730481019
24969898916
1781730482021
24986531561
1781730483021
25003264513
1781730484021
25019976122
1781730485021
25036726959
1781730486021
25053556041
1781730487021
25070341029
1781730488020
25087130912
1781730489021
25103891129
1781730490021
25120653396
1781730491020
25137477062
1781730492020
25154277885
1781730493020
25171092263
1781730494021
25187930908
1781730495021
25204714610
1781730496021
25221509802
1781730497020
25238312691
1781730498020
25255132700
1781730499019
25271926577
1781730500019
25288798529
1781730501023
25305557859
1781730502021
25322340765
1781730503016
25339263850
1781730504023
25356079147
1781730505021
25372268261
1781730506020
25388241017
1781730507020
25404162901
1781730508020
25420617622
1781730509021
25437265506
1781730510019
25454076489
1781730511019
25470682925
1781730512020
25487176172
1781730513020
25503826963
1781730514020
25520626899
1781730515020
25537278317
1781730516022
25553836727
1781730517020
25570455235
1781730518020
25586924491
1781730519019
25603644760
1781730520019
25620247953
1781730521020
25636955400
1781730522019
25653428726
1781730523019
25670226091
1781730524019
25686985589
1781730525019
25703545697
1781730526023
25720125312
1781730527023
25736958372
1781730528023
25753653778
1781730529020
25770459742
1781730530022
25787154260
1781730531024
25803660941
1781730532021
25820410463
1781730533021
25837172867
1781730534021
25854896448
1781730535080
25870586002
1781730536021
25887358428
1781730537021
25903974442
1781730538019
25920501976
1781730539021
25937233460
1781730540020
25953940065
1781730541021
25970592830
1781730542020
25987301730
1781730543019
26004043648
1781730544020
26020750131
1781730545021
26037378080
1781730546020
26053941049
1781730547021
26070613413
1781730548019
26087289556
1781730549021
26104896582
1781730550083
26120570407
1781730551020
26137274243
1781730552021
26153958235
1781730553020
26170653794
1781730554020
26187436639
1781730555021
26204106708
1781730556021
26220463082
1781730557021
26236860367
1781730558019
26253484965
1781730559019
26270117564
1781730560019
26286756237
1781730561020
26303341942
1781730562020
26320031136
1781730563022
26336666995
1781730564021
26353319714
1781730565022
26369896468
1781730566020
26386648668
1781730567019
26403395680
1781730568019
26420076796
1781730569020
26436892292
1781730570020
26453570806
1781730571023
26470224948
1781730572020
26486833557
1781730573022
26500535610
1781730574020
26510159126
1781730575021
26518807803
1781730576021
26526179940
1781730577024
26533094622
1781730578025
26540521211
1781730579025
26547734167
1781730580026
26555392842
1781730581022
26566166291
1781730582024
26581587528
1781730583019
26598003877
1781730584020
26614795811
1781730585021
26630850759
1781730586020
26646868161
1781730587020
26663216608
1781730588020
26679790548
1781730589021
26696362299
1781730590020
26713054308
1781730591020
26729836511
1781730592020
26746650599
1781730593019
26763452784
1781730594020
26780350058
1781730595022
26797147606
1781730596020
26814015367
1781730597021
26830839170
1781730598019
26847635816
1781730599021
26864355167
1781730600020
26881121243
1781730601021
26898021486
1781730602024
26914722981
1781730603021
26931477720
1781730604020
26948275009
1781730605020
26965043289
1781730606021
26981855739
1781730607021
26998650794
1781730608021
27015421553
1781730609020
27033288571
1781730610083
27048866695
1781730611020
27065672215
1781730612020
27082431315
1781730613021
27099145647
1781730614019
27115999790
1781730615022
27132735159
1781730616019
27149572335
1781730617021
27166442850
1781730618022
27183258835
1781730619021
27199963757
1781730620020
27216725213
1781730621023
27233481345
1781730622020
27250328619
1781730623021
27267132624
1781730624021
27284971062
1781730625081
27300745653
1781730626020
27317576112
1781730627022
27334350756
1781730628020
27351132072
1781730629019
27367822138
1781730630020
27384619411
1781730631019
27401429552
1781730632020
27418206063
1781730633021
27434913954
1781730634021
27451517682
1781730635020
27468308713
1781730636021
27485046837
1781730637023
27501784715
1781730638022
27518518845
1781730639021
27536202494
1781730640084
27551720809
1781730641021
27568405750
1781730642019
27585268247
1781730643022
27602075511
1781730644020
27618902100
1781730645021
27635552738
1781730646020
27652412343
1781730647021
27669116072
1781730648021
27685867675
1781730649022
27702661338
1781730650021
27719427735
1781730651021
27736148845
1781730652021
27752807332
1781730653020
27769559624
1781730654018
27786416812
1781730655020
27803272332
1781730656020
27820075924
1781730657021
27836790746
1781730658021
27853479588
1781730659021
27870249811
1781730660021
27887016607
1781730661020
27903821454
1781730662020
27920578197
1781730663019
27937400119
1781730664021
27954203925
1781730665020
27970911556
1781730666021
27987635374
1781730667020
28004456102
1781730668020
28021197224
1781730669021
28037918212
1781730670018
28054764017
1781730671021
28071542746
1781730672019
28088343462
1781730673021
28105122942
1781730674022
28121868960
1781730675020
28138690071
1781730676020
28155502980
1781730677020
28172321643
1781730678021
28189119467
1781730679020
28205957867
1781730680021
28222751790
1781730681019
28239571248
1781730682021
28256321718
1781730683020
28273092584
1781730684019
28289937853
1781730685019
28306707786
1781730686020
28323537724
1781730687019
28340383514
1781730688020
28357192767
1781730689020
28373938143
1781730690022
28390620651
1781730691020
28407264588
1781730692020
28424113514
1781730693021
28440900674
1781730694020
28457696295
1781730695020
28474465554
1781730696020
28491250388
1781730697020
28507969677
1781730698020
28524688171
1781730699020
28544032083
1781730700175
28558278158
1781730701020
28575062533
1781730702019
28591879941
1781730703021
28608690204
1781730704021
28625387645
1781730705020
28642179334
1781730706020
28658987486
1781730707021
28675678990
1781730708021
28692430685
1781730709020
28709237230
1781730710021
28726073778
1781730711024
28742747397
1781730712021
28759610598
1781730713024
28776387170
1781730714020
28794192408
1781730715082
28809853717
1781730716019
28826583257
1781730717022
28843265092
1781730718021
28860033341
1781730719020
28876870731
1781730720021
28893637190
1781730721020
28910466532
1781730722019
28927260378
1781730723020
28943981106
1781730724020
28960822229
1781730725019
28977660491
1781730726020
28994425558
1781730727021
29011234046
1781730728021
29028060802
1781730729021
29045964908
1781730730084
29061678850
1781730731020
29078542112
1781730732023
29095342675
1781730733019
29112083889
1781730734020
29128889042
1781730735019
29145590047
1781730736019
29162187426
1781730737020
29178739838
1781730738021
29195474336
1781730739022
29212034949
1781730740019
29228754330
1781730741020
29245527000
1781730742021
29262281954
1781730743020
29278996393
1781730744020
29295546556
1781730745019
29312140554
1781730746019
29328835026
1781730747019
29345593239
1781730748021
29362347488
1781730749020
29378923677
1781730750021
29395660102
1781730751020
29412444401
1781730752019
29429177598
1781730753021
29445894852
1781730754021
29462601029
1781730755022
29479179176
1781730756020
29495954570
1781730757020
29512665245
1781730758020
29529407163
1781730759021
29547206831
1781730760083
29562872455
1781730761021
29579533513
1781730762020
29596320489
1781730763023
29613005032
1781730764020
29629747975
1781730765020
29646406125
1781730766020
29663160192
1781730767020
29679907005
1781730768020
29696544072
1781730769021
29713343595
1781730770019
29730187395
1781730771019
29746964442
1781730772019
29763806973
1781730773020
29780572346
1781730774019
29796844997
1781730775019
29813014389
1781730776020
29829194996
1781730777021
29845989454
1781730778019
29862825651
1781730779023
29879432898
1781730780019
29896238724
1781730781020
29912984574
1781730782021
29929710381
1781730783020
29946456629
1781730784020
29963138173
1781730785021
29979869564
1781730786022
29996507763
1781730787019
30013136492
1781730788019
30029889303
1781730789020
30046562922
1781730790020
30063266345
1781730791020
30079971880
1781730792019
30096689058
1781730793019
30113461484
1781730794017
30130316055
1781730795023
30147010742
1781730796020
30163751819
1781730797020
30180505961
1781730798019
30197250067
1781730799020
30214007759
1781730800022
30230753839
1781730801020
30247500653
1781730802023
30264174531
1781730803020
30280941771
1781730804020
30297447411
1781730805020
30314176660
1781730806020
30330873504
1781730807019
30347596925
1781730808020
30364267820
1781730809019
30381103879
1781730810021
30397965060
1781730811022
30414766801
1781730812022
30431535157
1781730813020
30448321996
1781730814021
30465022833
1781730815021
30481820474
1781730816022
30498593619
1781730817021
30515462252
1781730818022
30532247744
1781730819020
30548991268
1781730820019
30565818086
1781730821021
30582649830
1781730822019
30599430931
1781730823019
30616245555
1781730824020
30633055099
1781730825019
30649852005
1781730826019
30666646539
1781730827021
30683353512
1781730828020
30700141621
1781730829022
30716770778
1781730830021
30733569459
1781730831020
30750392375
1781730832020
30767201964
1781730833019
30784042414
1781730834019
30800724876
1781730835016
30817478943
1781730836019
30834236313
1781730837019
30850894449
1781730838020
30867667533
1781730839021
30884183148
1781730840020
30900917554
1781730841019
30917550383
1781730842021
30934216336
1781730843022
30950956984
1781730844020
30967796256
1781730845020
30984483645
1781730846021
31001229724
1781730847020
31018084831
1781730848020
31034779335
1781730849019
31051603031
1781730850020
31068456471
1781730851023
31085140937
1781730852020
31101932259
1781730853019
31118655434
1781730854020
31135394078
1781730855023
31152096981
1781730856020
31168809109
1781730857020
31185603200
1781730858021
31202434149
1781730859020
31219248619
1781730860020
31236078726
1781730861020
31252885838
1781730862021
31269688650
1781730863019
31286547245
1781730864020
31304347740
1781730865083
31320058468
1781730866020
31336813116
1781730867020
31353606900
1781730868020
31370234742
1781730869020
31386908636
1781730870021
31403680052
1781730871021
31420307006
1781730872021
31436987280
1781730873019
31453712444
1781730874022
31470428092
1781730875021
31487053669
1781730876020
31503775421
1781730877019
31520521868
1781730878020
31537317030
1781730879019
31554199723
1781730880021
31570973526
1781730881020
31587806556
1781730882019
31604629671
1781730883022
31621457345
1781730884021
31638170881
1781730885020
31654969654
1781730886021
31671569420
1781730887021
31688193114
1781730888020
31704886302
1781730889021
31721679551
1781730890020
31738488361
1781730891021
31755289337
1781730892021
31771992821
1781730893021
31788604459
1781730894019
31805278139
1781730895019
31821931837
1781730896021
31838708180
1781730897019
31855361052
1781730898020
31872095473
1781730899022
31888807541
1781730900020
31905466364
1781730901021
31922229228
1781730902022
31939039261
1781730903019
31955829956
1781730904020
31972610690
1781730905020
31989407366
1781730906021
32006218425
1781730907020
32022982344
1781730908021
32039709666
1781730909020
32057512317
1781730910083
32073246822
1781730911019
32089969707
1781730912019
32106756331
1781730913021
32123496291
1781730914021
32140132348
1781730915021
32156950766
1781730916019
32173663752
1781730917019
32190219652
1781730918019
32206886952
1781730919020
32223558918
1781730920020
32240296644
1781730921021
32257082396
1781730922022
32273706871
1781730923021
32290181865
1781730924021
32306717050
1781730925021
32323414904
1781730926020
32340114808
1781730927020
32356921980
1781730928022
32373597542
1781730929019
32390392214
1781730930021
32407077446
1781730931020
32423736132
1781730932021
32440351626
1781730933019
32457156549
1781730934020
32473901848
1781730935020
32490696643
1781730936022
32507343012
1781730937022
32524130295
1781730938024
32540801159
1781730939020
32559938109
1781730940174
32574026808
1781730941020
32590837851
1781730942023
32607474719
1781730943019
32624122695
1781730944019
32640801454
1781730945021
32657651298
1781730946021
32674247698
1781730947019
32690933725
1781730948019
32707783569
1781730949021
32724519581
1781730950020
32741256267
1781730951020
32758035868
1781730952022
32774714597
1781730953019
32791318004
1781730954021
32807930714
1781730955023
32824471314
1781730956020
32841224891
1781730957021
32858083165
1781730958022
32874805331
1781730959021
32891638743
1781730960019
32908453213
1781730961020
32925232555
1781730962020
32941981863
1781730963020
32958707670
1781730964020
32975385633
1781730965020
32992052321
1781730966021
33008672405
1781730967021
33025356382
1781730968019
33042062253
1781730969021
33059855052
1781730970084
33075492876
1781730971022
33092279500
1781730972019
33108936809
1781730973019
33125577211
1781730974020
33142083295
1781730975021
33158596157
1781730976022
33175218383
1781730977021
33191792398
1781730978020
33208601973
1781730979020
33225387771
1781730980020
33242219102
1781730981023
33258825309
1781730982020
33275540054
1781730983020
33292256589
1781730984019
33309021733
1781730985021
33325529515
1781730986021
33342107417
1781730987021
33358869515
1781730988022
33375492261
1781730989020
33392146327
1781730990019
33408866916
1781730991020
33425487658
1781730992020
33442173150
1781730993021
33458684527
1781730994020
33475211725
1781730995019
33491950874
1781730996019
33508708275
1781730997019
33525063639
1781730998020
33541492916
1781730999020
33559384920
1781731000087
33575155992
1781731001022
33591526900
1781731002020
33607922013
1781731003020
33624652318
1781731004020
33641437412
1781731005020
33658096588
1781731006021
33674817162
1781731007020
33691495340
1781731008022
33708197019
1781731009020
33724878012
1781731010020
33741542023
1781731011020
33758317188
1781731012021
33775127374
1781731013021
33791786733
1781731014020
33808453054
1781731015023
33824944725
1781731016017
33841659654
1781731017020
33858356513
1781731018020
33875025098
1781731019019
33891697799
1781731020019
33908393036
1781731021020
33925226815
1781731022021
33941963394
1781731023020
33958687655
1781731024019
33975248391
1781731025020
33991926278
1781731026020
34008551151
1781731027020
34025223576
1781731028020
34041935078
1781731029019
34058567692
1781731030019
34075295611
1781731031020
34092036580
1781731032021
34107867612
1781731033021
34123768826
1781731034021
34139616765
1781731035021
34155503290
1781731036021
34171923694
1781731037020
34188588041
1781731038021
34205279438
1781731039020
34221977996
1781731040023
34238693843
1781731041021
34255185743
1781731042021
34271830720
1781731043020
34288488825
1781731044019
34305175433
1781731045019
34321665360
1781731046017
34338266916
1781731047021
34354937306
1781731048021
34371651240
1781731049023
34388260217
1781731050019
34404997896
1781731051021
34421695001
1781731052020
34438413448
1781731053020
34455040815
1781731054019
34471588882
1781731055020
34488331075
1781731056020
34505056469
1781731057020
34521794073
1781731058020
34538531859
1781731059022
34554863431
1781731060019
34571118656
1781731061020
34587678642
1781731062021
34604162449
1781731063019
34620742661
1781731064021
34637378856
1781731065021
34654021278
1781731066023
34670677944
1781731067021
34687268025
1781731068023
34703875548
1781731069021
34720587217
1781731070020
34737334704
1781731071022
34753957145
1781731072020
34770494547
1781731073019
34787188592
1781731074019
34803804239
1781731075020
34820395528
1781731076016
34837068825
1781731077020
34853739537
1781731078020
34870388936
1781731079019
34887196843
1781731080019
34903933956
1781731081019
34920660131
1781731082021
34937385142
1781731083019
34953985795
1781731084020
34970479256
1781731085021
34987198744
1781731086019
35003707643
1781731087019
35020147998
1781731088021
35036753149
1781731089021
35053173477
1781731090019
35069758952
1781731091021
35086472810
1781731092021
35103103665
1781731093023
35119640563
1781731094020
35136290772
1781731095021
35152740552
1781731096020
35169462963
1781731097021
35186175550
1781731098019
35202776892
1781731099018
35219487827
1781731100020
35236185543
1781731101019
35252776955
1781731102020
35269281417
1781731103019
35285866556
1781731104019
35302275316
1781731105019
35318941668
1781731106020
35335576485
1781731107019
35352243357
1781731108019
35368810656
1781731109019
35385293346
1781731110019
35402005459
1781731111019
35418672927
1781731112020
35435382302
1781731113019
35452085695
1781731114021
35468602902
1781731115019
35485149668
1781731116019
35501830294
1781731117021
35518540434
1781731118022
35535175665
1781731119018
35551817046
1781731120020
35568460830
1781731121019
35585041593
1781731122019
35601674652
1781731123020
35618439229
1781731124019
35635089683
1781731125020
35651821473
1781731126023
35668373502
1781731127021
35684735904
1781731128019
35701488883
1781731129023
35718184396
1781731130020
35734885157
1781731131021
35751578651
1781731132020
35768315627
1781731133021
35784953137
1781731134022
35801563368
1781731135020
35818029029
1781731136020
35834603290
1781731137019
35851262924
1781731138020
35867740244
1781731139021
35884102921
1781731140019
35900603726
1781731141020
35917178507
1781731142020
35933837177
1781731143020
35950467818
1781731144020
35967059582
1781731145021
35983613019
1781731146021
36000121673
1781731147021
36016746271
1781731148021
36033388065
1781731149020
36051028812
1781731150084
36066487259
1781731151020
36083106930
1781731152020
36099655288
1781731153020
36116201825
1781731154021
36132686488
1781731155021
36149387693
1781731156020
36166157610
1781731157021
36182768284
1781731158020
36199444779
1781731159020
36216116516
1781731160020
36232686080
1781731161019
36249266736
1781731162019
36265776705
1781731163019
36282245105
1781731164020
36298809620
1781731165021
36315487951
1781731166019
36332273061
1781731167024
36348858138
1781731168020
36365447377
1781731169020
36382192677
1781731170021
36398899940
1781731171021
36415519825
1781731172020
36432138410
1781731173020
36448637853
1781731174021
36465278393
1781731175019
36481965950
1781731176022
36498585621
1781731177022
36515152431
1781731178020
36531856068
1781731179020
36549504144
1781731180081
36565089779
1781731181021
36581857049
1781731182022
36598629812
1781731183023
36611721288
1781731184021
36621494851
1781731185021
36630428858
1781731186018
36638457839
1781731187020
36647537532
1781731188021
36655273457
1781731189022
36663110132
1781731190022
36670673473
1781731191019
36680919332
1781731192022
36696115567
1781731193019
36712081500
1781731194021
36728214615
1781731195019
36744881946
1781731196019
36761495267
1781731197020
36778083313
1781731198021
36794723165
1781731199021
36811078819
1781731200023
36827642277
1781731201024
36844100931
1781731202020
36860530607
1781731203021
36877292047
1781731204021
36893899845
1781731205020
36910380791
1781731206019
36926932775
1781731207022
36943546586
1781731208024
36959925771
1781731209020
36977424443
1781731210081
36992816334
1781731211020
37009408190
1781731212020
37026096971
1781731213020
37042746844
1781731214020
37059330545
1781731215022
37075884548
1781731216021
37092528714
1781731217020
37109214573
1781731218020
37125887243
1781731219020
37142620761
1781731220020
37159212402
1781731221020
37175942279
1781731222019
37192528214
1781731223020
37209146278
1781731224020
37225579779
1781731225019
37242242641
1781731226020
37258978684
1781731227019
37275435379
1781731228020
37292115929
1781731229020
37308825074
1781731230020
37325549351
1781731231021
37342356723
1781731232021
37358962776
1781731233022
37375536333
1781731234020
37392136099
1781731235021
37408836645
1781731236020
37425432051
1781731237019
37441959631
1781731238019
37458654057
1781731239019
37476163393
1781731240081
37491869363
1781731241020
37508570904
1781731242020
37525220181
1781731243019
37541992010
1781731244019
37558587905
1781731245020
37575182346
1781731246020
37591912850
1781731247021
37608598280
1781731248021
37625342111
1781731249022
37642023196
1781731250022
37658487709
1781731251020
37675224119
1781731252020
37692026763
1781731253020
37708758782
1781731254021
37726480894
1781731255084
37742051444
1781731256019
37758684487
1781731257016
37775465558
1781731258019
37792145480
1781731259019
37808818609
1781731260019
37825459929
1781731261019
37841920542
1781731262021
37858567676
1781731263019
37875257436
1781731264020
37891859726
1781731265019
37908612599
1781731266024
37925279486
1781731267020
37942077876
1781731268021
37958841902
1781731269021
37976341889
1781731270081
37991962623
1781731271020
38008202854
1781731272020
38024030536
1781731273019
38040412873
1781731274020
38056756608
1781731275023
38073188977
1781731276023
38089858434
1781731277019
38106540804
1781731278020
38123352245
1781731279019
38140227411
1781731280023
38157012322
1781731281020
38173835819
1781731282021
38190610755
1781731283021
38207291809
1781731284021
38224076873
1781731285020
38240898978
1781731286021
38257631578
1781731287017
38274402979
1781731288020
38291142097
1781731289022
38307929946
1781731290020
38324697889
1781731291020
38341440618
1781731292020
38358236269
1781731293019
38374996425
1781731294019
38391805540
1781731295019
38408575320
1781731296019
38425311056
1781731297020
38442082763
1781731298021
38458913972
1781731299023
38475638371
1781731300019
38492493387
1781731301023
38509218964
1781731302021
38526033251
1781731303020
38542850506
1781731304020
38559594000
1781731305022
38576349872
1781731306019
38593183850
1781731307021
38609931903
1781731308020
38626707771
1781731309021
38643542560
1781731310022
38660357398
1781731311023
38677091911
1781731312020
38693812240
1781731313021
38710563201
1781731314021
38728316601
1781731315085
38744067951
1781731316020
38760813021
1781731317021
38777572809
1781731318020
38794355900
1781731319020
38811105544
1781731320020
38827858968
1781731321021
38844569199
1781731322019
38861316809
1781731323023
38877932547
1781731324021
38894711629
1781731325021
38911350609
1781731326020
38928187631
1781731327020
38944975128
1781731328020
38961847830
1781731329023
38979656173
1781731330083
38995408732
1781731331020
39011450354
1781731332020
39027365689
1781731333020
39043893468
1781731334020
39060593235
1781731335020
39077285014
1781731336019
39094043181
1781731337020
39110766356
1781731338019
39127536824
1781731339021
39144269210
1781731340021
39160903676
1781731341019
39177535709
1781731342019
39194284145
1781731343021
39210987063
1781731344019
39227545565
1781731345024
39244164318
1781731346019
39260692341
1781731347019
39277288787
1781731348020
39294006623
1781731349019
39310723234
1781731350019
39327458757
1781731351019
39344076622
1781731352020
39360609007
1781731353022
39377338103
1781731354019
39393950598
1781731355020
39410662957
1781731356019
39427416426
1781731357023
39443959765
1781731358020
39460600520
1781731359020
39477084097
1781731360020
39493719772
1781731361022
39510393895
1781731362021
39527034206
1781731363021
39543567998
1781731364020
39560166463
1781731365021
39576824506
1781731366020
39593433804
1781731367020
39609891738
1781731368021
39626589363
1781731369021
39643090459
1781731370021
39659728459
1781731371023
39676343509
1781731372019
39692953098
1781731373021
39709632224
1781731374023
39727314557
1781731375082
39743010521
1781731376021
39759528003
1781731377020
39776281595
1781731378021
39792882875
1781731379020
39809553740
1781731380019
39826326242
1781731381021
39842685706
1781731382019
39859343872
1781731383020
39876117920
1781731384022
39892716018
1781731385020
39909496797
1781731386019
39926254597
1781731387019
39942996117
1781731388020
39959664304
1781731389019
39977314002
1781731390083
39992694541
1781731391020
40009361213
1781731392019
40026054967
1781731393020
40042769498
1781731394020
40059452970
1781731395021
40075981973
1781731396022
40092576031
1781731397021
40109288175
1781731398021
40126025090
1781731399021
40142759909
1781731400021
40159294894
1781731401020
40176081657
1781731402019
40192718739
1781731403019
40209182411
1781731404019
40225973151
1781731405021
40242677156
1781731406020
40259431451
1781731407020
40275974041
1781731408019
40292500183
1781731409021
40309178208
1781731410019
40325852913
1781731411019
40342593224
1781731412020
40359367593
1781731413021
40376052947
1781731414020
40392675739
1781731415020
40409296772
1781731416019
40425940403
1781731417023
40442642847
1781731418020
40459381827
1781731419020
40477085901
1781731420080
40492185899
1781731421022
40508851592
1781731422021
40525648927
1781731423019
40542419486
1781731424019
40558967507
1781731425020
40575798242
1781731426019
40592550013
1781731427020
40609355609
1781731428019
40626167326
1781731429020
40643027788
1781731430022
40659654665
1781731431020
40676323235
1781731432020
40692954886
1781731433019
40709636476
1781731434020
40727297664
1781731435081
40743018842
1781731436021
40759744863
1781731437020
40776420456
1781731438019
40793167759
1781731439020
40809891011
1781731440020
40826506597
1781731441020
40843142042
1781731442019
40859844991
1781731443020
40876500510
1781731444019
40893237960
1781731445019
40909887037
1781731446020
40926600635
1781731447021
40943320659
1781731448020
40960056120
1781731449020
40976789929
1781731450019
40993585290
1781731451019
41010347862
1781731452019
41027061169
1781731453020
41043780657
1781731454020
41060479598
1781731455020
41077152696
1781731456021
41093885128
1781731457020
41110626786
1781731458019
41127359600
1781731459019
41144110469
1781731460020
41160827784
1781731461020
41177175360
1781731462021
41193402815
1781731463020
41210201435
1781731464020
41226871076
1781731465019
41243660837
1781731466020
41260428336
1781731467022
41277012603
1781731468015
41293822973
1781731469020
41310572495
1781731470020
41327346099
1781731471020
41343989041
1781731472021
41360665552
1781731473020
41377491329
1781731474020
41394304116
1781731475020
41411150671
1781731476021
41427787952
1781731477020
41444530880
1781731478023
41461304316
1781731479020
41478109117
1781731480019
41494940509
1781731481022
41511699073
1781731482020
41528468348
1781731483020
41545208736
1781731484021
41561885078
1781731485019
41578578831
1781731486021
41595215883
1781731487022
41611922060
1781731488022
41628590783
1781731489019
41645397328
1781731490020
41662151486
1781731491020
41678770912
1781731492022
41695507796
1781731493021
41712227116
1781731494020
41729850467
1781731495080
41745618096
1781731496021
41762357811
1781731497022
41779108526
1781731498021
41795797307
1781731499019
41812570192
1781731500020
41829351492
1781731501020
41846014493
1781731502020
41862683644
1781731503020
41879492698
1781731504020
41896338870
1781731505020
41912986815
1781731506019
41929674801
1781731507020
41946405030
1781731508019
41963066316
1781731509022
41980668982
1781731510081
41996291445
1781731511021
42013013656
1781731512020
42029794696
1781731513020
42046601379
1781731514020
42063289793
1781731515021
42080019853
1781731516021
42096746303
1781731517019
42113469019
1781731518019
42130110630
1781731519021
42146779368
1781731520020
42163448489
1781731521020
42180117196
1781731522021
42196839805
1781731523020
42213437261
1781731524020
42230142948
1781731525020
42246807678
1781731526021
42263558760
1781731527021
42280290779
1781731528023
42296961001
1781731529020
42313723069
1781731530023
42330389895
1781731531022
42347047311
1781731532020
42363705002
1781731533019
42380364575
1781731534020
42397091560
1781731535019
42413810865
1781731536020
42430564472
1781731537021
42447365693
1781731538021
42464086986
1781731539019
42480899529
1781731540020
42497709945
1781731541020
42514473313
1781731542019
42531278971
1781731543019
42548077453
1781731544021
42564857254
1781731545020
42581600227
1781731546020
42598310811
1781731547021
42615157595
1781731548021
42631945765
1781731549021
42648757068
1781731550019
42665600762
1781731551021
42682400284
1781731552020
42699165856
1781731553019
42716000277
1781731554020
42733937875
1781731555088
42749512801
1781731556020
42766328067
1781731557020
42783152283
1781731558020
42799927341
1781731559020
42816718326
1781731560020
42833559725
1781731561021
42850349761
1781731562020
42867166297
1781731563021
42883920975
1781731564019
42900686960
1781731565021
42917472789
1781731566020
42934181965
1781731567020
42950928549
1781731568019
42967759069
1781731569020
42985611874
1781731570084
43001323766
1781731571023
43017987898
1781731572021
43034684268
1781731573020
43051461208
1781731574022
43068083923
1781731575021
43084910160
1781731576020
43101746402
1781731577021
43118585398
1781731578019
43135406601
1781731579023
43152031214
1781731580020
43168879252
1781731581020
43185689041
1781731582020
43202224547
1781731583019
43219059198
1781731584021
43235762743
1781731585019
43252449352
1781731586020
43269207625
1781731587020
43285880219
1781731588021
43302589028
1781731589019
43319378850
1781731590022
43336082793
1781731591021
43352723700
1781731592021
43369466735
1781731593021
43386192634
1781731594020
43402895874
1781731595020
43419677021
1781731596020
43436357586
1781731597019
43453186209
1781731598022
43469916651
1781731599021
43487571826
1781731600081
43503287726
1781731601019
43519872360
1781731602019
43536630695
1781731603020
43553448317
1781731604021
43570270744
1781731605021
43587019241
1781731606020
43603793166
1781731607023
43620399434
1781731608020
43636842390
1781731609020
43653429151
1781731610020
43670121267
1781731611020
43686856912
1781731612019
43703611146
1781731613019
43720398551
1781731614023
43737047568
1781731615019
43753855933
1781731616023
43770574014
1781731617021
43787304044
1781731618021
43803942610
1781731619017
43820682539
1781731620022
43837386788
1781731621021
43854117721
1781731622021
43870789228
1781731623019
43887555228
1781731624023
43904257075
1781731625021
43921004165
1781731626020
43937843222
1781731627020
43954647503
1781731628020
43971434189
1781731629020
43988206599
1781731630021
44004986691
1781731631019
44021817349
1781731632021
44038621874
1781731633022
44055384784
1781731634019
44072158005
1781731635019
44088964153
1781731636021
44105728531
1781731637022
44122520097
1781731638022
44139331095
1781731639021
44156098916
1781731640020
44172851238
1781731641021
44189564085
1781731642023
44206328999
1781731643020
44223142093
1781731644020
44239859424
1781731645021
44256710935
1781731646024
44273375726
1781731647023
44290140854
1781731648020
44306935190
1781731649019
44323606773
1781731650019
44340384478
1781731651019
44357194022
1781731652020
44374008645
1781731653020
44390799370
1781731654019
44407559664
1781731655020
44424351567
1781731656023
44441147264
1781731657021
44457917349
1781731658021
44474434923
1781731659019
44491202361
1781731660022
44507961936
1781731661021
44524720041
1781731662019
44541478865
1781731663020
44558199011
1781731664019
44574909977
1781731665021
44591726620
1781731666021
44607841039
1781731667020
44624405783
1781731668020
44641037250
1781731669020
44657518456
1781731670021
44674144676
1781731671020
44690772624
1781731672021
44707363011
1781731673021
44724122478
1781731674020
44741757839
1781731675080
44757416303
1781731676020
44774058893
1781731677021
44790235155
1781731678019
44806663744
1781731679018
44823374266
1781731680021
44839980611
1781731681021
44856533222
1781731682023
44873118498
1781731683021
44889698098
1781731684021
44906253219
1781731685020
44922872752
1781731686020
44939528271
1781731687021
44956079627
1781731688020
44972707468
1781731689020
44990346915
1781731690081
45005947988
1781731691021
45022558050
1781731692021
45039073131
1781731693023
45055612323
1781731694019
45072120687
1781731695022
45088495864
1781731696022
45105084338
1781731697019
45121769064
1781731698020
45138350072
1781731699019
45155130347
1781731700022
45171727772
1781731701021
45188320607
1781731702020
45204886498
1781731703020
45221581476
1781731704019
45237991353
1781731705020
45254532244
1781731706023
45270845685
1781731707020
45287421522
1781731708020
45303933649
1781731709019
45320634792
1781731710019
45337247808
1781731711021
45353223670
1781731712020
45369695482
1781731713021
45386355040
1781731714020
45402888220
1781731715021
45419471538
1781731716020
45436132396
1781731717020
45452840914
1781731718019
45469470500
1781731719021
45486090293
1781731720022
45502625263
1781731721020
45519202232
1781731722023
45535948678
1781731723023
45552464784
1781731724021
45568482216
1781731725021
45584462454
1781731726020
45600401412
1781731727019
45616731102
1781731728021
45633218000
1781731729020
45649853246
1781731730019
45666583429
1781731731020
45683194333
1781731732021
45699496452
1781731733021
45715968172
1781731734021
45732440168
1781731735020
45748952356
1781731736021
45765510766
1781731737021
45781855297
1781731738021
45798284880
1781731739021
45814716866
1781731740021
45831243375
1781731741019
45847625376
1781731742020
45864017276
1781731743019
45880736749
1781731744020
45897339620
1781731745023
45913731658
1781731746019
45930491614
1781731747019
45947240570
1781731748020
45963950236
1781731749023
45981435030
1781731750083
45996982002
1781731751023
46013542722
1781731752020
46030127632
1781731753019
46046726403
1781731754021
46063345293
1781731755021
46079979209
1781731756020
46096632953
1781731757019
46113216210
1781731758023
46129699175
1781731759020
46146281652
1781731760020
46162979796
1781731761021
46179571774
1781731762020
46196016275
1781731763019
46212648354
1781731764020
46229224329
1781731765021
46245820055
1781731766022
46262452134
1781731767019
46279199713
1781731768021
46295904069
1781731769022
46312433088
1781731770021
46329103983
1781731771022
46345663387
1781731772022
46362106313
1781731773021
46378700540
1781731774022
46395345073
1781731775019
46411993845
1781731776022
46428358464
1781731777020
46444832984
1781731778021
46461411957
1781731779020
46477966052
1781731780021
46494518021
1781731781020
46511045586
1781731782020
46527624589
1781731783020
46544325105
1781731784020
46560878328
1781731785021
46577320228
1781731786019
46593781529
1781731787020
46610357228
1781731788023
46626736627
1781731789020
46643209265
1781731790020
46659723045
1781731791020
46676426422
1781731792021
46690273611
1781731793020
46699861463
1781731794021
46710452979
1781731795021
46719490460
1781731796021
46727719060
1781731797021
46737403776
1781731798020
46746992455
1781731799019
46755290333
1781731800022
46766015725
1781731801024
46781301649
1781731802023
46797253291
1781731803019
46813017891
1781731804019
46829130229
1781731805019
46845724900
1781731806019
46862409504
1781731807020
46879071449
1781731808020
46895813244
1781731809021
46912348872
1781731810022
46928946144
1781731811019
46945647043
1781731812019
46962304612
1781731813020
46978957744
1781731814021
46995662880
1781731815020
47012417207
1781731816020
47029252256
1781731817019
47046040257
1781731818019
47062678288
1781731819019
47079342268
1781731820020
47096142157
1781731821021
47112806764
1781731822021
47129468939
1781731823021
47146167634
1781731824020
47162864325
1781731825021
47179560527
1781731826021
47196322778
1781731827021
47212946488
1781731828021
47229619480
1781731829020
47246148223
1781731830019
47262857200
1781731831022
47279527223
1781731832020
47296083047
1781731833025
47312773434
1781731834021
47329470539
1781731835020
47346270183
1781731836023
47362962177
1781731837020
47379621322
1781731838019
47396233557
1781731839021
47412852111
1781731840019
47429418768
1781731841019
47446061970
1781731842019
47462761109
1781731843019
47479460172
1781731844023
47496182353
1781731845021
47512940841
1781731846019
47529745794
1781731847019
47546267102
1781731848020
47562980715
1781731849020
47579678553
1781731850022
47596417503
1781731851022
47613152153
1781731852020
47629821381
1781731853019
47646537732
1781731854021
47663083244
1781731855021
47679671826
1781731856021
47696272402
1781731857020
47712794994
1781731858021
47729354567
1781731859020
47746101549
1781731860019
47762796358
1781731861023
47779470513
1781731862022
47796124149
1781731863020
47812877772
1781731864023
47829505246
1781731865021
47846101569
1781731866019
47862840672
1781731867021
47879466845
1781731868020
47896200700
1781731869021
47913917059
1781731870081
47929566435
1781731871020
47946119627
1781731872020
47962856496
1781731873019
47979513774
1781731874019
47996188969
1781731875022
48012748802
1781731876019
48029349822
1781731877021
48046042826
1781731878020
48062853150
1781731879021
48079336620
1781731880020
48096039967
1781731881020
48112741233
1781731882021
48129442498
1781731883021
48146004320
1781731884021
48162622537
1781731885019
48179302108
1781731886019
48195938961
1781731887019
48212581979
1781731888019
48229055061
1781731889020
48245537338
1781731890019
48262166204
1781731891020
48278695727
1781731892021
48295262169
1781731893020
48312021988
1781731894019
48328662574
1781731895020
48345253328
1781731896019
48361851855
1781731897019
48378550519
1781731898021
48395266152
1781731899021
48412978732
1781731900083
48428520151
1781731901020
48445220637
1781731902021
48461910703
1781731903021
48478372019
1781731904019
48494948865
1781731905020
48511531755
1781731906020
48527358488
1781731907020
48543799026
1781731908020
48560390882
1781731909020
48576845205
1781731910020
48593481217
1781731911020
48610235619
1781731912023
48626903118
1781731913020
48643637692
1781731914021
48660216971
1781731915022
48676918772
1781731916020
48693567850
1781731917020
48710114019
1781731918019
48726701193
1781731919021
48743481591
1781731920019
48760080209
1781731921019
48776843868
1781731922020
48793562055
1781731923019
48810195236
1781731924020
48826884446
1781731925022
48843297536
1781731926020
48860115480
1781731927025
48876712415
1781731928022
48893408922
1781731929021
48910987612
1781731930085
48926398706
1781731931022
48943053062
1781731932020
48959754894
1781731933020
48976456511
1781731934021
48993240642
1781731935022
49009929606
1781731936021
49026654801
1781731937020
49043359403
1781731938021
49059835590
1781731939021
49076421509
1781731940020
49093186071
1781731941023
49109776091
1781731942021
49126443329
1781731943020
49143017330
1781731944020
49159693458
1781731945019
49176429883
1781731946024
49193054052
1781731947020
49209738885
1781731948021
49226392844
1781731949020
49242931394
1781731950021
49259550407
1781731951020
49276307043
1781731952020
49293037685
1781731953020
49309812682
1781731954023
49326509954
1781731955020
49343303173
1781731956022
49359946192
1781731957020
49376606056
1781731958020
49393308316
1781731959020
49410997686
1781731960080
49426695609
1781731961021
49443389821
1781731962020
49460015520
1781731963020
49476762885
1781731964020
49493406485
1781731965021
49510026233
1781731966021
49526563299
1781731967021
49543110693
1781731968019
49559849413
1781731969019
49576599348
1781731970021
49593389859
1781731971021
49610125779
1781731972021
49626831007
1781731973022
49643335408
1781731974020
49659998546
1781731975019
49676664163
1781731976022
49693175143
1781731977021
49709793513
1781731978019
49726467009
1781731979020
49743233866
1781731980019
49759999851
1781731981020
49775990340
1781731982019
49792297906
1781731983020
49808957755
1781731984020
49825603803
1781731985019
49842165885
1781731986015
49858747122
1781731987019
49875330593
1781731988018
49892013606
1781731989019
49911065717
1781731990173
49925302535
1781731991022
49941808757
1781731992019
49958302141
1781731993018
49974966045
1781731994020
49991433465
1781731995019
50008094507
1781731996019
50024893938
1781731997019
50041552869
1781731998020
50058228063
1781731999023
50074837131
1781732000019
50091257718
1781732001021
50107864981
1781732002022
50124141687
1781732003018
50140904229
1781732004021
50157295227
1781732005023
50173779967
1781732006021
50190410730
1781732007021
50206795164
1781732008020
50223341043
1781732009022
50239880450
1781732010022
50256532220
1781732011022
50273140538
1781732012021
50289747571
1781732013020
50306385480
1781732014023
50323024215
1781732015019
50339673889
1781732016024
50356292091
1781732017021
50372974920
1781732018021
50389612890
1781732019022
50407204432
1781732020084
50422740220
1781732021024
50439307779
1781732022020
50455950094
1781732023021
50472489226
1781732024021
50488941163
1781732025021
50505613282
1781732026021
50522301620
1781732027020
50538999611
1781732028020
50555727545
1781732029023
50572362225
1781732030019
50588992698
1781732031020
50605560869
1781732032020
50622292964
1781732033021
50638998774
1781732034020
50655578313
1781732035021
50672203140
1781732036021
50688830339
1781732037020
50705547731
1781732038021
50722128264
1781732039019
50738835818
1781732040021
50755438613
1781732041016
50772145815
1781732042021
50788639215
1781732043022
50805225119
1781732044020
50821792602
1781732045021
50838393056
1781732046021
50854706054
1781732047019
50871067598
1781732048020
50887561488
1781732049019
50905074220
1781732050084
50920453107
1781732051020
50936932369
1781732052020
50953656325
1781732053020
50970181503
1781732054021
50986889868
1781732055020
51003562248
1781732056020
51020059029
1781732057020
51036820424
1781732058020
51053513473
1781732059021
51070162995
1781732060019
51086772583
1781732061022
51103095663
1781732062020
51119798352
1781732063021
51136431441
1781732064020
51153002060
1781732065020
51169618854
1781732066021
51186272216
1781732067021
51203021172
1781732068021
51219667036
1781732069019
51236292169
1781732070019
51252873055
1781732071015
51269409310
1781732072020
51285865699
1781732073019
51302262786
1781732074021
51318909048
1781732075020
51335651593
1781732076020
51352101189
1781732077020
51368587460
1781732078020
51385253382
1781732079021
51402841895
1781732080085
51418185317
1781732081021
51434914581
1781732082019
51451589317
1781732083019
51468297789
1781732084019
51484960239
1781732085020
51501602125
1781732086019
51518283930
1781732087020
51534954504
1781732088020
51551515591
1781732089020
51568068492
1781732090020
51584661909
1781732091021
51601276561
1781732092020
51617700897
1781732093021
51634192553
1781732094019
51650685999
1781732095021
51667189328
1781732096020
51683906965
1781732097020
51700647506
1781732098021
51717255947
1781732099021
51733395932
1781732100020
51749973237
1781732101019
51766806236
1781732102020
51783636358
1781732103023
51800378919
1781732104021
51817178089
1781732105019
51834019228
1781732106019
51850872790
1781732107021
51867638667
1781732108019
51884410130
1781732109021
51901029464
1781732110020
51917764298
1781732111019
51934587168
1781732112019
51951441036
1781732113020
51968185708
1781732114020
51984947501
1781732115021
52001739985
1781732116021
52018519189
1781732117020
52035352448
1781732118020
52052141123
1781732119019
52068968782
1781732120021
52085757793
1781732121020
52102542383
1781732122020
52119331792
1781732123021
52136140020
1781732124021
52152453890
1781732125021
52168548465
1781732126020
52185056629
1781732127021
52201792809
1781732128020
52218499216
1781732129019
52235227043
1781732130021
52251863391
1781732131021
52268507924
1781732132021
52285204217
1781732133020
52301707593
1781732134020
52318314702
1781732135019
52335043141
1781732136021
52351740704
1781732137020
52368523244
1781732138019
52385281288
1781732139019
52402971240
1781732140081
52418614051
1781732141021
52435323702
1781732142022
52451908397
1781732143019
52468638625
1781732144019
52485194908
1781732145021
52501844506
1781732146020
52518408378
1781732147020
52535142462
1781732148021
52551668329
1781732149020
52568174887
1781732150019
52584850372
1781732151020
52601490285
1781732152020
52618010368
1781732153020
52634555773
1781732154020
52652185534
1781732155084
52667645526
1781732156021
52684364066
1781732157020
52700959486
1781732158019
52717202334
1781732159019
52733871102
1781732160019
52750463264
1781732161020
52767171751
1781732162020
52783904137
1781732163019
52800494401
1781732164021
52817076006
1781732165020
52833516896
1781732166020
52850073699
1781732167019
52866804601
1781732168020
52883310104
1781732169021
52899911139
1781732170020
52916533365
1781732171021
52933319163
1781732172020
52950054961
1781732173019
52966804973
1781732174021
52983546279
1781732175019
53000104000
1781732176021
53016594508
1781732177022
53033295514
1781732178020
53050001859
1781732179021
53066690579
1781732180020
53083262851
1781732181020
53099967727
1781732182019
53116664709
1781732183020
53133251562
1781732184020
53149807799
1781732185021
53166449425
1781732186020
53182933461
1781732187019
53199447348
1781732188019
53216044773
1781732189020
53232681304
1781732190019
53249447580
1781732191022
53266062141
1781732192019
53282736463
1781732193020
53299334576
1781732194021
53315797499
1781732195021
53332493777
1781732196022
53349028043
1781732197020
53365738428
1781732198020
53382262764
1781732199021
53398781685
1781732200020
53415353084
1781732201020
53431871790
1781732202021
53448573484
1781732203021
53465098448
1781732204023
53481485345
1781732205020
53498098039
1781732206022
53514707688
1781732207020
53531397464
1781732208021
53548102585
1781732209021
53564672317
1781732210021
53581172143
1781732211021
53597901653
1781732212020
53614561563
1781732213021
53631268749
1781732214020
53647741709
1781732215020
53664388996
1781732216020
53681096321
1781732217021
53697789202
1781732218021
53714461566
1781732219020
53731135093
1781732220019
53747886910
1781732221022
53764350123
1781732222018
53781011823
1781732223020
53797459752
1781732224021
53813891324
1781732225019
53830375039
1781732226019
53847081308
1781732227021
53863918331
1781732228022
53880607602
1781732229020
53897248325
1781732230020
53913928370
1781732231020
53930594048
1781732232020
53947144731
1781732233022
53963411508
1781732234020
53979995575
1781732235021
53996807552
1781732236021
54013654520
1781732237021
54030387548
1781732238019
54047113891
1781732239020
54063927198
1781732240020
54080745892
1781732241021
54097594298
1781732242019
54114465944
1781732243021
54131215925
1781732244020
54149025906
1781732245081
54164813425
1781732246020
54181637504
1781732247020
54198450857
1781732248019
54215247060
1781732249020
54232077809
1781732250021
54248884982
1781732251019
54265678491
1781732252019
54282507344
1781732253020
54299328393
1781732254019
54316142665
1781732255021
54332966116
1781732256021
54349816236
1781732257023
54366604161
1781732258020
54383407891
1781732259020
54402693709
1781732260174
54416984337
1781732261022
54433762838
1781732262019
54450584300
1781732263019
54467452183
1781732264021
54484213027
1781732265017
54501061907
1781732266021
54517833966
1781732267021
54534660493
1781732268020
54551399688
1781732269020
54568175418
1781732270020
54585046071
1781732271023
54601802569
1781732272021
54618589332
1781732273019
54635389405
1781732274021
54652099682
1781732275020
54668865545
1781732276019
54685679526
1781732277021
54702466762
1781732278020
54719260731
1781732279019
54736123243
1781732280023
54752879222
1781732281021
54769673557
1781732282021
54786506969
1781732283020
54803310102
1781732284019
54820091494
1781732285021
54836904802
1781732286019
54853731482
1781732287020
54870465719
1781732288020
54887258678
1781732289021
54905027700
1781732290083
54920778606
1781732291020
54937558361
1781732292023
54954355023
1781732293019
54971130815
1781732294021
54987942883
1781732295021
55004721016
1781732296019
55021528693
1781732297020
55038290149
1781732298020
55055053227
1781732299019
55071802642
1781732300019
55088626185
1781732301022
55105410913
1781732302020
55122157696
1781732303019
55138956821
1781732304020
55155765401
1781732305021
55172637124
1781732306022
55189423090
1781732307019
55206220792
1781732308019
55223053944
1781732309019
55239861422
1781732310021
55256590503
1781732311021
55273401195
1781732312020
55290159927
1781732313021
55306972057
1781732314019
55323776139
1781732315020
55340631843
1781732316020
55357463403
1781732317023
55374203378
1781732318019
55390971964
1781732319019
55407776933
1781732320020
55424503398
1781732321021
55441296908
1781732322022
55458094319
1781732323019
55474869101
1781732324020
55491711219
1781732325020
55508532972
1781732326021
55525349370
1781732327021
55542168155
1781732328020
55559005560
1781732329021
55575791053
1781732330021
55592626408
1781732331020
55609447365
1781732332019
55626253436
1781732333019
55643105101
1781732334019
55660933946
1781732335085
55676581272
1781732336021
55693384267
1781732337022
55710091194
1781732338020
55726878966
1781732339019
55743623990
1781732340019
55760391719
1781732341020
55777179827
1781732342020
55794045767
1781732343019
55810839843
1781732344020
55827553302
1781732345020
55844370022
1781732346019
55861199838
1781732347023
55877939798
1781732348020
55894756609
1781732349020
55912557165
1781732350082
55928342022
1781732351021
55945164005
1781732352019
55961996223
1781732353020
55978823790
1781732354020
55995698222
1781732355024
56012500192
1781732356021
56029306829
1781732357021
56046004882
1781732358020
56062647074
1781732359020
56079469256
1781732360021
56096275801
1781732361021
56113108433
1781732362020
56129899892
1781732363021
56146644579
1781732364020
56164429835
1781732365082
56180147586
1781732366020
56196911643
1781732367021
56213707662
1781732368020
56230497774
1781732369022
56247305421
1781732370019
56264139812
1781732371022
56280922015
1781732372020
56297827658
1781732373021
56314601446
1781732374019
56331398214
1781732375019
56348229836
1781732376020
56365041063
1781732377020
56381841963
1781732378020
56398667235
1781732379021
56415453156
1781732380020
56432224618
1781732381021
56449001557
1781732382020
56465838871
1781732383020
56482696885
1781732384023
56499431658
1781732385023
56516270287
1781732386023
56533077245
1781732387023
56549867481
1781732388020
56566660822
1781732389022
56583429071
1781732390022
56600128256
1781732391021
56616952090
1781732392020
56633809477
1781732393019
56650651625
1781732394019
56667491402
1781732395021
56684284758
1781732396021
56701065753
1781732397019
56717877668
1781732398019
56734621376
1781732399021
56751418665
1781732400021
56768208257
1781732401019
56776663695
1781732402021
56786605237
1781732403021
56795400947
1781732404023
56804957404
1781732405020
56815079318
1781732406021
56823684894
1781732407023
56831681715
1781732408021
56839226099
1781732409023
56846195050
1781732410023
56853171406
1781732411024
56859982492
1781732412024
56867144988
1781732413021
56874355955
1781732414019
56881429695
1781732415025
56888289481
1781732416022
56895197982
1781732417024
56902315037
1781732418024
56909334906
1781732419023
56916436998
1781732420024
56923387941
1781732421025
56930220493
1781732422025
56937319433
1781732423023
56944380765
1781732424025
56951580211
1781732425085
56958104835
1781732426024
56965019547
1781732427021
56971722906
1781732428023
56978521476
1781732429025
56985404823
1781732430025
56992124155
1781732431021
56998926902
1781732432024
57006014398
1781732433019
57012834449
1781732434022
57019626823
1781732435021
57026286469
1781732436023
57033151549
1781732437022
57039796369
1781732438024
57046646118
1781732439021
57054433925
1781732440175
57060176796
1781732441024
57066991599
1781732442021
57073991410
1781732443023
57080766801
1781732444023
57087669274
1781732445023
57094429135
1781732446021
57101312238
1781732447023
57108171672
1781732448024
57115160941
1781732449027
57122084849
1781732450025
57129033298
1781732451025
57135832190
1781732452025
57142840018
1781732453021
57149756796
1781732454023
57157875068
1781732455175
57163718934
1781732456024
57170642949
1781732457025
57177751023
1781732458025
57184739833
1781732459024
57191486246
1781732460025
57198588077
1781732461025
57205446608
1781732462026
57212622339
1781732463018
57219612251
1781732464021
57226548200
1781732465023
57233322719
1781732466021
57240154245
1781732467024
57246791859
1781732468023
57253538639
1781732469025
57261376737
1781732470173
57266944178
1781732471025
57273735603
1781732472025
57280430745
1781732473023
57287062607
1781732474022
57293922699
1781732475021
57300454345
1781732476025
57307045723
1781732477025
57313758338
1781732478022
57320359737
1781732479024
57326797487
1781732480022
57333402803
1781732481023
57340262375
1781732482023
57347184095
1781732483021
57353865498
1781732484024
57361661597
1781732485176
57367323485
1781732486025
57374048967
1781732487024
57380969784
1781732488023
57388067133
1781732489023
57395039129
1781732490022
57401873516
1781732491023
57408523830
1781732492021
57415585101
1781732493025
57422560769
1781732494024
57429424410
1781732495024
57436499543
1781732496025
57443370283
1781732497025
57450190258
1781732498022
57457209944
1781732499023
57465215562
1781732500176
57470871284
1781732501022
57477677795
1781732502023
57484553492
1781732503023
57491300915
1781732504022
57498242678
1781732505023
57504895072
1781732506024
57511652669
1781732507022
57518393191
1781732508025
57524930590
1781732509022
57531591047
1781732510021
57538167033
1781732511021
57544718034
1781732512024
57551373213
1781732513022
57558102688
1781732514025
57565334815
1781732515088
57571442621
1781732516023
57578106398
1781732517021
57584938047
1781732518025
57591633480
1781732519021
57598435952
1781732520024
57605186449
1781732521023
57611910493
1781732522024
57618933576
1781732523024
57625761935
1781732524025
57632653422
1781732525021
57639621058
1781732526021
57646423820
1781732527025
57653129780
1781732528023
57659960327
1781732529025
57667242148
1781732530086
57673333154
1781732531021
57680086635
1781732532023
57686992428
1781732533022
57693704049
1781732534023
57700598657
1781732535023
57707447824
1781732536023
57714307442
1781732537021
57721138739
1781732538024
57727813853
1781732539023
57734370362
1781732540021
57741312248
1781732541022
57747948057
1781732542023
57755015631
1781732543022
57761903049
1781732544027
57768941477
1781732545025
57775704750
1781732546024
57782496864
1781732547025
57788971166
1781732548023
57795521708
1781732549023
57802108511
1781732550021
57808725363
1781732551023
57815555513
1781732552024
57822456823
1781732553024
57829089618
1781732554023
57835796220
1781732555023
57842529382
1781732556025
57849137131
1781732557024
57855860196
1781732558021
57862541844
1781732559025
57869223920
1781732560022
57875846112
1781732561022
57882425280
1781732562021
57889410250
1781732563024
57896038225
1781732564024
57902831288
1781732565021
57909626186
1781732566022
57916187117
1781732567023
57922929964
1781732568021
57929567885
1781732569022
57936172573
1781732570024
57942848805
1781732571024
57949641775
1781732572023
57956321908
1781732573023
57963173141
1781732574024
57969872338
1781732575023
57976376399
1781732576025
57982896402
1781732577022
57989622787
1781732578021
57996711277
1781732579023
58003704616
1781732580025
58010484888
1781732581025
58017063000
1781732582023
58024006660
1781732583022
58030981471
1781732584024
58037759188
1781732585022
58044210999
1781732586025
58050717003
1781732587025
58057196935
1781732588021
58063817276
1781732589022
58070888982
1781732590089
58076883246
1781732591023
58083285225
1781732592022
58089844044
1781732593025
58096283386
1781732594025
58103066106
1781732595025
58109530463
1781732596023
58115951123
1781732597023
58122694506
1781732598022
58129353296
1781732599023
58135937207
1781732600022
58142453752
1781732601024
58148896093
1781732602026
58155585788
1781732603025
58162001522
1781732604022
58169135438
1781732605085
58175213516
1781732606023
58181825793
1781732607023
58188403768
1781732608021
58195235295
1781732609023
58201996089
1781732610024
58208529250
1781732611021
58215349700
1781732612021
58222249005
1781732613023
58229158363
1781732614020
58236004057
1781732615021
58242690417
1781732616023
58249587825
1781732617023
58256416690
1781732618023
58263327929
1781732619025
58269846678
1781732620023
58276236264
1781732621026
58282917912
1781732622025
58289616711
1781732623021
58296362190
1781732624025
58302961753
1781732625025
58309444470
1781732626025
58315933506
1781732627025
58322495309
1781732628023
58328970697
1781732629022
58335517965
1781732630022
58341931848
1781732631024
58348459103
1781732632023
58355090307
1781732633024
58361688799
1781732634022
58369406287
1781732635174
58374994689
1781732636021
58381605344
1781732637024
58387904966
1781732638023
58394435282
1781732639021
58400906279
1781732640024
58407224873
1781732641021
58413894434
1781732642021
58420648328
1781732643023
58427369694
1781732644021
58434024690
1781732645024
58440697264
1781732646023
58447106924
1781732647025
58453664565
1781732648024
58460577763
1781732649024
58468107582
1781732650175
58473538974
1781732651023
58480000669
1781732652024
58486867554
1781732653023
58493379601
1781732654024
58499966481
1781732655025
58506442818
1781732656021
58512936061
1781732657023
58519623538
1781732658021
58526309042
1781732659024
58533048432
1781732660024
58539665605
1781732661023
58546208925
1781732662021
58552967196
1781732663023
58559497679
1781732664024
58566107157
1781732665025
58572426577
1781732666024
58578772068
1781732667025
58585130366
1781732668021
58591620794
1781732669024
58598044851
1781732670022
58604466108
1781732671021
58611033021
1781732672023
58617683411
1781732673021
58624135620
1781732674025
58630980641
1781732675025
58637698932
1781732676026
58644262311
1781732677024
58650738893
1781732678025
58657244361
1781732679026
58664041937
1781732680085
58670217093
1781732681025
58676885522
1781732682022
58683691910
1781732683023
58690131711
1781732684024
58696857270
1781732685025
58703614346
1781732686027
