171417023207
1781729943504
171439236834
1781729944011
171485316245
1781729945013
171528137119
1781729946012
171569608204
1781729947012
171611089910
1781729948012
171651638268
1781729949014
171692755472
1781729950015
171734286311
1781729951013
171776271616
1781729952015
171817122708
1781729953014
171857679733
1781729954015
171899581908
1781729955015
171942306103
1781729956014
171983848172
1781729957013
172025502484
1781729958015
172067910029
1781729959015
172110517037
1781729960012
172152255761
1781729961014
172192629681
1781729962012
172232739197
1781729963014
172273021687
1781729964015
172315778597
1781729965015
172358107162
1781729966012
172400052246
1781729967013
172440809038
1781729968011
172485421778
1781729969013
172541108769
1781729970011
172613797731
1781729971011
172706493661
1781729972014
172799207962
1781729973011
172893922868
1781729974011
172988986712
1781729975011
173084383501
1781729976012
173180271440
1781729977014
173275061541
1781729978011
173370591387
1781729979011
173466280961
1781729980011
173561882401
1781729981014
173656968400
1781729982011
173752601029
1781729983011
173847822465
1781729984011
173943412919
1781729985011
174038553178
1781729986012
174134539077
1781729987011
174230028701
1781729988012
174325090713
1781729989011
174420733657
1781729990012
174516278334
1781729991011
174612133863
1781729992013
174707428053
1781729993014
174803118359
1781729994013
174898215894
1781729995010
174991872149
1781729996011
175087566484
1781729997011
175183168290
1781729998014
175278205583
1781729999010
175373546464
1781730000011
175468913408
1781730001010
175564210649
1781730002014
175661440564
1781730003035
175753879536
1781730004011
175848932638
1781730005011
175943715964
1781730006014
176038604943
1781730007011
176133546533
1781730008011
176228996179
1781730009014
176323813136
1781730010011
176418729824
1781730011011
176513520048
1781730012009
176608794523
1781730013011
176703735381
1781730014011
176798928802
1781730015014
176893292452
1781730016011
176988543062
1781730017010
177083541904
1781730018013
177178028539
1781730019012
177273551671
1781730020011
177368266517
1781730021011
177463683265
1781730022013
177558309975
1781730023012
177653335855
1781730024011
177748479349
1781730025011
177843627787
1781730026011
177939732888
1781730027014
178034698954
1781730028011
178129978800
1781730029014
178224823955
1781730030013
178319555646
1781730031011
178414863813
1781730032011
178509475021
1781730033010
178604633652
1781730034011
178699981980
1781730035011
178794580980
1781730036010
178888631582
1781730037011
178982660272
1781730038011
179077910394
1781730039011
179173006464
1781730040012
179268310114
1781730041011
179363469051
1781730042011
179459012080
1781730043011
179554015316
1781730044011
179649450008
1781730045011
179744375424
1781730046011
179839977840
1781730047012
179947006680
1781730048135
180030172422
1781730049013
180125101256
1781730050011
180220774046
1781730051014
180315855834
1781730052012
180411053954
1781730053011
180506287109
1781730054011
180601540222
1781730055011
180696639099
1781730056011
180792172852
1781730057011
180887576050
1781730058011
180983587340
1781730059013
181078954344
1781730060010
181174237059
1781730061011
181269581969
1781730062011
181364837706
1781730063011
181459591370
1781730064011
181554310000
1781730065011
181648172308
1781730066011
181743963506
1781730067014
181838919256
1781730068011
181934268438
1781730069014
182029649237
1781730070013
182124387398
1781730071010
182219961433
1781730072011
182315548224
1781730073010
182410990424
1781730074011
182506497137
1781730075011
182601771490
1781730076011
182697179632
1781730077014
182791961372
1781730078011
182886651804
1781730079011
182982202218
1781730080011
183077412057
1781730081011
183172726755
1781730082011
183267857615
1781730083011
183363016856
1781730084014
183458099926
1781730085013
183552844434
1781730086010
183647922682
1781730087011
183743093642
1781730088011
183838350661
1781730089013
183933452774
1781730090011
184028956435
1781730091011
184123919693
1781730092011
184219250870
1781730093011
184313877154
1781730094012
184409282000
1781730095011
184504110981
1781730096011
184599813678
1781730097012
184695225543
1781730098011
184790881853
1781730099011
184886505265
1781730100014
184981672502
1781730101011
185076767169
1781730102011
185172024920
1781730103008
185267968950
1781730104011
185363527787
1781730105010
185458609514
1781730106012
185554849929
1781730107014
185649440324
1781730108011
185742717673
1781730109014
185837120141
1781730110011
185932134486
1781730111011
186027640101
1781730112013
186122719813
1781730113010
186218052699
1781730114011
186313870081
1781730115013
186408599452
1781730116011
186503945156
1781730117011
186599472926
1781730118011
186695216578
1781730119013
186790434290
1781730120012
186885963037
1781730121011
186981275538
1781730122010
187078995807
1781730123035
187171421169
1781730124011
187267198573
1781730125013
187362080654
1781730126010
187457882899
1781730127011
187553456446
1781730128011
187649320336
1781730129014
187744617578
1781730130011
187840323143
1781730131011
187935647728
1781730132010
188031052635
1781730133010
188126687522
1781730134010
188221450158
1781730135012
188314324493
1781730136010
188409583344
1781730137010
188504844086
1781730138011
188599392001
1781730139010
188694780489
1781730140011
188789710178
1781730141010
188885269870
1781730142011
188980757663
1781730143013
189076246615
1781730144011
189170868992
1781730145011
189264422464
1781730146013
189359936990
1781730147013
189454993021
1781730148011
189549730205
1781730149010
189644588666
1781730150011
189739466841
1781730151010
189834463607
1781730152011
189929211533
1781730153011
190023814502
1781730154014
190119205066
1781730155010
190214272388
1781730156011
190309739490
1781730157011
190405242236
1781730158014
190500101307
1781730159011
190595605396
1781730160011
190691139637
1781730161012
190786268055
1781730162014
190881716785
1781730163013
190976948231
1781730164011
191072280751
1781730165014
191167219350
1781730166011
191262797109
1781730167014
191360171798
1781730168036
191453138235
1781730169014
191548017997
1781730170010
191643448356
1781730171011
191739069998
1781730172014
191834413565
1781730173013
191929572379
1781730174013
192024640984
1781730175011
192117872739
1781730176010
192213027586
1781730177012
192308630003
1781730178011
192404593319
1781730179013
192499535459
1781730180011
192594664671
1781730181011
192689900938
1781730182011
192787229363
1781730183035
192879846863
1781730184011
192975245606
1781730185010
193070213929
1781730186011
193165838990
1781730187011
193260021366
1781730188013
193353277353
1781730189011
193448284861
1781730190011
193543580943
1781730191013
193638828685
1781730192010
193734788278
1781730193010
193830504280
1781730194011
193926158943
1781730195011
194021475166
1781730196014
194116436410
1781730197012
194213886722
1781730198035
194306830209
1781730199012
194401994211
1781730200010
194497759347
1781730201011
194593407479
1781730202011
194689362616
1781730203013
194784708320
1781730204013
194879730659
1781730205011
194974808358
1781730206010
195070009469
1781730207010
195165575081
1781730208011
195260897591
1781730209011
195356549812
1781730210013
195451487374
1781730211010
195546630197
1781730212011
195641377940
1781730213011
195736391308
1781730214014
195831761059
1781730215014
195926232558
1781730216011
196021233535
1781730217011
196114315695
1781730218012
196208852989
1781730219011
196304326317
1781730220011
196399781700
1781730221011
196495434653
1781730222013
196590697593
1781730223008
196686389975
1781730224011
196781979147
1781730225010
196877268453
1781730226014
196972282981
1781730227011
197069672380
1781730228035
197162202477
1781730229014
197257407556
1781730230014
197352791955
1781730231010
197448936362
1781730232014
197544356162
1781730233011
197639579490
1781730234010
197735437338
1781730235011
197830873922
1781730236011
197926376180
1781730237011
198021545004
1781730238011
198116801230
1781730239011
198211742210
1781730240011
198307446494
1781730241014
198402441917
1781730242011
198497551781
1781730243011
198592877037
1781730244011
198688146874
1781730245010
198783154932
1781730246011
198878676355
1781730247011
198973883691
1781730248014
199068412075
1781730249011
199164012233
1781730250011
199259713526
1781730251011
199355596704
1781730252014
199450744714
1781730253011
199546520287
1781730254012
199642431907
1781730255014
199736956994
1781730256011
199832708153
1781730257011
199927781030
1781730258011
200022722437
1781730259011
200117846461
1781730260011
200213212550
1781730261011
200308642237
1781730262011
200404256983
1781730263013
200499933435
1781730264013
200595156335
1781730265010
200690344019
1781730266011
200785885400
1781730267011
200881527795
1781730268013
200976656518
1781730269011
201071910791
1781730270012
201167268213
1781730271014
201262505335
1781730272014
201357429958
1781730273010
201452395047
1781730274011
201547131254
1781730275011
201640010594
1781730276011
201735569432
1781730277014
201830241491
1781730278012
201925592077
1781730279011
202020858008
1781730280011
202116567358
1781730281013
202211626440
1781730282010
202306821509
1781730283011
202402446631
1781730284011
202497939611
1781730285011
202592745460
1781730286013
202688096839
1781730287011
202783141213
1781730288011
202877837442
1781730289011
202973402017
1781730290014
203068406107
1781730291014
203163428508
1781730292011
203258696819
1781730293012
203353804669
1781730294013
203449026044
1781730295011
203543947370
1781730296012
203639180403
1781730297011
203734823225
1781730298014
203829976668
1781730299011
203925659284
1781730300014
204018675892
1781730301011
204111858697
1781730302011
204206638484
1781730303011
204300994749
1781730304011
204396267515
1781730305010
204490917969
1781730306011
204585977357
1781730307009
204681316651
1781730308012
204776025027
1781730309010
204871167056
1781730310012
204966525943
1781730311011
205061843387
1781730312011
205157314822
1781730313011
205252931033
1781730314009
205348272524
1781730315010
205443255924
1781730316010
205538292607
1781730317011
205632989996
1781730318013
205727569100
1781730319011
205822854500
1781730320014
205917629099
1781730321011
206012535838
1781730322011
206107397229
1781730323010
206202548292
1781730324011
206297873914
1781730325011
206392438430
1781730326012
206487868362
1781730327011
206582806778
1781730328010
206678058671
1781730329012
206772962847
1781730330012
206868071917
1781730331011
206963098407
1781730332011
207057944173
1781730333011
207152660544
1781730334014
207248110007
1781730335011
207343094322
1781730336011
207438612022
1781730337011
207533346520
1781730338010
207629061729
1781730339012
207723904016
1781730340011
207818817347
1781730341010
207913812648
1781730342011
208008577115
1781730343011
208103798978
1781730344014
208199165373
1781730345011
208294162810
1781730346011
208389769682
1781730347014
208484497284
1781730348013
208578713595
1781730349011
208673556431
1781730350011
208768570836
1781730351011
208863711096
1781730352012
208958888342
1781730353011
209054389379
1781730354014
209149471595
1781730355011
209244513771
1781730356011
209339853187
1781730357011
209434749307
1781730358014
209529822611
1781730359013
209624732097
1781730360013
209719516766
1781730361014
209814551252
1781730362012
209909309005
1781730363011
210003806749
1781730364014
210098694201
1781730365010
210193736560
1781730366014
210289095325
1781730367014
210384071889
1781730368014
210478908987
1781730369011
210574280081
1781730370014
210669346488
1781730371013
210764101067
1781730372010
210859443779
1781730373011
210954364496
1781730374011
211048500546
1781730375011
211140837712
1781730376010
211235961614
1781730377011
211330616646
1781730378011
211424746776
1781730379011
211519420667
1781730380011
211614191237
1781730381011
211708950638
1781730382012
211803989396
1781730383012
211898865679
1781730384012
211994135821
1781730385011
212088988850
1781730386011
212184144612
1781730387011
212278957052
1781730388011
212373640648
1781730389012
212468622765
1781730390013
212563110194
1781730391010
212658117336
1781730392010
212752926908
1781730393011
212847518707
1781730394013
212941888644
1781730395011
213034459330
1781730396010
213128931317
1781730397011
213224014142
1781730398011
213319335614
1781730399012
213414721174
1781730400013
213509886701
1781730401014
213605154646
1781730402014
213700269576
1781730403012
213795647689
1781730404009
213891063887
1781730405011
213985687485
1781730406011
214080932908
1781730407011
214175709094
1781730408011
214270374012
1781730409010
214365886036
1781730410011
214460898854
1781730411011
214555833914
1781730412011
214651120718
1781730413012
214745599480
1781730414011
214841272392
1781730415014
214935558100
1781730416011
215030691036
1781730417011
215125678158
1781730418010
215220852780
1781730419011
215315888914
1781730420011
215410754211
1781730421014
215505160890
1781730422011
215599708317
1781730423011
215694320806
1781730424011
215789494208
1781730425011
215884112130
1781730426010
215979322823
1781730427010
216074161570
1781730428011
216169063060
1781730429011
216264004529
1781730430012
216359029005
1781730431014
216453749832
1781730432011
216548655289
1781730433010
216643683672
1781730434010
216739391129
1781730435010
216834091998
1781730436011
216929036274
1781730437011
217023526693
1781730438011
217116805934
1781730439011
217211465970
1781730440014
217306093719
1781730441011
217401099030
1781730442010
217496597870
1781730443011
217591573274
1781730444011
217687028901
1781730445011
217781453647
1781730446011
217876842258
1781730447011
217971682164
1781730448011
218066717870
1781730449013
218161936865
1781730450011
218257120276
1781730451010
218352066261
1781730452011
218446513163
1781730453011
218541214092
1781730454010
218636213544
1781730455010
218731134138
1781730456011
218826082320
1781730457012
218921154465
1781730458011
219016271531
1781730459011
219111271165
1781730460011
219206275622
1781730461013
219300536733
1781730462010
219395766043
1781730463010
219490849845
1781730464011
219586252493
1781730465011
219681070671
1781730466011
219776157342
1781730467011
219871231134
1781730468013
219965317929
1781730469010
220059863281
1781730470011
220154742798
1781730471011
220249672243
1781730472011
220344404605
1781730473011
220439309392
1781730474011
220534614995
1781730475014
220629255561
1781730476011
220724467719
1781730477010
220819747505
1781730478011
220914521432
1781730479013
221009319407
1781730480012
221104244152
1781730481014
221199073865
1781730482011
221293790725
1781730483014
221388254472
1781730484011
221483536699
1781730485013
221577909138
1781730486010
221673032796
1781730487012
221768200338
1781730488011
221863218222
1781730489014
221957938744
1781730490011
222052918481
1781730491014
222147657863
1781730492011
222242862087
1781730493013
222337089262
1781730494010
222431812592
1781730495009
222525733982
1781730496011
222621019322
1781730497014
222715540503
1781730498011
222810179299
1781730499011
222905504433
1781730500013
223000033610
1781730501011
223095033855
1781730502011
223189570295
1781730503011
223284335373
1781730504012
223379361130
1781730505011
223474013659
1781730506011
223568850880
1781730507011
223663429983
1781730508011
223757935173
1781730509011
223852884698
1781730510013
223947353451
1781730511014
224041943663
1781730512011
224136316590
1781730513011
224230826663
1781730514010
224326080875
1781730515011
224420675542
1781730516013
224515445685
1781730517014
224609913278
1781730518012
224704106884
1781730519010
224799189466
1781730520014
224893621292
1781730521010
224988401262
1781730522010
225083587175
1781730523011
225178667132
1781730524013
225273502827
1781730525009
225368769734
1781730526011
225463881673
1781730527013
225558544577
1781730528011
225652704126
1781730529011
225747909327
1781730530014
225842480679
1781730531010
225937484586
1781730532014
226032288055
1781730533014
226126664766
1781730534011
226221730136
1781730535011
226316719577
1781730536013
226411382726
1781730537011
226505717629
1781730538010
226600886086
1781730539014
226695651041
1781730540011
226790282818
1781730541014
226884531173
1781730542010
226979184678
1781730543014
227073358998
1781730544011
227168673634
1781730545014
227263232108
1781730546011
227358550590
1781730547013
227452824152
1781730548010
227547178586
1781730549013
227641479248
1781730550011
227736525269
1781730551013
227830770999
1781730552011
227925435125
1781730553010
228018767893
1781730554011
228114300181
1781730555011
228209568003
1781730556012
228304417309
1781730557011
228399141737
1781730558011
228493434769
1781730559011
228588825577
1781730560013
228683310809
1781730561011
228778270832
1781730562011
228873564777
1781730563014
228968288961
1781730564013
229063221213
1781730565012
229157646997
1781730566010
229252679530
1781730567011
229347548488
1781730568011
229442714077
1781730569011
229527704765
1781730570012
229611059166
1781730571011
229694790336
1781730572015
229777789330
1781730573011
229860070614
1781730574010
229920383204
1781730575011
229979008115
1781730576012
230028771415
1781730577012
230074313413
1781730578012
230119416202
1781730579014
230165689888
1781730580014
230212786508
1781730581015
230269034350
1781730582014
230335212708
1781730583013
230427946968
1781730584010
230521720043
1781730585011
230616390394
1781730586012
230710684708
1781730587011
230804124777
1781730588012
230898639793
1781730589011
230994030602
1781730590011
231089180993
1781730591012
231184427514
1781730592010
231279775903
1781730593010
231375046167
1781730594011
231470798485
1781730595014
231564805080
1781730596010
231658823638
1781730597011
231754461638
1781730598011
231850134001
1781730599011
231946090664
1781730600011
232041311856
1781730601011
232136598050
1781730602011
232231464567
1781730603011
232326864409
1781730604012
232420580660
1781730605011
232514799535
1781730606011
232610517186
1781730607014
232705845738
1781730608011
232801054601
1781730609012
232896138647
1781730610011
232991350195
1781730611011
233086597083
1781730612010
233182831395
1781730613012
233278157994
1781730614014
233373378331
1781730615010
233468853001
1781730616012
233563968236
1781730617011
233659284643
1781730618011
233753936561
1781730619011
233848896462
1781730620011
233942086165
1781730621011
234037161788
1781730622011
234132326584
1781730623011
234227630173
1781730624011
234323253768
1781730625011
234419000715
1781730626014
234514266402
1781730627012
234609708052
1781730628014
234704941084
1781730629013
234800084090
1781730630011
234895623275
1781730631013
234991026351
1781730632012
235096024434
1781730633136
235178902701
1781730634011
235274599843
1781730635011
235369779715
1781730636011
235464982046
1781730637011
235560444876
1781730638014
235655615653
1781730639011
235751057425
1781730640011
235846770254
1781730641014
235941847037
1781730642011
236037265616
1781730643011
236132643911
1781730644011
236228022818
1781730645009
236323532156
1781730646011
236419146718
1781730647011
236514589833
1781730648013
236609540335
1781730649011
236705164296
1781730650014
236800727833
1781730651012
236895995351
1781730652011
236991228078
1781730653014
237086079459
1781730654011
237181798452
1781730655013
237277062063
1781730656011
237372529409
1781730657010
237468405873
1781730658011
237564027637
1781730659010
237659785632
1781730660011
237755262255
1781730661014
237850306751
1781730662011
237945581775
1781730663011
238040707142
1781730664014
238136032032
1781730665010
238231515308
1781730666013
238326866200
1781730667013
238422288502
1781730668011
238517776294
1781730669014
238612847462
1781730670011
238708522754
1781730671011
238803996570
1781730672010
238899328479
1781730673011
238994732715
1781730674012
239090357104
1781730675011
239186129991
1781730676012
239281357042
1781730677011
239376576525
1781730678013
239471366382
1781730679012
239566881580
1781730680012
239662716723
1781730681012
239757873583
1781730682011
239853456591
1781730683013
239948765246
1781730684011
240044143297
1781730685011
240139240161
1781730686011
240235082506
1781730687012
240330254320
1781730688010
240425793504
1781730689011
240521210374
1781730690011
240616527269
1781730691011
240712085557
1781730692010
240807431199
1781730693011
240902253344
1781730694012
240997779955
1781730695011
241093075182
1781730696014
241188529284
1781730697011
241284398423
1781730698011
241380228500
1781730699014
241475559128
1781730700011
241570788803
1781730701010
241666276779
1781730702011
241761588303
1781730703010
241857116806
1781730704010
241952868147
1781730705011
242048315352
1781730706008
242144298749
1781730707011
242239517011
1781730708012
242334558149
1781730709011
242429991499
1781730710011
242525205855
1781730711011
242621063763
1781730712014
242716123823
1781730713010
242811831342
1781730714011
242907170514
1781730715011
243002625043
1781730716011
243098618815
1781730717013
243193697674
1781730718011
243288835125
1781730719011
243384283123
1781730720010
243479484784
1781730721010
243573280442
1781730722011
243669565596
1781730723035
243762401052
1781730724011
243857828664
1781730725011
243952632071
1781730726012
244048200674
1781730727012
244143311392
1781730728011
244238501761
1781730729011
244333815726
1781730730011
244429077629
1781730731010
244524525077
1781730732012
244619861015
1781730733011
244715082939
1781730734011
244810888602
1781730735011
244906125724
1781730736011
245001997427
1781730737014
245096900687
1781730738011
245191567925
1781730739011
245286600763
1781730740011
245381536982
1781730741011
245476299252
1781730742011
245571543820
1781730743011
245667051754
1781730744014
245762231320
1781730745011
245857492246
1781730746013
245952594114
1781730747014
246047646544
1781730748011
246142869628
1781730749010
246238048828
1781730750011
246333395385
1781730751014
246428472229
1781730752011
246523336061
1781730753012
246618353274
1781730754011
246714379823
1781730755013
246809309206
1781730756014
246904971803
1781730757014
246999973269
1781730758011
247095382265
1781730759011
247190854982
1781730760013
247286000124
1781730761011
247381613527
1781730762011
247477000246
1781730763011
247572764222
1781730764010
247668225220
1781730765011
247763548523
1781730766011
247858590150
1781730767011
247951827399
1781730768011
248045051709
1781730769011
248140443738
1781730770011
248235953015
1781730771014
248331221997
1781730772013
248426324476
1781730773011
248521923047
1781730774011
248617908458
1781730775013
248712664990
1781730776012
248807952832
1781730777011
248903332288
1781730778014
248998839856
1781730779014
249094257275
1781730780011
249189488293
1781730781014
249284676771
1781730782012
249379778761
1781730783011
249475026198
1781730784014
249570068557
1781730785011
249665277420
1781730786013
249760303055
1781730787010
249855636857
1781730788013
249950624223
1781730789011
250045784319
1781730790011
250141520158
1781730791012
250236863603
1781730792011
250331944841
1781730793010
250427292620
1781730794011
250522829546
1781730795011
250618308305
1781730796014
250713927567
1781730797011
250811161571
1781730798034
250904201067
1781730799014
250999463396
1781730800011
251094494647
1781730801012
251189594501
1781730802010
251284785420
1781730803010
251378234704
1781730804012
251472030119
1781730805011
251566954802
1781730806013
251662302520
1781730807010
251758054594
1781730808011
251853740445
1781730809011
251949360257
1781730810011
252044894619
1781730811011
252140209682
1781730812011
252235575893
1781730813011
252330181120
1781730814013
252425726286
1781730815014
252521081998
1781730816013
252616832852
1781730817014
252712230191
1781730818011
252807570828
1781730819011
252903471950
1781730820014
252999024928
1781730821014
253092550384
1781730822011
253187970855
1781730823011
253283542327
1781730824011
253379222380
1781730825012
253475167202
1781730826013
253569811003
1781730827011
253662897679
1781730828011
253757447974
1781730829010
253852781287
1781730830013
253947799782
1781730831010
254043346778
1781730832011
254138482826
1781730833011
254233890175
1781730834013
254329720313
1781730835013
254424805824
1781730836011
254520496314
1781730837011
254615727576
1781730838011
254711566991
1781730839013
254807158788
1781730840010
254902400548
1781730841010
254997923863
1781730842012
255093331639
1781730843011
255188219458
1781730844012
255283675146
1781730845011
255378802710
1781730846011
255474397009
1781730847011
255570279210
1781730848012
255665477635
1781730849012
255761315952
1781730850012
255856562412
1781730851011
255952338351
1781730852014
256047533725
1781730853012
256142747349
1781730854012
256238307040
1781730855010
256333882846
1781730856008
256430017548
1781730857011
256525383088
1781730858011
256620584504
1781730859014
256716433929
1781730860014
256811871307
1781730861014
256906765900
1781730862011
257002064729
1781730863011
257098058929
1781730864010
257192890595
1781730865010
257285796913
1781730866011
257380984413
1781730867011
257476829321
1781730868013
257572188513
1781730869011
257667634314
1781730870011
257763051428
1781730871010
257859145542
1781730872014
257954151586
1781730873011
258049690892
1781730874014
258145492710
1781730875010
258240794407
1781730876012
258335570531
1781730877011
258428875590
1781730878011
258524426737
1781730879014
258619785990
1781730880011
258715575784
1781730881013
258811121011
1781730882014
258906520852
1781730883012
259002208717
1781730884011
259097991858
1781730885011
259193495154
1781730886013
259289125219
1781730887010
259384655736
1781730888011
259479946508
1781730889013
259575480260
1781730890011
259671039586
1781730891011
259766891574
1781730892010
259862455844
1781730893012
259957986971
1781730894013
260053313631
1781730895010
260148852571
1781730896011
260244438386
1781730897011
260340558074
1781730898011
260436486967
1781730899011
260532115384
1781730900011
260628162990
1781730901014
260723326137
1781730902010
260818955958
1781730903014
260914657374
1781730904014
261010597130
1781730905013
261105875756
1781730906011
261201947898
1781730907011
261297401511
1781730908011
261393207967
1781730909010
261488756856
1781730910011
261584578449
1781730911014
261680160846
1781730912011
261775710955
1781730913011
261871327166
1781730914011
261967574661
1781730915011
262063041519
1781730916013
15688192
1781730917008
110964437
1781730918011
206043478
1781730919014
301172935
1781730920011
396782187
1781730921011
492686421
1781730922011
588429157
1781730923011
684295123
1781730924014
780033952
1781730925011
875301103
1781730926011
971452774
1781730927013
1067457777
1781730928012
1162965284
1781730929012
1258479749
1781730930011
1354118603
1781730931010
1449559948
1781730932011
1545298961
1781730933014
1640510143
1781730934014
1735866771
1781730935011
1831187267
1781730936010
1927241587
1781730937014
2022763498
1781730938011
2118299630
1781730939011
2213853585
1781730940011
2309275643
1781730941011
2404772225
1781730942011
2500530891
1781730943011
2596639897
1781730944013
2692561832
1781730945011
2788373721
1781730946011
2885019103
1781730947011
2983141288
1781730948037
3075678588
1781730949011
3171642393
1781730950012
3267457882
1781730951012
3361328309
1781730952012
3456792298
1781730953012
3552593017
1781730954011
3648491941
1781730955011
3743502806
1781730956010
3839560605
1781730957013
3934910641
1781730958013
4030371335
1781730959013
4126327205
1781730960011
4221807002
1781730961014
4316981868
1781730962012
4413003351
1781730963012
4507827937
1781730964011
4603467829
1781730965011
4698711970
1781730966011
4794524957
1781730967011
4890488578
1781730968011
4986223014
1781730969011
5081924246
1781730970011
5177646840
1781730971010
5273333851
1781730972011
5369081103
1781730973014
5464233936
1781730974011
5560147448
1781730975014
5655088794
1781730976011
5751227952
1781730977014
5848925517
1781730978035
5941971482
1781730979011
6037500840
1781730980010
6133215561
1781730981013
6228249009
1781730982011
6323451707
1781730983011
6419066269
1781730984014
6514639206
1781730985010
6609662217
1781730986011
6704079456
1781730987014
6799440357
1781730988010
6894802478
1781730989011
6990624071
1781730990014
7085883471
1781730991011
7181096850
1781730992010
7276705858
1781730993010
7371745471
1781730994012
7467524828
1781730995011
7562797655
1781730996013
7658194323
1781730997013
7753292163
1781730998011
7848563159
1781730999010
7944123217
1781731000011
8039643480
1781731001011
8134874926
1781731002012
8230602708
1781731003013
8325798998
1781731004011
8421107958
1781731005010
8516326891
1781731006010
8612273973
1781731007011
8710409769
1781731008034
8803324692
1781731009011
8898822433
1781731010010
8994522750
1781731011011
9090082808
1781731012011
9185477888
1781731013011
9280666121
1781731014011
9376148299
1781731015011
9471534224
1781731016011
9567035688
1781731017010
9662636518
1781731018011
9758065351
1781731019011
9853836712
1781731020014
9949134320
1781731021011
10044442914
1781731022011
10139471113
1781731023011
10234520979
1781731024011
10330480023
1781731025013
10425966961
1781731026014
10521448711
1781731027011
10616761822
1781731028011
10712094464
1781731029014
10807523846
1781731030013
10902443220
1781731031010
10997551313
1781731032011
11092894941
1781731033011
11188263899
1781731034011
11284211041
1781731035013
11379040632
1781731036010
11474998700
1781731037013
11572615271
1781731038035
11663782091
1781731039011
11758464832
1781731040011
11854029712
1781731041011
11949275073
1781731042011
12044869616
1781731043011
12140256213
1781731044011
12235705065
1781731045011
12331355028
1781731046013
12426882249
1781731047012
12522632126
1781731048011
12618037827
1781731049010
12713732711
1781731050012
12809337691
1781731051011
12904900740
1781731052011
13000122542
1781731053014
13094723618
1781731054011
13190559310
1781731055014
13285986373
1781731056013
13380609727
1781731057010
13474445729
1781731058012
13569813955
1781731059011
13665261769
1781731060011
13760603688
1781731061013
13855842275
1781731062011
13951269033
1781731063014
14046631459
1781731064013
14142211964
1781731065014
14237261587
1781731066014
14332821706
1781731067008
14428808765
1781731068011
14523535024
1781731069011
14619069142
1781731070011
14714430775
1781731071011
14810310474
1781731072013
14905627124
1781731073011
15000969531
1781731074011
15096846300
1781731075012
15191962756
1781731076011
15287667711
1781731077010
15382746447
1781731078011
15478191027
1781731079010
15573635668
1781731080012
15669314927
1781731081013
15764745897
1781731082014
15859678698
1781731083012
15954876635
1781731084014
16050130115
1781731085011
16145275623
1781731086013
16240879443
1781731087011
16336669970
1781731088014
16431797900
1781731089011
16527365770
1781731090010
16623314866
1781731091011
16719028671
1781731092011
16814270065
1781731093014
16909599960
1781731094011
17005551009
1781731095011
17100942244
1781731096011
17196829083
1781731097013
17292472271
1781731098009
17387483258
1781731099011
17482812360
1781731100010
17578166852
1781731101011
17673217146
1781731102011
17769139813
1781731103013
17864751751
1781731104014
17960130962
1781731105011
18055388714
1781731106011
18151136699
1781731107011
18246322368
1781731108012
18341637615
1781731109011
18436774884
1781731110011
18532345074
1781731111011
18627880229
1781731112010
18725597997
1781731113035
18818555462
1781731114012
18914451456
1781731115011
19009799052
1781731116010
19105476663
1781731117011
19201401344
1781731118013
19296682533
1781731119011
19392261940
1781731120012
19487626197
1781731121010
19583614416
1781731122011
19679587010
1781731123011
19775129612
1781731124012
19871032565
1781731125014
19965797031
1781731126011
20061729342
1781731127014
20156841586
1781731128010
20252151706
1781731129011
20347683749
1781731130011
20443258639
1781731131012
20538766146
1781731132011
20634162020
1781731133011
20729848237
1781731134014
20825498200
1781731135011
20920540010
1781731136010
21016590301
1781731137011
21112360136
1781731138011
21207907926
1781731139011
21304035061
1781731140014
21399239346
1781731141011
21494919765
1781731142011
21590220851
1781731143011
21685255703
1781731144011
21780962978
1781731145011
21876560634
1781731146013
21972404138
1781731147010
22068055199
1781731148011
22163449975
1781731149011
22259229698
1781731150011
22354678184
1781731151010
22450265830
1781731152011
22546377522
1781731153014
22641982807
1781731154011
22738042864
1781731155013
22833105609
1781731156011
22928776080
1781731157011
23024274920
1781731158011
23119442889
1781731159011
23215267228
1781731160013
23310529497
1781731161011
23406374588
1781731162013
23501799576
1781731163014
23597195816
1781731164011
23693292616
1781731165014
23788431105
1781731166013
23883687575
1781731167011
23979538160
1781731168014
24074841261
1781731169012
24170317640
1781731170011
24265928784
1781731171010
24361364697
1781731172010
24456500196
1781731173011
24551272902
1781731174010
24647139234
1781731175012
24742084426
1781731176010
24837907178
1781731177011
24933668652
1781731178014
25028809217
1781731179011
25124358227
1781731180013
25218104630
1781731181010
25301817063
1781731182011
25385442154
1781731183013
25467734790
1781731184011
25520880406
1781731185011
25571210477
1781731186011
25624739393
1781731187012
25672826184
1781731188013
25722756781
1781731189012
25769027231
1781731190014
25814695877
1781731191012
25871075371
1781731192015
25938785952
1781731193011
26030398755
1781731194011
26125081190
1781731195011
26220501784
1781731196014
26315850355
1781731197011
26411874646
1781731198014
26507424877
1781731199011
26603292674
1781731200011
26698657237
1781731201011
26794364084
1781731202011
26889909127
1781731203011
26985048410
1781731204011
27080965279
1781731205014
27175732492
1781731206011
27271576180
1781731207011
27367663947
1781731208014
27463091620
1781731209011
27559101262
1781731210014
27654558781
1781731211011
27750010258
1781731212011
27846347048
1781731213011
27941810915
1781731214011
28037725830
1781731215012
28133107849
1781731216011
28228726013
1781731217011
28324866025
1781731218012
28420440243
1781731219013
28515785214
1781731220011
28611139951
1781731221010
28706397580
1781731222011
28802306148
1781731223012
28898070185
1781731224012
28993903924
1781731225010
29089319635
1781731226012
29185174858
1781731227011
29280687736
1781731228011
29376612783
1781731229011
29472131277
1781731230011
29567578847
1781731231012
29663139943
1781731232012
29758576588
1781731233011
29853419485
1781731234011
29949283009
1781731235010
30044586354
1781731236011
30140089589
1781731237012
30235394154
1781731238014
30330727101
1781731239011
30426669483
1781731240014
30521862293
1781731241014
30617235157
1781731242010
30712951648
1781731243011
30808372363
1781731244012
30904090746
1781731245011
30998872546
1781731246010
31094763109
1781731247010
31202223100
1781731248135
31285528917
1781731249011
31381153123
1781731250011
31476740098
1781731251011
31572698287
1781731252014
31668439497
1781731253010
31764131635
1781731254011
31860064739
1781731255010
31955914164
1781731256011
32052082497
1781731257014
32147724647
1781731258011
32243415442
1781731259011
32339042455
1781731260011
32434235327
1781731261011
32529760290
1781731262011
32625181982
1781731263011
32720606298
1781731264014
32814554117
1781731265012
32908879192
1781731266012
33004882060
1781731267012
33100277384
1781731268011
33196130593
1781731269013
33291714943
1781731270011
33387220558
1781731271012
33482767189
1781731272010
33578498023
1781731273011
33673954565
1781731274011
33769669225
1781731275011
33864690588
1781731276012
33960565404
1781731277014
34055627905
1781731278009
34150665503
1781731279008
34246657140
1781731280010
34342520237
1781731281014
34438057895
1781731282013
34533644259
1781731283011
34629405977
1781731284011
34725521087
1781731285013
34820557648
1781731286010
34916095734
1781731287011
35012402067
1781731288013
35107795011
1781731289011
35203420254
1781731290014
35299081570
1781731291014
35394210354
1781731292011
35490032680
1781731293013
35584974392
1781731294011
35680637905
1781731295011
35775778530
1781731296011
35871256924
1781731297012
35967184290
1781731298014
36062927881
1781731299010
36158665856
1781731300011
36254618064
1781731301014
36350190390
1781731302014
36445432639
1781731303011
36540906699
1781731304010
36634844080
1781731305011
36730010890
1781731306011
36826253136
1781731307011
36921703087
1781731308011
37017128197
1781731309011
37112877708
1781731310014
37208365805
1781731311013
37303957236
1781731312011
37399598226
1781731313011
37495079244
1781731314011
37590933185
1781731315011
37686319904
1781731316010
37782101763
1781731317011
37878278519
1781731318013
37973602738
1781731319011
38069616225
1781731320014
38165107070
1781731321011
38260589979
1781731322011
38356177564
1781731323011
38451026504
1781731324012
38546538283
1781731325011
38641674697
1781731326011
38737810376
1781731327014
38833197827
1781731328010
38928849865
1781731329011
39024475231
1781731330010
39120242259
1781731331010
39215861643
1781731332011
39311567025
1781731333011
39407004342
1781731334012
39502967658
1781731335011
39598693182
1781731336011
39694579900
1781731337011
39790152104
1781731338014
39885471989
1781731339011
39981372561
1781731340011
40076880252
1781731341011
40172657350
1781731342011
40268511353
1781731343011
40364353881
1781731344011
40460273191
1781731345011
40555730527
1781731346011
40651793025
1781731347011
40747743952
1781731348014
40843047297
1781731349011
40938436151
1781731350012
41033822077
1781731351011
41130136833
1781731352014
41227738084
1781731353035
41320591667
1781731354014
41416758596
1781731355013
41511962759
1781731356011
41607498098
1781731357011
41703648609
1781731358012
41799209705
1781731359011
41894845080
1781731360011
41990602281
1781731361011
42086670822
1781731362014
42182116683
1781731363011
42277664718
1781731364011
42373382551
1781731365014
42468366012
1781731366011
42563941023
1781731367011
42659442366
1781731368011
42754655745
1781731369010
42850128035
1781731370011
42945823469
1781731371011
43041416119
1781731372011
43136927838
1781731373011
43232577373
1781731374011
43328181071
1781731375012
43423688273
1781731376011
43519699868
1781731377011
43615309242
1781731378011
43711253272
1781731379011
43806667578
1781731380011
43901774451
1781731381011
43997368201
1781731382011
44104606269
1781731383136
44188270727
1781731384014
44283524878
1781731385010
44378572791
1781731386011
44474746251
1781731387013
44570130773
1781731388011
44665867527
1781731389014
44761273167
1781731390011
44856789035
1781731391011
44952509310
1781731392011
45048083468
1781731393010
45143877717
1781731394011
45240238493
1781731395014
45335145355
1781731396010
45430727691
1781731397011
45525968719
1781731398011
45621192962
1781731399011
45717626920
1781731400014
45813166470
1781731401010
45908933559
1781731402014
46004864710
1781731403011
46100191797
1781731404010
46196065331
1781731405014
46289045867
1781731406010
46384121490
1781731407010
46480039763
1781731408011
46576037015
1781731409011
46671555630
1781731410011
46767176418
1781731411011
46862555385
1781731412011
46957837917
1781731413011
47052844266
1781731414011
47148649990
1781731415013
47243977260
1781731416011
47340145654
1781731417013
47435604699
1781731418011
47531342003
1781731419011
47627062278
1781731420011
47722533530
1781731421011
47818289816
1781731422011
47913946920
1781731423011
48009997699
1781731424014
48105936662
1781731425011
48201318315
1781731426011
48297547805
1781731427014
48392786941
1781731428011
48488292739
1781731429014
48584479383
1781731430014
48679751905
1781731431011
48775977122
1781731432014
48871575449
1781731433011
48967129526
1781731434013
49063147530
1781731435011
49158901130
1781731436013
49254521369
1781731437011
49350488530
1781731438014
49445903752
1781731439012
49542040408
1781731440013
49637694094
1781731441011
49733556702
1781731442014
49829087586
1781731443011
49924176331
1781731444011
50020120971
1781731445014
50115885435
1781731446014
50211432371
1781731447010
50307408505
1781731448012
50403083370
1781731449011
50498682917
1781731450011
50594815362
1781731451011
50691048148
1781731452012
50786380179
1781731453010
50882386281
1781731454011
50978350818
1781731455013
51073929370
1781731456011
51170013840
1781731457011
51265446579
1781731458011
51360749680
1781731459011
51456953413
1781731460009
51552560102
1781731461010
51648541424
1781731462010
51744486186
1781731463011
51840501321
1781731464011
51936782141
1781731465011
52032467077
1781731466014
52128378880
1781731467010
52224614168
1781731468014
52319797091
1781731469011
52415680573
1781731470011
52511293183
1781731471011
52605518283
1781731472010
52700763645
1781731473011
52795840855
1781731474011
52891696384
1781731475011
52987210787
1781731476011
53082182590
1781731477011
53176147682
1781731478014
53271476844
1781731479013
53367203284
1781731480014
53463067724
1781731481011
53558870823
1781731482010
53655136629
1781731483011
53750667817
1781731484011
53846365143
1781731485011
53942163177
1781731486013
54037870146
1781731487011
54145277403
1781731488135
54228822233
1781731489008
54324914943
1781731490011
54421263085
1781731491011
54517203514
1781731492011
54612868735
1781731493011
54708555075
1781731494011
54804316731
1781731495011
54899576009
1781731496013
54995689166
1781731497012
55091586992
1781731498010
55187659744
1781731499011
55282937088
1781731500010
55378345169
1781731501011
55473666336
1781731502011
55568838212
1781731503010
55664310379
1781731504011
55760386000
1781731505013
55855415115
1781731506011
55951487623
1781731507014
56046968030
1781731508011
56142483960
1781731509011
56238065746
1781731510011
56334146067
1781731511014
56429634043
1781731512013
56525114572
1781731513010
56620770455
1781731514011
56716991217
1781731515014
56810475536
1781731516011
56905663830
1781731517011
57001255748
1781731518014
57095978467
1781731519011
57190628738
1781731520010
57284579608
1781731521014
57379552570
1781731522010
57475335772
1781731523014
57570159321
1781731524011
57665730305
1781731525011
57760902241
1781731526011
57856515278
1781731527011
57952047626
1781731528011
58047545794
1781731529014
58142756610
1781731530011
58237657368
1781731531014
58330751795
1781731532012
58423695588
1781731533011
58516917396
1781731534013
58612319373
1781731535011
58707660499
1781731536011
58803333288
1781731537014
58898580237
1781731538011
58994050696
1781731539011
59089857518
1781731540011
59185096471
1781731541011
59280588536
1781731542011
59376110508
1781731543011
59471754490
1781731544014
59567247226
1781731545014
59661784643
1781731546011
59757626194
1781731547014
59852525549
1781731548011
59947387488
1781731549011
60043331335
1781731550012
60139137242
1781731551012
60234776523
1781731552011
60330281345
1781731553011
60425576267
1781731554010
60521412203
1781731555011
60616831636
1781731556014
60712239046
1781731557011
60807602754
1781731558013
60902863009
1781731559011
60998307466
1781731560011
61093792635
1781731561011
61189444306
1781731562011
61285034455
1781731563013
61379667147
1781731564011
61475388887
1781731565013
61570337923
1781731566014
61665933748
1781731567010
61761333284
1781731568011
61857201813
1781731569014
61952774689
1781731570011
62048401641
1781731571010
62143866301
1781731572011
62239499846
1781731573011
62334996733
1781731574012
62430636563
1781731575010
62525735319
1781731576011
62621412442
1781731577011
62716835904
1781731578010
62812188687
1781731579013
62907693509
1781731580011
63003466884
1781731581013
63098913966
1781731582011
63194488185
1781731583011
63290128504
1781731584014
63385848474
1781731585012
63481148950
1781731586011
63577007652
1781731587014
63672543846
1781731588011
63768244284
1781731589014
63863403831
1781731590011
63958884482
1781731591011
64053962364
1781731592011
64149465964
1781731593011
64244583031
1781731594011
64340376792
1781731595011
64435684592
1781731596010
64531481710
1781731597011
64626869711
1781731598011
64722406026
1781731599010
64818282978
1781731600013
64914101214
1781731601011
65009952592
1781731602011
65106117141
1781731603011
65202018202
1781731604011
65297351270
1781731605010
65392621656
1781731606011
65488691723
1781731607010
65584328136
1781731608011
65679662975
1781731609011
65774711438
1781731610011
65868979263
1781731611011
65962788227
1781731612011
66056702415
1781731613011
66152494772
1781731614011
66248852924
1781731615014
66344135334
1781731616011
66440249163
1781731617011
66535906205
1781731618011
66631566422
1781731619011
66726008624
1781731620011
66820050986
1781731621011
66915715536
1781731622010
67013230362
1781731623035
67106260702
1781731624011
67201689657
1781731625014
67295338831
1781731626011
67390497401
1781731627011
67486276514
1781731628011
67582110619
1781731629014
67677634850
1781731630011
67773590171
1781731631012
67869885212
1781731632014
67965521076
1781731633011
68061372942
1781731634011
68157252518
1781731635010
68252999161
1781731636011
68348832655
1781731637011
68446729255
1781731638037
68539797804
1781731639011
68635800732
1781731640011
68731541392
1781731641011
68827199168
1781731642011
68923347176
1781731643011
69019499640
1781731644014
69115363591
1781731645012
69210843266
1781731646011
69306907229
1781731647011
69402730836
1781731648014
69498495484
1781731649014
69594135803
1781731650011
69689821532
1781731651011
69786022397
1781731652014
69881314572
1781731653014
69976136595
1781731654013
70071882932
1781731655011
70167168638
1781731656011
70262755734
1781731657012
70356306093
1781731658011
70452032655
1781731659011
70548012633
1781731660014
70643507750
1781731661014
70738963439
1781731662011
70834810727
1781731663012
70931047908
1781731664013
71026628535
1781731665011
71122169672
1781731666012
71218357658
1781731667011
71313897941
1781731668014
71408903069
1781731669011
71504750785
1781731670012
71600300589
1781731671009
71696637989
1781731672011
71793067552
1781731673014
71888730271
1781731674011
71984687544
1781731675011
72080429243
1781731676011
72176431927
1781731677010
72272249735
1781731678011
72367920267
1781731679011
72463937172
1781731680014
72558595804
1781731681011
72652885358
1781731682013
72750645117
1781731683035
72843544843
1781731684011
72939426677
1781731685011
73034465863
1781731686013
73128550278
1781731687011
73223539781
1781731688011
73319608871
1781731689013
73414872055
1781731690010
73510877607
1781731691011
73606594403
1781731692013
73702026166
1781731693011
73798027018
1781731694013
73893801065
1781731695011
73989403482
1781731696011
74085748328
1781731697014
74181284155
1781731698012
74276738989
1781731699011
74372405126
1781731700008
74468576938
1781731701011
74564685273
1781731702012
74660800445
1781731703011
74756736051
1781731704012
74852853053
1781731705011
74948597132
1781731706011
75044547753
1781731707011
75140142479
1781731708011
75236268210
1781731709014
75331816305
1781731710011
75427589375
1781731711011
75523818804
1781731712014
75621517590
1781731713035
75714609514
1781731714011
75810550492
1781731715010
75906130020
1781731716014
76001968825
1781731717011
76097782850
1781731718013
76193352124
1781731719011
76289556285
1781731720014
76385242990
1781731721011
76480840463
1781731722010
76576750435
1781731723011
76672682379
1781731724011
76768696721
1781731725011
76863935857
1781731726010
76960263186
1781731727010
77055991029
1781731728011
77151234316
1781731729011
77246945374
1781731730011
77343132750
1781731731011
77438828367
1781731732011
77534703244
1781731733012
77630265316
1781731734010
77726622003
1781731735014
77822070611
1781731736011
77918439444
1781731737014
78013861746
1781731738011
78109870716
1781731739010
78205616504
1781731740011
78301021716
1781731741011
78396978868
1781731742014
78492146715
1781731743010
78587439806
1781731744011
78683955062
1781731745014
78779221481
1781731746010
78875602399
1781731747012
78971171673
1781731748011
79067287333
1781731749014
79162969583
1781731750011
79258789711
1781731751014
79354480995
1781731752012
79450266760
1781731753011
79545892675
1781731754012
79642363070
1781731755014
79737680331
1781731756011
79832397252
1781731757011
79925884317
1781731758013
80020057660
1781731759011
80116216105
1781731760014
80211503093
1781731761011
80307169413
1781731762011
80402940713
1781731763011
80498913734
1781731764014
80594808081
1781731765011
80690446691
1781731766014
80786073033
1781731767011
80882080050
1781731768011
80977925813
1781731769011
81073637421
1781731770012
81169542876
1781731771011
81265178862
1781731772011
81360770536
1781731773012
81455756194
1781731774012
81551410612
1781731775011
81647091825
1781731776014
81743315394
1781731777013
81838510280
1781731778011
81934169154
1781731779010
82029925989
1781731780011
82125631798
1781731781011
82220877831
1781731782010
82316783653
1781731783010
82412552817
1781731784011
82509122638
1781731785011
82604545917
1781731786011
82700549333
1781731787010
82796110184
1781731788010
82891388749
1781731789011
82987003006
1781731790011
83080554464
1781731791011
83164562061
1781731792011
83241972996
1781731793014
83300705023
1781731794011
83355399219
1781731795012
83403859605
1781731796014
83462258504
1781731797012
83514290963
1781731798010
83568304558
1781731799009
83615774956
1781731800014
83672001253
1781731801012
83754414372
1781731802013
83847232677
1781731803011
83940992385
1781731804011
84036303909
1781731805011
84131669143
1781731806014
84227178420
1781731807014
84322675246
1781731808014
84418189101
1781731809014
84513331191
1781731810011
84608914992
1781731811011
84704384291
1781731812011
84800572460
1781731813012
84895853894
1781731814012
84991661388
1781731815014
85086427197
1781731816010
85182370860
1781731817014
85277243176
1781731818011
85372301893
1781731819012
85467692640
1781731820014
85562992811
1781731821011
85658725171
1781731822011
85754208080
1781731823011
85849674389
1781731824013
85945458445
1781731825010
86040753306
1781731826011
86137060677
1781731827014
86232508553
1781731828011
86327920113
1781731829011
86423658332
1781731830011
86519521612
1781731831014
86615019414
1781731832011
86712663085
1781731833035
86805606695
1781731834012
86901542607
1781731835011
86997144962
1781731836014
87092641910
1781731837011
87188180850
1781731838010
87283758303
1781731839012
87379091738
1781731840011
87475011903
1781731841011
87570728821
1781731842013
87665975464
1781731843011
87761289734
1781731844011
87857116332
1781731845014
87952089844
1781731846011
88047624451
1781731847010
88142751587
1781731848010
88237772584
1781731849011
88333055544
1781731850013
88428463930
1781731851011
88524269226
1781731852014
88619321412
1781731853011
88714887757
1781731854013
88810228699
1781731855011
88905346376
1781731856010
89001131409
1781731857011
89096629883
1781731858010
89192531065
1781731859014
89288233457
1781731860013
89383305907
1781731861011
89478572081
1781731862010
89573718078
1781731863011
89669122314
1781731864013
89764589354
1781731865011
89859629333
1781731866011
89955755918
1781731867014
90050938841
1781731868012
90146333250
1781731869010
90242461056
1781731870013
90337694699
1781731871011
90433053891
1781731872011
90528864009
1781731873014
90624016170
1781731874010
90720005366
1781731875011
90814364621
1781731876010
90908637939
1781731877010
91003980713
1781731878011
91098769899
1781731879010
91194453858
1781731880011
91290598631
1781731881013
91385673461
1781731882008
91481853696
1781731883011
91577270627
1781731884010
91672984371
1781731885011
91768261837
1781731886011
91864143977
1781731887013
91959716059
1781731888014
92055162348
1781731889014
92150551874
1781731890013
92245620601
1781731891011
92340985286
1781731892014
92435595700
1781731893011
92530809018
1781731894013
92625998350
1781731895010
92721118956
1781731896011
92817146664
1781731897011
92912219846
1781731898011
93007501035
1781731899011
93102956419
1781731900011
93197800902
1781731901011
93292886413
1781731902012
93388139587
1781731903011
93483216370
1781731904011
93578104799
1781731905011
93672385076
1781731906011
93767739079
1781731907010
93864961548
1781731908035
93957224495
1781731909011
94052917366
1781731910012
94148460456
1781731911009
94242403148
1781731912011
94336547133
1781731913012
94430637651
1781731914012
94526277299
1781731915011
94621638200
1781731916012
94717036515
1781731917012
94812321122
1781731918011
94907852311
1781731919010
95003704543
1781731920014
95099272475
1781731921012
95194647658
1781731922011
95292390633
1781731923035
95385318251
1781731924014
95480916273
1781731925012
95576221632
1781731926011
95672161694
1781731927010
95767448621
1781731928011
95862916516
1781731929011
95958665355
1781731930014
96054228954
1781731931013
96149500743
1781731932012
96244849254
1781731933010
96340556529
1781731934014
96436080881
1781731935011
96531250071
1781731936011
96625413893
1781731937012
96719988358
1781731938011
96814829912
1781731939011
96910376481
1781731940011
97005623308
1781731941011
97101609634
1781731942013
97197480666
1781731943014
97293130811
1781731944011
97389577098
1781731945011
97484914805
1781731946011
97580577158
1781731947010
97676539376
1781731948011
97772352851
1781731949013
97867790656
1781731950010
97963595220
1781731951011
98058994329
1781731952011
98154453191
1781731953011
98249905462
1781731954014
98345694523
1781731955011
98441090702
1781731956011
98536761356
1781731957011
98632760072
1781731958014
98728208436
1781731959011
98823782044
1781731960011
98919316345
1781731961011
99014820557
1781731962014
99109991272
1781731963011
99206013915
1781731964014
99301742246
1781731965014
99397149717
1781731966014
99492890195
1781731967011
99590355643
1781731968035
99683448484
1781731969011
99778682310
1781731970010
99874099607
1781731971010
99969849850
1781731972010
100065478267
1781731973011
100160993404
1781731974011
100256983942
1781731975011
100352121882
1781731976011
100448160271
1781731977013
100543434258
1781731978011
100638879326
1781731979010
100734556327
1781731980011
100830544363
1781731981013
100925771719
1781731982011
101021183096
1781731983013
101116068656
1781731984012
101211804617
1781731985011
101307043631
1781731986011
101402731680
1781731987011
101498425527
1781731988014
101593582082
1781731989011
101688861624
1781731990011
101784622426
1781731991013
101879870534
1781731992011
101975553272
1781731993014
102070995106
1781731994014
102166592334
1781731995010
102262073169
1781731996011
102357192676
1781731997010
102454289474
1781731998035
102546924124
1781731999010
102642382681
1781732000013
102737837820
1781732001011
102833717824
1781732002014
102929036549
1781732003010
103024513783
1781732004011
103120185108
1781732005011
103215297718
1781732006011
103310698292
1781732007011
103406259266
1781732008013
103501478687
1781732009012
103597073291
1781732010011
103692551440
1781732011014
103787764148
1781732012011
103882933216
1781732013012
103977971547
1781732014011
104074275439
1781732015014
104169350208
1781732016011
104265228380
1781732017011
104360971421
1781732018011
104456532334
1781732019011
104552345748
1781732020011
104647826278
1781732021011
104743535688
1781732022014
104839056257
1781732023012
104934634198
1781732024011
105030979716
1781732025014
105126093852
1781732026011
105221845865
1781732027011
105317447732
1781732028011
105412844888
1781732029011
105508615273
1781732030014
105604209266
1781732031013
105699958960
1781732032013
105795681799
1781732033011
105891205602
1781732034011
105986987095
1781732035011
106082589572
1781732036014
106177160986
1781732037010
106270972757
1781732038012
106366633584
1781732039011
106462126382
1781732040014
106557437966
1781732041011
106653146522
1781732042011
106746875775
1781732043013
106840804428
1781732044011
106936613326
1781732045013
107031507981
1781732046014
107126910141
1781732047011
107222308823
1781732048014
107317240342
1781732049010
107412729722
1781732050010
107508379440
1781732051014
107603838852
1781732052014
107698622301
1781732053011
107793690966
1781732054011
107889384202
1781732055011
107984527697
1781732056010
108080253831
1781732057011
108177661785
1781732058035
108270411547
1781732059010
108365997972
1781732060011
108461612901
1781732061014
108556990648
1781732062012
108652615830
1781732063009
108748171555
1781732064011
108843390671
1781732065011
108938741623
1781732066013
109033373217
1781732067011
109127346853
1781732068012
109222813589
1781732069011
109318292593
1781732070011
109414276417
1781732071011
109510077624
1781732072012
109605337024
1781732073014
109700332630
1781732074012
109795879688
1781732075013
109891198719
1781732076011
109987169176
1781732077012
110082661608
1781732078011
110177928942
1781732079011
110273683091
1781732080013
110369348618
1781732081013
110464645981
1781732082011
110559902268
1781732083011
110655386765
1781732084011
110751014206
1781732085011
110845904588
1781732086014
110941460495
1781732087012
111036856858
1781732088011
111132063706
1781732089011
111227768722
1781732090013
111322879685
1781732091011
111418743697
1781732092013
111513777146
1781732093012
111608976731
1781732094010
111704829635
1781732095012
111800122787
1781732096011
111895840438
1781732097011
111991413252
1781732098011
112086992353
1781732099013
112182221784
1781732100011
112277589277
1781732101011
112372626631
1781732102010
112468002730
1781732103011
112563251998
1781732104013
112658867415
1781732105014
112754413313
1781732106013
112849142929
1781732107011
112942127798
1781732108011
113037440970
1781732109012
113132598380
1781732110010
113228185110
1781732111011
113324075246
1781732112014
113419140249
1781732113011
113515013172
1781732114014
113610810779
1781732115011
113705949024
1781732116011
113801732531
1781732117011
113898956708
1781732118035
113991370534
1781732119011
114086582144
1781732120011
114181537406
1781732121011
114276918082
1781732122009
114372790456
1781732123011
114468410207
1781732124014
114563855641
1781732125011
114659210133
1781732126012
114754860523
1781732127013
114850287769
1781732128011
114946121752
1781732129014
115041677599
1781732130011
115137135668
1781732131011
115232797471
1781732132011
115327854845
1781732133010
115423018175
1781732134014
115518014392
1781732135010
115611093072
1781732136011
115706394342
1781732137011
115801836908
1781732138011
115897026667
1781732139011
115992784539
1781732140014
116088309746
1781732141013
116183630303
1781732142011
116279102227
1781732143010
116374757621
1781732144011
116470540091
1781732145011
116566251211
1781732146013
116662046620
1781732147011
116757583485
1781732148011
116853125720
1781732149014
116948541187
1781732150012
117043943042
1781732151011
117139508959
1781732152013
117234710864
1781732153011
117330449633
1781732154011
117426263413
1781732155011
117522081344
1781732156012
117617754683
1781732157011
117713296309
1781732158010
117809213666
1781732159013
117904913494
1781732160010
118000468059
1781732161010
118096047771
1781732162010
118189049547
1781732163011
118282875478
1781732164013
118377899832
1781732165011
118472562737
1781732166010
118567628900
1781732167011
118662794305
1781732168014
118757507381
1781732169010
118852707088
1781732170013
118947535337
1781732171011
119042470641
1781732172011
119137611449
1781732173013
119231999941
1781732174010
119327272890
1781732175011
119422262637
1781732176014
119517059514
1781732177011
119612257756
1781732178012
119706424568
1781732179011
119801378061
1781732180013
119895629406
1781732181011
119990479261
1781732182010
120085724073
1781732183013
120180614700
1781732184011
120276263625
1781732185012
120370708695
1781732186011
120465285236
1781732187011
120559277243
1781732188011
120654407188
1781732189011
120749710350
1781732190014
120844521936
1781732191011
120939820581
1781732192011
121036596822
1781732193035
121128871549
1781732194011
121224686429
1781732195014
121319277678
1781732196013
121414517913
1781732197011
121509191255
1781732198011
121604150179
1781732199011
121699076144
1781732200011
121793946080
1781732201010
121888578040
1781732202010
121983976111
1781732203012
122078735024
1781732204011
122174107521
1781732205011
122268742533
1781732206010
122364362222
1781732207014
122457218735
1781732208010
122551613879
1781732209011
122646505176
1781732210011
122741353444
1781732211011
122836206778
1781732212011
122931542167
1781732213014
123026738639
1781732214010
123122109061
1781732215012
123217026482
1781732216011
123312143609
1781732217010
123407560479
1781732218011
123503078118
1781732219011
123597845270
1781732220010
123692890010
1781732221010
123787739376
1781732222011
123884988761
1781732223036
123977041687
1781732224011
124071802980
1781732225010
124166572025
1781732226011
124262169070
1781732227014
124357446475
1781732228014
124452391545
1781732229014
124547139349
1781732230011
124641980293
1781732231011
124737090279
1781732232014
124831729136
1781732233011
124926778453
1781732234011
125022199046
1781732235012
125116885083
1781732236011
125212044202
1781732237010
125307057020
1781732238014
125401503251
1781732239011
125496585954
1781732240010
125591377704
1781732241010
125686752765
1781732242011
125780790793
1781732243011
125874895838
1781732244008
125969038114
1781732245011
126063544158
1781732246011
126159212126
1781732247011
126254674101
1781732248010
126350354948
1781732249011
126445954800
1781732250014
126541092008
1781732251011
126636566007
1781732252010
126731307647
1781732253010
126826392608
1781732254013
126921542633
1781732255011
127016808381
1781732256010
127112699676
1781732257011
127207711029
1781732258010
127303632781
1781732259011
127399473111
1781732260013
127495021756
1781732261014
127590694363
1781732262011
127686197414
1781732263011
127782191980
1781732264014
127877842919
1781732265011
127972890100
1781732266011
128068501428
1781732267010
128163693323
1781732268011
128258244167
1781732269011
128353776454
1781732270011
128449265590
1781732271012
128545111475
1781732272011
128640706018
1781732273012
128734283293
1781732274010
128830104764
1781732275011
128925618435
1781732276014
129021218410
1781732277014
129116381680
1781732278014
129210856414
1781732279011
129306436919
1781732280011
129401636626
1781732281011
129497078215
1781732282013
129591892853
1781732283011
129686292819
1781732284011
129781852755
1781732285011
129876669223
1781732286010
129971754856
1781732287011
130066836522
1781732288011
130161709204
1781732289010
130257031470
1781732290011
130352617163
1781732291014
130447459754
1781732292011
130542428505
1781732293010
130637808876
1781732294011
130733699561
1781732295014
130828773414
1781732296011
130924379554
1781732297011
131019386696
1781732298011
131114612709
1781732299011
131210196266
1781732300011
131305849464
1781732301013
131401024940
1781732302011
131496189064
1781732303011
131588991805
1781732304013
131681925832
1781732305010
131777474843
1781732306011
131873229664
1781732307014
131968162587
1781732308014
132062859916
1781732309011
132157906914
1781732310011
132253057427
1781732311011
132348823783
1781732312011
132444053337
1781732313011
132538661188
1781732314011
132634213189
1781732315011
132729483209
1781732316013
132824423762
1781732317011
132919522457
1781732318014
133014281308
1781732319011
133109333006
1781732320011
133203075197
1781732321014
133296970709
1781732322010
133392568914
1781732323012
133487835821
1781732324011
133583463933
1781732325011
133678591131
1781732326011
133774045232
1781732327010
133869480169
1781732328013
133964121467
1781732329010
134059378914
1781732330012
134154570870
1781732331011
134250326301
1781732332011
134345253853
1781732333010
134440938789
1781732334011
134536748480
1781732335011
134632064337
1781732336014
134727518805
1781732337011
134822736395
1781732338011
134917815559
1781732339010
135013463629
1781732340014
135108384041
1781732341011
135203343026
1781732342011
135309995280
1781732343135
135393024242
1781732344012
135488705943
1781732345010
135584236033
1781732346011
135680128427
1781732347011
135775482614
1781732348013
135870444162
1781732349011
135965676829
1781732350011
136061524057
1781732351014
136157039559
1781732352014
136251999094
1781732353010
136347499704
1781732354010
136443087594
1781732355011
136538192270
1781732356014
136633435312
1781732357013
136728149608
1781732358011
136823117810
1781732359014
136918568921
1781732360013
137013352919
1781732361012
137108677687
1781732362012
137203674209
1781732363011
137299258803
1781732364011
137395066358
1781732365014
137489826003
1781732366011
137585510206
1781732367014
137680401138
1781732368010
137775947036
1781732369011
137871540053
1781732370011
137966778273
1781732371011
138062235304
1781732372010
138157103470
1781732373011
138252043839
1781732374010
138346951189
1781732375013
138440804892
1781732376014
138536100668
1781732377011
138631711202
1781732378011
138727170980
1781732379011
138822604207
1781732380011
138918008931
1781732381011
139013381612
1781732382011
139108943379
1781732383011
139204440571
1781732384012
139300424762
1781732385012
139395986407
1781732386012
139491654008
1781732387011
139587314652
1781732388014
139682123369
1781732389010
139777703508
1781732390013
139872908770
1781732391011
139968705644
1781732392013
140063899064
1781732393011
140159919510
1781732394014
140254595720
1781732395011
140347494103
1781732396014
140443331687
1781732397013
140538681418
1781732398011
140634369894
1781732399011
140727975001
1781732400011
140811259578
1781732401010
140868439729
1781732402011
140935454450
1781732403130
140983882305
1781732404035
141033740393
1781732405010
141083345246
1781732406011
141126453107
1781732407011
141167455199
1781732408014
141207630206
1781732409015
141247950904
1781732410014
141287891109
1781732411011
141328784559
1781732412011
141371410854
1781732413012
141412569074
1781732414011
141455371943
1781732415012
141497866585
1781732416011
141539004175
1781732417014
141580334086
1781732418012
141624185048
1781732419015
141669719783
1781732420011
141711110057
1781732421011
141751955900
1781732422012
141792290453
1781732423015
141834291566
1781732424012
141877704724
1781732425013
141920543542
1781732426015
141963318946
1781732427016
142004045526
1781732428015
142044380506
1781732429015
142084478547
1781732430015
142125234241
1781732431013
142166510930
1781732432015
142208948138
1781732433038
142250837802
1781732434015
142297160864
1781732435014
142340212085
1781732436015
142381213872
1781732437013
142421941246
1781732438012
142463283120
1781732439012
142503921260
1781732440015
142543926102
1781732441012
142584001133
1781732442011
142625575429
1781732443011
142665985238
1781732444015
142708191428
1781732445015
142750555211
1781732446015
142792814197
1781732447012
142834366764
1781732448038
142875740682
1781732449015
142922210351
1781732450014
142963075480
1781732451015
143003887266
1781732452013
143045417433
1781732453014
143086905241
1781732454014
143130028056
1781732455011
143172301141
1781732456011
143214778632
1781732457014
143255629419
1781732458012
143295627974
1781732459011
143336185914
1781732460012
143377727495
1781732461014
143419471468
1781732462015
143460791797
1781732463013
143502900392
1781732464015
143547934457
1781732465011
143590446738
1781732466011
143632323096
1781732467015
143672793085
1781732468012
143714992074
1781732469014
143755912440
1781732470015
143795672775
1781732471015
143836752443
1781732472015
143876999105
1781732473013
143917796059
1781732474012
143960080618
1781732475011
144002962345
1781732476015
144045046526
1781732477013
144087147493
1781732478015
144129612472
1781732479013
144174107109
1781732480011
144215117136
1781732481012
144255838895
1781732482014
144296227463
1781732483014
144337926148
1781732484011
144380376112
1781732485012
144423751490
1781732486015
144465136088
1781732487015
144504923706
1781732488014
144545143696
1781732489012
144585516273
1781732490012
144626891595
1781732491012
144668628670
1781732492015
144709652064
1781732493014
144753840427
1781732494014
144799965736
1781732495014
144842942799
1781732496014
144884115912
1781732497013
144925250694
1781732498013
144966657693
1781732499015
145007378902
1781732500012
145047973646
1781732501012
145091852562
1781732502013
145132957682
1781732503012
145173590329
1781732504012
145215863231
1781732505013
145258431054
1781732506014
145300754066
1781732507014
145343158804
1781732508038
145384645697
1781732509013
145427542255
1781732510012
145467834937
1781732511013
145508736993
1781732512015
145549075879
1781732513015
145590435637
1781732514011
145633714090
1781732515015
145676447562
1781732516012
145718290351
1781732517013
145758398647
1781732518014
145798673324
1781732519013
145839291079
1781732520013
145879638265
1781732521015
145920960425
1781732522013
145963272085
1781732523036
146005291874
1781732524013
146051171579
1781732525013
146093924582
1781732526014
146136211888
1781732527015
146176345758
1781732528014
146216938916
1781732529015
146257713530
1781732530015
146298686021
1781732531011
146339999636
1781732532015
146380608418
1781732533014
146421010537
1781732534015
146463509696
1781732535015
146506268558
1781732536015
146547790119
1781732537012
146589093847
1781732538014
146632549973
1781732539012
146677125421
1781732540013
146718226878
1781732541015
146759021878
1781732542014
146799149766
1781732543012
146839370428
1781732544014
146882394487
1781732545013
146924841278
1781732546015
146966761947
1781732547012
147007843568
1781732548015
147047978292
1781732549013
147088202554
1781732550013
147129303706
1781732551014
147170801037
1781732552015
147211412017
1781732553014
147254833475
1781732554013
147301819927
1781732555015
147344777764
1781732556014
147386477914
1781732557011
147426986416
1781732558015
147467359360
1781732559015
147507811832
1781732560015
147547871483
1781732561015
147589436012
1781732562015
147628792967
1781732563012
147669203264
1781732564011
147711876739
1781732565011
147754727887
1781732566014
147795665465
1781732567012
147837277175
1781732568013
147880382350
1781732569012
147926340240
1781732570012
147967039111
1781732571012
148007680059
1781732572015
148048656394
1781732573014
148088701519
1781732574013
148132822927
1781732575015
148176390442
1781732576012
148217774858
1781732577013
148258825900
1781732578016
148299062431
1781732579013
148339173534
1781732580011
148380411527
1781732581015
148421339034
1781732582015
148463218260
1781732583015
148506088329
1781732584014
148553107007
1781732585015
148596332971
1781732586014
148638731544
1781732587013
148679167781
1781732588012
148719682997
1781732589014
148760378205
1781732590012
148800708546
1781732591015
148841504096
1781732592013
148882475915
1781732593014
148923206829
1781732594014
148965123958
1781732595015
149008201606
1781732596011
149050327292
1781732597014
149092826329
1781732598037
149135643053
1781732599013
149181449759
1781732600012
149222568184
1781732601013
149263227016
1781732602011
149303742293
1781732603015
149343896914
1781732604014
149387095839
1781732605015
149431219994
1781732606012
149473806921
1781732607012
149514784172
1781732608011
149555394541
1781732609013
149595497161
1781732610013
149636641404
1781732611015
149678346314
1781732612012
149719563921
1781732613014
149761811127
1781732614015
149806411477
1781732615012
149848787223
1781732616014
149890428291
1781732617011
149931141321
1781732618015
149972426921
1781732619015
150013003294
1781732620012
150053759904
1781732621014
150094961520
1781732622014
150134330559
1781732623012
150174622937
1781732624013
150217036524
1781732625013
150260188514
1781732626015
150302551015
1781732627012
150344904300
1781732628038
150386734393
1781732629014
150430086455
1781732630015
150470566576
1781732631014
150511319951
1781732632014
150551939293
1781732633014
150592105511
1781732634012
150635515495
1781732635014
150677912847
1781732636011
150721568314
1781732637015
150761796543
1781732638015
150801980339
1781732639012
150842835765
1781732640015
150883362394
1781732641014
150924670089
1781732642013
150965667848
1781732643014
151008428541
1781732644015
151054155597
1781732645013
151097153229
1781732646015
151139147384
1781732647013
151179003544
1781732648013
151219725791
1781732649013
151260951332
1781732650012
151300486021
1781732651013
151340494037
1781732652013
151381040442
1781732653013
151421764825
1781732654015
151464295233
1781732655014
151506877644
1781732656015
151548198644
1781732657012
151589214591
1781732658013
151631771794
1781732659015
151678602302
1781732660015
151725218149
1781732661013
151772013379
1781732662016
151818496109
1781732663012
151865216204
1781732664013
151913117082
1781732665015
151960253925
1781732666015
152007761799
1781732667015
152054056175
1781732668011
152100977502
1781732669015
152147727749
1781732670015
152194302764
1781732671012
152241028169
1781732672013
152287832920
1781732673014
152334964818
1781732674013
152382951268
1781732675015
152429924292
1781732676015
152476952797
1781732677014
152523553020
1781732678015
152569508835
1781732679014
152616210619
1781732680013
152662723074
1781732681012
152709551201
1781732682013
152756282954
1781732683013
152803208371
1781732684014
152850549802
1781732685015
152897791869
1781732686015
152944455079
1781732687012
152991193729
1781732688012
153038291631
1781732689012
153085374213
1781732690012
153132288156
1781732691012
153178960705
1781732692013
153225735304
1781732693014
153274376598
1781732694010
