13222128557
1781738269181
13228594154
1781738270020
13236033488
1781738271023
13243507951
1781738272026
13250845020
1781738273023
13258194161
1781738274026
13265853310
1781738275020
13273223427
1781738276024
13280588006
1781738277024
13287941874
1781738278022
13295234206
1781738279023
13302837220
1781738280024
13310183102
1781738281024
13317583482
1781738282024
13325395739
1781738283024
13332997131
1781738284023
13341218708
1781738285020
13352352870
1781738286021
13365400022
1781738287021
13375192098
1781738288023
13382830256
1781738289023
13390717192
1781738290024
13398503545
1781738291025
13406106559
1781738292023
13414447706
1781738293022
13422500096
1781738294022
13429868668
1781738295021
13437791176
1781738296024
13445387947
1781738297026
13453187168
1781738298023
13460991117
1781738299023
13468705851
1781738300023
13476431892
1781738301025
13484047039
1781738302025
13491597114
1781738303023
13499557980
1781738304022
13508383632
1781738305023
13522333881
1781738306024
13538390634
1781738307020
13555997951
1781738308018
13573110726
1781738309022
13590344783
1781738310020
13607548899
1781738311019
13625058724
1781738312021
13642377039
1781738313020
13659768839
1781738314019
13677165414
1781738315014
13694513028
1781738316018
13711725084
1781738317020
13729229493
1781738318021
13746749706
1781738319020
13764063385
1781738320020
13781392686
1781738321022
13798572841
1781738322018
13816097676
1781738323019
13833275031
1781738324023
13850356334
1781738325019
13867746895
1781738326020
13884906289
1781738327020
13902319326
1781738328022
13919582331
1781738329021
13936729302
1781738330019
13954139080
1781738331021
13971457961
1781738332022
13988717631
1781738333018
14006110334
1781738334020
14023162566
1781738335015
14040635013
1781738336022
14057967527
1781738337020
14075148340
1781738338019
14092612097
1781738339019
14109842024
1781738340020
14127115005
1781738341019
14144499538
1781738342019
14161655948
1781738343020
14179282971
1781738344018
14196607543
1781738345017
14214009228
1781738346019
14231503217
1781738347019
14248733741
1781738348022
14266109476
1781738349021
14283412323
1781738350018
14300532151
1781738351021
14318052242
1781738352020
14335469517
1781738353019
14352579385
1781738354022
14369608927
1781738355015
14386944439
1781738356020
14404015552
1781738357018
14421410367
1781738358018
14438650223
1781738359019
14455912938
1781738360019
14473494153
1781738361021
14490509221
1781738362021
14507955765
1781738363023
14525248682
1781738364022
14542327430
1781738365015
14560054989
1781738366020
14577586065
1781738367019
14595428359
1781738368018
14612785934
1781738369020
14629914360
1781738370022
14647190279
1781738371018
14664445650
1781738372020
14681643370
1781738373019
14699177506
1781738374019
14716636765
1781738375017
14734387197
1781738376020
14751746975
1781738377019
14768926075
1781738378020
14786635351
1781738379021
14804023388
1781738380021
14821205089
1781738381019
14838417681
1781738382022
14855403664
1781738383018
14872509493
1781738384022
14889910458
1781738385015
14907364132
1781738386022
14924614622
1781738387019
14941855947
1781738388020
14958967085
1781738389019
14976171675
1781738390019
14993415417
1781738391018
15010837940
1781738392022
15028294185
1781738393021
15045408459
1781738394019
15062754589
1781738395015
15080121940
1781738396019
15097392335
1781738397020
15114789384
1781738398020
15132019326
1781738399021
15149176302
1781738400020
15166302388
1781738401021
15183277554
1781738402022
15200683966
1781738403020
15218382073
1781738404020
15235823094
1781738405015
15253700272
1781738406022
15271210081
1781738407019
15288952895
1781738408018
15306720525
1781738409019
15324482034
1781738410021
15342051728
1781738411019
15359629623
1781738412021
15377002222
1781738413020
15394643550
1781738414019
15412157874
1781738415016
15429891675
1781738416023
15447630312
1781738417020
15465149056
1781738418021
15482589618
1781738419019
15500446371
1781738420020
15517948591
1781738421019
15535496085
1781738422020
15553295829
1781738423021
15570861193
1781738424020
15588651926
1781738425015
15606365914
1781738426021
15624192006
1781738427019
15642316707
1781738428020
15659720931
1781738429020
15677482946
1781738430018
15695286577
1781738431022
15712620390
1781738432019
15730317824
1781738433020
15747933816
1781738434020
15765641148
1781738435015
15783528072
1781738436023
15801234823
1781738437020
15818863499
1781738438016
15836432412
1781738439019
15853943323
1781738440022
15871747673
1781738441019
15889314965
1781738442022
15906645749
1781738443018
15924246288
1781738444019
15941634876
1781738445015
15959541399
1781738446022
15977032267
1781738447020
15994621652
1781738448021
16012265367
1781738449019
16029758469
1781738450019
16047237648
1781738451019
16064934592
1781738452020
16082356809
1781738453019
16100383223
1781738454019
16117953055
1781738455015
16135598560
1781738456020
16153335360
1781738457020
16171056295
1781738458018
16188581144
1781738459018
16206350518
1781738460020
16223353225
1781738461019
16240487848
1781738462022
16257986504
1781738463019
16275194689
1781738464019
16292848793
1781738465017
16310281766
1781738466018
16327808543
1781738467019
16345542146
1781738468019
16362893463
1781738469019
16380504681
1781738470020
16398051210
1781738471019
16415274818
1781738472019
16432877514
1781738473019
16450102514
1781738474023
16467320599
1781738475016
16484925161
1781738476022
16502075681
1781738477020
16519562709
1781738478020
16537021401
1781738479019
16554255551
1781738480019
16571827616
1781738481019
16589158492
1781738482018
16606678568
1781738483020
16624274700
1781738484020
16641441193
1781738485015
16658958347
1781738486019
16676872000
1781738487021
16694903356
1781738488019
16712465751
1781738489019
16729811606
1781738490018
16747244839
1781738491019
16764880338
1781738492020
16782201361
1781738493019
16799813130
1781738494019
16817381294
1781738495014
16834700909
1781738496022
16852331237
1781738497019
16870375567
1781738498019
16888035960
1781738499019
16905484508
1781738500020
16922796550
1781738501021
16940294104
1781738502024
16957829358
1781738503019
16975156791
1781738504021
16992573332
1781738505015
17010074941
1781738506022
17027391052
1781738507020
17045029673
1781738508021
17062546275
1781738509020
17079963826
1781738510022
17097492516
1781738511019
17114740405
1781738512021
17132277142
1781738513020
17149701624
1781738514018
17166865500
1781738515017
17184598767
1781738516023
17201894284
1781738517021
17219297728
1781738518023
17236975012
1781738519019
17254356332
1781738520022
17271820701
1781738521021
17289631063
1781738522019
17306982870
1781738523019
17324121119
1781738524023
17341449088
1781738525013
17358806265
1781738526021
17376313428
1781738527020
17393867378
1781738528020
17411687670
1781738529019
17428711827
1781738530020
17445892671
1781738531018
17463377970
1781738532020
17480706016
1781738533019
17497998260
1781738534021
17515367279
1781738535014
17532747084
1781738536022
17550106587
1781738537018
17567177776
1781738538020
17584668491
1781738539019
17602499034
1781738540019
17620022430
1781738541019
17637803111
1781738542020
17655754402
1781738543021
17673333001
1781738544019
17690951318
1781738545015
17708724854
1781738546020
17726472961
1781738547016
17744726947
1781738548020
17762175067
1781738549018
17779944028
1781738550021
17797675167
1781738551021
17815309305
1781738552022
17833015704
1781738553023
17850742988
1781738554020
17868057570
1781738555014
17885127030
1781738556020
17902780078
1781738557022
17920369907
1781738558019
17938383300
1781738559023
17955748372
1781738560021
17973305612
1781738561019
17990948348
1781738562020
18008290485
1781738563020
18025863498
1781738564022
18043174668
1781738565014
18060922546
1781738566022
18078744582
1781738567020
18096092656
1781738568020
18113370211
1781738569019
18131060745
1781738570020
18148810045
1781738571018
18166324047
1781738572022
18183727231
1781738573020
18201018067
1781738574024
18218336320
1781738575016
18235683506
1781738576022
18252846235
1781738577019
18270399053
1781738578019
18287670856
1781738579019
18305238653
1781738580019
18322751323
1781738581019
18340165080
1781738582021
18357647732
1781738583019
18375012864
1781738584018
18392542702
1781738585015
18410308037
1781738586023
18427543533
1781738587018
18445148340
1781738588020
18462978210
1781738589020
18480806122
1781738590022
18498554658
1781738591018
18516143400
1781738592020
18533679969
1781738593020
18551403045
1781738594021
18568560098
1781738595015
18586097968
1781738596021
18603482486
1781738597020
18620893106
1781738598019
18638503222
1781738599019
18656214609
1781738600020
18673635051
1781738601019
18691252313
1781738602020
18708814846
1781738603021
18726363579
1781738604020
18743912297
1781738605015
18761409836
1781738606020
18779310514
1781738607022
18797112248
1781738608019
18814426080
1781738609022
18831980688
1781738610018
18849330184
1781738611020
18866912424
1781738612022
18884346162
1781738613022
18901487899
1781738614018
18919044144
1781738615015
18936524976
1781738616021
18953981924
1781738617020
18971721540
1781738618021
18988966889
1781738619019
19006609426
1781738620022
19024351642
1781738621019
19041822498
1781738622020
19059689440
1781738623019
19077159179
1781738624021
19094542672
1781738625014
19112511313
1781738626019
19129929813
1781738627021
19147483380
1781738628020
19165124663
1781738629020
19182566877
1781738630020
19200092323
1781738631019
19217590948
1781738632022
19234864358
1781738633018
19252721997
1781738634021
19270083259
1781738635015
19287664673
1781738636022
19305287932
1781738637020
19322681431
1781738638019
19340204123
1781738639020
19357706405
1781738640018
19375183702
1781738641016
19392917443
1781738642019
19410325186
1781738643018
19427869788
1781738644019
19445439222
1781738645016
19462833960
1781738646023
19480373482
1781738647022
19497921572
1781738648019
19515302388
1781738649020
19533188149
1781738650022
19550873067
1781738651019
19568473055
1781738652024
19586184136
1781738653020
19603580787
1781738654022
19620829119
1781738655016
19638568077
1781738656020
19656029477
1781738657019
19673610034
1781738658020
19691063677
1781738659019
19708436384
1781738660020
19726127636
1781738661022
19743451290
1781738662020
19761035902
1781738663019
19778633181
1781738664019
19795985095
1781738665017
19813783233
1781738666019
19831562782
1781738667023
19849498299
1781738668019
19867288741
1781738669018
19884551241
1781738670020
19902108557
1781738671021
19919849091
1781738672020
19937158761
1781738673019
19954758259
1781738674019
19972091400
1781738675015
19989579514
1781738676018
20007303876
1781738677020
20024807779
1781738678022
20042203956
1781738679019
20059787970
1781738680020
20077687440
1781738681021
20095389892
1781738682022
20112912141
1781738683019
20130457171
1781738684020
20148214076
1781738685015
20165597767
1781738686020
20183066573
1781738687021
20200545584
1781738688018
20217993092
1781738689019
20235719580
1781738690020
20253106806
1781738691020
20270333657
1781738692021
20287810725
1781738693018
20305430373
1781738694020
20322813254
1781738695015
20340506587
1781738696021
20357961087
1781738697019
20375503868
1781738698020
20392945623
1781738699020
20410409135
1781738700022
20427892659
1781738701018
20445188713
1781738702020
20462522343
1781738703019
20480217282
1781738704021
20497547378
1781738705015
20515130597
1781738706021
20532572046
1781738707019
20549822598
1781738708021
20567427206
1781738709018
20584887092
1781738710019
20603021524
1781738711020
20620717290
1781738712020
20638096254
1781738713020
20655747925
1781738714019
20673179077
1781738715015
20690618614
1781738716019
20708303746
1781738717019
20725764290
1781738718022
20743254852
1781738719018
20760960884
1781738720020
20778363609
1781738721020
20796006789
1781738722020
20813802249
1781738723018
20831150384
1781738724019
20848826412
1781738725017
20866570710
1781738726020
20884247687
1781738727018
20902375311
1781738728019
20919542523
1781738729018
20936938378
1781738730015
20954602641
1781738731019
20972002551
1781738732020
20989637071
1781738733020
21007132315
1781738734019
21024572096
1781738735016
21042522423
1781738736022
21059928744
1781738737019
21077501436
1781738738018
21095177282
1781738739019
21112452864
1781738740016
21130160288
1781738741019
21148211855
1781738742021
21165781121
1781738743019
21183580697
1781738744019
21200831110
1781738745017
21218473112
1781738746020
21236203639
1781738747020
21253490375
1781738748022
21271035466
1781738749019
21288507883
1781738750022
21305916422
1781738751019
21323517909
1781738752020
21341085461
1781738753019
21358587375
1781738754019
21376107543
1781738755015
21393587472
1781738756022
21411432061
1781738757018
21428963658
1781738758019
21446389409
1781738759019
21464192290
1781738760020
21481736203
1781738761020
21499242479
1781738762020
21517052994
1781738763019
21534625672
1781738764018
21552308295
1781738765016
21569966545
1781738766021
21587241622
1781738767019
21604942223
1781738768019
21622501895
1781738769019
21640148288
1781738770019
21657895569
1781738771020
21675220172
1781738772019
21693037190
1781738773019
21710672077
1781738774020
21728097538
1781738775016
21745821364
1781738776020
21763410290
1781738777019
21780909374
1781738778019
21798257065
1781738779019
21815751284
1781738780020
21833345855
1781738781021
21850731276
1781738782020
21867919326
1781738783020
21885370185
1781738784019
21902776613
1781738785016
21920361209
1781738786020
21938062880
1781738787019
21955802083
1781738788019
21973314998
1781738789019
21991002793
1781738790020
22008259709
1781738791020
22025687296
1781738792019
22043203608
1781738793019
22060520577
1781738794018
22078093499
1781738795013
22095637779
1781738796020
22113200083
1781738797020
22130890938
1781738798020
22148226113
1781738799020
22165852279
1781738800019
22183522570
1781738801019
22200958466
1781738802020
22218773526
1781738803022
22236189225
1781738804019
22253903351
1781738805017
22271645139
1781738806020
22289125083
1781738807019
22306816565
1781738808025
22324426926
1781738809021
22341765192
1781738810019
22359319218
1781738811019
22376744664
1781738812020
22394376277
1781738813022
22411920006
1781738814022
22429125744
1781738815017
22446831929
1781738816018
22464551364
1781738817020
22481949422
1781738818020
22499665323
1781738819018
22517049259
1781738820024
22534343278
1781738821019
22551824736
1781738822019
22569256791
1781738823018
22587037136
1781738824019
22604271637
1781738825016
22621722817
1781738826020
22639412402
1781738827019
22656692772
1781738828023
22673951708
1781738829019
22691488201
1781738830022
22708702552
1781738831018
22726465684
1781738832020
22744109736
1781738833020
22761800590
1781738834020
22779327398
1781738835016
22796918665
1781738836022
22814369416
1781738837019
22832079182
1781738838023
22849513379
1781738839019
22867077855
1781738840020
22884772290
1781738841022
22902072321
1781738842019
22919722998
1781738843021
22937005098
1781738844019
22954286646
1781738845015
22972251570
1781738846020
22989851328
1781738847018
23007995323
1781738848022
23025392341
1781738849020
23042932490
1781738850020
23060546263
1781738851020
23077891154
1781738852015
23095351728
1781738853019
23112841296
1781738854022
23130143622
1781738855015
23147824899
1781738856022
23165457185
1781738857021
23183104404
1781738858020
23200716402
1781738859020
23218166542
1781738860019
23235568288
1781738861020
23253344501
1781738862020
23270997014
1781738863019
23288613939
1781738864018
23306310163
1781738865016
23323970816
1781738866020
23341648742
1781738867018
23359088079
1781738868018
23376512745
1781738869019
23394090563
1781738870019
23411244387
1781738871018
23428818135
1781738872019
23446489253
1781738873019
23463924613
1781738874018
23481450304
1781738875014
23499068147
1781738876019
23516533173
1781738877019
23534390446
1781738878020
23551603558
1781738879018
23569155580
1781738880021
23587011522
1781738881021
23604686954
1781738882021
23622441839
1781738883023
23640221556
1781738884019
23657787057
1781738885018
23675374040
1781738886019
23692831921
1781738887019
23710446352
1781738888020
23728199310
1781738889020
23745759288
1781738890021
23763426733
1781738891018
23781311607
1781738892021
23798892225
1781738893023
23816685222
1781738894023
23834306095
1781738895017
23851885917
1781738896022
23870010511
1781738897019
23887577834
1781738898021
23905152362
1781738899019
23922653252
1781738900019
23940082446
1781738901023
23957706179
1781738902020
23975244569
1781738903021
23992679807
1781738904019
24010243227
1781738905015
24028047164
1781738906021
24045041685
1781738907019
24056568659
1781738908020
24067524867
1781738909022
24077398431
1781738910022
24086246972
1781738911020
24095341644
1781738912023
24104387386
1781738913020
24116427216
1781738914023
24132325293
1781738915017
24149603629
1781738916019
24166735208
1781738917019
24184164769
1781738918020
24201560333
1781738919018
24218994760
1781738920020
24236532660
1781738921021
24253615263
1781738922018
24270867329
1781738923019
24288413139
1781738924018
24306009256
1781738925016
24323532943
1781738926018
24340772585
1781738927020
24358478801
1781738928019
24376274124
1781738929021
24393366320
1781738930020
24410611409
1781738931018
24428212101
1781738932019
24445791602
1781738933018
24463224100
1781738934021
24480384091
1781738935016
24497625462
1781738936019
24515128754
1781738937021
24532224515
1781738938022
24549485041
1781738939020
24566759415
1781738940019
24583797387
1781738941018
24601179243
1781738942019
24618620172
1781738943019
24636127457
1781738944021
24653554387
1781738945016
24670838430
1781738946020
24688106805
1781738947019
24705680064
1781738948022
24722921603
1781738949022
24740434901
1781738950022
24758160900
1781738951021
24775470907
1781738952020
24792934694
1781738953019
24810116089
1781738954019
24827364789
1781738955015
24844831315
1781738956022
24861843905
1781738957022
24879365113
1781738958020
24897230036
1781738959019
24914694879
1781738960019
24932154290
1781738961019
24949432718
1781738962025
24966553617
1781738963018
24983851674
1781738964020
25000878493
1781738965015
25018583990
1781738966020
25036209054
1781738967019
25053940775
1781738968020
25071353950
1781738969019
25088657271
1781738970019
25105940610
1781738971019
25123423201
1781738972019
25140712277
1781738973019
25158105792
1781738974022
25175329047
1781738975015
25192603298
1781738976020
25209931329
1781738977020
25227201265
1781738978021
25244666230
1781738979019
25262302923
1781738980022
25279656167
1781738981019
25297144679
1781738982021
25314506936
1781738983019
25331867142
1781738984022
25349449565
1781738985016
25366971982
1781738986020
25384260309
1781738987019
25401801361
1781738988020
25419239811
1781738989018
25436933007
1781738990022
25454098521
1781738991019
25471549792
1781738992023
25489012906
1781738993019
25506397394
1781738994023
25523729004
1781738995015
25541118372
1781738996019
25558298910
1781738997019
25576135161
1781738998023
25593490303
1781738999020
25610959644
1781739000022
25628310854
1781739001015
25645772866
1781739002022
25662956770
1781739003019
25680504386
1781739004021
25697674184
1781739005017
25715176604
1781739006022
25732486641
1781739007020
25749777645
1781739008020
25767224786
1781739009020
25784670290
1781739010019
25802037764
1781739011018
25819606708
1781739012020
25836863761
1781739013022
25854339039
1781739014020
25871672317
1781739015016
25889041260
1781739016020
25906554053
1781739017019
25923992702
1781739018020
25941417704
1781739019019
25958970659
1781739020018
25976261633
1781739021022
25993647819
1781739022022
26011099702
1781739023018
26028513979
1781739024020
26045811531
1781739025016
26063812838
1781739026020
26081612200
1781739027020
26099644459
1781739028020
26116892516
1781739029019
26134291217
1781739030019
26151834519
1781739031021
26169058035
1781739032018
26186491773
1781739033019
26203797694
1781739034019
26221260212
1781739035017
26238901693
1781739036024
26256291183
1781739037019
26273970884
1781739038021
26291410497
1781739039019
26308797723
1781739040020
26326402011
1781739041020
26343818505
1781739042018
26361316136
1781739043020
26378908826
1781739044022
26396062100
1781739045016
26413642503
1781739046021
26431300157
1781739047022
26448509704
1781739048019
26466139802
1781739049020
26483867101
1781739050021
26501785849
1781739051023
26519611420
1781739052019
26537008760
1781739053021
26554421950
1781739054021
26571827046
1781739055016
26589503396
1781739056022
26606909135
1781739057020
26624373993
1781739058019
26641633036
1781739059020
26659401003
1781739060025
26676675636
1781739061019
26693972102
1781739062023
26711171903
1781739063017
26728420970
1781739064019
26745816321
1781739065016
26763211946
1781739066020
26780522672
1781739067019
26798024832
1781739068018
26815475079
1781739069018
26832912366
1781739070019
26850320477
1781739071019
26867751568
1781739072020
26885120235
1781739073019
26902516151
1781739074021
26919544944
1781739075015
26937109176
1781739076019
26954535065
1781739077020
26971923209
1781739078022
26988898498
1781739079018
27006266385
1781739080021
27023835818
1781739081019
27042006511
1781739082021
27059388964
1781739083019
27077066614
1781739084020
27094476423
1781739085016
27112400587
1781739086021
27130375991
1781739087021
27148142412
1781739088019
27165700585
1781739089020
27183190275
1781739090021
27200567862
1781739091019
27218192835
1781739092020
27235702997
1781739093018
27253515119
1781739094021
27271166163
1781739095015
27288560350
1781739096018
27306325425
1781739097019
27323888280
1781739098020
27341486738
1781739099022
27359166087
1781739100021
27376653681
1781739101019
27394384713
1781739102021
27412080831
1781739103021
27429432530
1781739104022
27446712243
1781739105015
27464329979
1781739106019
27481817175
1781739107018
27499508840
1781739108018
27517379271
1781739109018
27535446459
1781739110020
27553240788
1781739111019
27570863267
1781739112020
27588941073
1781739113018
27606845133
1781739114019
27624474497
1781739115015
27642258636
1781739116019
27659987832
1781739117018
27677336686
1781739118019
27694854099
1781739119022
27712454194
1781739120025
27730063117
1781739121020
27747704568
1781739122016
27765439594
1781739123019
27783181642
1781739124019
27800815336
1781739125015
27818386192
1781739126019
27836060278
1781739127018
27853932560
1781739128021
27871701965
1781739129021
27889516780
1781739130018
27907340576
1781739131020
27925324992
1781739132021
27942929600
1781739133020
27960262725
1781739134019
27977951055
1781739135016
27995665992
1781739136019
28013635368
1781739137021
28031501208
1781739138019
28049285270
1781739139018
28067099213
1781739140023
28084828976
1781739141019
28102304085
1781739142018
28120038498
1781739143018
28138043370
1781739144021
28155591659
1781739145017
28173307606
1781739146019
28191238655
1781739147021
28209327279
1781739148020
28227121209
1781739149020
28244583176
1781739150019
28262311546
1781739151019
28280019873
1781739152019
28297734427
1781739153019
28315639665
1781739154020
28333172716
1781739155017
28350913601
1781739156022
28368511233
1781739157019
28385874407
1781739158019
28403580072
1781739159018
28421153698
1781739160019
28438762682
1781739161018
28456665916
1781739162018
28474374901
1781739163020
28491946171
1781739164021
28509293586
1781739165016
28526790330
1781739166019
28544600448
1781739167020
28562540937
1781739168022
28580124936
1781739169019
28597992597
1781739170020
28615904981
1781739171018
28633804818
1781739172021
28651340286
1781739173019
28668935546
1781739174019
28686930855
1781739175015
28704805462
1781739176020
28722481644
1781739177020
28740150589
1781739178019
28757703177
1781739179019
28775510082
1781739180019
28793217140
1781739181019
28810777072
1781739182019
28828480304
1781739183019
28846104191
1781739184018
28863651929
1781739185015
28881481447
1781739186021
28898993644
1781739187020
28916639669
1781739188019
28934328474
1781739189018
28952051580
1781739190019
28969808026
1781739191018
28987324032
1781739192018
29004843083
1781739193018
29022862184
1781739194022
29040447407
1781739195017
29058170361
1781739196020
29076047615
1781739197019
29093869866
1781739198021
29111845255
1781739199020
29129605434
1781739200019
29147288485
1781739201019
29165043217
1781739202019
29182616613
1781739203019
29200303628
1781739204019
29218055300
1781739205016
29235807186
1781739206022
29253715285
1781739207020
29271977549
1781739208019
29289608733
1781739209021
29307117456
1781739210019
29324601960
1781739211022
29342272312
1781739212020
29360237634
1781739213022
29377696005
1781739214021
29395444892
1781739215016
29413242403
1781739216018
29430964959
1781739217018
29448920519
1781739218021
29466470231
1781739219018
29484317176
1781739220022
29502191248
1781739221019
29519900738
1781739222021
29537587874
1781739223019
29555174367
1781739224018
29572741185
1781739225016
29590601640
1781739226020
29608386895
1781739227020
29626261212
1781739228019
29643939475
1781739229019
29661553890
1781739230020
29679337677
1781739231020
29697205660
1781739232020
29714885590
1781739233019
29732631341
1781739234020
29750237204
1781739235015
29768106564
1781739236021
29786294683
1781739237020
29803927780
1781739238020
29821593344
1781739239020
29839259214
1781739240021
29856835471
1781739241022
29874538336
1781739242018
29892026481
1781739243018
29909801577
1781739244019
29927533359
1781739245015
29945378070
1781739246022
29963165499
1781739247020
29980842568
1781739248019
29998532259
1781739249021
30016258090
1781739250019
30033854604
1781739251018
30051689095
1781739252020
30069477135
1781739253020
30087128837
1781739254021
30104753014
1781739255017
30122524530
1781739256019
30140393829
1781739257021
30158216126
1781739258019
30175922173
1781739259019
30193573324
1781739260021
30211464394
1781739261019
30229127403
1781739262018
30246779304
1781739263019
30264590600
1781739264019
30281783148
1781739265016
30299068278
1781739266020
30316321521
1781739267020
30334412532
1781739268018
30351867629
1781739269019
30369239723
1781739270019
30386867159
1781739271018
30404474950
1781739272019
30421895974
1781739273020
30439433660
1781739274018
30456693881
1781739275014
30474274713
1781739276020
30491852852
1781739277019
30509503284
1781739278019
30527150717
1781739279018
30544777220
1781739280019
30562243838
1781739281019
30580017909
1781739282020
30597605565
1781739283021
30614836899
1781739284019
30632652816
1781739285017
30650300081
1781739286019
30667877302
1781739287019
30685543952
1781739288021
30703029633
1781739289018
30720752893
1781739290022
30738336786
1781739291020
30755723017
1781739292020
30773578086
1781739293019
30791035341
1781739294021
30808513755
1781739295015
30826178783
1781739296019
30843706340
1781739297018
30861765083
1781739298021
30879857180
1781739299019
30897303801
1781739300018
30914906084
1781739301018
30932374063
1781739302018
30949995945
1781739303018
30967768884
1781739304020
30985259217
1781739305015
31002996247
1781739306020
31020692487
1781739307018
31038258677
1781739308020
31055960670
1781739309020
31073483607
1781739310019
31091198008
1781739311020
31108947615
1781739312022
31126767463
1781739313019
31144505243
1781739314022
31162018816
1781739315016
31179696758
1781739316019
31197314754
1781739317018
31214676796
1781739318019
31232208653
1781739319020
31249849216
1781739320019
31267438632
1781739321020
31285313377
1781739322019
31302939344
1781739323019
31320301753
1781739324020
31337873436
1781739325015
31355617611
1781739326020
31373372190
1781739327020
31391422962
1781739328018
31409009317
1781739329018
31426607010
1781739330019
31444014723
1781739331019
31461534569
1781739332020
31479429235
1781739333017
31497048807
1781739334019
31514510911
1781739335016
31532198981
1781739336020
31549485900
1781739337021
31567170604
1781739338019
31584766537
1781739339022
31602172950
1781739340021
31619762426
1781739341018
31637399425
1781739342022
31654810855
1781739343019
31672468616
1781739344023
31689673191
1781739345014
31707386704
1781739346018
31725012105
1781739347018
31742660610
1781739348020
31760367560
1781739349019
31777849080
1781739350019
31795544142
1781739351020
31813181599
1781739352020
31830829047
1781739353021
31848286256
1781739354022
31865699507
1781739355015
31883097978
1781739356019
31900732728
1781739357019
31918386495
1781739358019
31936144134
1781739359019
31953922581
1781739360019
31971452296
1781739361019
31989143380
1781739362020
32006773096
1781739363020
32024062800
1781739364018
32041770086
1781739365016
32059640058
1781739366019
32077117156
1781739367020
32094843828
1781739368019
32112493265
1781739369021
32129998760
1781739370018
32147677803
1781739371019
32165076366
1781739372020
32182835092
1781739373019
32200632664
1781739374021
32218122859
1781739375015
32236005132
1781739376022
32253684741
1781739377021
32271228149
1781739378020
32288878198
1781739379019
32306598199
1781739380020
32324314513
1781739381019
32342019535
1781739382021
32359599786
1781739383018
32377355482
1781739384019
32394725450
1781739385015
32412691658
1781739386022
32430598518
1781739387019
32448666885
1781739388020
32466265618
1781739389019
32483784837
1781739390018
32501583297
1781739391020
32519246366
1781739392020
32536586331
1781739393018
32554328149
1781739394019
32571875673
1781739395017
32589241418
1781739396021
32606841406
1781739397022
32624420020
1781739398022
32641964407
1781739399020
32659989475
1781739400021
32677773797
1781739401020
32695375483
1781739402022
32713081959
1781739403022
32730514626
1781739404021
32748273336
1781739405017
32765977196
1781739406021
32783480824
1781739407019
32801164090
1781739408019
32818608553
1781739409019
32836359338
1781739410019
32854116089
1781739411020
32871752476
1781739412019
32889528077
1781739413021
32907365536
1781739414018
32924835367
1781739415016
32942806119
1781739416020
32960264582
1781739417019
32977786127
1781739418019
32995217493
1781739419019
33012493504
1781739420021
33030595745
1781739421020
33048082620
1781739422019
33065404392
1781739423021
33082954609
1781739424019
33100316437
1781739425016
33117864038
1781739426023
33135295986
1781739427021
33152811471
1781739428020
33170507635
1781739429023
33188107592
1781739430020
33205444680
1781739431020
33223198280
1781739432019
33240931439
1781739433018
33258614429
1781739434020
33276092032
1781739435017
33293545125
1781739436020
33311078359
1781739437020
33328760064
1781739438022
33346216079
1781739439019
33364028109
1781739440019
33381759478
1781739441018
33399282430
1781739442020
33416927278
1781739443019
33434548655
1781739444022
33452109888
1781739445015
33469949458
1781739446020
33487569459
1781739447019
33505860624
1781739448020
33523482322
1781739449019
33540854998
1781739450019
33558597873
1781739451019
33576510470
1781739452016
33594135290
1781739453020
33611711394
1781739454020
33629033197
1781739455016
33646911997
1781739456022
33664368241
1781739457019
33682102563
1781739458020
33699955904
1781739459018
33717346618
1781739460021
33734820044
1781739461019
33752461357
1781739462022
33769921977
1781739463019
33787478284
1781739464019
33804959069
1781739465016
33822713939
1781739466021
33840431125
1781739467020
33858295910
1781739468020
33875928180
1781739469021
33893510971
1781739470022
33911010101
1781739471019
33928735840
1781739472022
33946433901
1781739473021
33964170349
1781739474019
33981670810
1781739475017
33999193350
1781739476022
34016845969
1781739477019
34034390280
1781739478022
34051672747
1781739479021
34069225091
1781739480021
34086778643
1781739481020
34104348551
1781739482018
34122360277
1781739483020
34139822841
1781739484019
34157405509
1781739485015
34175030390
1781739486024
34192287015
1781739487020
34209754642
1781739488019
34227291288
1781739489018
34244704386
1781739490019
34262163783
1781739491019
34279764704
1781739492021
34297301625
1781739493020
34314853188
1781739494020
34332010884
1781739495016
34349683959
1781739496021
34367271585
1781739497018
34384888020
1781739498019
34402526120
1781739499020
34419945568
1781739500019
34437496076
1781739501019
34455430476
1781739502020
34472755675
1781739503019
34490385728
1781739504019
34507931202
1781739505015
34525590324
1781739506022
34543415283
1781739507021
34561309260
1781739508021
34578704167
1781739509020
34596098217
1781739510019
34613622515
1781739511020
34631169871
1781739512020
34648744354
1781739513018
34666522847
1781739514019
34684217832
1781739515017
34696565452
1781739516020
34705930705
1781739517022
34715846604
1781739518021
34724600438
1781739519022
34733620645
1781739520022
34742178134
1781739521024
34752386309
1781739522023
34767137804
1781739523024
34783425082
1781739524019
34800350187
1781739525016
34818123876
1781739526020
34835522638
1781739527020
34852978714
1781739528019
34870368220
1781739529021
34887681394
1781739530022
34905340455
1781739531019
34922826963
1781739532019
34940334095
1781739533019
34958036929
1781739534020
34975731180
1781739535016
34993045150
1781739536020
35010523854
1781739537019
35027738833
1781739538019
35045124667
1781739539020
35062734737
1781739540023
35080031357
1781739541019
35097045875
1781739542022
35114329994
1781739543019
35131819776
1781739544021
35149652783
1781739545016
35167149939
1781739546020
35184719572
1781739547019
35202396197
1781739548019
35219960811
1781739549019
35237760158
1781739550022
35255292260
1781739551019
35272940718
1781739552021
35290634082
1781739553021
35307889238
1781739554019
35325401129
1781739555015
35343188312
1781739556022
35360518591
1781739557018
35378105773
1781739558021
35395461435
1781739559020
35412894592
1781739560018
35430596569
1781739561020
35447746538
1781739562022
35465214456
1781739563020
35482896758
1781739564019
35500230358
1781739565016
35518122989
1781739566022
35536104895
1781739567020
35553980176
1781739568019
35571825499
1781739569019
35589220054
1781739570019
35606755323
1781739571021
35623771416
1781739572021
35640817544
1781739573020
35658401528
1781739574020
35675882926
1781739575017
35693233110
1781739576019
35710809138
1781739577020
35728197359
1781739578020
35745630102
1781739579020
35763119272
1781739580020
35780377106
1781739581020
35797369837
1781739582020
35814437599
1781739583020
35831548706
1781739584019
35849005103
1781739585017
35866316457
1781739586019
35883175894
1781739587019
35900765646
1781739588019
35918054401
1781739589019
35935672458
1781739590022
35953173363
1781739591020
35970134178
1781739592019
35987790761
1781739593021
36005296133
1781739594019
36022784783
1781739595016
36040407614
1781739596020
36057643247
1781739597018
36075418313
1781739598021
36093014690
1781739599020
36110523888
1781739600019
36128184708
1781739601019
36145871172
1781739602022
36163511444
1781739603020
36181194664
1781739604021
36198414126
1781739605015
36216600547
1781739606023
36234227356
1781739607022
36251471267
1781739608019
36268967475
1781739609019
36286293546
1781739610020
36303704579
1781739611020
36321314680
1781739612022
36338870956
1781739613022
36356443327
1781739614022
36373765085
1781739615015
36391100046
1781739616019
36408562380
1781739617018
36425933235
1781739618019
36443620555
1781739619019
36461394657
1781739620020
36478921801
1781739621020
36496504974
1781739622020
36514002758
1781739623019
36531310638
1781739624020
36548917220
1781739625016
36566524858
1781739626021
36584169996
1781739627018
36602305377
1781739628020
36619433191
1781739629018
36637004981
1781739630019
36654453713
1781739631021
36671843770
1781739632019
36689356823
1781739633019
36706765500
1781739634021
36723726039
1781739635017
36741436156
1781739636020
36759155928
1781739637020
36776811531
1781739638019
36794460923
1781739639020
36811993606
1781739640023
36829449529
1781739641020
36846893181
1781739642018
36864485733
1781739643018
36882218693
1781739644020
36899154217
1781739645016
36916174488
1781739646019
36933065183
1781739647021
36950311542
1781739648020
36967922362
1781739649020
36985260399
1781739650022
37002609023
1781739651021
37020196358
1781739652021
37037729729
1781739653019
37055267676
1781739654020
37072738822
1781739655017
37090148371
1781739656020
37107891536
1781739657019
37125602617
1781739658019
37143019923
1781739659019
37160694513
1781739660019
37178215829
1781739661021
37195799400
1781739662021
37213395501
1781739663020
37230680416
1781739664019
37248122340
1781739665015
37265703707
1781739666019
37283201659
1781739667019
37301199692
1781739668022
37318556502
1781739669018
37335952081
1781739670019
37353857763
1781739671018
37371174762
1781739672019
37388762143
1781739673019
37406253761
1781739674022
37423582326
1781739675016
37441484872
1781739676022
37459014143
1781739677020
37476614880
1781739678020
37494149751
1781739679019
37511461870
1781739680020
37529134563
1781739681023
37546737473
1781739682022
37564000922
1781739683019
37581606663
1781739684022
37598876691
1781739685015
37616601649
1781739686020
37634401547
1781739687019
37652333789
1781739688021
37669865325
1781739689020
37687290831
1781739690019
37704740099
1781739691019
37722468683
1781739692021
37739882026
1781739693020
37757302897
1781739694018
37774822453
1781739695018
37792068322
1781739696017
37809654999
1781739697020
37827649834
1781739698020
37845151488
1781739699019
37862808132
1781739700021
37880030960
1781739701020
37897545329
1781739702019
37915112926
1781739703022
37932528228
1781739704020
37949811827
1781739705015
37967276655
1781739706021
37984639554
1781739707021
38002195615
1781739708022
38019662508
1781739709025
38037276725
1781739710021
38054974036
1781739711019
38072392765
1781739712020
38089870215
1781739713021
38107618919
1781739714022
38124819638
1781739715015
38142595407
1781739716020
38160065421
1781739717019
38177438832
1781739718019
38194979379
1781739719020
38212260606
1781739720019
38229700832
1781739721019
38247406497
1781739722022
38264765999
1781739723023
38282405660
1781739724021
38299776530
1781739725014
38317358158
1781739726023
38334908574
1781739727020
38352310962
1781739728019
38369917345
1781739729019
38387540405
1781739730023
38404964581
1781739731022
38422626977
1781739732020
38440057625
1781739733020
38457260164
1781739734019
38474684906
1781739735017
38492313581
1781739736020
38509672257
1781739737019
38527213815
1781739738018
38544582344
1781739739019
38562081107
1781739740019
38579653800
1781739741022
38596931523
1781739742022
38614605930
1781739743019
38632287222
1781739744022
38649688968
1781739745016
38667354853
1781739746020
38685001154
1781739747022
38702933825
1781739748021
38720386137
1781739749022
38737888113
1781739750020
38755720508
1781739751020
38772958773
1781739752021
38790611056
1781739753018
38808300870
1781739754020
38825912700
1781739755016
38843488989
1781739756021
38860983284
1781739757022
38878377318
1781739758020
38896167393
1781739759019
38913687362
1781739760022
38931137991
1781739761020
38948702391
1781739762020
38966262844
1781739763019
38983714116
1781739764019
39001091305
1781739765016
39018518785
1781739766020
39036141081
1781739767023
39053661447
1781739768021
39071205391
1781739769020
39088885811
1781739770023
39106194135
1781739771018
39124133523
1781739772022
39141568454
1781739773019
39159135654
1781739774023
39176609539
1781739775015
39194048724
1781739776022
39211443539
1781739777019
39229031363
1781739778022
39246200824
1781739779020
39263733874
1781739780019
39281231520
1781739781020
39298714586
1781739782018
39316696048
1781739783018
39333777259
1781739784023
39351182738
1781739785020
39368686213
1781739786020
39385929879
1781739787019
39403393774
1781739788019
39421079901
1781739789018
39438841273
1781739790019
39456511044
1781739791018
39473455518
1781739792022
39490303343
1781739793021
39507169726
1781739794019
39524629352
1781739795014
39542378469
1781739796020
39560081869
1781739797020
39577693347
1781739798019
39595421916
1781739799019
39613036546
1781739800021
39630847521
1781739801019
39648731768
1781739802023
39666239619
1781739803020
39683979036
1781739804019
39701459102
1781739805015
39719219495
1781739806021
39737280472
1781739807019
39755458325
1781739808018
39772959750
1781739809019
39790801662
1781739810020
39808658552
1781739811020
39826428844
1781739812020
39844174962
1781739813018
39861945270
1781739814019
39879671681
1781739815014
39897651951
1781739816023
39915223679
1781739817018
39933063326
1781739818020
39950602956
1781739819019
39968726999
1781739820019
39986585802
1781739821019
40004273565
1781739822019
40022140492
1781739823021
40039800900
1781739824019
40057380034
1781739825016
40075355239
1781739826019
40093215510
1781739827019
40111153613
1781739828021
40129008575
1781739829020
40146604049
1781739830019
40164417059
1781739831023
40181984718
1781739832021
40199521914
1781739833018
40217430029
1781739834020
40234985448
1781739835017
40252632361
1781739836022
40270385394
1781739837019
40288146262
1781739838018
40306071252
1781739839020
40323688896
1781739840019
40341582491
1781739841019
40359499449
1781739842019
40377264661
1781739843018
40395166564
1781739844019
40413128841
1781739845016
40431039755
1781739846020
40448817988
1781739847021
40466561260
1781739848019
40484222371
1781739849019
40502126967
1781739850021
40520266693
1781739851020
40538168963
1781739852019
40555965785
1781739853019
40573516078
1781739854021
40591170412
1781739855015
40608901842
1781739856019
40626614361
1781739857019
40644239456
1781739858020
40661949114
1781739859020
40679647940
1781739860022
40697279109
1781739861019
40715017241
1781739862020
40732933051
1781739863019
40750766640
1781739864019
40768471325
1781739865015
40786561953
1781739866020
40804376524
1781739867018
40822510527
1781739868022
40840152192
1781739869019
40857725711
1781739870019
40875648300
1781739871021
40893490119
1781739872021
40911134186
1781739873019
40929090312
1781739874022
40946659394
1781739875015
40964268424
1781739876019
40982051232
1781739877018
40999775012
1781739878018
41017729164
1781739879020
41035564726
1781739880019
41053734853
1781739881019
41071667616
1781739882018
41089424979
1781739883019
41107001895
1781739884018
41124881000
1781739885015
41142466637
1781739886020
41160249046
1781739887019
41178257743
1781739888020
41195707164
1781739889018
41213504078
1781739890020
41231231469
1781739891019
41249131948
1781739892018
41266984172
1781739893019
41284710522
1781739894022
41302360067
1781739895016
41320152605
1781739896020
41337544131
1781739897019
41355373511
1781739898019
41373006226
1781739899019
41390652909
1781739900020
41408237964
1781739901016
41425968400
1781739902020
41443727049
1781739903019
41461389353
1781739904019
41478975617
1781739905015
41496747669
1781739906020
41513881328
1781739907017
41530947070
1781739908019
41548459710
1781739909019
41565758166
1781739910019
41583180689
1781739911019
41601146239
1781739912020
41618430573
1781739913018
41635857028
1781739914019
41653479828
1781739915016
41671056514
1781739916019
41688907345
1781739917019
41706436509
1781739918021
41723763515
1781739919018
41741311391
1781739920020
41758484126
1781739921018
41775523078
1781739922019
41792567293
1781739923018
41810236483
1781739924020
41827854816
1781739925016
41845585970
1781739926022
41863289952
1781739927019
41881278132
1781739928019
41898627215
1781739929018
41916210847
1781739930021
41933754378
1781739931021
41951157730
1781739932019
41968765536
1781739933019
41986239773
1781739934022
42003675852
1781739935015
42021276589
1781739936017
42038570439
1781739937020
42055978734
1781739938020
42073355127
1781739939019
42090783633
1781739940020
42108466332
1781739941020
42126051831
1781739942020
42143702293
1781739943021
42161196925
1781739944019
42178641098
1781739945016
42196216590
1781739946019
42213920083
1781739947020
42231285032
1781739948022
42248643142
1781739949019
42265985922
1781739950022
42283394399
1781739951018
42300924390
1781739952019
42318263268
1781739953019
42335854718
1781739954019
42353236849
1781739955014
42370745129
1781739956020
42388356102
1781739957019
42405795149
1781739958021
42422999234
1781739959020
42440477786
1781739960020
42457780051
1781739961019
42475341574
1781739962018
42492835044
1781739963019
42510159019
1781739964020
42527772716
1781739965015
42545174125
1781739966020
42562571434
1781739967018
42580169524
1781739968019
42597527925
1781739969021
42615019895
1781739970021
42632796690
1781739971019
42650273711
1781739972020
42667947736
1781739973019
42685264016
1781739974020
42702676257
1781739975016
42720552456
1781739976023
42737415840
1781739977018
42754413834
1781739978022
42772103786
1781739979018
42789771691
1781739980021
42807525030
1781739981018
42825078093
1781739982019
42842827547
1781739983020
42860662680
1781739984021
42878394401
1781739985015
42896154825
1781739986018
42913936515
1781739987020
42931866218
1781739988019
42949378139
1781739989019
42967062873
1781739990020
42984741549
1781739991018
43002653580
1781739992022
43020495981
1781739993020
43038399032
1781739994018
43056069904
1781739995016
43073579316
1781739996018
43091399073
1781739997022
43108986668
1781739998020
43126514792
1781739999020
43144233982
1781740000019
43161954625
1781740001020
43179715309
1781740002020
43197484132
1781740003020
43215489004
1781740004019
43233446186
1781740005015
43251102401
1781740006019
43268499495
1781740007021
43286167293
1781740008020
43303848095
1781740009022
43321670790
1781740010020
43339506076
1781740011022
43356990978
1781740012022
43374967101
1781740013021
43392867351
1781740014019
43410336967
1781740015015
43428255149
1781740016020
43445940802
1781740017019
43463794968
1781740018022
43481400418
1781740019020
43499325439
1781740020022
43516946709
1781740021020
43534750080
1781740022021
43552593659
1781740023024
43570416369
1781740024019
43588139751
1781740025016
43605945448
1781740026020
43623628912
1781740027019
43641203166
1781740028019
43658646390
1781740029019
43676509124
1781740030023
43694183241
1781740031020
43711852522
1781740032022
43729480172
1781740033022
43747083297
1781740034020
43765331622
1781740035017
43783093315
1781740036022
43800881738
1781740037019
43818611470
1781740038022
43836081851
1781740039019
43854147189
1781740040022
43871770769
1781740041018
43889566275
1781740042022
43907510024
1781740043020
43925058144
1781740044019
43942802212
1781740045015
43960779819
1781740046020
43978663056
1781740047022
43996842730
1781740048019
44014521498
1781740049023
44032326613
1781740050019
44050183794
1781740051020
44067882069
1781740052020
44085835899
1781740053022
44103595986
1781740054019
44121356640
1781740055017
44139230161
1781740056020
44156895434
1781740057019
44174606025
1781740058022
44192509886
1781740059019
44210281831
1781740060021
44228114669
1781740061019
44245923930
1781740062019
44263659568
1781740063020
44281468539
1781740064020
44299008856
1781740065015
44317143778
1781740066020
44334989729
1781740067019
44352532097
1781740068020
44370362395
1781740069020
44388278114
1781740070020
44406021141
1781740071023
44423830433
1781740072019
44441549011
1781740073020
44459232644
1781740074021
44476976911
1781740075015
44494765655
1781740076023
44512482933
1781740077020
44530234299
1781740078019
44547770302
1781740079019
44565674668
1781740080018
44583406572
1781740081018
44601139395
1781740082018
44619132424
1781740083019
44636856128
1781740084018
44654853762
1781740085015
44672829717
1781740086019
44690473325
1781740087023
44708329603
1781740088018
44726250631
1781740089022
44743907718
1781740090020
44761923178
1781740091024
44779613849
1781740092021
44797491654
1781740093020
44815365007
1781740094020
44832905952
1781740095016
44850736694
1781740096020
44868714929
1781740097019
44886473532
1781740098020
44904325388
1781740099020
44922154111
1781740100022
44939852279
1781740101018
44957454240
1781740102020
44975073261
1781740103020
44992998007
1781740104020
45010814122
1781740105015
45028661404
1781740106019
45046710294
1781740107019
45064937765
1781740108018
45082671506
1781740109019
45100784640
1781740110021
45118608957
1781740111019
45136541826
1781740112019
45154332223
1781740113022
45171978126
1781740114019
45189816595
1781740115015
45207601636
1781740116020
45225266894
1781740117017
45243078725
1781740118018
45260747532
1781740119020
45278531686
1781740120020
45296353677
1781740121019
45314234236
1781740122019
45326944727
1781740123022
45335846420
1781740124023
45346208498
1781740125018
45355564050
1781740126019
45366283995
1781740127024
45375697641
1781740128020
45384888060
1781740129019
45394071641
1781740130020
45404420683
1781740131024
45419746265
1781740132019
45436711578
1781740133021
45453894411
1781740134018
45471034068
1781740135014
45488092573
1781740136020
45505640358
1781740137021
45523074034
1781740138022
45540740914
1781740139021
45558180925
1781740140020
45575600449
1781740141019
45593200697
1781740142019
45610565187
1781740143020
45628432221
1781740144019
45646204915
1781740145015
45663773553
1781740146020
45681583350
1781740147020
45699111030
1781740148021
45716423347
1781740149019
45733954179
1781740150022
45751292292
1781740151019
45768966776
1781740152018
45786653361
1781740153019
45804095392
1781740154021
45821765637
1781740155016
45839415044
1781740156023
45856878801
1781740157020
45874645972
1781740158023
45892004556
1781740159018
45909420623
1781740160019
45926997921
1781740161019
45944543746
1781740162020
45962121228
1781740163020
45979592910
1781740164023
45996855227
1781740165016
46014641660
1781740166020
46032444756
1781740167019
46050449964
1781740168023
46067986839
1781740169019
46085339686
1781740170021
46102953046
1781740171020
46120705452
1781740172019
46138323571
1781740173025
46155808120
1781740174019
46173292975
1781740175016
46190856595
1781740176020
46208510699
1781740177019
46225996472
1781740178019
46243421321
1781740179020
46260908578
1781740180020
46278473606
1781740181020
46296125338
1781740182019
46313707471
1781740183020
46331209967
1781740184020
46348555837
1781740185017
46365878451
1781740186020
46383407493
1781740187020
46400862926
1781740188023
46418672876
1781740189020
46436420264
1781740190019
46454093829
1781740191021
46471460033
1781740192020
46489086827
1781740193020
46506523793
1781740194019
46524093716
1781740195017
46541696994
1781740196021
46559100468
1781740197019
46576736334
1781740198021
46594038676
1781740199019
46611367517
1781740200023
46629081597
1781740201020
46646431139
1781740202020
46663915046
1781740203020
46681413610
1781740204019
46698631021
1781740205016
46716322977
1781740206020
46733654787
1781740207020
46751018803
1781740208018
46768460986
1781740209020
46785752496
1781740210020
46803215548
1781740211019
46821133470
1781740212020
46838266334
1781740213019
46855778668
1781740214019
46873311381
1781740215017
46890830463
1781740216019
46908558236
1781740217019
46925837781
1781740218020
46943470419
1781740219019
46961499954
1781740220021
46978736598
1781740221019
46996227328
1781740222020
47013765336
1781740223020
47031032273
1781740224020
47048065824
1781740225015
47065790767
1781740226022
47083416489
1781740227021
47101383188
1781740228018
47118651670
1781740229018
47136284645
1781740230020
47153699074
1781740231020
47170980072
1781740232020
47188580198
1781740233019
47205932035
1781740234022
47223605845
1781740235015
47241238147
1781740236022
47258533221
1781740237021
47275952164
1781740238022
47293384295
1781740239019
47310717069
1781740240019
47328382525
1781740241021
47345939367
1781740242020
47363383172
1781740243020
47381032610
1781740244021
47398294284
1781740245016
47416052183
1781740246020
47433414225
1781740247019
47450883490
1781740248020
47468706919
1781740249021
47486098092
1781740250022
47503923403
1781740251022
47521377276
1781740252021
47538850228
1781740253021
47556635927
1781740254023
47574011678
1781740255016
47591712034
1781740256022
47609200515
1781740257019
47626589776
1781740258021
47643981867
1781740259022
47661575414
1781740260021
47678902236
1781740261019
47696494849
1781740262019
47713950894
1781740263019
47731540264
1781740264019
47749212146
1781740265015
47766767856
1781740266020
47784141358
1781740267019
47801846457
1781740268021
47819166271
1781740269018
47836665095
1781740270022
47854038704
1781740271020
47871311608
1781740272021
47889052035
1781740273021
47906554057
1781740274020
47923853859
1781740275016
47941492249
1781740276020
47958928910
1781740277018
47976798927
1781740278020
47994406167
1781740279019
48011645580
1781740280021
48029135652
1781740281020
48046782795
1781740282022
48064064711
1781740283018
48081781591
1781740284020
48099223575
1781740285016
48116771559
1781740286019
48134515167
1781740287019
48152386134
1781740288020
48169838354
1781740289019
48187440530
1781740290022
48204983770
1781740291019
48222888763
1781740292023
48240289989
1781740293019
48257774171
1781740294021
48275373087
1781740295015
48292680906
1781740296020
48310182179
1781740297019
48327589019
1781740298019
48344991056
1781740299018
48362648663
1781740300022
48380054892
1781740301019
48397517271
1781740302021
48414909562
1781740303022
48431965788
1781740304020
48449307924
1781740305017
48466771497
1781740306020
48483978000
1781740307021
48501506521
1781740308022
48518850678
1781740309023
48536379582
1781740310019
48553884159
1781740311019
48571366000
1781740312019
48589216525
1781740313019
48606507973
1781740314019
48623817338
1781740315016
48641628297
1781740316020
48659276036
1781740317020
48676711916
1781740318019
48694278764
1781740319020
48711457008
1781740320020
48728923824
1781740321020
48746510899
1781740322021
48763976721
1781740323020
48780965259
1781740324020
48797820367
1781740325015
48814809946
1781740326019
48832268822
1781740327018
48849575447
1781740328018
48866906675
1781740329016
48884523386
1781740330019
48901775957
1781740331019
48919147424
1781740332022
48936310443
1781740333019
48953492451
1781740334019
48970941978
1781740335017
48988232539
1781740336019
49005581729
1781740337020
49022921632
1781740338020
49040079113
1781740339020
49057441553
1781740340020
49074686397
1781740341019
49091963448
1781740342019
49109776213
1781740343019
49126863819
1781740344020
49144298980
1781740345019
49161994057
1781740346021
49179409634
1781740347020
49197257268
1781740348019
49214464795
1781740349021
49231812364
1781740350020
49249255159
1781740351020
49266626060
1781740352022
49284048537
1781740353021
49301244911
1781740354019
49318350939
1781740355015
49335834402
1781740356018
49353247270
1781740357021
49370701143
1781740358021
49388237789
1781740359019
49405489319
1781740360022
49422875413
1781740361021
49440202296
1781740362019
49457309379
1781740363020
49474501423
1781740364022
49491814719
1781740365016
49509133095
1781740366021
49526672908
1781740367019
49543815074
1781740368019
49561029058
1781740369019
49578398888
1781740370020
49595603784
1781740371019
49613175849
1781740372020
49630705365
1781740373019
49648181913
1781740374020
49665687714
1781740375017
49682958522
1781740376020
49700250521
1781740377019
49717621437
1781740378022
49734660358
1781740379018
49752297433
1781740380019
49769622312
1781740381019
49786625584
1781740382018
49804097236
1781740383019
49821936929
1781740384019
49839554236
1781740385016
49857178995
1781740386020
49874718823
1781740387019
49892545541
1781740388019
49910102123
1781740389020
49927725015
1781740390023
49945305174
1781740391019
49962843074
1781740392019
49980532108
1781740393019
49998342532
1781740394019
50016057193
1781740395016
50034087570
1781740396021
50051622686
1781740397019
50069162988
1781740398020
50087009031
1781740399019
50104682841
1781740400022
50122331162
1781740401019
50140164520
1781740402021
50157775769
1781740403018
50175830060
1781740404021
50193294459
1781740405016
50210930968
1781740406019
50228808528
1781740407020
50246988860
1781740408022
50264670382
1781740409023
50282230100
1781740410020
50299812998
1781740411019
50317569489
1781740412019
50335338465
1781740413020
50353104015
1781740414019
50370754110
1781740415015
50388571358
1781740416019
50406353584
1781740417020
50424164145
1781740418018
50441757921
1781740419019
50459138706
1781740420020
50475959526
1781740421020
50492969209
1781740422020
50510644443
1781740423018
50528048743
1781740424022
50545300932
1781740425019
50562710603
1781740426020
50579979835
1781740427019
50597483693
1781740428020
50614969941
1781740429020
50632198016
1781740430019
50649679215
1781740431019
50667187234
1781740432022
50684423021
1781740433020
50702199203
1781740434019
50719570670
1781740435016
50737202650
1781740436023
50754709951
1781740437018
50772001582
1781740438020
50789447729
1781740439019
50806847348
1781740440020
50824309176
1781740441019
50841262112
1781740442020
50858141485
1781740443018
50875677488
1781740444019
50893297228
1781740445016
50910806533
1781740446022
50928550371
1781740447019
50946142067
1781740448020
50963670466
1781740449020
50981339931
1781740450019
50998886874
1781740451020
51016477268
1781740452018
51033889112
1781740453019
51051378986
1781740454020
51069067759
1781740455017
51086739688
1781740456019
51104348259
1781740457021
51121941117
1781740458020
51139570037
1781740459020
51157236121
1781740460020
51174697919
1781740461019
51192060435
1781740462019
51209705772
1781740463019
51227176016
1781740464019
51245289763
1781740465015
51263097050
1781740466020
51280870647
1781740467019
51298758948
1781740468019
51316171863
1781740469019
51333653597
1781740470019
51351124024
1781740471019
51368562245
1781740472022
51386085335
1781740473019
51403862421
1781740474021
51421326085
1781740475016
51438889797
1781740476016
51456533038
1781740477021
51473994637
1781740478022
51491682676
1781740479018
51509243144
1781740480020
51526939905
1781740481021
51544817756
1781740482023
51562090874
1781740483020
51579479890
1781740484022
51596957876
1781740485014
51614470256
1781740486020
51632157454
1781740487018
51649574851
1781740488020
51667051781
1781740489019
51684731559
1781740490021
51702282372
1781740491019
51719840851
1781740492019
51737409749
1781740493019
51754810852
1781740494020
51772412661
1781740495017
51790221509
1781740496019
51807881916
1781740497023
51825343776
1781740498022
51842569113
1781740499022
51860110716
1781740500024
51877682429
1781740501024
51895011515
1781740502019
51912560110
1781740503018
51930068466
1781740504019
51947505585
1781740505016
51965233894
1781740506020
51982694560
1781740507019
52000419488
1781740508023
52017873789
1781740509016
52035329896
1781740510021
52052974330
1781740511022
52070415642
1781740512020
52087721670
1781740513019
52105204460
1781740514022
52122283758
1781740515015
52139709403
1781740516020
52157315694
1781740517020
52174826712
1781740518022
52192285527
1781740519020
52209999775
1781740520021
52227363638
1781740521020
52244998831
1781740522021
52262346231
1781740523019
52279901819
1781740524021
52297475200
1781740525015
52314659716
1781740526020
52331886705
1781740527021
52349490702
1781740528019
52366639232
1781740529019
52384105988
1781740530020
52401508957
1781740531019
52418957368
1781740532023
52436389086
1781740533020
52453516794
1781740534020
52470834650
1781740535015
52488522322
1781740536021
52505741034
1781740537019
52523242872
1781740538022
52540735882
1781740539019
52558076810
1781740540017
52575627501
1781740541018
52593051876
1781740542021
52610428973
1781740543018
52627929052
1781740544021
52645101053
1781740545016
52662707100
1781740546019
52680156841
1781740547021
52697346437
1781740548019
52715245678
1781740549023
52732743645
1781740550021
52750121202
1781740551019
52767592715
1781740552020
52785042273
1781740553020
52802561431
1781740554019
52820110011
1781740555016
52837740553
1781740556020
52855575549
1781740557022
52872832296
1781740558022
52890086458
1781740559019
52907533492
1781740560020
52924749603
1781740561019
52942100445
1781740562021
52959327939
1781740563019
52976530035
1781740564019
52993953186
1781740565016
53011275219
1781740566019
53028630697
1781740567018
53046157138
1781740568018
53063407046
1781740569019
53080851953
1781740570022
53098246125
1781740571018
53115721219
1781740572021
53133394601
1781740573020
53150744664
1781740574022
53168104656
1781740575016
53185764650
1781740576022
53203184388
1781740577019
53220558640
1781740578019
53238223148
1781740579020
53255878292
1781740580020
53273624058
1781740581020
53290871657
1781740582018
53308491244
1781740583019
53325927154
1781740584018
53343327401
1781740585016
53361177788
1781740586022
53379209343
1781740587020
53397421147
1781740588021
53414894007
1781740589018
53432213286
1781740590022
53449850682
1781740591023
53467425425
1781740592019
53484952937
1781740593020
53502329346
1781740594019
53519840670
1781740595016
53537326811
1781740596022
53555062601
1781740597018
53572547441
1781740598018
53590166095
1781740599020
53607771866
1781740600019
53625181874
1781740601021
53642950713
1781740602020
53660496783
1781740603018
53677675088
1781740604021
53695205078
1781740605017
53712921606
1781740606021
53730511924
1781740607019
53748052716
1781740608018
53765434342
1781740609018
53782991001
1781740610020
53800585664
1781740611020
53817981014
1781740612019
53835916638
1781740613023
53853318307
1781740614019
53870866474
1781740615015
53888878935
1781740616020
53906462811
1781740617019
53924065064
1781740618020
53941930093
1781740619021
53959277157
1781740620019
53977057409
1781740621022
53994400525
1781740622019
54011750924
1781740623019
54029348082
1781740624019
54046238073
1781740625014
54063519377
1781740626019
54081067896
1781740627021
54098251708
1781740628019
54115849309
1781740629019
54133236612
1781740630021
54150692489
1781740631020
54168511756
1781740632021
54185842418
1781740633018
54203244776
1781740634020
54220609128
1781740635016
54238136150
1781740636019
54255665865
1781740637019
54272974541
1781740638018
54290220058
1781740639019
54307724054
1781740640020
54324946958
1781740641018
54342296454
1781740642020
54359742325
1781740643019
54376985058
1781740644021
54394393168
1781740645015
54411931283
1781740646020
54429539563
1781740647017
54447684124
1781740648019
54465059278
1781740649019
54482798022
1781740650020
54500260095
1781740651018
54517431913
1781740652020
54535021558
1781740653020
54552457545
1781740654021
54569608615
1781740655015
54587261220
1781740656020
54604628525
1781740657021
54622236546
1781740658020
54639753531
1781740659018
54656904846
1781740660018
54674406837
1781740661019
54691811444
1781740662019
54709002738
1781740663020
54726507346
1781740664018
54743707346
1781740665014
54761007622
1781740666018
54778720233
1781740667021
54796112095
1781740668019
54813509281
1781740669019
54830992255
1781740670021
54848101419
1781740671019
54865802509
1781740672019
54883222140
1781740673021
54900523334
1781740674021
54917967415
1781740675014
54935350877
1781740676018
54952921887
1781740677018
54970573543
1781740678022
54987792989
1781740679019
55005270332
1781740680022
55022566079
1781740681019
55039980708
1781740682022
55057813332
1781740683022
55075089663
1781740684020
55092445203
1781740685015
55109931956
1781740686015
55127049412
1781740687018
55144586165
1781740688022
55161909024
1781740689020
55179246678
1781740690020
55196769508
1781740691019
55214005356
1781740692018
55231444479
1781740693019
55248920216
1781740694021
55266057424
1781740695016
55283700772
1781740696020
55301171490
1781740697018
55318609727
1781740698020
55336106042
1781740699020
55353288049
1781740700019
55370740055
1781740701021
55388185513
1781740702022
55405364093
1781740703019
55422881246
1781740704022
55440157394
1781740705016
55457591301
1781740706020
55475316626
1781740707019
55493140636
1781740708020
55510364902
1781740709020
55528070001
1781740710021
55545146912
1781740711019
55562876262
1781740712020
55580259861
1781740713020
55597848007
1781740714020
55615460097
1781740715016
55632719140
1781740716019
55650299054
1781740717020
55667793120
1781740718021
55685008175
1781740719019
55702568352
1781740720015
55720140662
1781740721018
55737365249
1781740722019
55754908076
1781740723020
55772274173
1781740724019
55789651209
1781740725018
55807182944
1781740726020
55824376166
1781740727019
55842004703
1781740728020
55859367189
1781740729019
55876538532
1781740730019
55894338323
1781740731020
55906051467
1781740732019
55915342300
1781740733022
55924466272
1781740734023
55933896947
1781740735019
55943375664
1781740736019
55952599147
1781740737022
55960763885
1781740738023
55969031714
1781740739024
55976650900
1781740740023
55985004669
1781740741023
55993336850
1781740742022
56000957046
1781740743022
56008555531
1781740744023
56016124793
1781740745022
56023634369
1781740746024
56031086280
1781740747021
56038615594
1781740748024
56046074971
1781740749020
56053964294
1781740750023
56062350927
1781740751020
56069877824
1781740752022
56082790871
1781740753020
56094739987
1781740754020
56104122789
1781740755019
56112627079
1781740756023
56120538067
1781740757021
56128295259
1781740758023
56136004332
1781740759023
56144705396
1781740760023
56152344533
1781740761024
56159693643
1781740762021
56167171411
1781740763024
56174849379
1781740764023
56182364326
1781740765023
56190190598
1781740766024
56201521594
1781740767019
56212480800
1781740768024
56221717946
1781740769111
56229710391
1781740770021
56237693976
1781740771022
56246281209
1781740772024
56254722907
1781740773022
56262874579
1781740774023
56270408865
1781740775019
56278079137
1781740776023
56285785747
1781740777024
56293405882
1781740778025
56301236483
1781740779020
56309226357
1781740780020
56317123620
1781740781021
56325272921
1781740782023
56333163360
1781740783026
56341048292
1781740784024
56349292314
1781740785019
56357956995
1781740786020
56371141433
1781740787021
56381685076
1781740788024
56390026177
1781740789021
56399282586
1781740790023
56407886541
1781740791024
56415941486
1781740792023
56424606748
1781740793020
56433210565
1781740794023
56440659615
1781740795022
56448160899
1781740796024
56455766483
1781740797024
56463347388
1781740798023
56471484051
1781740799107
56478641391
1781740800024
56486228278
1781740801020
56494520006
1781740802023
56502242207
1781740803027
56510681886
1781740804024
56518189886
1781740805019
56525819614
1781740806023
56533245805
1781740807022
56540817439
1781740808023
56548667364
1781740809023
56556305047
1781740810023
56564649866
1781740811023
56572698645
1781740812023
56580444133
1781740813023
56588776176
1781740814110
56595859694
1781740815023
56603986411
1781740816024
56611600425
1781740817022
56619754132
1781740818023
56627391066
1781740819022
56640599066
1781740820019
56653514316
1781740821020
56663243847
1781740822023
56671004175
1781740823023
56679038098
1781740824024
56687005114
1781740825019
56695100573
1781740826023
56707230383
1781740827019
56718883566
1781740828020
56728532098
1781740829023
56737237630
1781740830022
56745210598
1781740831022
56753473286
1781740832023
56762332889
1781740833022
56770392715
1781740834023
56778506703
1781740835022
56786020165
1781740836022
56793501131
1781740837024
56801138218
1781740838023
56808563920
1781740839020
56816197763
1781740840023
56823710139
1781740841022
56831679588
1781740842023
56839388294
1781740843024
56847092074
1781740844023
56854773408
1781740845020
56862668162
1781740846020
56870110174
1781740847020
56877753044
1781740848024
56885288707
1781740849022
56893045333
1781740850022
56900637514
1781740851023
56908394186
1781740852024
56916572801
1781740853024
56926634096
1781740854018
56939777622
1781740855017
56949546366
1781740856023
56957540815
1781740857023
56965472320
1781740858020
56973833602
1781740859024
56982530887
1781740860021
56990365665
1781740861023
56998273653
1781740862023
57005866049
1781740863024
57013645089
1781740864024
57021620352
1781740865020
57029317950
1781740866024
57036909030
1781740867026
57044580205
1781740868027
57052030341
1781740869023
57059675613
1781740870020
57067164153
1781740871022
57074988404
1781740872025
57082584196
1781740873026
57090136123
1781740874024
57097670761
1781740875020
57105369936
1781740876028
57113337395
1781740877025
57120803413
1781740878024
57128196403
1781740879023
57135648131
1781740880024
57143069839
1781740881022
57150617069
1781740882026
57158038717
1781740883024
57165665491
1781740884025
57173046058
1781740885019
57181720149
1781740886024
57189856750
1781740887024
57202462313
1781740888017
57215082518
1781740889021
57223080088
1781740890026
57230969793
1781740891023
57239476425
1781740892022
57248001630
1781740893024
57255812801
1781740894022
57264035281
1781740895020
57272518060
1781740896023
57280351583
1781740897024
57287986268
1781740898023
57295814528
1781740899024
57303743952
1781740900023
57311442193
1781740901020
57319261564
1781740902023
57327356396
1781740903025
57335032177
1781740904021
57342554942
1781740905020
57350366265
1781740906024
57358321286
1781740907025
57365821239
1781740908024
57373262654
1781740909020
57380753534
1781740910022
57388278135
1781740911023
57395702016
1781740912024
57403238949
1781740913024
57410815877
1781740914023
57418305242
1781740915019
57426013168
1781740916024
57433492359
1781740917023
57441003786
1781740918025
57448470477
1781740919023
57456608226
1781740920024
57465577836
1781740921019
57478798627
1781740922022
57489183104
1781740923020
57497023359
1781740924024
57505528461
1781740925022
57514672705
1781740926023
57523710430
1781740927024
57531877769
1781740928025
57540335533
1781740929022
57548137829
1781740930021
57555780164
1781740931024
57563528267
1781740932023
57571069515
1781740933026
57579146018
1781740934024
57586840020
1781740935019
57594486165
1781740936027
57602323131
1781740937025
57610311842
1781740938025
57617483993
1781740939023
57625193510
1781740940024
57632739102
1781740941023
57640480581
1781740942022
57648304251
1781740943022
57655788185
1781740944023
57663596280
1781740945020
57671430706
1781740946021
57682563690
1781740947022
57693546351
1781740948021
57701366350
1781740949024
57709593053
1781740950026
57717824193
1781740951022
57726141120
1781740952020
57734811278
1781740953023
57742476256
1781740954023
57754778038
1781740955017
57768178573
1781740956021
57776486657
1781740957021
57785422668
1781740958023
57794459139
1781740959024
57802868126
1781740960024
57811624285
1781740961024
57819750039
1781740962021
57827761333
1781740963024
57835692700
1781740964023
57843027351
1781740965022
57850730595
1781740966023
57858670836
1781740967022
57866527616
1781740968024
57874208920
1781740969025
57882016571
1781740970021
57889461888
1781740971023
57897018955
1781740972024
57904505919
1781740973023
57912060508
1781740974023
57919855077
1781740975019
57927586351
1781740976027
57935193955
1781740977024
57942944292
1781740978025
57950631915
1781740979023
57958275841
1781740980023
57966050092
1781740981024
57973765622
1781740982024
57981763437
1781740983023
57989611419
1781740984023
57997387935
1781740985023
58005159309
1781740986024
58014161049
1781740987024
58022414879
1781740988022
58035678097
1781740989019
58046427280
1781740990023
58056588546
1781740991024
58065372658
1781740992019
58074028052
1781740993019
58082804652
1781740994022
58090325887
1781740995022
58098217857
1781740996024
58106113376
1781740997024
58114043442
1781740998023
58122072622
1781740999022
58129654690
1781741000024
58137264329
1781741001024
58144918950
1781741002023
58152463104
1781741003024
58160346490
1781741004021
58168043324
1781741005022
58175941566
1781741006023
58185441520
1781741007019
58196990067
1781741008022
58205054911
1781741009020
58213530621
1781741010023
58222914157
1781741011023
58230953190
1781741012020
58240448493
1781741013020
