72434174248
1781738273128
72469779137
1781738274012
72511339639
1781738275013
72555975266
1781738276015
72598026489
1781738277014
72637537558
1781738278014
72677822245
1781738279012
72718169737
1781738280013
72758622331
1781738281013
72799354526
1781738282013
72841165637
1781738283014
72882835453
1781738284013
72923913778
1781738285013
72965100501
1781738286013
73004828060
1781738287013
73044395830
1781738288013
73084644567
1781738289013
73128444443
1781738290074
73168970829
1781738291013
73211938858
1781738292015
73253093355
1781738293013
73292968863
1781738294013
73334808966
1781738295015
73375276514
1781738296014
73415672223
1781738297013
73456438415
1781738298013
73496879413
1781738299013
73537663976
1781738300013
73577757563
1781738301012
73619331675
1781738302013
73660632107
1781738303013
73705183201
1781738304013
73752524999
1781738305014
73808078201
1781738306013
73891525375
1781738307013
73982670039
1781738308011
74076200440
1781738309012
74170127995
1781738310011
74263982185
1781738311013
74357793469
1781738312011
74451939712
1781738313013
74545273458
1781738314012
74639695884
1781738315012
74733580776
1781738316012
74827906218
1781738317012
74922628204
1781738318013
75017161043
1781738319013
75110818702
1781738320012
75205068766
1781738321011
75299411481
1781738322012
75394174483
1781738323012
75488385484
1781738324012
75582600941
1781738325012
75676518547
1781738326012
75770268002
1781738327012
75864245911
1781738328011
75958079472
1781738329010
76051792184
1781738330011
76145244887
1781738331013
76238784808
1781738332012
76332567405
1781738333010
76426068203
1781738334012
76519402498
1781738335011
76612605018
1781738336012
76706470012
1781738337013
76800118576
1781738338013
76893633901
1781738339012
76987353815
1781738340012
77081402890
1781738341013
77175144533
1781738342013
77269733158
1781738343012
77364272528
1781738344011
77458484445
1781738345012
77551986280
1781738346011
77645801836
1781738347012
77739817465
1781738348013
77833779932
1781738349013
77932827346
1781738350074
78020724277
1781738351013
78114661048
1781738352013
78208946757
1781738353013
78302991316
1781738354012
78397387375
1781738355013
78491352162
1781738356012
78585413933
1781738357012
78679518672
1781738358012
78773292724
1781738359012
78867288455
1781738360012
78961407111
1781738361013
79055435618
1781738362011
79149952099
1781738363012
79242884723
1781738364011
79341735788
1781738365073
79430081204
1781738366012
79524669707
1781738367013
79618896577
1781738368013
79713296787
1781738369013
79807550697
1781738370011
79902070169
1781738371012
79996696025
1781738372013
80091427838
1781738373011
80185865402
1781738374008
80280240832
1781738375013
80374390798
1781738376013
80469010307
1781738377012
80563553278
1781738378011
80657976193
1781738379012
80757949326
1781738380073
80846212588
1781738381012
80940688360
1781738382011
81035587958
1781738383012
81130338265
1781738384012
81225194345
1781738385013
81319403088
1781738386013
81413856826
1781738387013
81508398759
1781738388013
81603332476
1781738389013
81697756795
1781738390011
81792312278
1781738391011
81886961206
1781738392012
81982167139
1781738393013
82076988979
1781738394012
82176931350
1781738395073
82265357149
1781738396011
82359827854
1781738397012
82454335425
1781738398012
82548711465
1781738399012
82643295329
1781738400012
82738080853
1781738401012
82833031355
1781738402012
82927572128
1781738403011
83022058642
1781738404008
83117841966
1781738405013
83212216785
1781738406013
83306670035
1781738407011
83401325615
1781738408012
83495669734
1781738409012
83590135801
1781738410013
83684297791
1781738411012
83778789004
1781738412012
83873561528
1781738413012
83967745857
1781738414011
84062864693
1781738415011
84157238353
1781738416012
84252013928
1781738417013
84346561965
1781738418011
84441541763
1781738419012
84536478959
1781738420012
84631155047
1781738421010
84726611834
1781738422012
84822177935
1781738423012
84916655049
1781738424012
85011378134
1781738425013
85106023705
1781738426012
85200353053
1781738427012
85295324184
1781738428012
85390337186
1781738429013
85484919341
1781738430012
85579720612
1781738431012
85674459811
1781738432012
85770041719
1781738433012
85864857394
1781738434012
85960458895
1781738435012
86054920201
1781738436013
86149837195
1781738437013
86244373513
1781738438012
86339445474
1781738439013
86433846905
1781738440013
86528221602
1781738441012
86623128097
1781738442013
86717793443
1781738443012
86811952077
1781738444011
86906845083
1781738445012
87001030511
1781738446012
87095654048
1781738447012
87190357480
1781738448013
87284855285
1781738449012
87379891846
1781738450013
87474090946
1781738451012
87568835454
1781738452015
87663508185
1781738453012
87758236825
1781738454011
87853003428
1781738455013
87947006239
1781738456012
88041807510
1781738457012
88136361772
1781738458011
88230721882
1781738459013
88324879905
1781738460012
88419426538
1781738461013
88514174953
1781738462012
88609143521
1781738463012
88703628142
1781738464011
88799083098
1781738465013
88893467988
1781738466013
88987789219
1781738467011
89082397925
1781738468012
89177070045
1781738469012
89276697110
1781738470073
89364951706
1781738471013
89459074512
1781738472012
89553704091
1781738473013
89648289237
1781738474013
89743001702
1781738475012
89837662837
1781738476011
89932149594
1781738477012
90026185120
1781738478012
90120362553
1781738479012
90214729987
1781738480013
90308737192
1781738481012
90403319104
1781738482011
90498432080
1781738483012
90592859573
1781738484011
90687559099
1781738485013
90781253866
1781738486011
90875265893
1781738487012
90969182340
1781738488012
91063178315
1781738489013
91157615390
1781738490013
91251938757
1781738491013
91345907389
1781738492013
91440715801
1781738493013
91534761275
1781738494012
91629831833
1781738495013
91724066577
1781738496013
91818406912
1781738497012
91913188041
1781738498012
92007595636
1781738499011
92101493467
1781738500012
92194122747
1781738501012
92287992562
1781738502012
92382211193
1781738503012
92476406509
1781738504012
92570314044
1781738505011
92664427695
1781738506012
92758531763
1781738507012
92852186858
1781738508012
92946196932
1781738509012
93039935828
1781738510012
93133836711
1781738511013
93227741072
1781738512013
93322177232
1781738513012
93416465748
1781738514013
93510341911
1781738515013
93603900937
1781738516013
93697531190
1781738517013
93791183905
1781738518012
93885190561
1781738519011
93979281629
1781738520013
94073069658
1781738521013
94166907064
1781738522012
94261190026
1781738523012
94353397736
1781738524012
94446237220
1781738525012
94539111922
1781738526013
94632492786
1781738527012
94726265556
1781738528013
94819607602
1781738529012
94918766284
1781738530075
95006487251
1781738531012
95100273571
1781738532012
95194378311
1781738533012
95287935261
1781738534012
95381894676
1781738535012
95475558865
1781738536012
95569152559
1781738537013
95662886816
1781738538013
95756459147
1781738539012
95850012557
1781738540013
95943475392
1781738541013
96037097894
1781738542013
96131166684
1781738543014
96224531435
1781738544013
96318129401
1781738545013
96411776378
1781738546011
96505547928
1781738547012
96598733236
1781738548011
96692230860
1781738549011
96785681183
1781738550011
96879618625
1781738551014
96973206887
1781738552012
97067517558
1781738553013
97161282394
1781738554013
97255820726
1781738555010
97349386405
1781738556012
97443100459
1781738557012
97536509339
1781738558012
97630443424
1781738559013
97723737375
1781738560013
97816779983
1781738561013
97910449116
1781738562012
98004424462
1781738563012
98097761686
1781738564012
98191736726
1781738565013
98285394506
1781738566012
98378922343
1781738567013
98472483993
1781738568011
98565976430
1781738569012
98659798150
1781738570013
98753483945
1781738571012
98846960879
1781738572012
98941094976
1781738573012
99034982126
1781738574013
99128550002
1781738575012
99222088398
1781738576013
99315422082
1781738577012
99409085599
1781738578013
99503015779
1781738579012
99596483862
1781738580012
99690236125
1781738581013
99783944015
1781738582012
99877993090
1781738583013
99971816642
1781738584013
100066088007
1781738585011
100159876768
1781738586013
100253852358
1781738587013
100347350287
1781738588012
100441019298
1781738589011
100534260881
1781738590013
100627239769
1781738591012
100721004604
1781738592012
100815133880
1781738593012
100908888401
1781738594013
101003217444
1781738595013
101096627666
1781738596012
101189957017
1781738597012
101283445608
1781738598011
101376951839
1781738599011
101470919371
1781738600012
101564198674
1781738601011
101657944772
1781738602012
101752182995
1781738603011
101846002701
1781738604012
101939570760
1781738605011
102033319055
1781738606013
102127004545
1781738607013
102220390231
1781738608012
102314093482
1781738609011
102407941509
1781738610013
102501868453
1781738611012
102595632129
1781738612013
102689427055
1781738613012
102783263180
1781738614012
102877221252
1781738615012
102971304874
1781738616013
103064694588
1781738617012
103158276685
1781738618011
103251908953
1781738619011
103344986107
1781738620012
103438463712
1781738621012
103532209200
1781738622013
103626145788
1781738623011
103719826395
1781738624012
103813954816
1781738625011
103907526842
1781738626012
104001388724
1781738627012
104094798763
1781738628013
104188350525
1781738629012
104282025456
1781738630012
104375453074
1781738631012
104469276137
1781738632012
104563486345
1781738633011
104657005759
1781738634011
104750863978
1781738635012
104844380889
1781738636012
104938056675
1781738637013
105031607339
1781738638013
105125091963
1781738639012
105218151966
1781738640012
105311680413
1781738641012
105405138304
1781738642013
105499290651
1781738643013
105592873663
1781738644012
105686805612
1781738645011
105780998181
1781738646013
105874327960
1781738647013
105967976340
1781738648012
106061644191
1781738649013
106155042634
1781738650013
106248517309
1781738651013
106342053447
1781738652013
106436033919
1781738653012
106529873950
1781738654013
106623724540
1781738655013
106717132565
1781738656012
106810776124
1781738657013
106904422124
1781738658012
106998042795
1781738659013
107091420059
1781738660011
107185112263
1781738661012
107278891014
1781738662013
107372723538
1781738663011
107466516999
1781738664012
107566173909
1781738665074
107653990823
1781738666012
107747989240
1781738667015
107841585313
1781738668012
107935345022
1781738669012
108029075068
1781738670012
108122749450
1781738671012
108216523441
1781738672012
108310587470
1781738673013
108404148387
1781738674013
108497903519
1781738675013
108592144732
1781738676013
108685961448
1781738677012
108779847194
1781738678012
108873507171
1781738679012
108966723546
1781738680013
109060348856
1781738681013
109154067976
1781738682013
109247806628
1781738683011
109341625358
1781738684012
109435393428
1781738685013
109528883973
1781738686013
109622422918
1781738687013
109715850718
1781738688013
109809384353
1781738689012
109903109943
1781738690012
109996759423
1781738691012
110090611844
1781738692013
110184689362
1781738693012
110278533237
1781738694012
110378017846
1781738695073
110465744550
1781738696013
110559541063
1781738697012
110653341238
1781738698012
110746941096
1781738699010
110840727660
1781738700012
110934488956
1781738701013
111028081001
1781738702013
111122152660
1781738703011
111215882522
1781738704013
111308206322
1781738705012
111401148345
1781738706012
111494739719
1781738707012
111588693030
1781738708012
111682169232
1781738709011
111775403124
1781738710012
111869276174
1781738711012
111963295282
1781738712012
112057277951
1781738713011
112151107423
1781738714011
112244987310
1781738715011
112339009530
1781738716011
112432734754
1781738717011
112526556535
1781738718012
112620191611
1781738719013
112713962550
1781738720013
112807693084
1781738721013
112901443271
1781738722013
112994535989
1781738723012
113087917647
1781738724011
113187355747
1781738725073
113275479362
1781738726013
113368894772
1781738727012
113462577088
1781738728013
113556236028
1781738729011
113649837107
1781738730012
113743674818
1781738731012
113837291522
1781738732012
113931200583
1781738733013
114024735805
1781738734012
114118070833
1781738735013
114211435218
1781738736013
114304997417
1781738737013
114398360276
1781738738011
114492219228
1781738739013
114585489497
1781738740011
114678729676
1781738741012
114772373906
1781738742012
114866704841
1781738743012
114960427258
1781738744013
115054523941
1781738745013
115148038716
1781738746013
115241832604
1781738747013
115335551786
1781738748011
115429252351
1781738749012
115523125585
1781738750011
115617282571
1781738751013
115710529402
1781738752012
115804988267
1781738753013
115898846913
1781738754012
115992118769
1781738755013
116085300965
1781738756011
116179291020
1781738757011
116272888925
1781738758013
116366589002
1781738759012
116458877279
1781738760012
116552205409
1781738761012
116645910064
1781738762012
116739974216
1781738763012
116833933082
1781738764012
116927946330
1781738765013
117021675338
1781738766009
117115684497
1781738767011
117209348075
1781738768010
117303290034
1781738769012
117396479493
1781738770012
117490014044
1781738771013
117583725413
1781738772012
117677913953
1781738773011
117771466631
1781738774011
117865479513
1781738775011
117959208460
1781738776012
118052943999
1781738777013
118146596835
1781738778013
118240262916
1781738779012
118334096539
1781738780012
118428071335
1781738781012
118521961170
1781738782012
118616358755
1781738783013
118710018550
1781738784012
118803683410
1781738785012
118897217289
1781738786012
118991219185
1781738787012
119085030651
1781738788012
119178631059
1781738789011
119272500813
1781738790012
119366593346
1781738791013
119460055448
1781738792011
119554266633
1781738793010
119648330540
1781738794013
119742322731
1781738795012
119835787824
1781738796008
119929828843
1781738797012
120023569692
1781738798013
120117315484
1781738799011
120210289123
1781738800012
120303753911
1781738801012
120397366769
1781738802011
120491793652
1781738803012
120585769790
1781738804013
120680016070
1781738805013
120773438255
1781738806011
120867143093
1781738807012
120960698701
1781738808011
121054599401
1781738809012
121148509561
1781738810012
121242094465
1781738811013
121335210377
1781738812013
121428089106
1781738813013
121521923766
1781738814012
121615755130
1781738815012
121709282051
1781738816012
121803228099
1781738817013
121897258376
1781738818012
121990885029
1781738819012
122084801353
1781738820011
122179184046
1781738821013
122273238981
1781738822011
122367915924
1781738823012
122461977329
1781738824012
122556131384
1781738825011
122650325662
1781738826013
122744550519
1781738827012
122838607529
1781738828012
122932726856
1781738829013
123031631449
1781738830074
123120074948
1781738831012
123213912598
1781738832012
123308211307
1781738833012
123402907842
1781738834012
123497325386
1781738835012
123591622569
1781738836012
123685588515
1781738837012
123779037556
1781738838011
123873193992
1781738839011
123967431543
1781738840012
124061376005
1781738841012
124155508943
1781738842013
124249792759
1781738843012
124344022559
1781738844011
124438140910
1781738845012
124531987593
1781738846012
124626039904
1781738847012
124720206411
1781738848011
124814373162
1781738849012
124908751582
1781738850012
125002593749
1781738851010
125096609195
1781738852013
125191132695
1781738853013
125284853586
1781738854011
125379813731
1781738855012
125472067767
1781738856012
125566440817
1781738857012
125660969749
1781738858012
125755355311
1781738859013
125849104461
1781738860015
125942856601
1781738861012
126036965857
1781738862012
126131541238
1781738863012
126226088725
1781738864013
126320055892
1781738865011
126414597154
1781738866013
126508634266
1781738867012
126602515374
1781738868012
126696381283
1781738869011
126790363037
1781738870012
126884664310
1781738871012
126978855353
1781738872013
127073696174
1781738873012
127168465341
1781738874011
127262794262
1781738875012
127356948440
1781738876012
127451377520
1781738877011
127545610249
1781738878011
127639775292
1781738879012
127733914455
1781738880012
127828229094
1781738881013
127922562654
1781738882013
128016769200
1781738883013
128111022987
1781738884013
128205537515
1781738885012
128299676007
1781738886013
128394295455
1781738887013
128488526232
1781738888013
128582562429
1781738889013
128676414361
1781738890011
128770695431
1781738891013
128864793579
1781738892013
128959479616
1781738893012
129053699162
1781738894013
129147999214
1781738895013
129241818737
1781738896012
129336062270
1781738897013
129430167315
1781738898011
129524248190
1781738899012
129618396447
1781738900012
129712591518
1781738901012
129804824253
1781738902012
129898217447
1781738903012
129991188706
1781738904012
130082998529
1781738905013
130155182609
1781738906012
130205707871
1781738907014
130259491302
1781738908013
130314817089
1781738909013
130364225898
1781738910012
130412924809
1781738911013
130463365536
1781738912010
130517908610
1781738913012
130572511619
1781738914013
130630672908
1781738915011
130723080387
1781738916012
130818757266
1781738917012
130913608646
1781738918011
131008864872
1781738919012
131109158805
1781738920075
131197789071
1781738921013
131292979196
1781738922013
131388756905
1781738923013
131483441355
1781738924011
131578883249
1781738925012
131673835338
1781738926011
131768846691
1781738927012
131863806592
1781738928013
131958543227
1781738929013
132053532181
1781738930012
132148768204
1781738931013
132243773637
1781738932013
132338962725
1781738933011
132434281878
1781738934013
132528870075
1781738935013
132623311484
1781738936012
132717563745
1781738937010
132812754358
1781738938012
132907577419
1781738939012
133002149137
1781738940012
133097006927
1781738941010
133191686555
1781738942012
133286847627
1781738943013
133382105684
1781738944013
133476891574
1781738945013
133571274450
1781738946012
133666137489
1781738947011
133761086586
1781738948012
133856042459
1781738949012
133950522625
1781738950012
134044979597
1781738951013
134139911178
1781738952012
134235058823
1781738953013
134329848436
1781738954011
134423885122
1781738955013
134516939632
1781738956011
134612580744
1781738957010
134707724544
1781738958012
134802456052
1781738959013
134897392943
1781738960012
134991869874
1781738961012
135086913148
1781738962011
135182135988
1781738963012
135276812870
1781738964013
135371443731
1781738965013
135465768013
1781738966013
135560494700
1781738967012
135655451549
1781738968011
135750524303
1781738969012
135845699902
1781738970013
135940613905
1781738971012
136035354385
1781738972012
136130468338
1781738973011
136225327104
1781738974011
136320389544
1781738975012
136415108051
1781738976013
136509778280
1781738977009
136605316854
1781738978011
136700264731
1781738979011
136800220530
1781738980073
136889021450
1781738981013
136984061978
1781738982013
137079019926
1781738983013
137173679107
1781738984010
137268879486
1781738985012
137364173432
1781738986015
137458625766
1781738987012
137553299229
1781738988012
137647745338
1781738989011
137742528847
1781738990012
137837105143
1781738991013
137931809552
1781738992011
138026894330
1781738993010
138121939558
1781738994011
138216749008
1781738995013
138311009204
1781738996013
138405865772
1781738997012
138500805471
1781738998014
138595714652
1781738999015
138690516533
1781739000012
138785456109
1781739001011
138880116817
1781739002011
138975333248
1781739003011
139070308224
1781739004012
139165431760
1781739005012
139260226805
1781739006012
139355139648
1781739007012
139450401856
1781739008012
139545137453
1781739009013
139645338490
1781739010074
139733932990
1781739011013
139828725045
1781739012013
139923505381
1781739013013
140018391796
1781739014013
140113146863
1781739015012
140207880385
1781739016011
140303049270
1781739017013
140397573198
1781739018012
140492580950
1781739019011
140587355793
1781739020012
140682380880
1781739021013
140777028098
1781739022012
140871762048
1781739023012
140966574183
1781739024009
141061682704
1781739025012
141156464383
1781739026012
141251372526
1781739027012
141346252349
1781739028012
141440970307
1781739029012
141535886446
1781739030012
141630810641
1781739031012
141725928928
1781739032013
141820684728
1781739033012
141915382911
1781739034011
142010410683
1781739035010
142105281168
1781739036011
142200004741
1781739037012
142295638896
1781739038013
142390673442
1781739039013
142485093367
1781739040011
142579758591
1781739041012
142674799973
1781739042012
142770064073
1781739043012
142865262865
1781739044013
142960311755
1781739045013
143055245044
1781739046013
143150059133
1781739047011
143245427602
1781739048012
143340052482
1781739049011
143434927910
1781739050012
143529771967
1781739051013
143624310665
1781739052013
143719163389
1781739053012
143814275755
1781739054013
143909103027
1781739055013
144003649110
1781739056012
144098812319
1781739057012
144193894778
1781739058013
144288931034
1781739059013
144384174687
1781739060013
144478790899
1781739061012
144573746162
1781739062013
144668789803
1781739063013
144763335886
1781739064012
144858761912
1781739065013
144953673351
1781739066012
145048885570
1781739067013
145144028027
1781739068012
145238518874
1781739069013
145338953736
1781739070076
145428077837
1781739071013
145522697895
1781739072012
145618010761
1781739073012
145712922872
1781739074009
145808234457
1781739075011
145903517538
1781739076012
145998510215
1781739077012
146093195519
1781739078011
146187935267
1781739079010
146283145716
1781739080012
146378168056
1781739081012
146472638700
1781739082012
146567644011
1781739083012
146662865997
1781739084012
146757898957
1781739085012
146852569979
1781739086012
146947608981
1781739087013
147043015231
1781739088013
147137989597
1781739089013
147232924535
1781739090012
147328134069
1781739091012
147423260290
1781739092013
147518211890
1781739093012
147613212685
1781739094012
147708436501
1781739095012
147803290323
1781739096012
147898130779
1781739097011
147993617046
1781739098013
148088907329
1781739099013
148183233198
1781739100013
148277428758
1781739101013
148372367968
1781739102013
148467634204
1781739103013
148560529596
1781739104012
148654566098
1781739105012
148749155150
1781739106012
148843831788
1781739107013
148938234439
1781739108009
149032990605
1781739109011
149127617866
1781739110012
149222204049
1781739111010
149317214121
1781739112011
149410155289
1781739113011
149504411335
1781739114012
149598650412
1781739115013
149692607508
1781739116011
149786867887
1781739117012
149881428009
1781739118011
149975859224
1781739119012
150070160924
1781739120012
150164422279
1781739121010
150258671061
1781739122012
150353081525
1781739123012
150448061934
1781739124012
150542494859
1781739125012
150636839893
1781739126011
150731545034
1781739127011
150826667288
1781739128011
150921261711
1781739129011
151015251400
1781739130012
151109565795
1781739131012
151204186890
1781739132012
151298315983
1781739133011
151391544626
1781739134013
151486151928
1781739135013
151580811476
1781739136013
151675518936
1781739137012
151770186357
1781739138012
151864916888
1781739139011
151959776692
1781739140013
152054139060
1781739141013
152148686487
1781739142013
152243416713
1781739143013
152337807462
1781739144012
152432381012
1781739145013
152526704562
1781739146013
152621357701
1781739147011
152716075842
1781739148012
152810595620
1781739149012
152905141764
1781739150011
152999555585
1781739151011
153093949081
1781739152013
153188721056
1781739153012
153283351490
1781739154011
153378276356
1781739155012
153472975699
1781739156013
153567853081
1781739157012
153663133476
1781739158013
153757751520
1781739159012
153851868101
1781739160012
153946446167
1781739161012
154040853335
1781739162011
154136254091
1781739163013
154230860966
1781739164013
154325636175
1781739165013
154419987740
1781739166013
154514395335
1781739167012
154608805250
1781739168011
154703753127
1781739169012
154798624283
1781739170013
154893262468
1781739171013
154987691243
1781739172013
155082579122
1781739173011
155177330162
1781739174013
155271852014
1781739175012
155365780668
1781739176013
155460673369
1781739177013
155555755828
1781739178012
155650299776
1781739179011
155744952732
1781739180011
155839524511
1781739181012
155934160377
1781739182012
156029395912
1781739183013
156123722880
1781739184012
156218106977
1781739185012
156312622970
1781739186012
156407287889
1781739187012
156502198474
1781739188009
156597662768
1781739189013
156697404700
1781739190073
156786597892
1781739191013
156881186823
1781739192012
156976217707
1781739193013
157070839840
1781739194013
157165483397
1781739195012
157259841920
1781739196011
157354138432
1781739197013
157448335578
1781739198012
157542896860
1781739199011
157637282360
1781739200011
157731892714
1781739201012
157826272477
1781739202011
157920766437
1781739203012
158015148946
1781739204011
158109552819
1781739205011
158203833583
1781739206013
158298462430
1781739207013
158393104095
1781739208013
158487253512
1781739209013
158582045689
1781739210013
158676441016
1781739211013
158771260902
1781739212011
158866138894
1781739213012
158960728496
1781739214012
159055536664
1781739215012
159149880050
1781739216012
159244307787
1781739217013
159338813038
1781739218011
159433827566
1781739219012
159533967080
1781739220073
159622363765
1781739221012
159716820799
1781739222013
159811824096
1781739223012
159906501221
1781739224012
160001031863
1781739225013
160095504888
1781739226011
160190187812
1781739227012
160284886117
1781739228012
160379392650
1781739229010
160474146436
1781739230012
160568791274
1781739231011
160663262101
1781739232012
160758187151
1781739233012
160853161884
1781739234010
160947744283
1781739235012
161041990563
1781739236013
161136397609
1781739237012
161231298245
1781739238012
161326144071
1781739239013
161420563080
1781739240013
161514463169
1781739241012
161609348974
1781739242011
161704425818
1781739243013
161799089516
1781739244012
161893839090
1781739245012
161988026532
1781739246012
162082272629
1781739247011
162176629565
1781739248012
162271280202
1781739249013
162365560295
1781739250013
162459436641
1781739251013
162553795592
1781739252012
162648466553
1781739253012
162742610294
1781739254012
162837176702
1781739255012
162931814888
1781739256013
163025870494
1781739257012
163120180006
1781739258011
163214944290
1781739259012
163309701371
1781739260013
163404357806
1781739261013
163498690817
1781739262013
163593736289
1781739263013
163688060998
1781739264013
163782386563
1781739265012
163876921904
1781739266013
163971530732
1781739267011
164065964450
1781739268012
164160330236
1781739269012
164254632668
1781739270012
164349366679
1781739271012
164443832501
1781739272012
164538846540
1781739273013
164633643295
1781739274013
164728275804
1781739275012
164822525013
1781739276013
164916949210
1781739277013
165011365594
1781739278012
165106056270
1781739279011
165205988448
1781739280073
165294087222
1781739281013
165388978458
1781739282013
165484191898
1781739283013
165578714056
1781739284012
165673608284
1781739285011
165768046641
1781739286012
165862666515
1781739287012
165957221144
1781739288012
166051590226
1781739289012
166146620623
1781739290013
166240863057
1781739291012
166335298667
1781739292012
166430168114
1781739293012
166525000696
1781739294012
166619780605
1781739295013
166714132292
1781739296012
166808282442
1781739297013
166902910801
1781739298013
166997574865
1781739299013
167091946511
1781739300012
167186291545
1781739301012
167280735517
1781739302012
167375622969
1781739303013
167470062913
1781739304013
167564712573
1781739305012
167659060781
1781739306012
167753574822
1781739307012
167848142329
1781739308012
167943032283
1781739309012
168037042785
1781739310013
168130807560
1781739311012
168225086249
1781739312012
168319804512
1781739313013
168414158458
1781739314012
168508672803
1781739315013
168602892838
1781739316013
168697508013
1781739317013
168791809285
1781739318012
168886409812
1781739319013
168980888330
1781739320013
169075289089
1781739321012
169169629180
1781739322012
169264315278
1781739323013
169358572422
1781739324012
169453175573
1781739325013
169547400918
1781739326013
169641545880
1781739327011
169736120100
1781739328013
169830365892
1781739329012
169922865838
1781739330013
170017030331
1781739331011
170111064575
1781739332012
170205464358
1781739333012
170299771673
1781739334013
170394322761
1781739335013
170488332835
1781739336013
170582256606
1781739337012
170676444781
1781739338012
170770908345
1781739339012
170870158396
1781739340073
170958556851
1781739341012
171052630280
1781739342013
171147178012
1781739343012
171241656102
1781739344013
171336040260
1781739345011
171430684610
1781739346012
171524930523
1781739347013
171619231552
1781739348013
171713329821
1781739349012
171807380179
1781739350012
171901696161
1781739351013
171996043575
1781739352013
172090389403
1781739353012
172184375368
1781739354012
172278863164
1781739355013
172372546762
1781739356012
172466817761
1781739357012
172561072280
1781739358012
172655067706
1781739359013
172749152548
1781739360013
172843012781
1781739361013
172937229276
1781739362011
173031845123
1781739363013
173125620090
1781739364012
173220301855
1781739365013
173314258401
1781739366013
173408395428
1781739367013
173502563644
1781739368012
173596389637
1781739369009
173690256828
1781739370012
173783913632
1781739371013
173877888794
1781739372011
173972615175
1781739373013
174066283576
1781739374012
174159119214
1781739375013
174252887834
1781739376012
174347357563
1781739377013
174441489402
1781739378011
174535609767
1781739379012
174629533416
1781739380011
174723941987
1781739381013
174818243260
1781739382011
174912981481
1781739383012
175007419838
1781739384012
175101607097
1781739385012
175195506637
1781739386012
175289886766
1781739387012
175384065419
1781739388013
175478068170
1781739389012
175572025204
1781739390013
175666182617
1781739391013
175760533084
1781739392012
175855347355
1781739393012
175949522041
1781739394012
176044109384
1781739395013
176138251050
1781739396013
176232604080
1781739397011
176326944903
1781739398012
176421214620
1781739399008
176521608284
1781739400076
176609662624
1781739401013
176704232938
1781739402012
176799426908
1781739403013
176893833649
1781739404013
176988249606
1781739405012
177082762914
1781739406013
177177061501
1781739407013
177271326762
1781739408012
177365400008
1781739409013
177460114853
1781739410015
177554458118
1781739411012
177649089589
1781739412012
177743912528
1781739413011
177838383660
1781739414011
177932760799
1781739415013
178026838500
1781739416013
178120961001
1781739417010
178215607426
1781739418013
178309761909
1781739419012
178403945811
1781739420013
178498317090
1781739421012
178592823318
1781739422013
178687079303
1781739423010
178781773518
1781739424011
178876635824
1781739425012
178971405601
1781739426011
179066339013
1781739427012
179160480373
1781739428011
179254564056
1781739429011
179349349824
1781739430012
179443522495
1781739431012
179537941504
1781739432013
179632842690
1781739433012
179727408426
1781739434013
179822259563
1781739435012
179916774092
1781739436013
180011660689
1781739437013
180104987538
1781739438013
180198759759
1781739439013
180293273128
1781739440013
180387601438
1781739441013
180481898377
1781739442013
180576826540
1781739443013
180670854864
1781739444011
180764991403
1781739445012
180859448680
1781739446012
180953868421
1781739447012
181048572891
1781739448012
181142969073
1781739449011
181237477864
1781739450012
181332050986
1781739451013
181426126368
1781739452013
181520820278
1781739453013
181615160735
1781739454012
181709869599
1781739455013
181804111972
1781739456013
181898522131
1781739457012
181993371131
1781739458013
182087934610
1781739459012
182182476971
1781739460013
182276976118
1781739461013
182371353074
1781739462011
182466446947
1781739463013
182561186023
1781739464012
182656086110
1781739465013
182750574515
1781739466013
182844723871
1781739467012
182938830198
1781739468011
183033208130
1781739469011
183128048097
1781739470013
183222206914
1781739471013
183316199349
1781739472011
183411176523
1781739473012
183505518811
1781739474012
183599884048
1781739475012
183694160601
1781739476013
183788690693
1781739477013
183883404989
1781739478013
183977705956
1781739479011
184072167079
1781739480012
184166329924
1781739481013
184260325350
1781739482013
184354936802
1781739483012
184449051673
1781739484012
184543872048
1781739485012
184637761518
1781739486010
184732230819
1781739487012
184826661852
1781739488013
184920701101
1781739489012
185015321952
1781739490011
185109707941
1781739491013
185203902341
1781739492012
185298393310
1781739493012
185392872866
1781739494013
185487538700
1781739495012
185581697944
1781739496012
185676357675
1781739497012
185770947703
1781739498013
185865285108
1781739499013
185959526322
1781739500012
186053730000
1781739501012
186147995810
1781739502012
186242693078
1781739503011
186336980251
1781739504012
186430964141
1781739505012
186524998141
1781739506013
186619443090
1781739507011
186713716774
1781739508012
186808178019
1781739509012
186902620405
1781739510013
186996991684
1781739511011
187091644335
1781739512013
187186165821
1781739513011
187270746965
1781739514012
187326775080
1781739515013
187382477941
1781739516012
187431011447
1781739517012
187484906084
1781739518013
187537396062
1781739519013
187589354730
1781739520012
187646213899
1781739521013
187699347125
1781739522013
187754959409
1781739523014
187823530828
1781739524012
187917768013
1781739525013
188012343943
1781739526011
188107140148
1781739527013
188201787550
1781739528012
188296677993
1781739529012
188391552567
1781739530013
188486164996
1781739531012
188580542195
1781739532012
188675677694
1781739533012
188770653464
1781739534012
188865344323
1781739535012
188959834987
1781739536013
189054307645
1781739537012
189149055633
1781739538010
189244283538
1781739539011
189339171052
1781739540013
189434196382
1781739541012
189529155246
1781739542012
189624261203
1781739543012
189718751196
1781739544013
189813541419
1781739545012
189908250222
1781739546011
190003212626
1781739547011
190098065349
1781739548012
190193033368
1781739549013
190287833357
1781739550009
190380999500
1781739551013
190473714656
1781739552013
190566805543
1781739553011
190659715584
1781739554012
190754571847
1781739555012
190849397837
1781739556012
190945011484
1781739557012
191039870860
1781739558013
191134197645
1781739559013
191228777115
1781739560012
191323500139
1781739561013
191417890034
1781739562012
191512424766
1781739563012
191606871667
1781739564012
191701548122
1781739565013
191795753264
1781739566013
191890538238
1781739567013
191985240511
1781739568013
192079741062
1781739569012
192174751012
1781739570013
192269522193
1781739571012
192362300458
1781739572012
192455417102
1781739573012
192548085078
1781739574013
192642817929
1781739575013
192737449645
1781739576012
192832315979
1781739577012
192927312501
1781739578012
193022088503
1781739579012
193122379628
1781739580073
193211654974
1781739581013
193306349311
1781739582011
193401992316
1781739583012
193497025398
1781739584011
193592227425
1781739585010
193687616890
1781739586012
193782510263
1781739587012
193877677255
1781739588013
193972597117
1781739589013
194067217114
1781739590011
194161851760
1781739591013
194256885513
1781739592013
194352141556
1781739593013
194446976091
1781739594012
194541486530
1781739595011
194636275289
1781739596012
194730844322
1781739597013
194825594628
1781739598012
194920308558
1781739599011
195015078702
1781739600012
195110168790
1781739601012
195205395475
1781739602013
195299997894
1781739603011
195395119171
1781739604013
195488987889
1781739605013
195581764629
1781739606013
195675855880
1781739607012
195770727951
1781739608012
195865437670
1781739609011
195960310229
1781739610012
196055535205
1781739611013
196150608448
1781739612011
196245563222
1781739613011
196340392692
1781739614011
196434295344
1781739615012
196528309996
1781739616013
196623410949
1781739617013
196718340943
1781739618012
196813137758
1781739619012
196908105411
1781739620013
197002624456
1781739621011
197097641852
1781739622012
197192612067
1781739623012
197287434334
1781739624013
197382088023
1781739625012
197476548780
1781739626013
197571185988
1781739627012
197666026017
1781739628011
197760787310
1781739629013
197855667133
1781739630012
197950755268
1781739631011
198045648397
1781739632013
198140612997
1781739633013
198235679710
1781739634013
198330754051
1781739635013
198425146815
1781739636011
198519975857
1781739637011
198614681120
1781739638012
198709574248
1781739639012
198803889376
1781739640012
198898965731
1781739641012
198994020115
1781739642012
199088703039
1781739643011
199183454688
1781739644012
199278056924
1781739645012
199372424480
1781739646013
199467085493
1781739647012
199561782211
1781739648012
199656773301
1781739649011
199752067551
1781739650012
199846691333
1781739651012
199941391530
1781739652012
200036438100
1781739653012
200130969352
1781739654012
200226044121
1781739655012
200320094967
1781739656012
200415029416
1781739657013
200509631225
1781739658010
200604163209
1781739659011
200698980105
1781739660012
200793977543
1781739661012
200888602545
1781739662010
200983645941
1781739663012
201078293221
1781739664013
201171845228
1781739665012
201264964862
1781739666013
201359078574
1781739667013
201453893700
1781739668013
201548369105
1781739669013
201641958587
1781739670013
201736642793
1781739671013
201831089451
1781739672013
201925549414
1781739673010
202020402260
1781739674012
202115053934
1781739675013
202209330853
1781739676013
202303514023
1781739677013
202397752856
1781739678013
202492066763
1781739679013
202585945428
1781739680012
202680202572
1781739681012
202774739379
1781739682011
202869812194
1781739683013
202964078555
1781739684012
203064163137
1781739685073
203152689583
1781739686015
203247117015
1781739687012
203341681226
1781739688012
203436430678
1781739689013
203531449417
1781739690016
203625509540
1781739691012
203720113179
1781739692013
203814729148
1781739693013
203909358850
1781739694013
204003832790
1781739695011
204098173674
1781739696011
204192483552
1781739697013
204286769688
1781739698011
204381382788
1781739699012
204475247049
1781739700012
204569644818
1781739701011
204664452498
1781739702013
204759531783
1781739703012
204854323166
1781739704013
204949194811
1781739705012
205044025623
1781739706013
205138650808
1781739707012
205233310660
1781739708013
205327685297
1781739709011
205422066403
1781739710012
205516542601
1781739711012
205611039979
1781739712012
205705685916
1781739713012
205800342534
1781739714011
205895241644
1781739715013
205989282968
1781739716012
206083948925
1781739717013
206178376356
1781739718012
206272952469
1781739719013
206367374469
1781739720012
206461585592
1781739721011
206556102257
1781739722012
206650843653
1781739723012
206745308194
1781739724010
206840948391
1781739725013
206935078643
1781739726011
207029969391
1781739727012
207124330722
1781739728012
207219050389
1781739729013
207313057473
1781739730012
207407264568
1781739731008
207502183758
1781739732013
207597262311
1781739733013
207691979903
1781739734012
207787147690
1781739735012
207881595507
1781739736013
207975888967
1781739737013
208070348381
1781739738013
208164813471
1781739739011
208259383236
1781739740011
208353890074
1781739741013
208448474793
1781739742013
208543260866
1781739743013
208637573796
1781739744013
208732284979
1781739745013
208827168220
1781739746013
208921731089
1781739747013
209016071301
1781739748013
209110228470
1781739749012
209204348163
1781739750012
209298938680
1781739751013
209392965905
1781739752012
209487687831
1781739753013
209582453213
1781739754013
209677326017
1781739755011
209771415071
1781739756013
209865992954
1781739757012
209960231238
1781739758012
210054741372
1781739759011
210154752773
1781739760073
210242866989
1781739761009
210338141708
1781739762012
210432927598
1781739763012
210527711413
1781739764012
210622693104
1781739765012
210717193045
1781739766012
210812013237
1781739767011
210907079705
1781739768013
211001537654
1781739769012
211096574886
1781739770012
211191233702
1781739771012
211286157653
1781739772013
211381163147
1781739773011
211475709719
1781739774011
211570443973
1781739775013
211665140875
1781739776013
211759808479
1781739777013
211854640145
1781739778013
211948895824
1781739779011
212043227065
1781739780012
212137985917
1781739781012
212232836260
1781739782013
212327547138
1781739783012
212422166219
1781739784013
212515858362
1781739785011
212609231536
1781739786011
212704190888
1781739787015
212797921666
1781739788012
212891899453
1781739789012
212985788006
1781739790013
213080068771
1781739791012
213175124558
1781739792013
213270192735
1781739793012
213364774768
1781739794012
213459257497
1781739795013
213553473382
1781739796013
213647799312
1781739797012
213742107909
1781739798012
213836388490
1781739799013
213931166934
1781739800012
214025618413
1781739801011
214119878426
1781739802012
214214628427
1781739803011
214309351207
1781739804013
214403757399
1781739805012
214498208085
1781739806012
214592597003
1781739807013
214687064535
1781739808012
214781665550
1781739809013
214876408960
1781739810013
214971367274
1781739811012
215065863980
1781739812012
215160783903
1781739813013
215255382904
1781739814012
215350062594
1781739815010
215444523839
1781739816011
215539092566
1781739817012
215633716408
1781739818013
215728280986
1781739819013
215828095000
1781739820073
215916613023
1781739821011
216011796129
1781739822012
216106444629
1781739823012
216200925100
1781739824013
216295258965
1781739825013
216389466549
1781739826013
216483957823
1781739827012
216578555420
1781739828013
216673247439
1781739829011
216767796879
1781739830012
216862085822
1781739831012
216956628976
1781739832013
217051150585
1781739833011
217145775709
1781739834013
217245869386
1781739835074
217333917744
1781739836012
217428465781
1781739837011
217523344933
1781739838012
217617869471
1781739839012
217712074674
1781739840012
217806663055
1781739841013
217900993929
1781739842012
217996103244
1781739843012
218090450109
1781739844012
218185337440
1781739845013
218279225627
1781739846011
218373946149
1781739847013
218468668624
1781739848011
218563481430
1781739849011
218663275181
1781739850075
218751390129
1781739851012
218845185787
1781739852012
218939903013
1781739853012
219033547365
1781739854010
219127930364
1781739855011
219221952279
1781739856012
219316210826
1781739857013
219410236770
1781739858012
219504308001
1781739859013
219598152671
1781739860011
219692123316
1781739861011
219786127043
1781739862012
219880446687
1781739863013
219974312413
1781739864011
220072907620
1781739865073
220160813401
1781739866013
220254912525
1781739867012
220348607048
1781739868011
220442622371
1781739869012
220536773192
1781739870012
220631010805
1781739871011
220725195379
1781739872012
220819462593
1781739873013
220913497143
1781739874012
221007670424
1781739875011
221101388385
1781739876009
221195564841
1781739877012
221289771997
1781739878013
221383541105
1781739879013
221482526020
1781739880074
221570741493
1781739881013
221664861613
1781739882011
221759057173
1781739883011
221852888781
1781739884013
221946668021
1781739885012
222040614741
1781739886012
222134460997
1781739887011
222228662050
1781739888013
222322321051
1781739889012
222416229441
1781739890012
222509953078
1781739891013
222603832415
1781739892013
222698325642
1781739893013
222792508140
1781739894013
222892040051
1781739895073
222979979645
1781739896013
223073744054
1781739897012
223167696694
1781739898012
223262057109
1781739899012
223356115889
1781739900012
223449950244
1781739901012
223542697443
1781739902013
223636154235
1781739903012
223730070621
1781739904012
223824002509
1781739905012
223917665844
1781739906012
224010812944
1781739907012
224103704735
1781739908013
224197887477
1781739909013
224297530777
1781739910073
224386129183
1781739911013
224480748386
1781739912009
224576218235
1781739913012
224670620764
1781739914011
224764970498
1781739915011
224859203961
1781739916012
224953560469
1781739917012
225048207566
1781739918013
225142536121
1781739919013
225236705436
1781739920012
225331168023
1781739921013
225425566768
1781739922013
225520573972
1781739923012
225615463133
1781739924011
225710096252
1781739925013
225804244815
1781739926012
225899004643
1781739927013
225993398811
1781739928013
226088304269
1781739929012
226182797252
1781739930013
226277542981
1781739931013
226372114760
1781739932012
226467110977
1781739933012
226561951249
1781739934012
226657186174
1781739935013
226751480549
1781739936012
226846021323
1781739937013
226940631371
1781739938013
227035059047
1781739939013
227134964675
1781739940073
227223190646
1781739941013
227317645848
1781739942009
227412928502
1781739943012
227507473426
1781739944013
227601828165
1781739945012
227696272992
1781739946010
227791077680
1781739947011
227885670639
1781739948013
227980261950
1781739949013
228074833851
1781739950013
228169243338
1781739951012
228263474603
1781739952011
228358364192
1781739953012
228452918577
1781739954012
228547387939
1781739955012
228641543338
1781739956011
228736111699
1781739957012
228830769965
1781739958011
228925205270
1781739959012
229019602490
1781739960011
229114207167
1781739961013
229206464682
1781739962013
229300676050
1781739963012
229394552702
1781739964013
229488644868
1781739965013
229582789036
1781739966012
229676682900
1781739967013
229770751812
1781739968012
229864586471
1781739969012
229958273487
1781739970012
230052256157
1781739971013
230146350337
1781739972013
230240755491
1781739973012
230333394414
1781739974012
230427355050
1781739975012
230520978285
1781739976012
230614960283
1781739977013
230708679403
1781739978012
230802542688
1781739979012
230896640104
1781739980016
230990111727
1781739981012
231084215795
1781739982012
231178834145
1781739983012
231272917766
1781739984013
231372674896
1781739985073
231460381336
1781739986011
231554440117
1781739987012
231648531856
1781739988013
231742462340
1781739989012
231836454043
1781739990013
231930586248
1781739991013
232024462107
1781739992012
232118929821
1781739993013
232212597306
1781739994012
232307331561
1781739995013
232400726097
1781739996012
232494558559
1781739997013
232588426056
1781739998013
232682544467
1781739999013
232776044167
1781740000013
232869626996
1781740001013
232963528367
1781740002013
233058438280
1781740003011
233152354056
1781740004012
233246595636
1781740005012
233340691647
1781740006012
233434776795
1781740007013
233528504826
1781740008012
233622523445
1781740009013
233717111399
1781740010013
233811122084
1781740011012
233905008135
1781740012012
233999546772
1781740013012
234093166039
1781740014011
234187212551
1781740015012
234280574434
1781740016012
234374515539
1781740017013
234468800515
1781740018015
234562159223
1781740019012
234656233812
1781740020013
234749951101
1781740021011
234843651484
1781740022012
234937845334
1781740023012
235031582582
1781740024011
235125979252
1781740025015
235219407114
1781740026013
235313182691
1781740027013
235407031877
1781740028013
235500583945
1781740029013
235599170973
1781740030073
235687227266
1781740031013
235780797705
1781740032012
235875759010
1781740033012
235969693889
1781740034011
236063632552
1781740035013
236157153675
1781740036012
236250823907
1781740037012
236344626096
1781740038012
236438514588
1781740039012
236532634343
1781740040011
236626481392
1781740041013
236720310620
1781740042011
236814627456
1781740043013
236908356098
1781740044013
237002265953
1781740045013
237095616483
1781740046012
237189815644
1781740047013
237283766697
1781740048013
237377536782
1781740049011
237471363080
1781740050011
237565429672
1781740051012
237659443836
1781740052012
237753914846
1781740053012
237848044305
1781740054012
237942602352
1781740055012
238036162659
1781740056012
238129842900
1781740057012
238224032112
1781740058013
238317765637
1781740059013
238411724442
1781740060013
238505968951
1781740061012
238600172629
1781740062012
238695339560
1781740063012
238789151149
1781740064013
238883149199
1781740065012
238977171114
1781740066012
239071312597
1781740067014
239165178995
1781740068012
239259353558
1781740069012
239353369370
1781740070012
239447221425
1781740071012
239541044793
1781740072013
239635335506
1781740073012
239729318542
1781740074011
239823356753
1781740075012
239916746163
1781740076013
240010696667
1781740077013
240104411942
1781740078012
240198336933
1781740079011
240292546104
1781740080012
240386316982
1781740081011
240480661223
1781740082013
240574862581
1781740083012
240668858251
1781740084012
240763422462
1781740085013
240856949749
1781740086013
240950929062
1781740087012
241045220263
1781740088013
241139139579
1781740089013
241232819576
1781740090013
241326373657
1781740091012
241420591983
1781740092013
241515263799
1781740093012
241609271676
1781740094013
241703593273
1781740095012
241797802504
1781740096012
241891465656
1781740097011
241985634299
1781740098012
242079193569
1781740099011
242173002655
1781740100011
242266973056
1781740101012
242360676002
1781740102012
242455186869
1781740103013
242548810408
1781740104012
242648311191
1781740105073
242736568351
1781740106012
242829406492
1781740107012
242922470646
1781740108013
243016425727
1781740109013
243110643077
1781740110013
243204942396
1781740111012
243299023942
1781740112011
243393474689
1781740113012
243488222066
1781740114013
243582803855
1781740115013
243676735316
1781740116013
243770538909
1781740117013
243864507297
1781740118012
243958750647
1781740119013
244058433253
1781740120073
244146773114
1781740121013
244234011661
1781740122013
244318622650
1781740123010
244372674636
1781740124012
244431087145
1781740125013
244483786290
1781740126013
244531847385
1781740127013
244578770605
1781740128013
244620064444
1781740129012
244665878963
1781740130014
244715745962
1781740131015
244770979463
1781740132013
244851866524
1781740133013
244946070385
1781740134012
245046621336
1781740135074
245135092728
1781740136011
245229873735
1781740137012
245325104693
1781740138012
245419993305
1781740139012
245515039509
1781740140012
245610146443
1781740141011
245704618980
1781740142012
245799817284
1781740143012
245894881188
1781740144012
245989781763
1781740145009
246084968714
1781740146011
246180213282
1781740147012
246275361293
1781740148013
246370255826
1781740149011
246464942168
1781740150012
246559891510
1781740151009
246655245636
1781740152012
246750792022
1781740153010
246846327727
1781740154012
246940831636
1781740155011
247035491549
1781740156012
247130564304
1781740157012
247223876565
1781740158012
247318797099
1781740159012
247413738750
1781740160013
247508321088
1781740161013
247603418990
1781740162012
247698474777
1781740163013
247793373703
1781740164010
247887959826
1781740165010
247982726368
1781740166011
248077780202
1781740167012
248173076711
1781740168012
248267760612
1781740169013
248362563531
1781740170011
248457609674
1781740171012
248552483088
1781740172013
248647513668
1781740173012
248742217405
1781740174012
248837569273
1781740175013
248931828614
1781740176010
249026439028
1781740177010
249121539371
1781740178012
249215837835
1781740179011
249315506403
1781740180075
249403463332
1781740181009
249498024247
1781740182010
249593413773
1781740183011
249688541825
1781740184009
249783409319
1781740185012
249877750020
1781740186012
249972898580
1781740187010
250067480431
1781740188011
250162004114
1781740189013
250256376798
1781740190013
250350615326
1781740191012
250445023470
1781740192012
250539875584
1781740193012
250634507177
1781740194011
250729255226
1781740195013
250822936993
1781740196009
250917503035
1781740197011
251012092331
1781740198013
251106921007
1781740199013
251201179311
1781740200010
251295369499
1781740201012
251389979731
1781740202013
251484056638
1781740203012
251578240357
1781740204011
251672409916
1781740205012
251765928536
1781740206012
251860054943
1781740207012
251954629042
1781740208014
252048685625
1781740209011
252143125447
1781740210012
252237258018
1781740211012
252331775049
1781740212013
252426580043
1781740213012
252521424771
1781740214013
252615884673
1781740215011
252709807895
1781740216012
252803757117
1781740217013
252897928934
1781740218013
252991880842
1781740219011
253086118699
1781740220013
253180148060
1781740221012
253274793936
1781740222013
253369446587
1781740223013
253463830623
1781740224012
253558110288
1781740225012
253652317628
1781740226013
253746590336
1781740227012
253841110357
1781740228012
253935339608
1781740229011
254029938060
1781740230012
254124658948
1781740231011
254219225051
1781740232012
254313982682
1781740233012
254408572040
1781740234013
254501710351
1781740235011
254595636807
1781740236012
254690109283
1781740237012
254784146212
1781740238012
254878165503
1781740239011
254972063578
1781740240012
255065819197
1781740241012
255160149400
1781740242011
255255343431
1781740243012
255350116504
1781740244012
255444576223
1781740245013
255538545953
1781740246013
255633024410
1781740247013
255727503661
1781740248014
255821768434
1781740249012
255916194828
1781740250012
256010381171
1781740251011
256104234203
1781740252011
256198864942
1781740253012
256292871903
1781740254012
256392820805
1781740255073
256481058128
1781740256011
256575691675
1781740257012
256670006497
1781740258012
256763922333
1781740259012
256857969272
1781740260012
256951900062
1781740261012
257046245890
1781740262013
257140791180
1781740263012
257234712143
1781740264011
257329229235
1781740265012
257423399099
1781740266012
257517460321
1781740267012
257611333494
1781740268012
257705358277
1781740269012
257804446036
1781740270073
257892607249
1781740271013
257986660780
1781740272012
258081194351
1781740273013
258175453998
1781740274013
258269782003
1781740275012
258363468165
1781740276012
258457778348
1781740277012
258551796845
1781740278013
258645759312
1781740279012
258739816567
1781740280012
258834063152
1781740281011
258928139449
1781740282012
259022913620
1781740283010
259116890675
1781740284013
259216615456
1781740285073
259304752254
1781740286013
259398747619
1781740287013
259492699039
1781740288012
259586843512
1781740289012
259680531505
1781740290011
259775062330
1781740291012
259869185563
1781740292012
259963627765
1781740293010
260057881979
1781740294012
260152317101
1781740295012
260246276516
1781740296013
260340701629
1781740297012
260434840060
1781740298011
260529089818
1781740299012
260622719461
1781740300012
260716394392
1781740301012
260810721177
1781740302013
260905104236
1781740303012
260999365714
1781740304011
261093981988
1781740305013
261188006466
1781740306012
261282609496
1781740307013
261376798647
1781740308013
261471209721
1781740309011
261565266914
1781740310012
261659092663
1781740311013
261753253799
1781740312012
261847979081
1781740313012
261942574054
1781740314011
262042524909
1781740315073
262130680323
1781740316012
81822727
1781740317012
176131934
1781740318013
270231546
1781740319011
364300947
1781740320012
458343858
1781740321013
552675037
1781740322013
646962638
1781740323012
741544488
1781740324013
836201655
1781740325012
929902465
1781740326010
1024590394
1781740327011
1119421023
1781740328012
1213615423
1781740329012
1313008662
1781740330074
1401474988
1781740331012
1496374709
1781740332013
1591389297
1781740333013
1685787737
1781740334009
1781024554
1781740335012
1874936606
1781740336012
1969425134
1781740337012
2063819911
1781740338013
2158025603
1781740339012
2252287263
1781740340012
2346238134
1781740341012
2440373208
1781740342012
2535161478
1781740343013
2629367536
1781740344012
2723692429
1781740345012
2818097338
1781740346013
2912621877
1781740347013
3007049552
1781740348012
3101268366
1781740349012
3195449095
1781740350011
3289835633
1781740351012
3384171146
1781740352012
3478900090
1781740353012
3573459296
1781740354011
3668075936
1781740355011
3762065320
1781740356012
3854926654
1781740357012
3949137717
1781740358013
4043310266
1781740359011
4137041838
1781740360012
4231013704
1781740361013
4325370152
1781740362013
4419854285
1781740363012
4514197183
1781740364011
4609397501
1781740365012
4703559431
1781740366013
4797787156
1781740367013
4892096607
1781740368012
4986535269
1781740369013
5080975823
1781740370012
5175242366
1781740371012
5269405394
1781740372013
5363730531
1781740373012
5458140812
1781740374013
5552388739
1781740375013
5646393076
1781740376013
5740354018
1781740377013
5834725480
1781740378013
5928830952
1781740379013
6022867210
1781740380012
6116657314
1781740381012
6210620209
1781740382013
6305181978
1781740383013
6399424352
1781740384012
6493676064
1781740385012
6587623638
1781740386011
6681788924
1781740387012
6776038317
1781740388012
6870053884
1781740389013
6969563883
1781740390073
7057902708
1781740391012
7151933290
1781740392012
7246804141
1781740393013
7340973699
1781740394012
7436341619
1781740395012
7530620675
1781740396011
7625013683
1781740397012
7719543592
1781740398011
7813868119
1781740399013
7908362994
1781740400011
8002681661
1781740401012
8097084801
1781740402013
8191759607
1781740403012
8286095669
1781740404012
8380074738
1781740405012
8473729649
1781740406013
8567776894
1781740407013
8661940166
1781740408012
8756293257
1781740409011
8851065292
1781740410013
8945152698
1781740411013
9039432608
1781740412013
9133718377
1781740413012
9227769833
1781740414011
9320572696
1781740415011
9413955880
1781740416012
9508122814
1781740417012
9601871049
1781740418013
9695886067
1781740419013
9794905894
1781740420074
9883208158
1781740421012
9977324555
1781740422011
10072165621
1781740423013
10165769202
1781740424010
10260406960
1781740425012
10354218305
1781740426012
10448013963
1781740427012
10541820058
1781740428012
10635564264
1781740429013
10729367918
1781740430011
10823441774
1781740431012
10917094122
1781740432011
11011369699
1781740433013
11105506237
1781740434013
11199446365
1781740435012
11292773641
1781740436013
11386692529
1781740437012
11480493925
1781740438013
11574514253
1781740439013
11668458287
1781740440013
11762607949
1781740441012
11856752910
1781740442013
11950396408
1781740443013
12044606555
1781740444013
12138726920
1781740445012
12232291866
1781740446013
12326120361
1781740447012
12419998661
1781740448012
12513825630
1781740449012
12607108289
1781740450012
12700765520
1781740451013
12794640158
1781740452013
12888630640
1781740453012
12982205962
1781740454013
13076596955
1781740455012
13170387548
1781740456012
13264445779
1781740457013
13358227277
1781740458013
13452243516
1781740459012
13546492054
1781740460011
13640731559
1781740461013
13734613093
1781740462013
13828943784
1781740463012
13920894904
1781740464013
14014037671
1781740465012
14107704545
1781740466012
14201630086
1781740467011
14296071129
1781740468011
14390517603
1781740469012
14484642606
1781740470013
14578883088
1781740471013
14672696629
1781740472012
14766842689
1781740473011
14861132609
1781740474011
14955021407
1781740475012
15048651966
1781740476013
15142202263
1781740477012
15236069332
1781740478013
15329770081
1781740479012
15423366216
1781740480013
15516986948
1781740481012
15611039625
1781740482012
15705310441
1781740483011
15799359883
1781740484011
15893954184
1781740485012
15987537196
1781740486013
16081260772
1781740487013
16175094028
1781740488013
16269156165
1781740489013
16363486002
1781740490012
16457619550
1781740491013
16550123097
1781740492013
16643924798
1781740493012
16737863889
1781740494012
16831918458
1781740495011
16925680058
1781740496013
17019684212
1781740497013
17113993785
1781740498012
17208020522
1781740499012
17302053729
1781740500013
17395743430
1781740501012
17489577602
1781740502012
17584247647
1781740503013
17678359955
1781740504013
17772562107
1781740505013
17866671607
1781740506011
17960478068
1781740507012
18054510420
1781740508012
18148353076
1781740509011
18247570107
1781740510076
18335522641
1781740511013
18429521240
1781740512013
18523720950
1781740513010
18618101568
1781740514011
18712490792
1781740515009
18806572277
1781740516011
18900299149
1781740517013
18994204548
1781740518012
19088232506
1781740519011
19182509364
1781740520013
19276227813
1781740521013
19370543611
1781740522012
19464973851
1781740523012
19558981911
1781740524012
19652912212
1781740525012
19746640793
1781740526012
19840605274
1781740527012
19934608269
1781740528013
20028422726
1781740529013
20122592040
1781740530012
20216718997
1781740531013
20310663824
1781740532013
20405194710
1781740533013
20498907056
1781740534012
20592920365
1781740535011
20686582418
1781740536012
20780890282
1781740537012
20874866970
1781740538012
20968565460
1781740539010
21067907308
1781740540074
21156411598
1781740541011
21250458355
1781740542012
21345126325
1781740543012
21439079332
1781740544012
21532198356
1781740545008
21626389521
1781740546012
21720677793
1781740547012
21814608827
1781740548011
21908696782
1781740549013
22002619454
1781740550012
22096282727
1781740551011
22190408341
1781740552013
22284780597
1781740553013
22378857077
1781740554012
22473023950
1781740555012
22566666167
1781740556013
22660618990
1781740557012
22754385108
1781740558012
22848082561
1781740559011
22939800709
1781740560012
23033843254
1781740561013
23127683957
1781740562012
23221707581
1781740563012
23315309392
1781740564012
23409577156
1781740565011
23503387951
1781740566013
23597553603
1781740567012
23691247638
1781740568011
23785060203
1781740569012
23884149549
1781740570073
23972010836
1781740571013
24065753699
1781740572012
24160150674
1781740573013
24253772932
1781740574013
24348042222
1781740575012
24442764391
1781740576013
24536346732
1781740577012
24630197322
1781740578012
24724007934
1781740579012
24817953616
1781740580013
24911894416
1781740581013
25004038589
1781740582012
25098303851
1781740583011
25192674276
1781740584012
25286184046
1781740585013
25379604522
1781740586013
25473345859
1781740587012
25567485023
1781740588013
25661237285
1781740589011
25755420821
1781740590013
25849471056
1781740591012
25943642568
1781740592013
26038102409
1781740593011
26132415583
1781740594011
26226815915
1781740595012
26320745912
1781740596012
26414558355
1781740597012
26508735421
1781740598012
26602748486
1781740599012
26701790163
1781740600072
26788873314
1781740601012
26881993559
1781740602012
26976220918
1781740603012
27070065099
1781740604013
27164182900
1781740605013
27258451946
1781740606012
27352184006
1781740607012
27445944020
1781740608012
27539698052
1781740609012
27634047237
1781740610012
27727919800
1781740611013
27821461491
1781740612012
27915916633
1781740613011
28009750438
1781740614010
28103616653
1781740615013
28197227436
1781740616013
28290491296
1781740617011
28384995815
1781740618013
28478970306
1781740619012
28572210180
1781740620012
28664443403
1781740621012
28757913684
1781740622012
28852674550
1781740623012
28947325858
1781740624013
29041761651
1781740625012
29136076778
1781740626012
29230250304
1781740627010
29324448244
1781740628012
29418878056
1781740629013
29518576287
1781740630074
29606678967
1781740631011
29701487867
1781740632012
29796331680
1781740633010
29891214799
1781740634012
29986235429
1781740635012
30080954547
1781740636012
30175488180
1781740637013
30270230064
1781740638012
30364694421
1781740639012
30459597011
1781740640013
30554388699
1781740641013
30648605316
1781740642013
30743089022
1781740643012
30837420323
1781740644011
30931814674
1781740645013
31025701701
1781740646012
31120020002
1781740647012
31214204332
1781740648013
31308172414
1781740649013
31402789054
1781740650012
31497361810
1781740651012
31591804805
1781740652012
31686688413
1781740653013
31781003662
1781740654012
31875565187
1781740655012
31970178837
1781740656012
32064240364
1781740657013
32158339488
1781740658013
32252962109
1781740659013
32352331606
1781740660073
32440520406
1781740661013
32534775048
1781740662013
32629219508
1781740663011
32723833279
1781740664013
32818558501
1781740665012
32913263153
1781740666012
33007693332
1781740667011
33101851416
1781740668012
33196290627
1781740669013
33290631389
1781740670013
33384619796
1781740671013
33478611010
1781740672013
33573492664
1781740673011
33669429431
1781740674013
33769188453
1781740675074
33857339228
1781740676012
33951466062
1781740677013
34045781006
1781740678013
34139883182
1781740679013
34233951667
1781740680013
34328299204
1781740681012
34422359815
1781740682013
34516829666
1781740683011
34610960223
1781740684013
34705045859
1781740685011
34799429162
1781740686011
34893632046
1781740687012
34987979461
1781740688013
35081863193
1781740689013
35181126183
1781740690076
35269522441
1781740691013
35363562240
1781740692012
35458409531
1781740693011
35553205187
1781740694012
35647514699
1781740695011
35742542593
1781740696011
35837101799
1781740697013
35931630915
1781740698013
36026138912
1781740699013
36120114258
1781740700013
36213915348
1781740701013
36308293769
1781740702013
36403181221
1781740703012
36497647715
1781740704013
36596950623
1781740705073
36684504537
1781740706012
36779137351
1781740707012
36873701989
1781740708012
36967991848
1781740709012
37062781950
1781740710013
37157173310
1781740711012
37251818941
1781740712012
37346615696
1781740713012
37441371312
1781740714011
37536674108
1781740715013
37630667825
1781740716012
37725005657
1781740717011
37819546492
1781740718011
37914150803
1781740719012
38013790379
1781740720073
38102329520
1781740721013
38196948419
1781740722012
38292006952
1781740723012
38386399472
1781740724012
38481349790
1781740725012
38575986816
1781740726009
38670663820
1781740727012
38764954533
1781740728012
38859303657
1781740729013
38953361582
1781740730012
39042512904
1781740731012
39125624081
1781740732013
39179849162
1781740733013
39229668126
1781740734014
39290783570
1781740735073
39336975102
1781740736014
39384316168
1781740737013
39430070140
1781740738013
39471553798
1781740739013
39512733991
1781740740014
39553027528
1781740741012
39594685990
1781740742012
39636474397
1781740743016
39675942679
1781740744013
39716892465
1781740745013
39757550075
1781740746013
39797502976
1781740747014
39837754643
1781740748012
39878852804
1781740749013
39923167327
1781740750076
39964685531
1781740751013
40006447754
1781740752013
40047734208
1781740753011
40088147313
1781740754013
40128922538
1781740755012
40169625620
1781740756011
40212686300
1781740757013
40254775182
1781740758013
40295853690
1781740759014
40335097547
1781740760013
40376143890
1781740761014
40417115403
1781740762014
40459302612
1781740763013
40499848224
1781740764012
40543006011
1781740765013
40584172837
1781740766013
40623819281
1781740767013
40663977503
1781740768014
40704836469
1781740769013
40747746942
1781740770014
40792143557
1781740771013
40833150471
1781740772013
40874593969
1781740773014
40915093682
1781740774014
40955926890
1781740775013
40997128750
1781740776016
41037674606
1781740777013
41077490605
1781740778013
41118094139
1781740779013
41158904642
1781740780014
41202779896
1781740781013
41245268252
1781740782013
41286776019
1781740783013
41327297216
1781740784013
41368866629
1781740785013
41408798229
1781740786013
41450570094
1781740787014
41491410810
1781740788013
41531636293
1781740789014
41571040489
1781740790013
41611389507
1781740791013
41652138548
1781740792015
41693368972
1781740793013
41733328098
1781740794014
41778232280
1781740795075
41820361689
1781740796013
41862872628
1781740797013
41903212246
1781740798013
41942643908
1781740799013
41982747626
1781740800013
42023636193
1781740801013
42064521037
1781740802013
42106531489
1781740803013
42146167679
1781740804013
42186624179
1781740805013
42227482656
1781740806013
42266718273
1781740807013
42306193209
1781740808014
42346732229
1781740809013
42387514290
1781740810013
42431096820
1781740811013
42472094029
1781740812013
42513590139
1781740813014
42553335154
1781740814013
42595290003
1781740815013
42634907700
1781740816014
42676595398
1781740817012
42717309649
1781740818014
42757640845
1781740819013
42797329586
1781740820014
42836991289
1781740821014
42878477877
1781740822013
42920041491
1781740823012
42959369393
1781740824014
43004324723
1781740825076
43046093109
1781740826013
43086039296
1781740827015
43125766550
1781740828013
43165263703
1781740829013
43205266164
1781740830013
43244556346
1781740831013
43285698941
1781740832014
43327676434
1781740833013
43367100527
1781740834013
43407933553
1781740835013
43449114600
1781740836014
43488779537
1781740837013
43529040664
1781740838013
43568986607
1781740839013
43612202927
1781740840076
43654098511
1781740841013
43697276440
1781740842013
43738437895
1781740843012
43778222644
1781740844012
43819671207
1781740845013
43859498193
1781740846014
43901045083
1781740847013
43941578976
1781740848013
43981784928
1781740849014
44021358252
1781740850013
44061366755
1781740851013
44102946971
1781740852013
44144037503
1781740853012
44183539660
1781740854014
44228161494
1781740855076
44270165354
1781740856014
44312715660
1781740857014
44351905990
1781740858014
44391234319
1781740859012
44431823082
1781740860015
44472330364
1781740861013
44514436640
1781740862013
44555952098
1781740863013
44595535493
1781740864013
44635946522
1781740865013
44677239996
1781740866013
44716602688
1781740867015
44756035509
1781740868013
44796885136
1781740869013
44838231588
1781740870013
44882601225
1781740871015
44924831830
1781740872013
44967539545
1781740873013
45011109624
1781740874013
45052560934
1781740875013
45092489055
1781740876013
45133565243
1781740877013
45174159988
1781740878013
45214394138
1781740879013
45253502131
1781740880014
45293808180
1781740881013
45335578520
1781740882013
45376942306
1781740883013
45416856816
1781740884013
45461871349
1781740885076
45504035059
1781740886013
45544631147
1781740887013
45584329470
1781740888013
45624438498
1781740889013
45664657329
1781740890013
45705029235
1781740891013
45746406326
1781740892015
45788594084
1781740893014
45828186451
1781740894015
45870081852
1781740895013
45911161580
1781740896015
45951733559
1781740897013
45991556211
1781740898013
46031649126
1781740899013
46074985380
1781740900077
46112477288
1781740901013
46153458262
1781740902013
46194852932
1781740903014
46235187423
1781740904014
46275632449
1781740905013
46315977927
1781740906014
46356740213
1781740907010
46397790278
1781740908013
46437961684
1781740909015
46477115271
1781740910013
46517338434
1781740911014
46558436657
1781740912013
46600065945
1781740913014
46640048508
1781740914014
46685020012
1781740915076
46726099924
1781740916013
46772022597
1781740917014
46813232513
1781740918013
46853740893
1781740919014
46894070929
1781740920013
46934056179
1781740921014
46974745344
1781740922013
47017057370
1781740923013
47057563492
1781740924013
47099216278
1781740925013
47139880847
1781740926013
47180463812
1781740927013
47220175197
1781740928013
47261233869
1781740929014
47303077084
1781740930013
47347175116
1781740931013
47389082724
1781740932013
47430498816
1781740933013
47470352108
1781740934013
47511568555
1781740935013
47551988923
1781740936013
47592104421
1781740937010
47633563482
1781740938013
47673662684
1781740939014
47712887376
1781740940013
47752943364
1781740941013
47793842002
1781740942014
47836083105
1781740943012
47875999141
1781740944013
47920211918
1781740945074
47961501119
1781740946013
48003311925
1781740947015
48043292231
1781740948012
48084139172
1781740949013
48124513336
1781740950013
48164008718
1781740951013
48204731392
1781740952015
48246958762
1781740953013
48287182719
1781740954014
48327634703
1781740955015
48368272173
1781740956013
48407759803
1781740957013
48447275205
1781740958012
48487716874
1781740959015
48528494907
1781740960013
48572766766
1781740961013
48615210444
1781740962013
48657130320
1781740963013
48698027859
1781740964013
48739006087
1781740965013
48779625673
1781740966013
48819412558
1781740967013
48861579748
1781740968013
48902649650
1781740969013
48941485793
1781740970013
48981796054
1781740971014
49022138174
1781740972014
49063913214
1781740973013
49104410242
1781740974013
49148920321
1781740975076
49190570238
1781740976013
49232982788
1781740977014
49271987510
1781740978013
49312530558
1781740979013
49352457458
1781740980013
49392046529
1781740981013
49432346536
1781740982013
49473955987
1781740983013
49513848219
1781740984013
49556892787
1781740985013
49597971539
1781740986013
49637723513
1781740987014
49676831811
1781740988014
49718241129
1781740989014
49759172848
1781740990013
49802513740
1781740991013
49843658715
1781740992013
49885352517
1781740993013
49925415708
1781740994013
49966519302
1781740995013
50006776950
1781740996015
50046389825
1781740997014
50087929330
1781740998013
50129382837
1781740999013
50168787583
1781741000012
50209861513
1781741001013
50250090719
1781741002013
50290855263
1781741003014
50330864866
1781741004013
50375029914
1781741005076
50416705222
1781741006013
50456354229
1781741007013
50495893008
1781741008013
50536876301
1781741009013
50576475748
1781741010013
50615874268
1781741011013
50656108357
1781741012013
50697546849
1781741013013
50737850274
1781741014012
50779275827
1781741015013
50820313503
1781741016014
50860758101
1781741017013
50900497502
1781741018013
50941833455
1781741019010
