27376020689
1780073260588
27379441188
1780073261023
27387427160
1780073262021
27397572529
1780073263019
27410744605
1780073264020
27419200089
1780073265019
27427858910
1780073266024
27435641530
1780073267020
27444036258
1780073268023
27452534658
1780073269023
27460789803
1780073270019
27469138310
1780073271023
27476606240
1780073272021
27483852289
1780073273021
27491309387
1780073274021
27499038717
1780073275020
27506687707
1780073276025
27514453758
1780073277024
27521786313
1780073278024
27529147511
1780073279023
27536886113
1780073280023
27544157392
1780073281024
27551706045
1780073282023
27559221390
1780073283022
27566417025
1780073284023
27574218297
1780073285020
27581926222
1780073286022
27589512926
1780073287021
27597548119
1780073288022
27605040116
1780073289023
27612573790
1780073290024
27619969565
1780073291022
27627322623
1780073292023
27634900682
1780073293026
27642282856
1780073294023
27650312678
1780073295018
27657757123
1780073296024
27670204331
1780073297021
27681093968
1780073298021
27688542880
1780073299024
27696767410
1780073300022
27704341446
1780073301022
27712099724
1780073302023
27719662698
1780073303022
27727523776
1780073304022
27735528415
1780073305019
27743440887
1780073306023
27751726831
1780073307024
27763698836
1780073308023
27771378503
1780073309022
27779440792
1780073310026
27787082805
1780073311023
27794810881
1780073312023
27803144531
1780073313020
27810506723
1780073314023
27817899683
1780073315022
27825328613
1780073316026
27832399065
1780073317025
27839940511
1780073318024
27847697535
1780073319021
27855373851
1780073320023
27862646813
1780073321021
27870003068
1780073322022
27877552027
1780073323026
27884829166
1780073324023
27892212028
1780073325019
27899833891
1780073326027
27907084179
1780073327027
27914764549
1780073328024
27922596420
1780073329022
27932371315
1780073330025
27945409699
1780073331019
27953535407
1780073332023
27961625358
1780073333022
27970270715
1780073334022
27979078619
1780073335019
27987962947
1780073336024
27996457706
1780073337019
28005117628
1780073338024
28012890701
1780073339023
28020177571
1780073340023
28027282509
1780073341022
28034880565
1780073342025
28042244103
1780073343020
28049866976
1780073344024
28057472361
1780073345019
28064832350
1780073346024
28072767649
1780073347023
28080234432
1780073348024
28088326953
1780073349023
28096050501
1780073350023
28103464881
1780073351020
28110962248
1780073352025
28118396854
1780073353020
28125550431
1780073354023
28132726666
1780073355020
28140110002
1780073356024
28147543079
1780073357024
28154838318
1780073358023
28162104181
1780073359023
28169378413
1780073360023
28176727630
1780073361022
28184600796
1780073362024
28191945852
1780073363024
28204338163
1780073364018
28216578224
1780073365017
28226092376
1780073366024
28235235213
1780073367023
28244633360
1780073368024
28252667283
1780073369026
28260767133
1780073370023
28268806779
1780073371023
28276936831
1780073372023
28284359733
1780073373020
28291999498
1780073374024
28299337439
1780073375020
28306773040
1780073376022
28314397535
1780073377023
28321613979
1780073378027
28329167359
1780073379022
28337197090
1780073380023
28344292955
1780073381023
28351780729
1780073382024
28359208557
1780073383024
28366639293
1780073384023
28374110436
1780073385021
28381474265
1780073386024
28389115850
1780073387023
28396581546
1780073388025
28403775285
1780073389023
28411413871
1780073390023
28418510133
1780073391022
28425756474
1780073392023
28433325001
1780073393022
28440767839
1780073394024
28448302707
1780073395021
28456681859
1780073396021
28464574195
1780073397021
28472017217
1780073398022
28480351938
1780073399018
28490079663
1780073400025
28499301202
1780073401020
28507256514
1780073402022
28515121662
1780073403026
28524224474
1780073404020
28532287314
1780073405017
28540286781
1780073406022
28547936337
1780073407023
28555425381
1780073408027
28563032755
1780073409022
28571187564
1780073410023
28578651638
1780073411024
28586171817
1780073412023
28593417897
1780073413022
28600819961
1780073414023
28608121044
1780073415021
28615454181
1780073416024
28622875492
1780073417023
28630190407
1780073418023
28637628869
1780073419023
28645446022
1780073420024
28652696676
1780073421023
28660072577
1780073422025
28667398737
1780073423023
28674758649
1780073424023
28682050920
1780073425020
28690083925
1780073426021
28699413528
1780073427019
28708449662
1780073428018
28716147521
1780073429021
28723579343
1780073430022
28736246565
1780073431020
28749267308
1780073432019
28762345519
1780073433021
28770792695
1780073434025
28778929342
1780073435018
28787638484
1780073436020
28795071316
1780073437021
28803175282
1780073438022
28811317896
1780073439020
28819510848
1780073440024
28827026177
1780073441022
28834540313
1780073442024
28841800484
1780073443023
28849447623
1780073444023
28856693764
1780073445020
28864041911
1780073446024
28871354025
1780073447026
28878274980
1780073448023
28885595679
1780073449021
28893147300
1780073450023
28900336494
1780073451023
28907681580
1780073452024
28914964029
1780073453024
28922537284
1780073454023
28929953546
1780073455019
28937278130
1780073456027
28944752700
1780073457024
28952465690
1780073458024
28959883375
1780073459025
28967327865
1780073460020
28974651195
1780073461024
28982077616
1780073462025
28989760955
1780073463024
28997891742
1780073464023
29005227710
1780073465020
29014734365
1780073466018
29027750580
1780073467018
29035912028
1780073468023
29044037567
1780073469022
29052517730
1780073470025
29060930833
1780073471022
29068487885
1780073472024
29075932330
1780073473020
29084003799
1780073474020
29091224833
1780073475020
29098675520
1780073476022
29105831406
1780073477023
29113143552
1780073478024
29120488056
1780073479022
29127905864
1780073480024
29135128749
1780073481020
29142767014
1780073482024
29150121188
1780073483024
29157892823
1780073484022
29165629437
1780073485019
29173290912
1780073486020
29181656355
1780073487023
29194069765
1780073488020
29202043146
1780073489023
29210034749
1780073490023
29217399832
1780073491020
29225774899
1780073492023
29233560825
1780073493020
29241488214
1780073494019
29249129355
1780073495019
29256589834
1780073496023
29263933620
1780073497020
29271772620
1780073498024
29279723097
1780073499025
29289544060
1780073500022
29302693737
1780073501021
29312097392
1780073502023
29320318541
1780073503022
29328208415
1780073504021
29335831701
1780073505018
29343852848
1780073506025
29351457178
1780073507025
29359024772
1780073508024
29366625368
1780073509023
29374325598
1780073510024
29381817167
1780073511023
29389306012
1780073512022
29396451739
1780073513023
29403822040
1780073514022
29411267004
1780073515020
29418908482
1780073516023
29426601093
1780073517021
29434116529
1780073518024
29441766529
1780073519020
29449343793
1780073520024
29456703170
1780073521024
29464393852
1780073522026
29471838725
1780073523023
29479405998
1780073524020
29487189429
1780073525019
29494734900
1780073526020
29502248638
1780073527029
29509635708
1780073528024
29517326161
1780073529024
29524982694
1780073530024
29532404632
1780073531025
29540780403
1780073532024
29548453506
1780073533024
29556431829
1780073534021
29569572953
1780073535015
29578054033
1780073536023
29585470984
1780073537022
29593658136
1780073538020
29601508260
1780073539021
29610677795
1780073540023
29619025092
1780073541022
29626309973
1780073542022
29633783641
1780073543024
29641333456
1780073544024
29648683377
1780073545020
29656533042
1780073546023
29664688509
1780073547023
29673640998
1780073548024
29682246421
1780073549112
29689402262
1780073550023
29696615554
1780073551023
29704132368
1780073552020
29711645647
1780073553024
29719328664
1780073554021
29726885854
1780073555020
29734516209
1780073556024
29742136818
1780073557023
29749674470
1780073558022
29757561253
1780073559023
29765191256
1780073560023
29772872651
1780073561023
29780136693
1780073562023
29787909736
1780073563020
29795317920
1780073564022
29802766862
1780073565019
29810439476
1780073566024
29818369404
1780073567024
29826106630
1780073568020
29839180495
1780073569019
29848268496
1780073570024
29855904604
1780073571020
29864161968
1780073572023
29873623442
1780073573020
29882785862
1780073574020
29890881215
1780073575020
29898716742
1780073576024
29905963052
1780073577021
29913519753
1780073578023
29921327771
1780073579022
29929079898
1780073580023
29936697126
1780073581026
29944190240
1780073582024
29951531807
1780073583022
29959270088
1780073584026
29966872673
1780073585019
29974549081
1780073586026
29982020821
1780073587022
29989393263
1780073588023
29997296800
1780073589020
30005154207
1780073590024
30012797964
1780073591023
30020349708
1780073592024
30027904236
1780073593020
30036373290
1780073594108
30043282021
1780073595018
30050743326
1780073596023
30058149321
1780073597023
30065485258
1780073598022
30072613865
1780073599021
30080754582
1780073600023
30088088453
1780073601023
30100713753
1780073602022
30112139579
1780073603022
30119641704
1780073604022
30127271111
1780073605018
30135371589
1780073606023
30144447824
1780073607024
30156512624
1780073608024
30165180869
1780073609021
30173835528
1780073610018
30182413902
1780073611020
30189928436
1780073612022
30197653176
1780073613027
30205506666
1780073614021
30213089866
1780073615020
30220964685
1780073616024
30228446170
1780073617022
30235838824
1780073618021
30243565324
1780073619022
30251212723
1780073620021
30258653159
1780073621022
30266563825
1780073622022
30273973156
1780073623023
30281402331
1780073624024
30289322621
1780073625019
30296766561
1780073626023
30304261449
1780073627021
30311536232
1780073628022
30318957864
1780073629023
30326438662
1780073630024
30333771707
1780073631023
30341159205
1780073632024
30348432657
1780073633022
30356320740
1780073634021
30364783522
1780073635015
30377974172
1780073636019
30387108257
1780073637024
30395211060
1780073638027
30403705222
1780073639021
30412281178
1780073640020
30421375452
1780073641020
30428736604
1780073642024
30436216269
1780073643022
30443570964
1780073644027
30451125446
1780073645019
30458745121
1780073646024
30466070011
1780073647022
30473447258
1780073648022
30481067148
1780073649023
30488738338
1780073650024
30496415175
1780073651024
30504200197
1780073652023
30511734728
1780073653023
30520159612
1780073654108
30527076987
1780073655019
30534737559
1780073656023
30542269535
1780073657023
30549330791
1780073658023
30556765780
1780073659024
30564271271
1780073660021
30571649788
1780073661023
30578999541
1780073662023
30586461519
1780073663024
30593859176
1780073664023
30601478653
1780073665020
30609262421
1780073666025
30618959285
1780073667019
30630582741
1780073668022
30638137590
1780073669022
30648108585
1780073670020
30660084813
1780073671020
30667976477
1780073672023
30676034451
1780073673020
30683674827
1780073674023
30691799770
1780073675019
30699971393
1780073676024
30707527818
1780073677023
30715303997
1780073678023
30722898259
1780073679021
30730965276
1780073680024
30738660075
1780073681024
30746435183
1780073682022
30754196827
1780073683021
30762014851
1780073684026
30769302119
1780073685019
30777074075
1780073686023
30785218617
1780073687023
30792803240
1780073688023
30800566017
1780073689023
30808405385
1780073690028
30815838828
1780073691024
30823316443
1780073692024
30830875041
1780073693024
30838540112
1780073694023
30845896780
1780073695019
30853333758
1780073696026
30860951139
1780073697023
30868315518
1780073698022
30876431571
1780073699108
30883371575
1780073700023
30890932942
1780073701023
30899652152
1780073702024
30906925435
1780073703024
30918273032
1780073704018
30930253988
1780073705018
30938061257
1780073706023
30945891429
1780073707025
30953749402
1780073708023
30961148574
1780073709019
30969313725
1780073710023
30977913687
1780073711019
30985589942
1780073712023
30993186254
1780073713021
31000713716
1780073714024
31008123629
1780073715021
31015975313
1780073716022
31023842604
1780073717023
31031642666
1780073718023
31039298281
1780073719023
31046881895
1780073720023
31054705412
1780073721022
31062280044
1780073722020
31069774382
1780073723020
31077668585
1780073724023
31085395544
1780073725020
31093009237
1780073726024
31101173899
1780073727024
31110676239
1780073728018
31118978310
1780073729022
31127647688
1780073730020
31135682666
1780073731018
31144098860
1780073732023
31152315510
1780073733023
31160070315
1780073734024
31168878633
1780073735018
31177181346
1780073736022
31186910126
1780073737020
31200019380
1780073738019
31209923239
1780073739022
31217721373
1780073740023
31225323928
1780073741024
31233717370
1780073742022
31242003988
1780073743024
31250602833
1780073744023
31258438024
1780073745019
31265998580
1780073746024
31273067685
1780073747022
31281110421
1780073748023
31288605065
1780073749023
31296440516
1780073750023
31304455115
1780073751023
31311815670
1780073752023
31319403934
1780073753023
31327125462
1780073754023
31334910683
1780073755019
31342762872
1780073756024
31350226809
1780073757022
31357824376
1780073758023
31365766851
1780073759025
31373239983
1780073760024
31380740318
1780073761021
31388903082
1780073762023
31396822561
1780073763024
31404389819
1780073764023
31411903266
1780073765018
31419479123
1780073766024
31427199350
1780073767027
31434461525
1780073768023
31442591440
1780073769024
31450069377
1780073770024
31460604299
1780073771020
31468316983
1780073772024
31476411081
1780073773022
31484263974
1780073774021
31493008781
1780073775019
31500638814
1780073776024
31508918945
1780073777024
31516926414
1780073778025
31524864421
1780073779022
31532451905
1780073780025
31540219241
1780073781025
31547681127
1780073782024
31555529691
1780073783023
31563200193
1780073784021
31570844012
1780073785020
31578782906
1780073786024
31587313559
1780073787023
31598983359
1780073788020
31606912140
1780073789021
31614563027
1780073790023
31622562464
1780073791022
31630999756
1780073792023
31639099132
1780073793022
31647322362
1780073794022
31655251587
1780073795019
31662834435
1780073796020
31670289881
1780073797023
31677673446
1780073798024
31685108956
1780073799021
31692644512
1780073800025
31700128140
1780073801024
31707734871
1780073802024
31715074067
1780073803020
31723508345
1780073804025
31730940014
1780073805020
31743647689
1780073806018
31753796868
1780073807022
31761321285
1780073808020
31768930572
1780073809020
31778388619
1780073810023
31786175202
1780073811020
31793593942
1780073812023
31801820033
1780073813021
31809480667
1780073814021
31817039081
1780073815019
31824737597
1780073816022
31832383237
1780073817022
31840187981
1780073818024
31847868719
1780073819024
31855509171
1780073820025
31863020905
1780073821020
31870725159
1780073822022
31878559723
1780073823023
31886337203
1780073824021
31893916685
1780073825020
31901447896
1780073826021
31909036436
1780073827023
31916164660
1780073828023
31923691388
1780073829026
31931164872
1780073830023
31938357417
1780073831024
31945936364
1780073832028
31953256465
1780073833024
31960983286
1780073834026
31968180162
1780073835020
31975817677
1780073836025
31983398521
1780073837024
31991009643
1780073838023
32000625189
1780073839021
32013876105
1780073840018
32022241166
1780073841021
32030055978
1780073842022
32038066094
1780073843022
32046112303
1780073844023
32054096302
1780073845022
32062017234
1780073846025
32073586130
1780073847020
32084465409
1780073848020
32092020106
1780073849024
32099775217
1780073850024
32107662413
1780073851024
32115342691
1780073852023
32123725255
1780073853023
32131693832
1780073854024
32139422352
1780073855020
32147127355
1780073856019
32154720776
1780073857024
32162700062
1780073858021
32170244599
1780073859020
32177654955
1780073860023
32185210294
1780073861025
32192706330
1780073862027
32200127091
1780073863023
32208439428
1780073864108
32214944605
1780073865019
32222478662
1780073866020
32229848350
1780073867022
32237151316
1780073868024
32244735449
1780073869024
32252179465
1780073870023
32260774225
1780073871024
32268173183
1780073872023
32279038554
1780073873020
32291317998
1780073874022
32299322835
1780073875017
32307771403
1780073876024
32316100111
1780073877021
32324856714
1780073878022
32333233602
1780073879023
32340947602
1780073880021
32348338481
1780073881023
32355830646
1780073882023
32363672753
1780073883022
32371643931
1780073884023
32379391193
1780073885023
32387018381
1780073886022
32394146819
1780073887020
32401932071
1780073888024
32409467489
1780073889023
32417435790
1780073890026
32425246624
1780073891024
32432931600
1780073892026
32440540382
1780073893025
32448108205
1780073894023
32455805085
1780073895020
32463427392
1780073896022
32471256447
1780073897026
32478616696
1780073898023
32486022217
1780073899022
32493335158
1780073900023
32501164337
1780073901021
32508790316
1780073902023
32516056653
1780073903023
32523434221
1780073904024
32531551575
1780073905020
32539304743
1780073906023
32551091847
1780073907021
32563155301
1780073908022
32571222394
1780073909020
32580065167
1780073910023
32587629334
1780073911023
32595833209
1780073912023
32604361796
1780073913022
32612362411
1780073914023
32620448583
1780073915020
32628111696
1780073916026
32635571593
1780073917024
32643227162
1780073918023
32650725784
1780073919022
32658346209
1780073920023
32666103569
1780073921023
32673545030
1780073922024
32681360607
1780073923024
32689019680
1780073924023
32696531551
1780073925022
32704403432
1780073926024
32712004992
1780073927023
32719454608
1780073928020
32726955387
1780073929023
32734330859
1780073930024
32742057956
1780073931025
32749878780
1780073932024
32757008550
1780073933023
32764396446
1780073934023
32771693214
1780073935020
32779185869
1780073936022
32786855775
1780073937025
32794124499
1780073938023
32802361024
1780073939023
32809752867
1780073940021
32820310602
1780073941018
32831870073
1780073942022
32839801685
1780073943020
32848466472
1780073944023
32856488354
1780073945022
32865307703
1780073946026
32873337479
1780073947019
32880908485
1780073948024
32888334493
1780073949020
32896169776
1780073950024
32903838075
1780073951025
32911356388
1780073952023
32919085168
1780073953021
32926732888
1780073954021
32934466778
1780073955020
32942223373
1780073956023
32949670893
1780073957024
32957292986
1780073958024
32964538392
1780073959020
32971880052
1780073960025
32979531061
1780073961022
32987503478
1780073962023
32994865456
1780073963021
33002697159
1780073964025
33010060146
1780073965020
33017943379
1780073966024
33029722849
1780073967019
33040498165
1780073968024
33048102678
1780073969023
33055613739
1780073970023
33063901244
1780073971023
33072165646
1780073972024
33079979662
1780073973023
33089475546
1780073974019
33102650880
1780073975016
33112075267
1780073976020
33121204364
1780073977020
33129376920
1780073978023
33138860549
1780073979020
33146516914
1780073980023
33154172483
1780073981027
33162379403
1780073982022
33170122580
1780073983023
33177390172
1780073984023
33184693826
1780073985020
33192237032
1780073986024
33199477175
1780073987022
33207306767
1780073988023
33214403412
1780073989024
33221780720
1780073990025
33228990110
1780073991023
33236199042
1780073992020
33243725907
1780073993023
33250963343
1780073994024
33258358124
1780073995020
33266007328
1780073996024
33273449141
1780073997021
33280886792
1780073998025
33288618923
1780073999026
33295963734
1780074000024
33303483729
1780074001019
33311189131
1780074002022
33318773448
1780074003025
33326515921
1780074004024
33334486548
1780074005020
33343160531
1780074006022
33350665961
1780074007024
33360555438
1780074008020
33372803118
1780074009020
33380936950
1780074010020
33389428527
1780074011019
33398687964
1780074012019
33406999919
1780074013019
33415730925
1780074014024
33422835174
1780074015019
33430294934
1780074016024
33437619640
1780074017021
33445281758
1780074018022
33452496901
1780074019022
33460242450
1780074020021
33468100698
1780074021024
33476153930
1780074022023
33483908979
1780074023023
33491354847
1780074024023
33498917101
1780074025020
33506640342
1780074026024
33514516002
1780074027024
33525389529
1780074028020
33533967825
1780074029023
33541905970
1780074030026
33549521408
1780074031020
33557174636
1780074032023
33565192096
1780074033026
33572980377
1780074034023
33581704483
1780074035020
33589537884
1780074036025
33597721105
1780074037019
33605236098
1780074038023
33613062675
1780074039024
33620839803
1780074040023
33628674887
1780074041023
33638089512
1780074042023
33651163408
1780074043019
33659149534
1780074044019
33666802425
1780074045021
33674534326
1780074046020
33682706271
1780074047023
33690179800
1780074048021
33698781720
1780074049020
33707448069
1780074050023
33714653818
1780074051024
33721997558
1780074052024
33729448428
1780074053024
33737232594
1780074054024
33744680236
1780074055020
33751958462
1780074056024
33759122993
1780074057023
33766446154
1780074058024
33773605284
1780074059024
33781078294
1780074060024
33788370947
1780074061022
33795573912
1780074062024
33803220377
1780074063022
33810705321
1780074064022
33818160154
1780074065019
33825905366
1780074066023
33833286729
1780074067023
33840661298
1780074068022
33848282075
1780074069022
33855830208
1780074070023
33863340350
1780074071022
33870869021
1780074072022
33878215546
1780074073023
33886414785
1780074074024
33893727634
1780074075020
33906584301
1780074076019
33917947993
1780074077024
33925678288
1780074078021
33934433101
1780074079020
33942725854
1780074080022
33950184726
1780074081024
33957703575
1780074082021
33965086482
1780074083022
33972990967
1780074084019
33980590952
1780074085020
33988229125
1780074086024
33996295422
1780074087027
34005382597
1780074088014
34012954720
1780074089023
34021216996
1780074090024
34028473816
1780074091023
34035754092
1780074092023
34043255789
1780074093025
34051122024
1780074094027
34058701690
1780074095018
34066491884
1780074096023
34073806079
1780074097024
34081456905
1780074098024
34088930542
1780074099024
34096434427
1780074100023
34104140257
1780074101023
34111683968
1780074102023
34119417659
1780074103023
34127030189
1780074104022
34134432207
1780074105022
34142082742
1780074106023
34149856366
1780074107024
34157566128
1780074108024
34166174704
1780074109018
34179289129
1780074110020
34188112134
1780074111023
34195747248
1780074112020
34203944421
1780074113023
34211586404
1780074114021
34219806696
1780074115020
34228044293
1780074116022
34235437528
1780074117024
34242755182
1780074118024
34249876337
1780074119021
34257384537
1780074120024
34264234882
1780074121020
34271577674
1780074122024
34279024367
1780074123027
34286188791
1780074124022
34293647296
1780074125021
34301300769
1780074126025
34308746622
1780074127023
34316439890
1780074128023
34323532297
1780074129025
34330832692
1780074130021
34338282093
1780074131023
34345555346
1780074132024
34353084935
1780074133024
34360743029
1780074134025
34368219206
1780074135020
34375994987
1780074136022
34383673782
1780074137023
34391142094
1780074138024
34398777681
1780074139022
34406227236
1780074140024
34413947999
1780074141023
34421964128
1780074142023
34432947845
1780074143019
34446111215
1780074144020
34456090625
1780074145019
34465063065
1780074146024
34474102611
1780074147019
34486067700
1780074148022
34494270933
1780074149022
34502919962
1780074150024
34510294057
1780074151024
34517794255
1780074152022
34525280851
1780074153022
34532830819
1780074154024
34540242736
1780074155019
34548017890
1780074156024
34555639279
1780074157022
34563313575
1780074158020
34570681168
1780074159025
34578519480
1780074160023
34585983448
1780074161024
34593158199
1780074162023
34600603715
1780074163023
34607859480
1780074164024
34615297819
1780074165020
34622710532
1780074166024
34629792228
1780074167027
34637440224
1780074168022
34644923867
1780074169023
34652536290
1780074170026
34660192288
1780074171021
34667345466
1780074172024
34674755302
1780074173022
34682491686
1780074174024
34690726773
1780074175019
34698899223
1780074176020
34712234274
1780074177017
34723350566
1780074178024
34732047438
1780074179022
34740520547
1780074180022
34748621193
1780074181024
34756457180
1780074182023
34764306983
1780074183023
34772925442
1780074184020
34780741692
1780074185017
34788148544
1780074186024
34795916477
1780074187023
34803278439
1780074188023
34810713902
1780074189021
34818378957
1780074190024
34825429932
1780074191022
34833054503
1780074192022
34840406673
1780074193023
34847878337
1780074194026
34855628582
1780074195019
34863079621
1780074196024
34870345101
1780074197022
34877998161
1780074198024
34885271399
1780074199022
34893006406
1780074200021
34900394791
1780074201023
34907573199
1780074202023
34915070429
1780074203023
34922551670
1780074204026
34929715267
1780074205020
34937529957
1780074206027
34947995386
1780074207020
34959667970
1780074208024
34969242848
1780074209111
34976961162
1780074210022
34990058100
1780074211018
35000477599
1780074212021
35009212905
1780074213023
35017476282
1780074214022
35025764598
1780074215020
35033897221
1780074216022
35043343456
1780074217022
35051988629
1780074218022
35060067519
1780074219024
35067732559
1780074220025
35074777719
1780074221022
35082319625
1780074222023
35089616470
1780074223022
35096860148
1780074224023
35104596975
1780074225020
35111721084
1780074226024
35119092654
1780074227024
35126768313
1780074228023
35133930977
1780074229024
35141479859
1780074230021
35148762537
1780074231023
35155838481
1780074232022
35163360695
1780074233021
35170664150
1780074234024
35178039684
1780074235021
35185451860
1780074236024
35192733100
1780074237024
35200609509
1780074238028
35208024547
1780074239023
35215318990
1780074240023
35222885131
1780074241023
35230958941
1780074242023
35238254088
1780074243023
35245629499
1780074244020
35258470085
1780074245016
35266837762
1780074246023
35274847221
1780074247022
35282671136
1780074248019
35291387301
1780074249025
35299524514
1780074250021
35307628037
1780074251024
35315232060
1780074252023
35322401349
1780074253023
35329980097
1780074254023
35337454300
1780074255019
35344986001
1780074256023
35352377813
1780074257023
35359506420
1780074258022
35367057153
1780074259024
35374634203
1780074260024
35381915595
1780074261022
35389340961
1780074262026
35396666846
1780074263023
35403854495
1780074264022
35411266213
1780074265020
35418899153
1780074266024
35427928494
1780074267023
35439952856
1780074268022
35448288388
1780074269020
35456131474
1780074270024
35463482726
1780074271023
35470837176
1780074272019
35478523161
1780074273023
35486455018
1780074274024
35494303122
1780074275017
35502394665
1780074276022
35510610643
1780074277023
35523828037
1780074278018
35537074854
1780074279018
35545746940
1780074280023
35553522843
1780074281023
35561257544
1780074282023
35569294650
1780074283024
35577767086
1780074284023
35586277787
1780074285019
35593863588
1780074286024
35601613635
1780074287024
35608622963
1780074288024
35616202751
1780074289023
35623692468
1780074290024
35631041395
1780074291022
35638455194
1780074292022
35645584183
1780074293020
35652960818
1780074294024
35660481563
1780074295019
35667765067
1780074296028
35674920908
1780074297024
35682371365
1780074298024
35689845277
1780074299025
35697353125
1780074300024
35704661461
1780074301025
35711747105
1780074302023
35719224031
1780074303025
35726340230
1780074304022
35733603002
1780074305020
35741058631
1780074306025
35748375871
1780074307024
35755852629
1780074308027
35763593496
1780074309023
35772265046
1780074310023
35779630650
1780074311023
35790098344
1780074312019
35801615281
1780074313022
35810594239
1780074314024
35818490477
1780074315018
35826540358
1780074316027
35835398155
1780074317023
35843119193
1780074318024
35851898073
1780074319023
35859758035
1780074320024
35867334717
1780074321023
35874761705
1780074322023
35881944397
1780074323024
35889503760
1780074324026
35897066703
1780074325020
35904651846
1780074326024
35912817180
1780074327024
35924428014
1780074328023
35932146435
1780074329020
35941540100
1780074330021
35948764913
1780074331021
35956362786
1780074332023
35964584241
1780074333026
35972354591
1780074334023
35980073961
1780074335020
35987572078
1780074336023
35994840450
1780074337024
36002324016
1780074338024
36009849750
1780074339022
36017878104
1780074340023
36025559147
1780074341022
36033001052
1780074342023
36040747182
1780074343023
36048824955
1780074344023
36056553107
1780074345017
36069653120
1780074346019
36079193833
1780074347020
36087309871
1780074348024
36095259276
1780074349022
36103132611
1780074350021
36110764312
1780074351026
36118748158
1780074352021
36126538612
1780074353020
36134313674
1780074354023
36142578810
1780074355020
36150082282
1780074356022
36157458458
1780074357023
36164526156
1780074358023
36172066041
1780074359023
36180076188
1780074360023
36187148032
1780074361023
36194424360
1780074362023
36201622398
1780074363024
36208840096
1780074364023
36216237249
1780074365020
36223701445
1780074366026
36230969527
1780074367020
36238403889
1780074368024
36245811292
1780074369021
36253651088
1780074370023
36261046343
1780074371022
36268336166
1780074372022
36275729845
1780074373024
36282979107
1780074374025
36290391774
1780074375020
36298073154
1780074376023
36305951522
1780074377023
36313550619
1780074378024
36324364230
1780074379021
36336505561
1780074380021
36344482950
1780074381023
36352265295
1780074382023
36360155490
1780074383025
36368235680
1780074384023
36375700565
1780074385019
36383886815
1780074386023
36394460584
1780074387018
36405463013
1780074388024
36413306940
1780074389022
36421482373
1780074390023
36429021234
1780074391024
36437210696
1780074392021
36444423147
1780074393023
36451687633
1780074394023
36458878832
1780074395022
36466235607
1780074396024
36473630770
1780074397022
36481109762
1780074398024
36488531777
1780074399020
36496452526
1780074400027
36504002188
1780074401021
36511460847
1780074402023
36518905964
1780074403023
36526131144
1780074404023
36533605914
1780074405021
36541110258
1780074406027
36548417706
1780074407026
36555993042
1780074408023
36563388037
1780074409024
36571062333
1780074410020
36579089371
1780074411023
36586941224
1780074412019
36600121210
1780074413020
36609676106
1780074414022
36617192996
1780074415018
36625889990
1780074416022
36633574262
1780074417022
36641051510
1780074418020
36649519050
1780074419023
36657208769
1780074420024
36665129273
1780074421021
36672825525
1780074422024
36680274666
1780074423023
36687938222
1780074424023
36695436018
1780074425020
36702907803
1780074426024
36710495930
1780074427024
36717835248
1780074428023
36725238888
1780074429023
36733240161
1780074430023
36740994920
1780074431027
36748563631
1780074432023
36755899461
1780074433023
36763250346
1780074434023
36770754735
1780074435020
36778036464
1780074436024
36785284901
1780074437023
36792699633
1780074438023
36800026542
1780074439024
36807670101
1780074440023
36815429205
1780074441024
36822735078
1780074442024
36830355120
1780074443020
36838567533
1780074444024
36845922947
1780074445020
36857498850
1780074446022
36870850120
1780074447018
36881799336
1780074448019
36889918862
1780074449023
36899628471
1780074450022
36908131936
1780074451021
36917469358
1780074452020
36925480300
1780074453024
36933171534
1780074454023
36940527024
1780074455019
36948019556
1780074456024
36955577481
1780074457023
36963337473
1780074458027
36971141666
1780074459024
36978868717
1780074460023
36986457746
1780074461024
36994429444
1780074462023
37001809001
1780074463023
37010009511
1780074464108
37016902069
1780074465019
37024319708
1780074466024
37031567471
1780074467023
37038986900
1780074468024
37046383333
1780074469024
37053888579
1780074470022
37061530440
1780074471022
37069011421
1780074472024
37076613333
1780074473023
37083856950
1780074474022
37091527926
1780074475020
37099038619
1780074476023
37106354804
1780074477023
37114474086
1780074478025
37124459829
1780074479104
37136544427
1780074480021
37146613021
1780074481023
37155583732
1780074482022
37163322151
1780074483022
37172170630
1780074484022
37180966447
1780074485017
37189327989
1780074486021
37196934751
1780074487023
37204829781
1780074488022
37212348721
1780074489021
37219994437
1780074490024
37227609721
1780074491020
37235683470
1780074492022
37243050344
1780074493021
37250847927
1780074494022
37258329168
1780074495019
37265908146
1780074496024
37273420446
1780074497022
37280846316
1780074498026
37288288007
1780074499024
37296090410
1780074500025
37303295103
1780074501024
37310963326
1780074502023
37318422825
1780074503022
37326123759
1780074504026
37333462358
1780074505019
37341245866
1780074506022
37354660447
1780074507019
37364787058
1780074508023
37372898292
1780074509023
37381506133
1780074510023
37391016276
1780074511018
37402584943
1780074512021
37415837268
1780074513018
37428912051
1780074514021
37438504875
1780074515020
37447091312
1780074516022
37454326575
1780074517020
37461971633
1780074518023
37469880448
1780074519024
37478039127
1780074520023
37485618502
1780074521024
37493438546
1780074522024
37501422423
1780074523025
37509033959
1780074524025
37516478694
1780074525020
37524122865
1780074526025
37531769667
1780074527022
37539087550
1780074528027
37546759505
1780074529023
37554549929
1780074530024
37562320340
1780074531023
37570135304
1780074532024
37577650848
1780074533021
37585196211
1780074534022
37592574192
1780074535019
37599837516
1780074536024
37607357970
1780074537022
37614605489
1780074538024
37622724418
1780074539108
37629662907
1780074540023
37636588192
1780074541023
37643997645
1780074542023
37651405676
1780074543024
37659113877
1780074544024
37666600565
1780074545021
37674889218
1780074546024
37685259099
1780074547020
37698332413
1780074548021
37708230381
1780074549020
37716588740
1780074550021
37726001224
1780074551022
37734429076
1780074552022
37742636225
1780074553026
37750483305
1780074554022
37758118923
1780074555021
37765698481
1780074556023
37773093935
1780074557024
37780718430
1780074558024
37788115720
1780074559023
37795621456
1780074560024
37803360319
1780074561024
37810988929
1780074562024
37818490795
1780074563023
37826336436
1780074564024
37833815152
1780074565020
37841486894
1780074566025
37851278312
1780074567019
37862562950
1780074568020
37870212338
1780074569023
37878307614
1780074570023
37886320927
1780074571024
37894540485
1780074572021
37902913487
1780074573021
37910175723
1780074574023
37917843150
1780074575019
37925362702
1780074576024
37932659104
1780074577021
37939850028
1780074578025
37947189269
1780074579020
37955518253
1780074580022
37962847656
1780074581021
37973815079
1780074582022
37985728057
1780074583019
37993737469
1780074584026
38001630096
1780074585019
38009558817
1780074586022
38016756870
1780074587023
38024238585
1780074588023
38031448863
1780074589023
38039187006
1780074590023
38046969443
1780074591024
38054643740
1780074592021
38062243494
1780074593023
38070055567
1780074594024
38077844231
1780074595021
38085738419
1780074596020
38093350460
1780074597025
38100519734
1780074598023
38108664781
1780074599108
38115365492
1780074600023
38122756173
1780074601024
38130326857
1780074602024
38137652375
1780074603021
38145032315
1780074604023
38152527769
1780074605022
38160265377
1780074606022
38167786857
1780074607022
38174954387
1780074608022
38182485169
1780074609024
38190077840
1780074610024
38197289281
1780074611022
38204834629
1780074612024
38212441208
1780074613024
38221265452
1780074614108
38229376242
1780074615017
38242521084
1780074616022
38252078122
1780074617022
38259960804
1780074618023
38267437853
1780074619021
38275928405
1780074620024
38284668927
1780074621019
38293435139
1780074622023
38301300196
1780074623023
38308850654
1780074624023
38316541444
1780074625022
38324410448
1780074626024
38333135365
1780074627021
38342791134
1780074628017
38350960660
1780074629020
38359081426
1780074630022
38367130848
1780074631020
38375776021
1780074632023
38383183470
1780074633023
38390836851
1780074634027
38398208514
1780074635022
38406024595
1780074636024
38413718919
1780074637024
38421318996
1780074638023
38428989941
1780074639024
38436777504
1780074640024
38444518829
1780074641022
38452348864
1780074642028
38459899720
1780074643022
38468379087
1780074644108
38475522489
1780074645020
38483126436
1780074646024
38491449789
1780074647024
38498887180
1780074648023
38509439101
1780074649019
38521677265
1780074650022
38530154046
1780074651022
38537805699
1780074652022
38546760253
1780074653020
38555165170
1780074654020
38562843996
1780074655019
38570611989
1780074656024
38577747083
1780074657024
38585122723
1780074658024
38592917798
1780074659112
38599725059
1780074660023
38607582420
1780074661026
38615024737
1780074662024
38622234663
1780074663021
38629656234
1780074664026
38637128586
1780074665023
38644837292
1780074666024
38652846858
1780074667024
38660068412
1780074668024
38667747650
1780074669023
38675196042
1780074670025
38682686034
1780074671025
38690274391
1780074672023
38697507695
1780074673024
38705840856
1780074674113
38712746801
1780074675019
38720376682
1780074676024
38727747197
1780074677025
38734900803
1780074678024
38742071057
1780074679020
38749698076
1780074680027
38757736558
1780074681023
38770187117
1780074682019
38783299416
1780074683021
38792428314
1780074684025
38799974396
1780074685020
38808367074
1780074686022
38820543502
1780074687019
38831602985
1780074688023
38839873002
1780074689022
38848851455
1780074690022
38856414673
1780074691022
38864344602
1780074692019
38872448324
1780074693023
38880331144
1780074694023
38887709125
1780074695023
38895496932
1780074696023
38903461179
1780074697022
38911107063
1780074698024
38918906712
1780074699025
38926407690
1780074700023
38934185828
1780074701020
38941772517
1780074702021
38949036742
1780074703026
38956662385
1780074704023
38964150419
1780074705019
38971792861
1780074706020
38979499486
1780074707022
38986852253
1780074708024
38994038586
1780074709023
39001613249
1780074710023
39008819840
1780074711023
39016224795
1780074712023
39023689313
1780074713025
39031914654
1780074714023
39039583504
1780074715022
39047063674
1780074716023
39058233653
1780074717019
39067123978
1780074718023
39075189144
1780074719108
39082285926
1780074720023
39089779086
1780074721022
39097343421
1780074722024
39105351304
1780074723024
39112861905
1780074724023
39120644694
1780074725019
39128579136
1780074726023
39135996576
1780074727024
39143968825
1780074728023
39151497159
1780074729020
39158925921
1780074730022
39166705130
1780074731020
39174205695
1780074732023
39181591066
1780074733023
39189231702
1780074734024
39196710587
1780074735023
39204567214
1780074736025
39212298365
1780074737024
39219812363
1780074738023
39227437210
1780074739024
39234970762
1780074740023
39242390803
1780074741024
39249937329
1780074742023
39257208378
1780074743022
39265212313
1780074744023
39272684114
1780074745022
39280549814
1780074746023
39291792208
1780074747020
39302542860
1780074748022
39310783945
1780074749023
39318857586
1780074750021
39331969090
1780074751019
39341157841
1780074752022
39348994563
1780074753020
39356775898
1780074754028
39364894185
1780074755019
39372874389
1780074756020
39381403543
1780074757020
39389700060
1780074758020
39397069228
1780074759028
39404294714
1780074760020
39411616529
1780074761019
39419103294
1780074762023
39426579669
1780074763023
39434040791
1780074764022
39441770488
1780074765020
39449460375
1780074766023
39456970212
1780074767020
39464322964
1780074768023
39471668769
1780074769023
39479022240
1780074770023
39486432106
1780074771025
39493711127
1780074772024
39500959242
1780074773023
39508343542
1780074774023
39515934178
1780074775020
39523515145
1780074776024
39531193312
1780074777021
39538608166
1780074778024
39545834525
1780074779021
39553284003
1780074780024
39560503828
1780074781023
39568137335
1780074782024
39575719785
1780074783024
39583269004
1780074784031
39592252552
1780074785017
39605399184
1780074786019
39613263935
1780074787024
39620968372
1780074788024
39629943781
1780074789024
39637946369
1780074790019
39645565417
1780074791024
39653682129
1780074792025
39661378977
1780074793023
39668845423
1780074794024
39676223634
1780074795019
39684200534
1780074796024
39691894628
1780074797026
39699702738
1780074798021
39707422705
1780074799022
39714864962
1780074800023
39722317668
1780074801023
39729726510
1780074802024
39736966179
1780074803024
39744411924
1780074804024
39751953967
1780074805019
39759697267
1780074806024
39767894257
1780074807024
39776591925
1780074808024
39784212074
1780074809024
39791609685
1780074810021
39798973040
1780074811023
39806419045
1780074812024
39813664360
1780074813023
39821072788
1780074814022
39828212885
1780074815020
39835477386
1780074816024
39843561279
1780074817023
39852477262
1780074818020
39865620498
1780074819021
39876377209
1780074820020
39885848536
1780074821022
39894339118
1780074822021
39902722524
1780074823021
39910617186
1780074824023
39918296914
1780074825020
39926457811
1780074826020
39933860089
1780074827023
39941763426
1780074828024
39949253159
1780074829020
39957135107
1780074830024
39964790753
1780074831023
39972239588
1780074832023
39979798859
1780074833024
39987192814
1780074834023
39994524115
1780074835020
40002602040
1780074836024
40010058159
1780074837023
40017638850
1780074838022
40025750313
1780074839113
40032503029
1780074840023
40039815251
1780074841024
40047199597
1780074842023
40054531770
1780074843024
40061954214
1780074844023
40069130174
1780074845020
40076711247
1780074846024
40084175337
1780074847023
40091438935
1780074848023
40098812311
1780074849022
40107302985
1780074850023
40114738602
1780074851025
40122209087
1780074852023
40132782121
1780074853020
40141650001
1780074854023
40149499819
1780074855019
40157207837
1780074856023
40164849039
1780074857027
40172842080
1780074858023
40181135094
1780074859023
40189194537
1780074860022
40196577644
1780074861020
40204010996
1780074862022
40211639254
1780074863023
40219134158
1780074864024
40226491745
1780074865021
40234653637
1780074866022
40242647979
1780074867021
40251630257
1780074868024
40259084508
1780074869023
40266383175
1780074870022
40273802236
1780074871027
40281192274
1780074872023
40288382616
1780074873025
40295759557
1780074874020
40303234816
1780074875020
40310858270
1780074876022
40318084980
1780074877023
40325166341
1780074878023
40332604114
1780074879024
40340135692
1780074880023
40347832266
1780074881024
40355340052
1780074882023
40362405944
1780074883023
40370704128
1780074884025
40378103637
1780074885019
40388573641
1780074886022
40400808026
1780074887019
40408241607
1780074888023
40415623674
1780074889021
40423427775
1780074890026
40431085884
1780074891022
40439587941
1780074892019
40447840394
1780074893021
40455595337
1780074894023
40463103674
1780074895021
40470624114
1780074896024
40478429164
1780074897026
40486110529
1780074898024
40494424671
1780074899108
40501183936
1780074900022
40508682282
1780074901020
40515995178
1780074902024
40523555367
1780074903022
40531065570
1780074904024
40538358790
1780074905019
40545963012
1780074906028
40553345002
1780074907023
40560612334
1780074908023
40567924097
1780074909023
40575277567
1780074910024
40582952889
1780074911023
40590628516
1780074912021
40598019656
1780074913026
40605463886
1780074914023
40612800328
1780074915019
40620050217
1780074916024
40627572126
1780074917021
40635676781
1780074918023
40643265443
1780074919025
40655179415
1780074920019
40665554881
1780074921020
40673448533
1780074922024
40680646143
1780074923023
40688409669
1780074924023
40696254423
1780074925020
40704843139
1780074926024
40714218275
1780074927022
40723516024
1780074928014
40731796399
1780074929022
40740518363
1780074930027
40747984732
1780074931022
40756118442
1780074932024
40763586479
1780074933022
40771111371
1780074934022
40778530111
1780074935020
40786082543
1780074936025
40793266245
1780074937023
40800558317
1780074938023
40808015568
1780074939024
40815321578
1780074940023
40823146671
1780074941023
40830841852
1780074942022
40838145827
1780074943023
40845651104
1780074944023
40852717746
1780074945020
40860043279
1780074946022
40867504048
1780074947024
40875041976
1780074948023
40882770909
1780074949024
40890710828
1780074950027
40898180839
1780074951023
40906351376
1780074952024
40913723696
1780074953023
40926900071
1780074954021
40935860287
1780074955020
40944174750
1780074956024
40952978631
1780074957022
40961763141
1780074958019
40970528098
1780074959020
40979400063
1780074960023
40986702753
1780074961024
40994210126
1780074962023
41001803532
1780074963023
41009004461
1780074964023
41016290015
1780074965022
41023804059
1780074966026
41031390243
1780074967023
41038828537
1780074968023
41046278643
1780074969022
41054003154
1780074970024
41061590301
1780074971023
41069615564
1780074972024
41077401612
1780074973022
41085121609
1780074974024
41092450279
1780074975020
41100260699
1780074976022
41107713635
1780074977023
41115559995
1780074978021
41123087917
1780074979023
41130769221
1780074980023
41138249804
1780074981024
41145762180
1780074982024
41152956730
1780074983022
41160464333
1780074984024
41167715569
1780074985019
41176117671
1780074986022
41184425984
1780074987023
41198315339
1780074988020
41206668588
1780074989021
41214616097
1780074990023
41221489867
1780074991023
41230426230
1780074992020
41238529798
1780074993022
41246284680
1780074994022
41254792627
1780074995016
41262560988
1780074996021
41269861490
1780074997022
41277291170
1780074998023
41284708044
1780074999022
41292344549
1780075000023
41299626049
1780075001024
41307246749
1780075002024
41315085521
1780075003027
41322543200
1780075004025
41329940229
1780075005022
41337633268
1780075006024
41345266714
1780075007022
41352942846
1780075008023
41360536848
1780075009024
41368192570
1780075010024
41376059861
1780075011023
41383550205
1780075012024
41390954671
1780075013023
41398751107
1780075014024
41405774159
1780075015020
41413196618
1780075016024
41420588048
1780075017023
41428266322
1780075018023
41435895040
1780075019024
41444198686
1780075020022
41452648922
1780075021019
41465879444
1780075022023
41474702908
1780075023022
41481972902
1780075024022
41489567027
1780075025019
41497036349
1780075026024
41505090529
1780075027024
41513029959
1780075028024
41520808816
1780075029023
41528330388
1780075030023
41535621312
1780075031020
41543068648
1780075032022
41551049862
1780075033023
41558289838
1780075034023
41565764790
1780075035023
41573200392
1780075036022
41580673218
1780075037023
41588313992
1780075038022
41595908422
1780075039024
41603807598
1780075040023
41611487571
1780075041023
41619032444
1780075042023
41626599595
1780075043020
41634231495
1780075044023
41641922912
1780075045020
41649687402
1780075046024
41657644886
1780075047023
41666439892
1780075048020
41674479139
1780075049024
41681792172
1780075050023
41689286005
1780075051022
41696830818
1780075052023
41704729978
1780075053021
41712114095
1780075054023
41722988585
1780075055017
41735070077
1780075056019
41742542138
1780075057022
41750381016
1780075058021
41757857208
1780075059021
41765566083
1780075060023
41773355665
1780075061023
41781139846
1780075062025
41789108713
1780075063023
41796677072
1780075064023
41804082517
1780075065020
41811351226
1780075066024
41818611764
1780075067021
41826118143
1780075068021
41833163059
1780075069023
41840870602
1780075070023
41848516226
1780075071024
41856215462
1780075072025
41863749687
1780075073024
41871256249
1780075074021
41878558388
1780075075023
41886212978
1780075076024
41893729991
1780075077023
41901261018
1780075078023
41909344788
1780075079023
41916717506
1780075080024
41924579396
1780075081022
41931818316
1780075082023
41939402158
1780075083021
41947169540
1780075084021
41954458230
1780075085019
41962127891
1780075086024
41970077037
1780075087023
41978036663
1780075088019
41991214262
1780075089020
42000995399
1780075090024
42008520536
1780075091022
42016273994
1780075092022
42024527748
1780075093018
42032730123
1780075094024
42040933509
1780075095020
42048349802
1780075096020
42055882420
1780075097021
42063127628
1780075098020
42070339359
1780075099023
42078151539
1780075100023
42085748020
1780075101020
42093467360
1780075102022
42100883698
1780075103024
42108291973
1780075104023
42115791636
1780075105020
42123560287
1780075106024
42131599259
1780075107023
42144426412
1780075108023
42153727251
1780075109022
42162413107
1780075110019
42170450166
1780075111020
42178101069
1780075112020
42186253904
1780075113024
42193895091
1780075114024
42201714844
1780075115017
42209518242
1780075116021
42217095200
1780075117022
42224822526
1780075118021
42232555467
1780075119023
42240471810
1780075120020
42247892080
1780075121022
42259170980
1780075122019
42271269027
1780075123019
42280221990
1780075124024
42290241363
1780075125019
42298158272
1780075126021
42306277676
1780075127023
42314400262
1780075128020
42323074307
1780075129022
42330875103
1780075130026
42338614425
1780075131025
42346394444
1780075132024
42354160632
1780075133023
42361646020
1780075134022
42369363034
1780075135019
42376907234
1780075136024
42384267452
1780075137024
42391735321
1780075138023
42398865029
1780075139024
42406933025
1780075140021
42414358482
1780075141021
42421960027
1780075142023
42429369573
1780075143022
42436774941
1780075144024
42444109271
1780075145021
42451602400
1780075146021
42458883533
1780075147023
42466350621
1780075148023
42473870265
1780075149022
42481437523
1780075150023
42488943948
1780075151023
42496338024
1780075152025
42503639766
1780075153024
42511946534
1780075154026
42521371701
1780075155016
42534676688
1780075156020
42544442739
1780075157025
42552250727
1780075158020
42559884524
1780075159023
42567293457
1780075160022
42574717920
1780075161020
42583528701
1780075162023
42592167693
1780075163022
42600041042
1780075164024
42607724778
1780075165022
42616305692
1780075166022
42629639963
1780075167019
42640296673
1780075168023
42648619873
1780075169023
42656958924
1780075170023
42664583465
1780075171021
42672321883
1780075172020
42680541961
1780075173022
42687925741
1780075174026
42695544942
1780075175021
42703082809
1780075176023
42710168070
1780075177020
42717620716
1780075178021
42725120715
1780075179024
42732441918
1780075180021
42740011149
1780075181024
42747154443
1780075182024
42754665305
1780075183023
42762353938
1780075184023
42769545825
1780075185021
42777128352
1780075186024
42785721046
1780075187024
42793046901
1780075188021
42801680629
1780075189019
42814758381
1780075190020
42822360079
1780075191023
42829906727
1780075192024
42838302572
1780075193023
42846713211
1780075194023
42854407948
1780075195021
42862419258
1780075196026
42870144274
1780075197025
42877633455
1780075198023
42886520307
1780075199199
42892863932
1780075200022
42900771339
1780075201023
42908486334
1780075202023
42916511628
1780075203026
42923889180
1780075204026
42931591384
1780075205019
42939303196
1780075206024
42946642285
1780075207023
42954190479
1780075208023
42961600743
1780075209026
42968996748
1780075210022
42976452407
1780075211023
42983805908
1780075212027
42991257911
1780075213024
42998631379
1780075214027
43005816733
1780075215021
43013254491
1780075216025
43020778251
1780075217022
43028157212
1780075218023
43035562305
1780075219023
43042911904
1780075220024
43051045736
1780075221024
43058179560
1780075222024
43070431953
1780075223018
43082186698
1780075224022
43089998159
1780075225017
43098163555
1780075226023
43107042558
1780075227024
43118549627
1780075228020
43126691491
1780075229022
43134929654
1780075230027
43142733587
1780075231024
43150617708
1780075232026
43158403174
1780075233023
43166088639
1780075234022
43173531998
1780075235020
43181178219
1780075236024
43188724056
1780075237023
43196373276
1780075238023
43203978738
1780075239023
43211832778
1780075240024
43219476949
1780075241023
43227094085
1780075242022
43234672634
1780075243020
43242081766
1780075244020
43249653047
1780075245020
43257310407
1780075246029
43264626606
1780075247020
43272663207
1780075248023
43280010665
1780075249027
43287358122
1780075250023
43294838308
1780075251023
43302149015
1780075252024
43309591379
1780075253021
43317503253
1780075254024
43325687376
1780075255020
43333177017
1780075256022
43344401204
1780075257021
43356640577
1780075258022
43365094271
1780075259026
43374305498
1780075260023
43381892064
1780075261020
43390891723
1780075262022
43398911922
1780075263019
43406959293
1780075264020
43415026479
1780075265022
43422277256
1780075266022
43429910028
1780075267022
43437395736
1780075268024
43445078065
1780075269023
43452789082
1780075270024
43460303967
1780075271024
43467897067
1780075272027
43475400921
1780075273021
43482770518
1780075274022
43490297659
1780075275020
43497741140
1780075276023
43505296065
1780075277024
43512847488
1780075278022
43520631057
1780075279023
43528232494
1780075280024
43535807218
1780075281023
43542989972
1780075282020
43550567664
1780075283026
43557989633
1780075284024
43565582640
1780075285021
43573528374
1780075286022
43581469778
1780075287023
43590166068
1780075288019
43598212047
1780075289022
43605430649
1780075290024
43612650367
1780075291024
43624047612
1780075292021
43632764527
1780075293021
43640532903
1780075294023
43648576465
1780075295023
43656483582
1780075296023
43664056883
1780075297020
43671557738
1780075298022
43679095023
1780075299020
43686523143
1780075300020
43693939297
1780075301021
43701603037
1780075302027
43709236084
1780075303023
43716709232
1780075304024
43724288607
1780075305020
43731627543
1780075306023
43739239813
1780075307025
43747024667
1780075308024
43754902744
1780075309024
43762823937
1780075310021
43770238362
1780075311021
43777863806
1780075312022
43785666423
1780075313023
43793345310
1780075314024
43801232827
1780075315019
43809208916
1780075316026
43816838949
1780075317024
43824593525
1780075318023
43832072593
1780075319022
43839623556
1780075320024
43847120587
1780075321023
43854270185
1780075322022
43862461346
1780075323022
43870359910
1780075324023
43877888352
1780075325020
43890420490
1780075326018
43898878636
1780075327020
43906381756
1780075328023
43914672397
1780075329023
43922372076
1780075330023
43930830115
1780075331024
43938458802
1780075332024
43945614276
1780075333024
43953034837
1780075334024
43960337910
1780075335021
43967635015
1780075336021
43975250253
1780075337024
43982750069
1780075338023
43990107854
1780075339023
43998166073
1780075340026
44005457900
1780075341020
44012939141
1780075342023
44020483632
1780075343024
44027970443
1780075344023
44035673840
1780075345020
44043979292
1780075346024
44054332863
1780075347018
44065785020
1780075348023
44073948228
1780075349024
44082672839
1780075350023
44090906457
1780075351022
44098632468
1780075352023
44106365501
1780075353022
44114967099
1780075354023
44122598908
1780075355021
44130381758
1780075356022
44137772698
1780075357022
44145775623
1780075358024
44153950551
1780075359019
44167120776
1780075360019
44177319113
1780075361021
44185219819
1780075362023
44192752162
1780075363023
44201483061
1780075364108
44208680670
1780075365017
44216316946
1780075366020
44223803359
1780075367024
44231253831
1780075368023
44238680589
1780075369024
44246160055
1780075370024
44253941773
1780075371028
44261351838
1780075372024
44268694676
1780075373023
44276127370
1780075374024
44283776727
1780075375021
44291660236
1780075376023
44299225091
1780075377023
44306579786
1780075378024
44313996048
1780075379024
44321558256
1780075380022
44328921703
1780075381023
44336420860
1780075382024
44344286498
1780075383024
44351706570
1780075384024
44359708118
1780075385020
44367833611
1780075386024
44375407601
1780075387024
44383081484
1780075388023
44390740618
1780075389023
44398402614
1780075390023
44406665914
1780075391024
44413884225
1780075392024
44423985606
1780075393025
44436578454
1780075394022
44444326099
1780075395019
44452931706
1780075396024
44460660624
1780075397024
44468361619
1780075398019
44476469410
1780075399023
44484294825
1780075400021
44492033136
1780075401020
44499961275
1780075402023
44507108043
1780075403024
44514589743
1780075404024
44522202961
1780075405022
44530066167
1780075406024
44539140046
1780075407019
44551374829
1780075408024
44559215788
1780075409022
44567609184
1780075410022
44575099162
1780075411023
44583396795
1780075412026
44591233088
1780075413024
44598912372
1780075414023
44606775012
1780075415020
44614950903
1780075416023
44622429360
1780075417025
44630213449
1780075418024
44637875720
1780075419020
44645736630
1780075420024
44653265730
1780075421023
44660782711
1780075422024
44668683172
1780075423023
44676295198
1780075424027
44684134688
1780075425020
44692141117
1780075426024
44699200399
1780075427022
44712091200
1780075428019
44721234373
1780075429023
44729069534
1780075430023
44736940710
1780075431024
44745222570
1780075432023
44753693507
1780075433020
44762303459
1780075434024
44769634913
1780075435020
44777064318
1780075436023
44784959592
1780075437023
44792343311
1780075438024
44799716350
1780075439022
44807057933
1780075440023
44814199606
1780075441021
44821649742
1780075442024
44829030798
1780075443023
44836757681
1780075444024
44844371252
1780075445020
44852344663
1780075446026
44859984320
1780075447023
44867503811
1780075448024
44874790421
1780075449022
44882676928
1780075450024
44890274648
1780075451026
44897828166
1780075452023
44905420394
1780075453023
44912953410
1780075454023
44920531117
1780075455018
44928216873
1780075456024
44935976314
1780075457020
44943672750
1780075458027
44951703521
1780075459024
44958962897
1780075460023
44970927818
1780075461019
44982714907
1780075462023
44991080657
1780075463024
44999416204
1780075464023
45007504977
1780075465018
45015586544
1780075466024
45024895278
1780075467020
45035219933
1780075468022
45043828814
1780075469020
45052389562
1780075470020
45060831429
1780075471022
45068849455
1780075472019
45077240403
1780075473023
45085379422
1780075474023
45092904207
1780075475020
45100784808
1780075476024
45108730726
1780075477021
45116497159
1780075478023
45124150724
1780075479023
45131765962
1780075480021
45139154148
1780075481020
45146802465
1780075482024
45154258370
1780075483024
45161719996
1780075484024
45169170408
1780075485019
45176637159
1780075486024
45183991426
1780075487023
45191405622
1780075488024
45198685913
1780075489024
45206105449
1780075490023
45213341569
1780075491026
45220446185
1780075492023
45228533688
1780075493023
45236566892
1780075494021
45248345184
1780075495016
45259770184
1780075496021
45266993742
1780075497023
45274818346
1780075498023
45282836846
1780075499023
45290527590
1780075500023
45298388011
1780075501024
45306388809
1780075502025
45313819729
1780075503025
45321535534
1780075504024
45329107351
1780075505020
45336730331
1780075506025
45344434554
1780075507022
45352118918
1780075508024
45359795173
1780075509025
45367657828
1780075510023
45374989940
1780075511026
45382678358
1780075512023
45390126964
1780075513023
45397668258
1780075514024
45405114676
1780075515020
45412402066
1780075516024
45420035266
1780075517024
45427569736
1780075518023
45434967867
1780075519023
45442482003
1780075520025
45449970252
1780075521023
45457259845
1780075522025
45464557486
1780075523022
45472195215
1780075524025
45479834046
1780075525019
45487428324
1780075526023
45497569363
1780075527019
45509007949
1780075528022
45518440934
1780075529021
45526943573
1780075530023
45535832505
1780075531021
45544423746
1780075532020
45553341305
1780075533023
45561790026
1780075534025
45569094246
1780075535023
45576660234
1780075536023
45584217317
1780075537024
45591588337
1780075538024
45599347747
1780075539023
45606893447
1780075540023
45614366258
1780075541022
45622148343
1780075542026
45629427058
1780075543023
45637092618
1780075544024
45644825972
1780075545021
45652627901
1780075546023
45660475837
1780075547022
45668312375
1780075548020
45675918877
1780075549024
45683794460
1780075550024
45691157861
1780075551025
45698503437
1780075552023
45706002869
1780075553027
45713353249
1780075554026
45721468629
1780075555021
45729184496
1780075556024
45736632980
1780075557022
45744132550
1780075558023
45751407884
1780075559023
45759186082
1780075560024
45767595314
1780075561024
45774591163
1780075562023
45782992362
1780075563019
45796180518
1780075564021
45804824070
1780075565018
45813003832
1780075566023
45820869807
1780075567020
45828592773
1780075568023
45836642944
1780075569024
45844095299
1780075570023
45851614178
1780075571023
45859101845
1780075572028
45866396120
1780075573023
45874773558
1780075574112
45881573659
1780075575018
45889211205
1780075576022
45896625110
1780075577024
45904062884
1780075578023
45911739858
1780075579024
45919296436
1780075580024
45926723882
1780075581023
45934412469
1780075582023
45942099556
1780075583024
45949872920
1780075584022
45957451714
1780075585020
45965707303
1780075586023
45973679674
1780075587024
45983688521
1780075588019
45991565298
1780075589023
46001121203
1780075590024
46010201355
1780075591023
46017967605
1780075592019
46025738842
1780075593022
46033277259
1780075594025
46040820848
1780075595020
46048994291
1780075596023
46056500854
1780075597022
46069652030
1780075598021
46080116052
1780075599020
46088060898
1780075600023
46096988433
1780075601023
46105149438
1780075602023
46113080636
1780075603022
46120843856
1780075604024
46128036570
1780075605022
46135499742
1780075606021
46142964397
1780075607023
46150309300
1780075608020
46157795820
1780075609024
46165059479
1780075610026
46172231247
1780075611023
46179779028
1780075612020
46186859822
1780075613021
46194457175
1780075614023
46202009913
1780075615021
46209800520
1780075616023
46217628306
1780075617022
46224930276
1780075618022
46232351037
1780075619023
46240023971
1780075620023
46247783519
1780075621023
46255385982
1780075622024
46263008779
1780075623023
46270298372
1780075624023
46277965355
1780075625020
46285538641
1780075626027
46292969223
1780075627023
46300889988
1780075628024
46308455470
1780075629022
46316687375
1780075630024
46324443114
1780075631019
46337626190
1780075632021
46349429482
1780075633019
46357551304
1780075634024
46365719239
1780075635019
46374075778
1780075636020
46382463728
1780075637019
46390551889
1780075638020
46398218581
1780075639026
46406138642
1780075640024
46413542113
1780075641025
46420939418
1780075642028
46428023196
1780075643024
46435534838
1780075644024
46442844336
1780075645021
46450485829
1780075646027
46458734518
1780075647024
46467606361
1780075648024
46474981206
1780075649023
46482337140
1780075650023
46489913164
1780075651022
46497599548
1780075652024
46504839003
1780075653022
46512152755
1780075654024
46519733430
1780075655020
46527113309
1780075656023
46534524002
1780075657024
46542370698
1780075658026
46550363755
1780075659025
46558141525
1780075660025
46566102375
1780075661024
46573587885
1780075662024
46581348749
1780075663023
46589931253
1780075664112
46596609428
1780075665021
46605176556
1780075666025
46615610177
1780075667022
46622789059
1780075668023
46630336473
1780075669020
46638215376
1780075670023
46646126761
1780075671022
46654319574
1780075672022
46661710194
1780075673020
46669131214
1780075674023
46676164578
1780075675020
46683663353
1780075676024
46690944286
1780075677023
46698790371
1780075678023
46706310000
1780075679020
46713471547
1780075680023
46721138729
1780075681024
46728846915
1780075682023
46736234887
1780075683020
46743769479
1780075684023
46751332866
1780075685020
46758906519
1780075686023
46766441264
1780075687021
46773826635
1780075688024
46781544751
1780075689020
46789396160
1780075690021
46797029728
1780075691021
46804727724
1780075692024
46812146067
1780075693023
46819678394
1780075694024
46827137557
1780075695022
46834915986
1780075696024
46842384130
1780075697024
46850547674
1780075698021
46857642070
1780075699024
46869249094
1780075700021
46880875242
1780075701022
46888082369
1780075702025
46895437400
1780075703025
46903422103
1780075704023
46911280749
1780075705018
46919561384
1780075706023
46929683971
1780075707021
46940974683
1780075708021
46950115775
1780075709111
46957675826
1780075710020
46965494126
1780075711023
46973624868
1780075712020
46981772163
1780075713025
46989567131
1780075714023
46996883591
1780075715022
47004223689
1780075716023
47011769221
1780075717024
47019115440
1780075718025
47026767153
1780075719020
47034543868
1780075720024
47041977204
1780075721023
47049309316
1780075722023
47056911305
1780075723024
47064386655
1780075724022
47071913490
1780075725022
47079288825
1780075726023
47086939131
1780075727023
47094512004
1780075728024
47101830483
1780075729024
47109571809
1780075730023
47117142968
1780075731023
47125088273
1780075732023
47132377117
1780075733020
47142623695
1780075734018
47155501277
1780075735017
47163455808
1780075736022
47171174551
1780075737023
47179119106
1780075738024
47187441205
1780075739021
47196549463
1780075740023
47203876404
1780075741022
47211709055
1780075742024
47219099337
1780075743023
47226531404
1780075744027
47233901766
1780075745020
47241485089
1780075746026
47248673947
1780075747022
47255921679
1780075748023
47263483521
1780075749023
47270948222
1780075750024
47278242191
1780075751024
47285724060
1780075752022
47293110257
1780075753024
47301247118
1780075754112
47308115717
1780075755019
47315489674
1780075756024
47323237242
1780075757023
47330629758
1780075758023
47337790709
1780075759024
47345407524
1780075760023
47352851142
1780075761023
47360344164
1780075762022
47367990400
1780075763022
47375484860
1780075764022
47383187737
1780075765019
47391829835
1780075766024
47404741321
1780075767020
47418407251
1780075768019
47430100490
1780075769107
47437992628
1780075770020
47445829976
1780075771022
47454473421
1780075772018
47463276673
1780075773020
47471756760
1780075774024
47479258197
1780075775019
47486873481
1780075776023
47494150467
1780075777022
47501415488
1780075778023
47509040274
1780075779023
47516370213
1780075780022
47523923303
1780075781022
47531178364
1780075782020
47538402060
1780075783024
47546031987
1780075784020
47553268795
1780075785019
47560692202
1780075786024
47568289753
1780075787020
47575663833
1780075788024
47582966799
1780075789024
47590398513
1780075790020
47597632767
1780075791022
47605172576
1780075792022
47612479611
1780075793024
47619968441
1780075794023
47627715519
1780075795021
47635235347
1780075796027
47642984981
1780075797022
47650670018
1780075798023
47657997432
1780075799023
47666132550
1780075800023
47674289943
1780075801019
47684755648
1780075802019
47696949320
1780075803021
47705488740
1780075804020
47714276493
1780075805017
47722758966
1780075806024
47730509059
1780075807020
47738052908
1780075808020
47745805571
1780075809024
47753636141
1780075810023
47761369281
1780075811023
47768873059
1780075812025
47776218620
1780075813025
47783859348
1780075814023
47791072288
1780075815020
47798712099
1780075816023
47806034679
1780075817023
47813278387
1780075818026
47820646301
1780075819022
47828033172
1780075820024
47835364564
1780075821024
47842928334
1780075822023
47850122302
1780075823027
47858050502
1780075824022
47865632065
1780075825018
47873257661
1780075826026
47882061098
1780075827020
47893136263
1780075828023
47901043486
1780075829024
47908905697
1780075830024
47916360852
1780075831020
47924389282
1780075832023
47932287968
1780075833022
47940073863
1780075834020
47948037666
1780075835021
47956888257
1780075836020
47969960684
1780075837020
47977802194
1780075838022
47985414694
1780075839024
47993908336
1780075840022
48001907665
1780075841022
48009650108
1780075842025
48017568271
1780075843023
48025085161
1780075844025
48032469094
1780075845022
48040275322
1780075846023
48047681884
1780075847024
48055361291
1780075848024
48062945042
1780075849023
48070306683
1780075850024
48078014960
1780075851024
48085429845
1780075852023
48092888121
1780075853023
48100629156
1780075854023
48108108530
1780075855019
48115718811
1780075856024
48123290552
1780075857022
48130591559
1780075858021
48138069602
1780075859024
48145606612
1780075860025
48152739548
1780075861025
48160523454
1780075862020
48168106241
1780075863024
48175557479
1780075864024
48183070406
1780075865025
48190323065
1780075866024
48197660731
1780075867022
48205698203
1780075868023
48215935020
1780075869020
48229116613
1780075870020
48238766751
1780075871023
48247078507
1780075872024
48254607713
1780075873024
48262450478
1780075874023
48271357006
1780075875019
48279252953
1780075876024
48286987792
1780075877023
48294682713
1780075878025
48302077218
1780075879024
48309647857
1780075880024
48317365008
1780075881022
48324783259
1780075882025
48332195956
1780075883023
48339840311
1780075884021
48347156572
1780075885021
48355074337
1780075886025
48363231394
1780075887024
48372491934
1780075888018
48380416293
1780075889022
48388359992
1780075890023
48396214553
1780075891020
48404358682
1780075892024
48412588307
1780075893022
48420582236
1780075894024
48428132556
1780075895018
48435436776
1780075896023
48442786988
1780075897024
48449961112
1780075898024
48457241280
1780075899024
48464804254
1780075900023
48472898229
1780075901023
48483025697
1780075902018
48496120768
1780075903022
48507202834
1780075904023
48517103571
1780075905020
48525152197
1780075906024
48532812142
1780075907020
48540688919
1780075908020
48548451664
1780075909022
48556067469
1780075910026
48563472868
1780075911023
48570614372
1780075912023
48577996423
1780075913021
48585513298
1780075914022
48593075094
1780075915020
48600873243
1780075916024
48608241509
1780075917022
48615662025
1780075918024
48623196510
1780075919021
48630619718
1780075920020
48638288414
1780075921024
48645892132
1780075922025
48653429814
1780075923025
48661360401
1780075924024
48668918739
1780075925019
48676632968
1780075926024
48684157891
1780075927024
48691112536
1780075928025
48698425309
1780075929024
48705736230
1780075930023
48712808411
1780075931020
48720460675
1780075932027
48727986546
1780075933026
48735226629
1780075934023
48743402306
1780075935020
48750878085
1780075936023
48761764708
1780075937018
48773561957
1780075938023
48781065046
1780075939020
48789000391
1780075940024
48797060217
1780075941023
48805673933
1780075942022
48813731326
1780075943019
48821439191
1780075944024
48828809997
1780075945019
48836649931
1780075946022
48844593584
1780075947024
48853317460
1780075948024
48860873992
1780075949023
48868108551
1780075950024
48875598575
1780075951025
48882977153
1780075952020
48890598282
1780075953024
48898134893
1780075954023
48905667450
1780075955019
48913373494
1780075956023
48920657319
1780075957022
48927928782
1780075958023
48935332498
1780075959024
48942626544
1780075960023
48949898894
1780075961027
48957677873
1780075962023
48965256070
1780075963027
48972678651
1780075964024
48980212615
1780075965020
48987868674
1780075966020
48995304199
1780075967023
49002787658
1780075968022
49010740246
1780075969021
49018243076
1780075970022
49031282592
1780075971021
49041940649
1780075972022
49049985404
1780075973023
49058161449
1780075974021
49066764930
1780075975020
49075009947
1780075976024
49083561254
1780075977022
49091719750
1780075978022
49099692610
1780075979108
49106522943
1780075980024
49113896013
1780075981024
49121187902
1780075982024
49128711218
1780075983022
49136705957
1780075984024
49144468978
1780075985020
49152267052
1780075986023
49159242811
1780075987025
49166568405
1780075988024
49174069888
1780075989024
49181292024
1780075990025
49188790202
1780075991026
49196379874
1780075992028
49204011789
1780075993023
49211565507
1780075994024
49218741650
1780075995020
49226313559
1780075996026
49234020001
1780075997024
49241388175
1780075998020
49248954346
1780075999026
49256635803
1780076000025
49263987682
1780076001023
49271587560
1780076002023
49279777145
1780076003027
49292503119
1780076004019
49305585307
1780076005015
49315153912
1780076006023
49327236995
1780076007019
49338909365
1780076008020
49347618462
1780076009023
49356268714
1780076010024
49365161013
1780076011021
49372673390
1780076012026
49380503042
1780076013021
49388429697
1780076014023
49397557432
1780076015016
49406016879
1780076016026
49413803064
1780076017024
49421319923
1780076018022
49428967047
1780076019027
49436829197
1780076020028
49444281918
1780076021023
49451830954
1780076022024
49459601747
1780076023023
49467480696
1780076024023
49474869923
1780076025019
49482495290
1780076026021
49490027618
1780076027024
49497316171
1780076028022
49504928334
1780076029024
49512354633
1780076030026
49519850929
1780076031024
49527495681
1780076032024
49534565979
1780076033022
49542262415
1780076034025
49549729151
1780076035019
49556992352
1780076036023
49565208834
1780076037024
49574350233
1780076038019
49587446849
1780076039019
49597990920
1780076040023
49606515744
1780076041022
49614157773
1780076042022
49623589075
1780076043023
49631740257
1780076044026
49641253445
1780076045017
49650030887
1780076046022
49657603438
1780076047024
49665307937
1780076048024
49672838903
1780076049023
49680624186
1780076050021
49688217790
1780076051024
49695611209
1780076052021
49703061651
1780076053026
49710709432
1780076054023
49718185165
1780076055019
49725805575
1780076056023
49732980250
1780076057026
49740433767
1780076058022
49747951101
1780076059023
49755352614
1780076060022
49762917653
1780076061024
49770316289
1780076062026
49777455942
1780076063022
49785161053
1780076064024
49792546455
1780076065020
49800437246
1780076066023
49809973507
1780076067020
49821953040
1780076068022
49830495320
1780076069024
49839719736
1780076070020
49847092317
1780076071025
49859217444
1780076072019
49871609511
1780076073022
49879314392
1780076074020
49887656595
1780076075018
49895866666
1780076076020
49904105349
1780076077022
49912487102
1780076078024
49921085962
1780076079023
49930137136
1780076080023
49937365193
1780076081023
49944816691
1780076082026
49952432159
1780076083023
49959916643
1780076084022
49967326449
1780076085022
49974876953
1780076086024
49982063317
1780076087023
49989676214
1780076088024
49996999865
1780076089020
50004354269
1780076090023
50011939214
1780076091024
50019264257
1780076092026
50026554860
1780076093023
50034083776
1780076094026
50041411145
1780076095021
50049083437
1780076096024
50056496761
1780076097022
50063879042
1780076098024
50072098202
1780076099108
50078928948
1780076100023
50086315252
1780076101023
50094033123
1780076102022
50101433764
1780076103023
50109430385
1780076104022
50117736602
1780076105016
50130871576
1780076106019
50141470712
1780076107023
50149457572
1780076108024
50157168344
1780076109024
50165364125
1780076110021
50173666334
1780076111024
50181551877
1780076112020
50189513706
1780076113023
50197143204
1780076114024
50204694519
1780076115021
50212515619
1780076116024
50220091996
1780076117024
50227699140
1780076118023
50235367286
1780076119023
50242881346
1780076120024
50250326234
1780076121020
50258123695
1780076122020
50265933519
1780076123021
