189454611613
1781763231411
189480327490
1781763232012
189521470878
1781763233012
189562529000
1781763234015
189604540978
1781763235012
189647119177
1781763236015
189688447074
1781763237012
189729957161
1781763238013
189771628074
1781763239013
189812748758
1781763240013
189853721004
1781763241013
189895521861
1781763242016
189942497022
1781763243137
189981107824
1781763244014
190026424908
1781763245015
190069455254
1781763246013
190112004522
1781763247014
190152948937
1781763248013
190194886451
1781763249013
190236252251
1781763250015
190276755993
1781763251015
190318089200
1781763252013
190359269392
1781763253015
190399459292
1781763254014
190441315874
1781763255013
190484543669
1781763256014
190530460177
1781763257014
190575653482
1781763258015
190620578355
1781763259015
190669749494
1781763260013
190716395920
1781763261015
190763002490
1781763262012
190810318042
1781763263012
190856544731
1781763264015
190903645562
1781763265012
190950647334
1781763266015
190996941344
1781763267012
191042973758
1781763268016
191089890508
1781763269015
191136079843
1781763270012
191181909132
1781763271014
191228055010
1781763272015
191274248373
1781763273013
191320934838
1781763274015
191369411582
1781763275015
191416605614
1781763276013
191463316615
1781763277015
191508874421
1781763278015
191556574982
1781763279013
191603129184
1781763280015
191648959267
1781763281012
191695512432
1781763282013
191741158677
1781763283013
191787120412
1781763284015
191833953544
1781763285014
191881331902
1781763286012
191928112544
1781763287015
191973917725
1781763288012
192021198121
1781763289011
192068415591
1781763290015
192114096687
1781763291015
192159765210
1781763292015
192205191058
1781763293011
192251030297
1781763294015
192298217310
1781763295013
192345140834
1781763296012
192391886015
1781763297014
192437615268
1781763298015
192484139441
1781763299013
192530715372
1781763300014
192576694380
1781763301015
192623218614
1781763302015
192669435475
1781763303015
192716862783
1781763304014
192766404893
1781763305014
192814418259
1781763306015
192860132558
1781763307012
192905499385
1781763308012
192952749142
1781763309015
192999962034
1781763310012
193045886843
1781763311012
193091923163
1781763312013
193138000682
1781763313013
193184299392
1781763314015
193230820818
1781763315013
193278245990
1781763316015
193325027059
1781763317013
193371343041
1781763318015
193417807400
1781763319013
193466044642
1781763320013
193512782499
1781763321015
193559319062
1781763322014
193605469151
1781763323015
193651179300
1781763324011
193698070659
1781763325014
193745222211
1781763326015
193791922897
1781763327015
193837745961
1781763328012
193884739432
1781763329015
193931004756
1781763330014
193977957943
1781763331015
194024638854
1781763332014
194071221743
1781763333012
194117838628
1781763334012
194167398865
1781763335015
194214820130
1781763336015
194260850469
1781763337011
194307110543
1781763338015
194353369336
1781763339010
194400521315
1781763340015
194446835039
1781763341015
194493001242
1781763342015
194540300864
1781763343013
194588011985
1781763344011
194636506673
1781763345014
194685036700
1781763346012
194733645218
1781763347011
194781746718
1781763348015
194830452160
1781763349015
194881150883
1781763350013
194930284363
1781763351012
194979234616
1781763352011
195026351439
1781763353011
195073618774
1781763354014
195122534664
1781763355014
195170898188
1781763356012
195218880426
1781763357015
195266646783
1781763358014
195314687676
1781763359011
195362432976
1781763360012
195411529591
1781763361014
195460226366
1781763362014
195507872789
1781763363013
195557168683
1781763364015
195608648837
1781763365014
195657385468
1781763366013
195705693572
1781763367012
195753135711
1781763368012
195799920503
1781763369012
195849291654
1781763370015
195897515590
1781763371014
195945318263
1781763372012
195993067409
1781763373012
196040523830
1781763374013
196088801600
1781763375014
196138126791
1781763376012
196187758378
1781763377013
196235863174
1781763378012
196285128307
1781763379018
196335198918
1781763380012
196383307499
1781763381012
196430642583
1781763382011
196478996768
1781763383015
196526790835
1781763384013
196574812807
1781763385013
196623568602
1781763386016
196670247926
1781763387015
196715812263
1781763388014
196761914501
1781763389016
196808207595
1781763390014
196855399247
1781763391015
196901915607
1781763392012
196948319602
1781763393013
196995502770
1781763394015
197044710408
1781763395013
197091930379
1781763396018
197138447350
1781763397013
197183958708
1781763398012
197230092623
1781763399014
197276886815
1781763400015
197323275734
1781763401014
197370725625
1781763402016
197417373760
1781763403015
197464020369
1781763404015
197510283495
1781763405012
197557662097
1781763406015
197604587392
1781763407014
197651113823
1781763408012
197697529415
1781763409014
197745573542
1781763410015
197791967100
1781763411014
197838057864
1781763412016
197883861946
1781763413012
197929807812
1781763414013
197977080884
1781763415015
198023685990
1781763416015
198070707781
1781763417015
198116280906
1781763418014
198161747099
1781763419015
198207588839
1781763420012
198253891455
1781763421013
198300608621
1781763422012
198346527265
1781763423014
198393364609
1781763424014
198441418807
1781763425013
198488803390
1781763426012
198535863450
1781763427012
198580812554
1781763428013
198626915830
1781763429015
198673192811
1781763430015
198718678107
1781763431014
198765090891
1781763432015
198810922011
1781763433015
198856109701
1781763434013
198902689355
1781763435014
198950065332
1781763436014
198996668362
1781763437014
199043527678
1781763438015
199091042815
1781763439016
199138098176
1781763440011
199184531162
1781763441016
199231058570
1781763442015
199276243574
1781763443015
199321853504
1781763444015
199369088002
1781763445015
199415511833
1781763446012
199461751095
1781763447015
199506923465
1781763448014
199551946299
1781763449015
199597659744
1781763450014
199643612690
1781763451015
199689551049
1781763452013
199741605481
1781763453138
199782373626
1781763454014
199828441990
1781763455012
199875333166
1781763456012
199921592325
1781763457012
199966991501
1781763458015
200013120716
1781763459015
200059783011
1781763460014
200105813228
1781763461015
200151761291
1781763462015
200197457708
1781763463012
200243118174
1781763464013
200289924329
1781763465015
200336710220
1781763466012
200383851640
1781763467015
200430208943
1781763468015
200476104333
1781763469012
200525323689
1781763470012
200574007159
1781763471015
200620386740
1781763472015
200666089748
1781763473011
200711875275
1781763474012
200758363925
1781763475015
200804813514
1781763476014
200850910014
1781763477012
200896313157
1781763478015
200942177847
1781763479014
200988312128
1781763480014
201034666868
1781763481012
201081081178
1781763482015
201128101138
1781763483013
201176331544
1781763484015
201226220272
1781763485013
201275590079
1781763486015
201323163871
1781763487011
201370586662
1781763488013
201417507624
1781763489012
201465260248
1781763490015
201512420467
1781763491012
201559918331
1781763492015
201607461788
1781763493015
201655079708
1781763494014
201703201595
1781763495014
201752315849
1781763496014
201801183033
1781763497014
201848411550
1781763498014
201896964221
1781763499014
201947372661
1781763500013
201994462324
1781763501013
202040857774
1781763502013
202086862111
1781763503015
202132721003
1781763504015
202179872676
1781763505015
202227125668
1781763506015
202273851379
1781763507013
202319792606
1781763508015
202365339121
1781763509015
202412161572
1781763510013
202458386734
1781763511015
202504898578
1781763512015
202551036460
1781763513016
202597313441
1781763514013
202647027975
1781763515015
202694135642
1781763516013
202740535609
1781763517015
202786526702
1781763518015
202833395051
1781763519015
202880134067
1781763520011
202926407386
1781763521012
202972519573
1781763522014
203018387986
1781763523015
203064265432
1781763524013
203111303764
1781763525015
203158829521
1781763526013
203205485529
1781763527014
203251007263
1781763528012
203297267826
1781763529012
203345134586
1781763530011
203391129646
1781763531014
203437906199
1781763532015
203483845474
1781763533015
203529757954
1781763534013
203576382529
1781763535015
203623162439
1781763536013
203670042140
1781763537014
203715571687
1781763538015
203761664770
1781763539015
203807692118
1781763540010
203854088666
1781763541015
203900491624
1781763542014
203946567617
1781763543015
203992349970
1781763544014
204038581541
1781763545014
204085944518
1781763546015
204133198975
1781763547014
204178657660
1781763548014
204224522899
1781763549016
204270529312
1781763550014
204317451921
1781763551015
204363611837
1781763552016
204409290919
1781763553016
204454996979
1781763554014
204501624057
1781763555013
204548752965
1781763556015
204595106179
1781763557015
204641229596
1781763558015
204687340256
1781763559015
204736231672
1781763560012
204783373885
1781763561014
204829484973
1781763562012
204875950796
1781763563014
204921716915
1781763564015
204968781308
1781763565015
205015502929
1781763566012
205062304690
1781763567014
205107297738
1781763568013
205153149489
1781763569012
205199599748
1781763570015
205246346699
1781763571014
205293085227
1781763572013
205350210874
1781763573238
205386563015
1781763574012
205436323324
1781763575014
205484064047
1781763576012
205530301233
1781763577015
205575527863
1781763578012
205621834202
1781763579013
205667573221
1781763580013
205714069073
1781763581015
205760073655
1781763582015
205805635611
1781763583015
205851448910
1781763584013
205897854858
1781763585015
205945468139
1781763586015
205992137575
1781763587015
206038012641
1781763588015
206084391673
1781763589013
206132542672
1781763590015
206178701612
1781763591015
206224818620
1781763592013
206270304710
1781763593013
206315478178
1781763594014
206362011323
1781763595012
206408907321
1781763596015
206455226111
1781763597015
206501686259
1781763598015
206547231674
1781763599013
206592841482
1781763600012
206640011527
1781763601015
206686923150
1781763602012
206732531676
1781763603013
206778923037
1781763604015
206827834472
1781763605014
206875151672
1781763606015
206921728823
1781763607014
206967289742
1781763608015
207012634841
1781763609012
207058179829
1781763610015
207104375145
1781763611013
207150561551
1781763612015
207196270601
1781763613014
207242852208
1781763614014
207289934302
1781763615015
207337315345
1781763616015
207384476296
1781763617015
207430510480
1781763618014
207476829270
1781763619012
207525276229
1781763620012
207571997789
1781763621018
207618197316
1781763622015
207664401544
1781763623016
207711150509
1781763624015
207757885985
1781763625013
207804841370
1781763626012
207851641848
1781763627014
207897513557
1781763628015
207942887769
1781763629013
207987917317
1781763630013
208034703086
1781763631012
208081220911
1781763632013
208126940826
1781763633014
208173299655
1781763634015
208222002167
1781763635015
208269408357
1781763636015
208316145359
1781763637013
208361685647
1781763638013
208408256817
1781763639011
208454155442
1781763640013
208500241811
1781763641013
208546618585
1781763642012
208591634400
1781763643015
208637041022
1781763644015
208682986216
1781763645012
208730585826
1781763646015
208777181227
1781763647013
208822823993
1781763648015
208868631310
1781763649015
208917004477
1781763650015
208962710659
1781763651013
209008970856
1781763652015
209055883333
1781763653015
209102163793
1781763654013
209149035377
1781763655014
209196621559
1781763656013
209243810342
1781763657015
209290515545
1781763658015
209336153123
1781763659015
209382283499
1781763660016
209429254326
1781763661015
209475971796
1781763662015
209522244505
1781763663015
209568348208
1781763664013
209617745969
1781763665013
209665338072
1781763666012
209711787477
1781763667015
209758028630
1781763668013
209804573555
1781763669016
209850931835
1781763670016
209897397964
1781763671013
209944319840
1781763672015
209990261190
1781763673015
210036335657
1781763674015
210082480925
1781763675013
210129682281
1781763676015
210176572786
1781763677015
210223488498
1781763678015
210269681007
1781763679015
210317053200
1781763680013
210363049420
1781763681013
210409773910
1781763682014
210455856739
1781763683014
210501569879
1781763684015
210548526973
1781763685013
210595231138
1781763686013
210641821412
1781763687015
210687662115
1781763688015
210733517588
1781763689013
210779808058
1781763690014
210826569596
1781763691015
210873021687
1781763692013
210919556235
1781763693015
210967099510
1781763694015
211015309836
1781763695015
211062614951
1781763696014
211109281946
1781763697015
211154995025
1781763698015
211200380468
1781763699012
211246422281
1781763700015
211292394453
1781763701011
211338898485
1781763702015
211384487052
1781763703012
211430617427
1781763704015
211477641110
1781763705015
211525328244
1781763706014
211572761839
1781763707014
211618476016
1781763708014
211665486699
1781763709014
211713199467
1781763710013
211759946540
1781763711014
211806847543
1781763712012
211852747877
1781763713015
211898725787
1781763714015
211945318990
1781763715015
211991707971
1781763716011
212038277371
1781763717015
212083644564
1781763718014
212129302406
1781763719015
212175467083
1781763720015
212221875533
1781763721013
212269072312
1781763722012
212317565535
1781763723038
212362838307
1781763724013
212412313278
1781763725012
212459866990
1781763726014
212507017809
1781763727014
212553125174
1781763728020
212598903926
1781763729015
212645088866
1781763730015
212690939274
1781763731015
212738185125
1781763732015
212783850535
1781763733015
212829591568
1781763734013
212876420550
1781763735012
212924250078
1781763736013
212971209553
1781763737015
213018190939
1781763738038
213064788964
1781763739015
213111722071
1781763740013
213158086332
1781763741015
213204557588
1781763742015
213250422705
1781763743014
213296739359
1781763744015
213343895000
1781763745013
213390961591
1781763746015
213437922347
1781763747016
213483685230
1781763748016
213530071464
1781763749012
213576023983
1781763750013
213622493469
1781763751013
213669641847
1781763752016
213716403690
1781763753014
213763008124
1781763754014
213811777225
1781763755013
213858744329
1781763756013
213905472359
1781763757016
213951112378
1781763758015
213997133806
1781763759016
214043337362
1781763760014
214089532251
1781763761015
214136652675
1781763762015
214182671661
1781763763015
214227977881
1781763764015
214275059181
1781763765016
214322059610
1781763766015
214368176191
1781763767013
214414809800
1781763768015
214461133473
1781763769015
214509168079
1781763770016
214555272575
1781763771015
214601048947
1781763772015
214646952028
1781763773012
214692994329
1781763774013
214739911629
1781763775015
214787318551
1781763776015
214833837047
1781763777015
214879988296
1781763778015
214925773885
1781763779013
214971696192
1781763780015
215018050565
1781763781014
215065429899
1781763782015
215111638826
1781763783014
215158881809
1781763784015
215208042022
1781763785015
215255741546
1781763786014
215302434847
1781763787012
215348903844
1781763788012
215395831947
1781763789014
215442436258
1781763790015
215488436751
1781763791014
215535080553
1781763792012
215580985953
1781763793015
215626638546
1781763794013
215673472288
1781763795015
215720552673
1781763796012
215767479189
1781763797015
215813681951
1781763798015
215861931828
1781763799015
215909960757
1781763800012
215956785161
1781763801015
216003083871
1781763802015
216049964061
1781763803012
216096288100
1781763804015
216144058852
1781763805015
216191073746
1781763806014
216237859698
1781763807013
216285073872
1781763808013
216330622888
1781763809012
216376456389
1781763810015
216422835360
1781763811013
216470028843
1781763812013
216516653052
1781763813015
216564319678
1781763814015
216611284951
1781763815014
216658611978
1781763816015
216704460616
1781763817013
216749353384
1781763818012
216795105037
1781763819013
216841014343
1781763820015
216886641240
1781763821015
216933608588
1781763822015
216978842054
1781763823015
217024513812
1781763824013
217070787314
1781763825015
217117852135
1781763826015
217165173853
1781763827011
217211883999
1781763828012
217258970182
1781763829016
217307828273
1781763830015
217354069792
1781763831012
217399990878
1781763832011
217446173622
1781763833014
217491951580
1781763834014
217538089158
1781763835013
217584913806
1781763836012
217631661855
1781763837014
217678226067
1781763838012
217724480404
1781763839015
217771746274
1781763840015
217818188905
1781763841015
217865431948
1781763842015
217912724246
1781763843015
217959275640
1781763844015
218007517521
1781763845014
218055312382
1781763846015
218101305184
1781763847014
218147177991
1781763848013
218193609147
1781763849014
218239442038
1781763850013
218285594996
1781763851012
218332671901
1781763852015
218378764740
1781763853012
218424804295
1781763854012
218471628394
1781763855014
218519171424
1781763856014
218565883951
1781763857012
218611824812
1781763858012
218656707022
1781763859015
218704158621
1781763860013
218747141727
1781763861015
218790736769
1781763862015
218832984097
1781763863015
218877885288
1781763864010
218922878703
1781763865011
218969420882
1781763866015
219016498215
1781763867015
219062057302
1781763868014
219107939509
1781763869012
219153051576
1781763870012
219199096868
1781763871013
219245749764
1781763872013
219294175482
1781763873038
219341746772
1781763874015
219391303957
1781763875014
219439882019
1781763876013
219487549499
1781763877012
219535038941
1781763878014
219582726196
1781763879015
219630095948
1781763880012
219678136719
1781763881014
219725549561
1781763882011
219773570923
1781763883014
219820106387
1781763884015
219866666387
1781763885014
219913998175
1781763886015
219961707648
1781763887016
220007556041
1781763888013
220053911330
1781763889015
220101994581
1781763890015
220148157671
1781763891013
220194554586
1781763892015
220240385096
1781763893014
220286593657
1781763894013
220334026397
1781763895013
220380813875
1781763896014
220427374730
1781763897016
220473079081
1781763898013
220519142683
1781763899015
220564356130
1781763900012
220610263788
1781763901013
220657349361
1781763902011
220703842345
1781763903013
220750592591
1781763904014
220798880981
1781763905012
220845997193
1781763906015
220892572269
1781763907015
220938497750
1781763908015
220984475721
1781763909014
221029933490
1781763910012
221075822105
1781763911014
221121862393
1781763912013
221168654204
1781763913012
221214500767
1781763914015
221261426000
1781763915014
221309253210
1781763916015
221356260474
1781763917015
221402236553
1781763918013
221449035444
1781763919015
221497188580
1781763920013
221543123521
1781763921015
221589243643
1781763922012
221635081782
1781763923013
221681354796
1781763924014
221728337403
1781763925014
221775761842
1781763926015
221822417973
1781763927015
221867493236
1781763928014
221913656508
1781763929015
221959052266
1781763930014
222004703944
1781763931012
222051678067
1781763932012
222101822348
1781763933038
222148672386
1781763934014
222196521019
1781763935011
222244220970
1781763936012
222290555324
1781763937013
222335749605
1781763938015
222381473853
1781763939014
222427262616
1781763940012
222473315049
1781763941014
222519939624
1781763942012
222566874380
1781763943012
222612524714
1781763944015
222658631591
1781763945013
222705966248
1781763946015
222752407108
1781763947015
222797891611
1781763948015
222843875135
1781763949015
222891586256
1781763950015
222937774553
1781763951015
222984402303
1781763952015
223029847438
1781763953015
223075827606
1781763954015
223122385897
1781763955014
223168886449
1781763956013
223215866676
1781763957016
223260979719
1781763958013
223306606190
1781763959012
223351928461
1781763960014
223397686523
1781763961013
223443974734
1781763962016
223497218861
1781763963138
223538032599
1781763964016
223586444279
1781763965012
223633821111
1781763966015
223680055490
1781763967015
223726065260
1781763968015
223772178362
1781763969015
223817678673
1781763970013
223862913847
1781763971011
223908957553
1781763972015
223955794469
1781763973015
224001502726
1781763974013
224047848860
1781763975014
224095245528
1781763976015
224141992418
1781763977015
224188247976
1781763978013
224235285331
1781763979015
224280949032
1781763980015
224327083191
1781763981015
224373565922
1781763982015
224419685677
1781763983013
224465678662
1781763984015
224512197586
1781763985012
224559454545
1781763986015
224606053119
1781763987015
224651462610
1781763988015
224696732392
1781763989013
224742017859
1781763990014
224788575418
1781763991012
224834668379
1781763992016
224882749005
1781763993013
224929918318
1781763994015
224977169723
1781763995013
225025320784
1781763996013
225072319199
1781763997014
225119309984
1781763998014
225168617475
1781763999015
225215546127
1781764000015
225263231918
1781764001015
225310270128
1781764002013
225358178940
1781764003015
225405198534
1781764004015
225453192064
1781764005014
225501355942
1781764006014
225548907029
1781764007015
225596180284
1781764008015
225643295886
1781764009013
225693179792
1781764010013
225740188033
1781764011015
225787653183
1781764012013
225834507738
1781764013012
225882747727
1781764014013
225930565415
1781764015011
225979524701
1781764016013
226028429544
1781764017012
226075727824
1781764018012
226123049602
1781764019013
226170090802
1781764020012
226217961529
1781764021015
226265439862
1781764022013
226314760476
1781764023013
226364183872
1781764024014
226413524444
1781764025012
226462615505
1781764026011
226511411828
1781764027014
226558534754
1781764028013
226606313807
1781764029013
226654357751
1781764030012
226702381371
1781764031012
226749956750
1781764032011
226798083457
1781764033014
226846103537
1781764034014
226894605732
1781764035014
226943338274
1781764036012
226992368299
1781764037012
227040058546
1781764038016
227088297253
1781764039014
227137736702
1781764040012
227186314031
1781764041015
227234430363
1781764042012
227282179020
1781764043015
227329577092
1781764044012
227378627442
1781764045013
227427238768
1781764046015
227475323362
1781764047011
227522555052
1781764048013
227569910522
1781764049012
227615676579
1781764050015
227661826424
1781764051012
227708157971
1781764052013
227756188182
1781764053037
227802761550
1781764054015
227851849681
1781764055014
227899174267
1781764056014
227946552136
1781764057015
227991988482
1781764058012
228037819236
1781764059011
228083852016
1781764060015
228129105319
1781764061013
228175178870
1781764062015
228221746988
1781764063013
228267999189
1781764064012
228315180953
1781764065012
228362475082
1781764066015
228409110644
1781764067012
228454875725
1781764068012
228501576533
1781764069014
228550378471
1781764070015
228596656734
1781764071014
228642861389
1781764072015
228688853764
1781764073015
228734899544
1781764074015
228781882395
1781764075012
228828373731
1781764076015
228875181534
1781764077015
228921045613
1781764078014
228966979699
1781764079013
229012890471
1781764080014
229058721591
1781764081014
229104757789
1781764082015
229152913855
1781764083036
229198871318
1781764084015
229247301003
1781764085015
229294926309
1781764086015
229341592754
1781764087012
229388053329
1781764088012
229433738392
1781764089015
229479852776
1781764090016
229525198424
1781764091016
229571318423
1781764092015
229616768441
1781764093016
229663185193
1781764094013
229710328871
1781764095016
229757420364
1781764096015
229804020342
1781764097012
229850207724
1781764098015
229896746912
1781764099013
229943411404
1781764100013
229989439057
1781764101014
230035132910
1781764102015
230081124858
1781764103015
230127576826
1781764104015
230174223862
1781764105014
230221415453
1781764106013
230267911550
1781764107014
230313425899
1781764108014
230359805968
1781764109015
230405619571
1781764110015
230451865852
1781764111015
230497966442
1781764112016
230544261611
1781764113012
230591340348
1781764114015
230640020155
1781764115014
230687559401
1781764116015
230733382404
1781764117013
230779615928
1781764118012
230825789455
1781764119015
230871936798
1781764120012
230917199438
1781764121012
230963017986
1781764122015
231008832749
1781764123013
231055263111
1781764124015
231101834220
1781764125015
231148961662
1781764126011
231196686089
1781764127011
231244352104
1781764128014
231291847527
1781764129015
231341257740
1781764130012
231388537587
1781764131012
231435134087
1781764132012
231482610711
1781764133015
231529892938
1781764134015
231577791558
1781764135014
231625495843
1781764136014
231672796808
1781764137015
231719023069
1781764138015
231766571959
1781764139014
231813424805
1781764140014
231861108887
1781764141015
231908952271
1781764142015
231956427918
1781764143012
232005560971
1781764144013
232054465570
1781764145014
232102678032
1781764146012
232150292595
1781764147014
232198221794
1781764148015
232245993522
1781764149015
232293072442
1781764150015
232339580624
1781764151014
232387535213
1781764152015
232433716796
1781764153012
232481864500
1781764154014
232529700865
1781764155012
232577984860
1781764156013
232626307063
1781764157015
232673631160
1781764158014
232721422847
1781764159015
232768373044
1781764160014
232815574705
1781764161014
232862958495
1781764162013
232910477417
1781764163015
232958192382
1781764164012
233006680112
1781764165015
233054573117
1781764166012
233103015681
1781764167011
233150166012
1781764168013
233197576596
1781764169015
233245285214
1781764170017
233292854795
1781764171015
233340783383
1781764172014
233387392455
1781764173015
233435064880
1781764174015
233481499026
1781764175012
233528848331
1781764176014
233575863714
1781764177015
233621048657
1781764178011
233670670600
1781764179015
233717181528
1781764180015
233764109570
1781764181015
233810803237
1781764182014
233856310689
1781764183015
233903322043
1781764184016
233950547264
1781764185014
233997544580
1781764186015
234043443449
1781764187012
234089261752
1781764188015
234135170815
1781764189014
234184158787
1781764190015
234230316933
1781764191012
234276422284
1781764192015
234321665515
1781764193013
234367799369
1781764194016
234414542414
1781764195015
234461434384
1781764196013
234508025634
1781764197011
234554702394
1781764198015
234600504462
1781764199012
234645877576
1781764200014
234691889848
1781764201013
234738328694
1781764202015
234784504357
1781764203012
234831836451
1781764204011
234880195336
1781764205013
234927439843
1781764206013
234973862576
1781764207014
235019548128
1781764208014
235065769018
1781764209013
235111165447
1781764210013
235157115342
1781764211012
235203631702
1781764212013
235249071649
1781764213016
235295647641
1781764214015
235341774354
1781764215014
235388592716
1781764216012
235435562993
1781764217015
235480970287
1781764218015
235527425429
1781764219013
235575046462
1781764220016
235621346881
1781764221015
235668037252
1781764222015
235713441127
1781764223012
235759993803
1781764224013
235807024811
1781764225013
235853802523
1781764226011
235900018897
1781764227011
235944939192
1781764228012
235990911486
1781764229015
236035991693
1781764230015
236081566344
1781764231012
236128777100
1781764232015
236175898378
1781764233038
236221064034
1781764234015
236269854742
1781764235012
236317590032
1781764236012
236364054208
1781764237014
236409511123
1781764238013
236455503864
1781764239012
236500925561
1781764240013
236546822050
1781764241011
236592986422
1781764242015
236638447121
1781764243014
236684590252
1781764244012
236731436934
1781764245012
236778601975
1781764246013
236824872059
1781764247014
236870252070
1781764248013
236917163143
1781764249012
236965836603
1781764250012
237012073667
1781764251015
237058232851
1781764252015
237103960639
1781764253011
237150864266
1781764254016
237197455517
1781764255013
237244509107
1781764256015
237290883012
1781764257012
237336632528
1781764258012
237382762720
1781764259012
237429251188
1781764260015
237475252169
1781764261014
237521886937
1781764262014
237567765054
1781764263013
237614834209
1781764264012
237664805944
1781764265014
237712864109
1781764266014
237759882116
1781764267012
237805802836
1781764268014
237851813461
1781764269016
237897502675
1781764270013
237943155024
1781764271011
237989773374
1781764272013
238035660402
1781764273011
238082691654
1781764274015
238129820500
1781764275013
238177264654
1781764276013
238223505502
1781764277015
238268938247
1781764278013
238315416827
1781764279013
238361344627
1781764280015
238407235073
1781764281015
238453321137
1781764282015
238499436742
1781764283012
238546445227
1781764284011
238594077491
1781764285015
238640985696
1781764286013
238687709758
1781764287013
238733567551
1781764288013
238778943350
1781764289011
238825173640
1781764290013
238871328124
1781764291014
238917649782
1781764292014
238963230659
1781764293014
239009748179
1781764294016
239058672920
1781764295015
239105696603
1781764296012
239151499770
1781764297015
239197705950
1781764298013
239243197289
1781764299015
239289431973
1781764300015
239335656769
1781764301014
239381616307
1781764302015
239427003032
1781764303015
239474050763
1781764304014
239521155012
1781764305011
239568079697
1781764306013
239614281849
1781764307015
239660133477
1781764308015
239706377194
1781764309015
239755247370
1781764310012
239801916134
1781764311015
239847348940
1781764312014
239892543222
1781764313015
239938771192
1781764314014
239985567153
1781764315013
240032509477
1781764316015
240078313071
1781764317012
240123742337
1781764318015
240169110446
1781764319015
240214316812
1781764320015
240261165203
1781764321016
240306911057
1781764322016
240353542041
1781764323014
240399867484
1781764324015
240448564625
1781764325015
240496260060
1781764326015
240542067682
1781764327013
240587298767
1781764328013
240633677067
1781764329015
240679520699
1781764330013
240725858349
1781764331012
240772402786
1781764332015
240817681845
1781764333013
240864022607
1781764334013
240911166224
1781764335013
240958595302
1781764336014
241005733670
1781764337015
241052102387
1781764338012
241098626621
1781764339014
241146783663
1781764340014
241192660011
1781764341014
241238709331
1781764342013
241283964098
1781764343016
241329932486
1781764344013
241377696585
1781764345015
241424673088
1781764346015
241471222957
1781764347012
241517292053
1781764348013
241562448126
1781764349015
241608333446
1781764350014
241654217911
1781764351015
241701248674
1781764352015
241747045310
1781764353014
241794379234
1781764354015
241844060626
1781764355013
241891387165
1781764356013
241937572715
1781764357015
241982795378
1781764358012
242028403538
1781764359018
242073943094
1781764360012
242119353622
1781764361013
242166075548
1781764362013
242211956901
1781764363015
242258084285
1781764364014
242305939387
1781764365014
242352963986
1781764366013
242400035521
1781764367015
242446111453
1781764368015
242492420782
1781764369011
242541335269
1781764370013
242586848458
1781764371012
242633212963
1781764372012
242678976640
1781764373016
242725053793
1781764374015
242772908040
1781764375013
242819922507
1781764376015
242866740625
1781764377015
242912522917
1781764378014
242958260410
1781764379015
243004767066
1781764380012
243050943522
1781764381012
243099137918
1781764382014
243146543986
1781764383012
243193844035
1781764384012
243243224890
1781764385010
243291689122
1781764386011
243339305760
1781764387012
243385485146
1781764388015
243432201641
1781764389013
243478970076
1781764390014
243527321758
1781764391015
243575019817
1781764392015
243621695540
1781764393011
243668652634
1781764394014
243716620590
1781764395010
243764815108
1781764396012
243812362349
1781764397011
243860290510
1781764398014
243907723861
1781764399015
243955872846
1781764400012
244002490708
1781764401015
244049525927
1781764402014
244097073291
1781764403015
244144572803
1781764404013
244192683092
1781764405012
244240149340
1781764406012
244288532700
1781764407013
244335558154
1781764408011
244382473256
1781764409014
244429066703
1781764410014
244476049005
1781764411016
244523918450
1781764412013
244571979301
1781764413012
244620139273
1781764414014
244670634139
1781764415016
244719304913
1781764416015
244766921551
1781764417014
244813540328
1781764418014
244860546434
1781764419014
244907664477
1781764420014
244955454638
1781764421012
245002725574
1781764422012
245049847036
1781764423014
245096405876
1781764424012
245144511954
1781764425010
245193017079
1781764426014
245240788624
1781764427013
245287543754
1781764428012
245335130607
1781764429015
245384439502
1781764430014
245431943469
1781764431013
245478986501
1781764432015
245526117850
1781764433015
245573890433
1781764434014
245622165150
1781764435015
245669969838
1781764436012
245717099173
1781764437014
245763135249
1781764438011
245809893796
1781764439014
245856271302
1781764440011
245902599125
1781764441015
245949839910
1781764442012
245997436101
1781764443037
246045843570
1781764444015
246095142821
1781764445011
246144799372
1781764446012
246193250542
1781764447013
246241398612
1781764448012
246289373464
1781764449015
246337180227
1781764450015
246383943169
1781764451012
246432040641
1781764452014
246479724906
1781764453014
246528053945
1781764454012
246577058214
1781764455013
246625632125
1781764456016
246672917893
1781764457015
246719192738
1781764458015
246765743949
1781764459015
246814208302
1781764460013
246859745295
1781764461015
246905988341
1781764462014
246952364260
1781764463015
246999065312
1781764464015
247045666511
1781764465013
247091437756
1781764466015
247135729391
1781764467013
247178938570
1781764468015
247220935838
1781764469015
247261411137
1781764470014
247302844991
1781764471015
247348656031
1781764472012
247393441378
1781764473015
247441184114
1781764474014
247489682831
1781764475016
247537704436
1781764476016
247583906039
1781764477015
247629695289
1781764478015
247675279401
1781764479013
247721241808
1781764480014
247766550530
1781764481013
247812356321
1781764482012
247858738404
1781764483015
247904758001
1781764484013
247951847968
1781764485015
247999077462
1781764486012
248045971079
1781764487016
248092140578
1781764488015
248139216324
1781764489015
248187871229
1781764490015
248236752940
1781764491012
248282783828
1781764492012
248328176717
1781764493014
248373656459
1781764494012
248421119594
1781764495016
248467398528
1781764496012
248513821505
1781764497013
248560023169
1781764498016
248605931621
1781764499012
248651907883
1781764500013
248697382986
1781764501013
248743496820
1781764502015
248789495238
1781764503016
248835759402
1781764504014
248883928285
1781764505011
248931560975
1781764506011
248978238773
1781764507015
249023380381
1781764508013
249069296768
1781764509015
249115085164
1781764510012
249160986230
1781764511015
249206840727
1781764512014
249252672397
1781764513015
249297945230
1781764514012
249344110945
1781764515011
249391691999
1781764516014
249437976549
1781764517013
249484267568
1781764518015
249530985954
1781764519013
249579045463
1781764520015
249624855099
1781764521013
249671071777
1781764522015
249717065251
1781764523014
249762909433
1781764524015
249810322031
1781764525013
249858709908
1781764526014
249905162121
1781764527015
249951270401
1781764528012
249997501362
1781764529012
250042946802
1781764530013
250088994353
1781764531012
250135594026
1781764532014
250181876073
1781764533012
250228314919
1781764534015
250274489239
1781764535013
250323368203
1781764536013
250369847088
1781764537015
250415470445
1781764538012
250464201400
1781764539012
250510880785
1781764540015
250556350822
1781764541013
250602424129
1781764542015
250648317262
1781764543015
250694851688
1781764544014
250741704107
1781764545015
250789773198
1781764546012
250836445686
1781764547015
250882371411
1781764548013
250929196608
1781764549015
250976739333
1781764550015
251022849445
1781764551015
251069179709
1781764552014
251114713345
1781764553011
251161176361
1781764554015
251208369966
1781764555015
251255448337
1781764556017
251301392372
1781764557013
251347250592
1781764558015
251393224595
1781764559016
251439491689
1781764560014
251485301874
1781764561015
251531653196
1781764562015
251578069825
1781764563014
251624970645
1781764564013
251673453309
1781764565015
251721819030
1781764566010
251769213928
1781764567013
251816789856
1781764568015
251863183536
1781764569015
251908890756
1781764570011
251954364150
1781764571014
252001030229
1781764572014
252047204000
1781764573015
252093761681
1781764574015
252140551540
1781764575015
252188111782
1781764576014
252234804838
1781764577013
252280729831
1781764578013
252327282019
1781764579012
252374686255
1781764580012
252420290081
1781764581014
252466763107
1781764582014
252512861072
1781764583015
252558984428
1781764584015
252605762141
1781764585015
252652487729
1781764586013
252699555602
1781764587013
252745380252
1781764588014
252791158578
1781764589014
252836991102
1781764590015
252883094560
1781764591015
252929076804
1781764592015
252975609827
1781764593014
253023045008
1781764594015
253071599083
1781764595013
253118976586
1781764596012
253166838524
1781764597012
253212795560
1781764598015
253258703706
1781764599012
253305181004
1781764600012
253350902567
1781764601012
253397169966
1781764602012
253444823347
1781764603012
253491223131
1781764604015
253537805043
1781764605015
253585289540
1781764606012
253633119923
1781764607016
253681044239
1781764608014
253729990525
1781764609015
253776957079
1781764610015
253822766654
1781764611013
253869138362
1781764612012
253915342956
1781764613015
253961341312
1781764614012
254008414678
1781764615013
254055397346
1781764616015
254102727180
1781764617015
254149496958
1781764618012
254195492629
1781764619012
254241365680
1781764620015
254287689598
1781764621015
254334366419
1781764622012
254381291714
1781764623015
254428562467
1781764624014
254478488059
1781764625013
254525498986
1781764626015
254572847071
1781764627012
254619269864
1781764628013
254665451570
1781764629011
254711565588
1781764630012
254757682901
1781764631014
254804502117
1781764632015
254850294114
1781764633012
254897301501
1781764634013
254943516227
1781764635015
254991048637
1781764636012
255037855097
1781764637013
255084172544
1781764638011
255130888245
1781764639015
255179935604
1781764640012
255225784303
1781764641012
255272967776
1781764642015
255319504095
1781764643015
255365753488
1781764644014
255414000130
1781764645012
255461282113
1781764646015
255508466746
1781764647013
255555277905
1781764648014
255601048601
1781764649013
255646615440
1781764650015
255692709743
1781764651015
255739380156
1781764652015
255785330600
1781764653012
255831436378
1781764654011
255880526706
1781764655015
255927717748
1781764656011
255975529210
1781764657014
256021944984
1781764658015
256067892682
1781764659012
256114914778
1781764660012
256160649524
1781764661013
256207052482
1781764662012
256253392512
1781764663012
256299143799
1781764664014
256345365055
1781764665015
256392598760
1781764666013
256439910955
1781764667015
256485849864
1781764668012
256532988598
1781764669015
256580322095
1781764670014
256626397417
1781764671011
256672695211
1781764672013
256718811426
1781764673013
256764448882
1781764674014
256811645539
1781764675012
256859071381
1781764676012
256906256747
1781764677015
256953034703
1781764678015
256999059976
1781764679013
257045441754
1781764680013
257092243392
1781764681012
257139709213
1781764682014
257185854114
1781764683012
257232726065
1781764684015
257281238453
1781764685015
257329113452
1781764686012
257376392018
1781764687015
257421589290
1781764688015
257467276673
1781764689014
257513016485
1781764690015
257558869883
1781764691012
257605304945
1781764692015
257650988605
1781764693012
257696659569
1781764694015
257744114526
1781764695014
257791591150
1781764696015
257838909571
1781764697012
257885362761
1781764698015
257931772554
1781764699016
257979838288
1781764700015
258025490698
1781764701014
258071682840
1781764702014
258117552169
1781764703013
258163463062
1781764704015
258211081287
1781764705015
258258757740
1781764706015
258305394705
1781764707015
258350981564
1781764708012
258396857728
1781764709013
258443422672
1781764710015
258489227670
1781764711012
258535925731
1781764712013
258584236765
1781764713038
258629627396
1781764714015
258678997875
1781764715014
258727019297
1781764716015
258774667918
1781764717012
258821002394
1781764718015
258868378249
1781764719015
258914707782
1781764720014
258961016562
1781764721014
259008098473
1781764722015
259053653166
1781764723014
259099906465
1781764724014
259146755100
1781764725012
259194344822
1781764726015
259241746861
1781764727015
259287925332
1781764728015
259334564922
1781764729016
259383209451
1781764730015
259429419721
1781764731013
259475852341
1781764732013
259521974110
1781764733015
259568761344
1781764734013
259616408683
1781764735014
259663345208
1781764736016
259710405635
1781764737013
259756727355
1781764738011
259802297001
1781764739012
259848177255
1781764740016
259894262891
1781764741015
259941186233
1781764742015
259987729632
1781764743016
260034578938
1781764744015
260082852130
1781764745014
260130074116
1781764746015
260177271444
1781764747010
260222953029
1781764748016
260268550751
1781764749015
260314291052
1781764750015
260359752178
1781764751013
260406867170
1781764752015
260452688219
1781764753015
260498585441
1781764754015
260544707942
1781764755015
260592439143
1781764756015
260639604977
1781764757012
260686560912
1781764758014
260734192198
1781764759015
260783311702
1781764760015
260829402099
1781764761015
260875820559
1781764762012
260921628547
1781764763012
260967704113
1781764764015
261014672498
1781764765012
261061769302
1781764766015
261108106463
1781764767015
261154019432
1781764768015
261199675870
1781764769012
261245127963
1781764770013
261291370460
1781764771012
261338143533
1781764772015
261384431440
1781764773011
261431516402
1781764774015
261479990704
1781764775013
261527006453
1781764776013
261572718311
1781764777011
261619067863
1781764778011
261664927731
1781764779016
261710961915
1781764780015
261756468146
1781764781013
261802501719
1781764782014
261847594744
1781764783013
261893275535
1781764784013
261940472680
1781764785015
261987959313
1781764786014
262034318753
1781764787012
262080902130
1781764788012
262127678804
1781764789014
32630226
1781764790013
78767437
1781764791015
124599839
1781764792015
170246207
1781764793014
215961849
1781764794015
262793760
1781764795015
309860656
1781764796012
356533572
1781764797012
402603644
1781764798015
448755442
1781764799015
495069533
1781764800015
541321795
1781764801013
588141926
1781764802015
634274133
1781764803013
680744290
1781764804014
730411338
1781764805015
778443441
1781764806012
824632105
1781764807015
870460234
1781764808014
915673315
1781764809012
961966592
1781764810013
1007485457
1781764811015
1053528308
1781764812015
1099376946
1781764813013
1145131956
1781764814015
1191948791
1781764815015
1239331849
1781764816015
1285271856
1781764817012
1332503241
1781764818013
1379367745
1781764819015
1426142406
1781764820014
1472745802
1781764821012
1519855545
1781764822013
1565102255
1781764823013
1610855617
1781764824012
1657970731
1781764825012
1705407011
1781764826014
1751925812
1781764827014
1797502966
1781764828015
1843394450
1781764829012
1889327377
1781764830015
1934852407
1781764831011
1981804863
1781764832015
2027416623
1781764833012
2074696287
1781764834014
2124498406
1781764835014
2171372126
1781764836016
2218643734
1781764837012
2265355772
1781764838012
2311113224
1781764839013
2356893075
1781764840012
2402781629
1781764841014
2448711382
1781764842014
2494878439
1781764843014
2540792323
1781764844012
2587687101
1781764845015
2635151518
1781764846013
2681307833
1781764847014
2728048863
1781764848013
2775540379
1781764849016
2823266576
1781764850015
2870190162
1781764851014
2917545326
1781764852015
2964668130
1781764853014
3010018173
1781764854012
3056994432
1781764855014
3104186816
1781764856012
3150798513
1781764857011
3196976617
1781764858013
3243339048
1781764859015
3288374577
1781764860015
3334174203
1781764861015
3380375806
1781764862014
3426402971
1781764863014
3472781637
1781764864014
3522228776
1781764865014
3569915055
1781764866012
3616418110
1781764867014
3662692405
1781764868014
3708932033
1781764869015
3754706391
1781764870013
3800105750
1781764871013
3846345438
1781764872014
3891403673
1781764873012
3937512502
1781764874015
3983498774
1781764875015
4031153803
1781764876012
4077636594
1781764877015
4124185670
1781764878016
4170764042
1781764879014
4218596805
1781764880015
4264962409
1781764881013
4311317698
1781764882013
4359227487
1781764883015
4406892526
1781764884012
4456226751
1781764885012
4504819034
1781764886014
4552768313
1781764887015
4600388918
1781764888012
4647468754
1781764889011
4694873784
1781764890014
4741953802
1781764891014
4789899969
1781764892012
4837328863
1781764893012
4886079349
1781764894015
4937144343
1781764895015
4986676687
1781764896012
5035066883
1781764897011
5083918015
1781764898014
5131557602
1781764899012
5179189561
1781764900011
5226414415
1781764901012
5273728808
1781764902015
5320973743
1781764903012
5368530018
1781764904013
5416301014
1781764905013
5464969102
1781764906012
5513712020
1781764907015
5563430886
1781764908014
5612450414
1781764909014
5659941015
1781764910014
5707523230
1781764911014
5755771092
1781764912011
5803305822
1781764913013
5851614231
1781764914015
5900272004
1781764915011
5948828337
1781764916014
5996813505
1781764917013
6043792999
1781764918012
6091642364
1781764919011
6139805754
1781764920013
6187871060
1781764921014
6236894922
1781764922012
6285084923
1781764923011
6333133384
1781764924013
6384221388
1781764925015
6432929149
1781764926014
6481048716
1781764927012
6529396187
1781764928011
6576630258
1781764929013
6624262033
1781764930011
6671898874
1781764931013
6719552927
1781764932014
6767313181
1781764933012
6816036078
1781764934013
6864355840
1781764935012
6913215151
1781764936013
6962151793
1781764937014
7011587030
1781764938037
7059480218
1781764939015
7106778559
1781764940014
7154576471
1781764941013
7202645501
1781764942013
7249900995
1781764943012
7298206231
1781764944014
7346173454
1781764945014
7394784780
1781764946014
7443278247
1781764947014
7490977893
1781764948013
7539008226
1781764949011
7586486682
1781764950012
7633743580
1781764951012
7680400076
1781764952015
7726470271
1781764953013
7772966246
1781764954016
7822792595
1781764955015
7870748039
1781764956012
7917427912
1781764957013
7962895264
1781764958014
8009323124
1781764959015
8055238472
1781764960016
8101176587
1781764961012
8147178422
1781764962012
8192524315
1781764963013
8238889064
1781764964013
8285911954
1781764965014
8333499540
1781764966015
8379904877
1781764967012
8426409580
1781764968015
8473302893
1781764969015
8520043313
1781764970015
8566043378
1781764971015
8611937548
1781764972015
8657869864
1781764973012
8704424860
1781764974015
8751495662
1781764975015
8798461057
1781764976014
8845454345
1781764977015
8891115117
1781764978013
8937104745
1781764979016
8982535598
1781764980015
9028331440
1781764981014
9074859824
1781764982012
9120541348
1781764983012
9167387481
1781764984015
9216874537
1781764985015
9263829678
1781764986014
9310263519
1781764987013
9355252478
1781764988014
9401399211
1781764989015
9447115585
1781764990012
9492594229
1781764991011
9539107843
1781764992015
9584793089
1781764993014
9630951235
1781764994015
9677729619
1781764995015
9725176214
1781764996012
9771722909
1781764997013
9817601820
1781764998015
9864522415
1781764999015
9911428239
1781765000013
9956934776
1781765001012
10003710779
1781765002015
10049049347
1781765003014
10094540991
1781765004012
10141476723
1781765005015
10188058391
1781765006014
10234914106
1781765007015
10280359180
1781765008015
10325901971
1781765009015
10371285217
1781765010012
10417245548
1781765011012
10464323186
1781765012011
10516147333
1781765013138
10557545055
1781765014011
10607598760
1781765015015
10654697516
1781765016013
10701843208
1781765017014
10748371959
1781765018015
10795609631
1781765019012
10841987625
1781765020013
10887495809
1781765021013
10934098290
1781765022015
10979393645
1781765023012
11025109348
1781765024013
11071823401
1781765025015
11118494790
1781765026015
11165011822
1781765027013
11212236006
1781765028038
11257755115
1781765029013
11306727768
1781765030014
11353408191
1781765031015
11399825308
1781765032013
11445368221
1781765033012
11491121522
1781765034015
11537899967
1781765035013
11584840581
1781765036014
11631329476
1781765037014
11677292920
1781765038015
11722624347
1781765039015
11767668544
1781765040013
11813826140
1781765041012
11860074923
1781765042013
11906319190
1781765043015
11952557658
1781765044015
11998867171
1781765045015
12045708725
1781765046013
12092173694
1781765047013
12137687372
1781765048012
12184214963
1781765049013
12229959719
1781765050015
12274957528
1781765051013
12321045606
1781765052013
12366880572
1781765053015
12412679710
1781765054015
12459182459
1781765055015
12506079312
1781765056015
12552644561
1781765057014
12598901645
1781765058014
12645541724
1781765059015
12695281647
1781765060014
12743385894
1781765061014
12789755710
1781765062015
12835082925
1781765063015
12881519757
1781765064014
12928524092
1781765065015
12975141893
1781765066012
13022183032
1781765067014
13068267082
1781765068015
13113764768
1781765069015
13159093509
1781765070015
13204592661
1781765071013
13251004346
1781765072015
13297152665
1781765073014
13340262052
1781765074014
13385296849
1781765075012
13429846295
1781765076015
13471846310
1781765077012
13511849381
1781765078011
13554813932
1781765079012
13600681307
1781765080015
13645203166
1781765081014
13691530135
1781765082015
13737586352
1781765083013
13784841358
1781765084015
13846982557
1781765085012
13920555061
1781765086012
13991862984
1781765087012
14063497810
1781765088011
14136932071
1781765089011
14209163636
1781765090012
14282279233
1781765091011
14352616577
1781765092011
14409418983
1781765093015
14456648110
1781765094013
14523533681
1781765095014
14595508350
1781765096011
14669990520
1781765097014
14742540139
1781765098013
14813980508
1781765099011
14886036781
1781765100011
14956022015
1781765101012
15025907334
1781765102012
15098828473
1781765103036
15171258402
1781765104014
15246403657
1781765105014
15318396758
1781765106014
15392071924
1781765107014
15460915986
1781765108015
15534684535
1781765109010
15607301842
1781765110012
15678292016
1781765111012
15749028652
1781765112011
15820661830
1781765113012
15891512479
1781765114011
15963130276
1781765115011
16035851770
1781765116013
16108606466
1781765117012
16182259842
1781765118035
16245110878
1781765119012
16293037574
1781765120015
16342700777
1781765121013
16413133031
1781765122011
16482262431
1781765123011
16554420389
1781765124012
16614315316
1781765125014
16666918880
1781765126011
16740426504
1781765127011
16810966851
1781765128013
16880454893
1781765129014
16953345759
1781765130015
17023765379
1781765131014
17098223684
1781765132011
17169863454
1781765133012
17242117725
1781765134015
17315043319
1781765135011
17386447494
1781765136013
17458751142
1781765137011
17528659533
1781765138014
17599410939
1781765139011
17672916488
1781765140012
17744595442
1781765141011
17818589638
1781765142011
17889679544
1781765143011
17961514809
1781765144011
18035777863
1781765145011
18110054651
1781765146011
18183340840
1781765147011
18257632764
1781765148011
18329486462
1781765149011
18402445687
1781765150012
18474998541
1781765151014
18545820625
1781765152012
18614749099
1781765153014
18685786881
1781765154014
18757166153
1781765155011
18827825824
1781765156012
18899413836
1781765157012
18971094500
1781765158014
19042042988
1781765159012
19111956871
1781765160014
19185319171
1781765161010
19258505141
1781765162011
19329657547
1781765163011
19399078878
1781765164012
19475373421
1781765165011
19548828983
1781765166011
19622579343
1781765167015
19693564391
1781765168014
19765099608
1781765169013
19837710506
1781765170014
19911899770
1781765171014
19983153615
1781765172012
20054017143
1781765173014
20127409167
1781765174010
20200869550
1781765175011
20274836035
1781765176011
20347596164
1781765177014
20419612520
1781765178014
20493227688
1781765179011
20566733298
1781765180011
20640865372
1781765181013
20712427322
1781765182014
20784054946
1781765183015
20856583325
1781765184014
20929029551
1781765185014
21001952094
1781765186014
21075444459
1781765187011
21147554687
1781765188014
21218196779
1781765189015
21286755137
1781765190011
21359708197
1781765191011
21432371829
1781765192011
21503998599
1781765193014
21576940734
1781765194011
21650728570
1781765195013
21724977953
1781765196011
21798686932
1781765197011
21869556196
1781765198011
21942933449
1781765199014
22015980748
1781765200011
22085806375
1781765201011
22158397375
1781765202011
22231107944
1781765203011
22302311741
1781765204010
22376699917
1781765205011
22449573876
1781765206011
22524219559
1781765207014
22606367298
1781765208136
22670674873
1781765209012
22745640928
1781765210009
22818216548
1781765211013
22892516285
1781765212011
22964058338
1781765213014
23035345936
1781765214014
23108922042
1781765215013
23180121078
1781765216014
23252079085
1781765217014
23321127675
1781765218014
23391488152
1781765219012
23461154966
1781765220010
23533033993
1781765221014
23606602897
1781765222015
23679129322
1781765223037
23749765250
1781765224013
23822458606
1781765225010
23894504625
1781765226011
23967394698
1781765227014
24037154773
1781765228014
24107029777
1781765229014
24179489003
1781765230014
24249024348
1781765231014
24320271541
1781765232011
24389522462
1781765233011
24464360894
1781765234014
24538038928
1781765235013
24613739723
1781765236011
24688261932
1781765237011
24761278102
1781765238014
24835642780
1781765239014
24909609449
1781765240012
24982726083
1781765241014
25054950202
1781765242013
25124418103
1781765243011
25196154919
1781765244011
25269897955
1781765245012
25341466558
1781765246011
25401348973
1781765247015
25447983986
1781765248014
25515236926
1781765249014
25590221232
1781765250011
25666055205
1781765251011
25740180748
1781765252011
25812137656
1781765253011
25883305686
1781765254012
25953974878
1781765255014
26026573996
1781765256011
26097482201
1781765257011
26168900963
1781765258012
26238978604
1781765259012
26312605979
1781765260014
26382469753
1781765261011
26452234528
1781765262012
26524478605
1781765263011
26597699487
1781765264011
26672203325
1781765265011
26746186046
1781765266011
26821325013
1781765267011
26895536066
1781765268013
26969842639
1781765269012
27042961409
1781765270011
27116220438
1781765271011
27188243752
1781765272011
27260800573
1781765273011
27333612642
1781765274014
27400476424
1781765275012
27448684552
1781765276012
27499567845
1781765277013
27573419707
1781765278014
27647323631
1781765279011
27719277915
1781765280011
27793202286
1781765281011
27861974998
1781765282012
27938560496
1781765283037
28009466076
1781765284011
28083515447
1781765285012
28155280278
1781765286012
28225809821
1781765287011
28297937261
1781765288011
28371146302
1781765289013
28443746763
1781765290011
28516103634
1781765291013
28588321467
1781765292011
28660737785
1781765293012
28733245473
1781765294014
28807231429
1781765295014
28882162450
1781765296014
28956527616
1781765297012
29031827961
1781765298011
29105350722
1781765299014
29173562827
1781765300011
29245688009
1781765301011
29318640825
1781765302014
29388810384
1781765303013
29461261370
1781765304011
29513125740
1781765305015
29560658089
1781765306015
29609962955
1781765307014
29657396427
1781765308011
29729154178
1781765309013
29802294433
1781765310011
29875100155
1781765311011
29947055293
1781765312011
30018192745
1781765313036
30088878111
1781765314012
30164935106
1781765315012
30237519393
1781765316011
30311715126
1781765317014
30382932839
1781765318011
30455797277
1781765319012
30532332603
1781765320010
30605568500
1781765321011
30677983231
1781765322011
30750057876
1781765323013
30821117997
1781765324013
30894433605
1781765325011
30967926703
1781765326015
31040555911
1781765327011
31113960081
1781765328011
31186863703
1781765329011
31257905758
1781765330011
31330077143
1781765331012
31401084468
1781765332012
31472937251
1781765333011
31545118096
1781765334012
31619760361
1781765335011
31693558512
1781765336011
31766262000
1781765337011
31840108247
1781765338011
31917041766
1781765339012
31989135270
1781765340014
32061730360
1781765341011
32132800613
1781765342014
32205632946
1781765343013
32279400823
1781765344012
32351978335
1781765345011
32423288150
1781765346011
32497253293
1781765347011
32567124940
1781765348014
32638468386
1781765349012
32709849307
1781765350012
32781724794
1781765351012
32855578365
1781765352014
32926837154
1781765353011
32996896728
1781765354013
33068139649
1781765355011
33140202819
1781765356014
33214143059
1781765357015
33286724478
1781765358035
33357914298
1781765359014
33427510616
1781765360014
33501224295
1781765361014
33571737847
1781765362011
33645349292
1781765363011
33717388536
1781765364011
33789819198
1781765365011
33863466165
1781765366014
33938830047
1781765367011
34011374600
1781765368011
34083994287
1781765369012
34155071437
1781765370011
34215487176
1781765371013
34263731010
1781765372015
34327969554
1781765373013
34402121830
1781765374011
34478636587
1781765375014
34551920702
1781765376012
34627587012
1781765377012
34699497777
1781765378011
34768341290
1781765379014
34842327063
1781765380011
34914832492
1781765381014
34987550141
1781765382014
35058114840
1781765383011
35131430998
1781765384011
35205409385
1781765385011
35276808311
1781765386010
35339907576
1781765387014
35386661363
1781765388013
35458781722
1781765389014
35533903906
1781765390011
35606630160
1781765391012
35678514802
1781765392011
35751139494
1781765393012
35822737639
1781765394011
35896988303
1781765395010
35970938492
1781765396010
36040872151
1781765397013
36114392471
1781765398010
36186301833
1781765399014
36256277972
1781765400011
36326898457
1781765401014
36397924948
1781765402011
36470189472
1781765403014
36544757519
1781765404011
36620528382
1781765405010
36692206055
1781765406014
36764642027
1781765407014
36836252683
1781765408014
36909104853
1781765409012
36983757616
1781765410012
37056561201
1781765411011
37126439624
1781765412014
37196475638
1781765413014
37269588488
1781765414011
37343170453
1781765415011
37417017493
1781765416014
37471760883
1781765417015
37521385207
1781765418012
37581911602
1781765419014
37654798561
1781765420011
37730832791
1781765421014
37804169944
1781765422012
37878350479
1781765423012
37951143323
1781765424011
38026494631
1781765425014
38101960869
1781765426011
38176276108
1781765427014
38246193898
1781765428011
38318920458
1781765429011
38388323722
1781765430010
38461000599
1781765431011
38534740095
1781765432011
38601802485
1781765433015
38650754386
1781765434014
38708531215
1781765435011
38781760825
1781765436014
38857510448
1781765437011
38928854626
1781765438014
39003273930
1781765439014
39076796386
1781765440012
39150587701
1781765441011
39217704839
1781765442013
39265690006
1781765443013
39317951591
1781765444014
39391431628
1781765445011
39466780983
1781765446011
39541595733
1781765447011
39622187385
1781765448137
39685228727
1781765449012
39758101710
1781765450011
39828424467
1781765451012
39886733766
1781765452011
39933777896
1781765453013
39985379265
1781765454011
40057765615
1781765455012
40131067186
1781765456011
40204625042
1781765457015
40279502475
1781765458011
40352038116
1781765459011
40424062102
1781765460011
40496462063
1781765461014
40568383815
1781765462012
40640368433
1781765463014
40714919756
1781765464011
40790460700
1781765465011
40864441895
1781765466014
40936456420
1781765467011
41006794009
1781765468010
41081309565
1781765469011
41156912277
1781765470013
41230207316
1781765471011
41302318154
1781765472012
41376450899
1781765473011
41447659701
1781765474011
41521532986
1781765475011
41594227808
1781765476014
41668277728
1781765477013
41740794693
1781765478015
41814234080
1781765479014
41886867012
1781765480010
41962535153
1781765481012
42036118522
1781765482011
42107396721
1781765483011
42179996144
1781765484011
42254939983
1781765485012
42329713351
1781765486011
42403546720
1781765487011
42475238797
1781765488013
42547209316
1781765489011
42617774321
1781765490012
42680418325
1781765491011
42728025808
1781765492014
42780728371
1781765493011
42855503692
1781765494012
42930522849
1781765495012
43004460831
1781765496012
43078645211
1781765497011
43148971569
1781765498015
43221218149
1781765499014
43294385137
1781765500014
43366915591
1781765501014
43439285157
1781765502014
43512461911
1781765503014
43586133902
1781765504011
43661258832
1781765505014
43733262737
1781765506015
43803533187
1781765507011
43877342873
1781765508011
43950542881
1781765509014
44019840311
1781765510011
44090611248
1781765511013
44162434856
1781765512011
44235258827
1781765513014
44305845133
1781765514012
44378027200
1781765515011
44451466282
1781765516010
44526904138
1781765517011
44597978907
1781765518014
44670386253
1781765519014
44739900052
1781765520011
44813020044
1781765521013
44883758266
1781765522011
44957127585
1781765523011
45034036262
1781765524011
45106916203
1781765525011
45180008179
1781765526011
45253065182
1781765527011
45323800657
1781765528014
45395466184
1781765529012
45465782411
1781765530012
45537552918
1781765531010
45608248049
1781765532012
45679275089
1781765533012
45750561100
1781765534012
45823953552
1781765535011
45894410708
1781765536011
45969127435
1781765537011
46042143118
1781765538037
46116634382
1781765539011
46185752369
1781765540012
46256788686
1781765541011
46330218857
1781765542014
46400848376
1781765543011
46473403671
1781765544012
46545578108
1781765545012
46618554240
1781765546011
46689489910
1781765547011
46760160261
1781765548011
46832648723
1781765549014
46902721664
1781765550011
46975137494
1781765551011
47046406660
1781765552012
47117241073
1781765553011
47192563573
1781765554011
47266316375
1781765555012
47340205041
1781765556012
47415283828
1781765557014
47488094067
1781765558011
47559765819
1781765559012
47632972907
1781765560011
47705250921
1781765561012
47778153322
1781765562014
47824733952
1781765563014
47882887063
1781765564012
47958501005
1781765565011
48030367886
1781765566011
48103978965
1781765567014
48175563681
1781765568013
48249607987
1781765569011
48321059891
1781765570011
48393540296
1781765571011
48464003129
1781765572011
48534720233
1781765573011
48605418599
1781765574011
48678617936
1781765575011
48751244459
1781765576011
48805185361
1781765577011
48853077816
1781765578013
48921272100
1781765579014
48993847842
1781765580014
49067595333
1781765581014
49141547476
1781765582011
49208169803
1781765583014
49257869077
1781765584015
49308255850
1781765585012
49378258051
1781765586014
49451776052
1781765587011
49525009690
1781765588014
49599163370
1781765589012
49670777383
1781765590011
49742392495
1781765591014
49814460426
1781765592014
49885912758
1781765593014
49956528055
1781765594011
50029895604
1781765595014
50103625823
1781765596010
50179759662
1781765597014
50251666216
1781765598014
50306719847
1781765599013
50353834045
1781765600011
50423928104
1781765601014
50495839480
1781765602010
50568773131
1781765603011
50644709338
1781765604011
50720462196
1781765605013
50795829373
1781765606011
50867924038
1781765607012
50942001179
1781765608012
51013897541
1781765609011
51087598829
1781765610011
51158978956
1781765611011
51232077585
1781765612011
51302661633
1781765613014
51374872264
1781765614012
51448730046
1781765615011
51523453670
1781765616012
51596894583
1781765617011
51666781490
1781765618012
51738294978
1781765619011
51812596546
1781765620011
51881878778
1781765621011
51956315782
1781765622014
52030361980
1781765623011
52102223978
1781765624011
52179154629
1781765625014
52254227556
1781765626015
52328150341
1781765627014
52400055918
1781765628011
52472505440
1781765629011
52542488842
1781765630012
52614620555
1781765631011
52686674325
1781765632011
52757426403
1781765633011
52831056768
1781765634011
52903028325
1781765635012
52975270388
1781765636011
53048350035
1781765637011
53119087586
1781765638014
53191877744
1781765639012
53265454826
1781765640012
53337858205
1781765641012
53412507001
1781765642011
53487141637
1781765643011
53560066987
1781765644011
53634800377
1781765645011
53702719942
1781765646013
53749730564
1781765647011
53795694985
1781765648014
53843499306
1781765649013
53895726467
1781765650011
53968328759
1781765651013
54043407180
1781765652011
54115483900
1781765653011
54186832228
1781765654014
54257920120
1781765655014
54331567087
1781765656011
54405134037
1781765657012
54480273310
1781765658014
54555125170
1781765659014
54627958357
1781765660011
54702117713
1781765661011
54775207370
1781765662014
54847422029
1781765663011
54919874419
1781765664011
54993476892
1781765665014
55066066366
1781765666011
55139256792
1781765667012
55211322281
1781765668011
55283903333
1781765669011
55354838943
1781765670014
55426677748
1781765671012
55498894238
1781765672013
55571186228
1781765673014
55645513675
1781765674011
55720377375
1781765675012
55793643239
1781765676011
55866596238
1781765677012
55938083970
1781765678011
56008826282
1781765679014
56082408918
1781765680014
56156113320
1781765681008
56205135777
1781765682011
56252700719
1781765683011
56302004426
1781765684014
56346272135
1781765685012
56389567373
1781765686015
56431276495
1781765687013
56474088763
1781765688038
56516506562
1781765689015
56560433696
1781765690013
56601545834
1781765691012
56642223098
1781765692012
56684239104
1781765693013
56725287766
1781765694013
56766844727
1781765695011
56809196425
1781765696012
56850411408
1781765697014
56890672840
1781765698013
56931584357
1781765699015
56972134485
1781765700014
57013408305
1781765701014
57053765441
1781765702012
57094414567
1781765703012
57137937588
1781765704015
57183186435
1781765705013
57226660567
1781765706013
57267948608
1781765707012
57308698382
1781765708014
57349673557
1781765709014
57391406666
1781765710015
57431453500
1781765711016
57474582967
1781765712012
57518524444
1781765713012
57563311011
1781765714013
57605842213
1781765715012
57648852052
1781765716015
57690843460
1781765717015
57733909879
1781765718038
57775538251
1781765719012
57820874683
1781765720015
57861462408
1781765721012
57903569173
1781765722015
57945699925
1781765723015
57986621085
1781765724013
58029393802
1781765725013
58074410105
1781765726010
58117661399
1781765727011
58158662819
1781765728015
58199523372
1781765729013
58240423658
1781765730014
58280751313
1781765731015
58322758957
1781765732011
58365765988
1781765733037
58408163707
1781765734015
58452429035
1781765735013
58495077058
1781765736013
58536842027
1781765737014
58578615175
1781765738010
58619487506
1781765739011
58660447118
1781765740012
58701248406
1781765741013
58742457590
1781765742012
58784570580
1781765743013
58824435590
1781765744011
58865701720
1781765745013
58909180002
1781765746014
58951794090
1781765747011
58993762244
1781765748012
59036786487
1781765749013
59080138610
1781765750013
59122981884
1781765751015
59163209198
1781765752012
59205162094
1781765753011
59245786013
1781765754014
59287449603
1781765755014
59329081088
1781765756011
59371337633
1781765757012
59411472417
1781765758014
59451818872
1781765759013
59492750408
1781765760014
59532880737
1781765761014
59574031633
1781765762015
59614782932
1781765763012
59658426558
1781765764013
59704121204
1781765765015
59746998902
1781765766012
59789549819
1781765767013
59829732516
1781765768012
59871925523
1781765769014
59912656010
1781765770011
59952936852
1781765771014
59993474284
1781765772011
60035374263
1781765773012
60077416758
1781765774012
60119945335
1781765775012
60162641942
1781765776015
60205212634
1781765777014
60251122734
1781765778138
60289735672
1781765779013
60336327350
1781765780012
60378668672
1781765781015
60420991745
1781765782015
60463148009
1781765783010
60504672744
1781765784011
60546621001
1781765785012
60590075418
1781765786015
60632973319
1781765787012
60674284431
1781765788012
60714883143
1781765789015
60756608317
1781765790012
60799207879
1781765791013
60841947820
1781765792015
60883862996
1781765793012
60927427277
1781765794012
60973262914
1781765795011
61016923386
1781765796015
61058721252
1781765797012
61099991838
1781765798015
61140251134
1781765799013
61182089162
1781765800015
61222721687
1781765801015
61264738242
1781765802012
61307103246
1781765803015
61348878468
1781765804015
61390048163
1781765805013
61433454607
1781765806015
61475997589
1781765807015
61517655197
1781765808015
61562204644
1781765809015
61608355587
1781765810013
61650124340
1781765811015
61690699920
1781765812012
61732040024
1781765813012
61775341366
1781765814015
61817709361
1781765815012
61859804895
1781765816013
61901379618
1781765817012
61941294921
1781765818012
61981685076
1781765819011
62023150790
1781765820012
62063815786
1781765821012
62105484747
1781765822014
62147978290
1781765823011
62191017670
1781765824013
62236000343
1781765825014
62278829945
1781765826014
62321395022
1781765827012
62362199544
1781765828016
62403075049
1781765829013
62445022208
1781765830015
62485817330
1781765831014
62526540554
1781765832015
62567889264
1781765833012
62608478088
1781765834011
62650836561
1781765835012
62693764125
1781765836013
62736154824
1781765837012
62778586417
1781765838038
62821267277
1781765839015
62867425362
1781765840015
62908169887
1781765841015
62949858867
1781765842015
62989659729
1781765843010
63031327286
1781765844012
63073926970
1781765845014
63116519634
1781765846013
63158973810
1781765847014
63199918346
1781765848011
63240432525
1781765849014
63281692429
1781765850013
63322613833
1781765851014
63364146442
1781765852014
63405765048
1781765853015
63449866437
1781765854016
63493412712
1781765855014
63536348638
1781765856012
63579626786
1781765857013
63620587558
1781765858015
63660428642
1781765859014
63701154795
1781765860012
63741364470
1781765861013
63783578656
1781765862015
63828581166
1781765863014
63871014041
1781765864015
63915201550
1781765865013
63958523826
1781765866014
64000460059
1781765867012
64047227212
1781765868136
64084744084
1781765869015
64133426882
1781765870015
64173619406
1781765871013
64215724584
1781765872015
64256178887
1781765873015
64298489265
1781765874015
64340337180
1781765875015
64382826756
1781765876013
64426148178
1781765877015
64466754154
1781765878013
64507770101
1781765879013
64549018714
1781765880011
64589558344
1781765881012
64631373544
1781765882015
64674190146
1781765883038
64716542699
1781765884014
64761448040
1781765885013
64805401114
1781765886012
64846981452
1781765887011
64887988061
1781765888011
64930452002
1781765889012
64971542534
1781765890012
65012021618
1781765891011
65053563259
1781765892013
65097017738
1781765893011
65139292715
1781765894015
65182612306
1781765895012
65226236035
1781765896011
65268921290
1781765897012
65312909458
1781765898035
65355441515
1781765899013
65398826352
1781765900014
65440028579
1781765901012
65481605010
1781765902013
65523022202
1781765903011
65565854672
1781765904014
65608702585
1781765905012
65652266683
1781765906013
65695489472
1781765907015
65735788991
1781765908013
65776446785
1781765909012
65817558008
1781765910011
65858905131
1781765911013
65900257381
1781765912012
65942863656
1781765913038
65985051475
1781765914013
66028659457
1781765915013
66071839888
1781765916016
66115061579
1781765917015
66155221389
1781765918015
66196258881
1781765919015
66238209213
1781765920014
66278679813
1781765921015
66319290976
1781765922014
66360715370
1781765923012
66400974361
1781765924012
66442197461
1781765925011
66485603478
1781765926015
66527591773
1781765927013
66569314262
1781765928014
66611460150
1781765929017
66658090341
1781765930015
66700350547
1781765931012
66741019206
1781765932015
66781635251
1781765933013
66823902233
1781765934014
66866749047
1781765935015
66910846224
1781765936014
66952519091
1781765937011
66992186043
1781765938012
67032843959
1781765939015
67074836100
1781765940015
67116361079
1781765941013
67158715158
1781765942015
67199648341
1781765943015
67243328894
1781765944011
67288285810
1781765945013
67331270624
1781765946015
67373192819
1781765947013
67414754663
1781765948013
67455695049
1781765949011
67496992490
1781765950014
67537615250
1781765951012
67579284760
1781765952015
67621511702
1781765953013
67664106015
1781765954011
67705746655
1781765955015
67748139003
1781765956015
67790179117
1781765957013
67832151666
1781765958013
67875852970
1781765959015
67920170240
1781765960013
67961504912
1781765961013
68004884928
1781765962015
68048015432
1781765963013
68089722174
1781765964010
68131576437
1781765965013
68174601656
1781765966011
68217158188
1781765967014
68257740176
1781765968013
68298051658
1781765969015
68338608927
1781765970013
68379857051
1781765971013
68421418285
1781765972012
68463762781
1781765973036
68506315956
1781765974014
68550264391
1781765975011
68593712033
1781765976014
68636420970
1781765977015
68680509785
1781765978011
