39487014394
1781765996636
39489837259
1781765997024
39497727959
1781765998023
39505381600
1781765999024
39512704180
1781766000023
39520304501
1781766001019
39528287980
1781766002023
39535947405
1781766003027
39543644360
1781766004023
39551271930
1781766005019
39559752017
1781766006024
39567636397
1781766007024
39575178379
1781766008023
39583135496
1781766009024
39591129318
1781766010024
39598829655
1781766011020
39606763041
1781766012025
39614537767
1781766013023
39622745314
1781766014105
39629736007
1781766015020
39637285593
1781766016023
39645056555
1781766017024
39652916272
1781766018024
39660789988
1781766019024
39669100214
1781766020020
39676490420
1781766021023
39688859399
1781766022019
39699614412
1781766023021
39707780894
1781766024022
39716831043
1781766025019
39729756880
1781766026022
39743329143
1781766027020
39752268138
1781766028024
39761133554
1781766029109
39768880480
1781766030020
39777440616
1781766031022
39785395239
1781766032023
39793627633
1781766033022
39801435575
1781766034024
39811873633
1781766035020
39824656232
1781766036023
39837088874
1781766037026
39849471669
1781766038025
39862186122
1781766039022
39874870312
1781766040023
39887356275
1781766041022
39899925852
1781766042023
39912442170
1781766043023
39926170095
1781766044109
39937669284
1781766045020
39950198424
1781766046023
39962840951
1781766047024
39975143406
1781766048023
39987859450
1781766049024
40000247707
1781766050024
40012731451
1781766051024
40025139048
1781766052023
40037559113
1781766053025
40050490627
1781766054027
40064736687
1781766055015
40080489628
1781766056021
40093692197
1781766057021
40106568493
1781766058022
40119529582
1781766059024
40132374682
1781766060024
40144811991
1781766061022
40157219067
1781766062022
40169607477
1781766063024
40181941205
1781766064025
40194357399
1781766065019
40206929119
1781766066024
40219863708
1781766067023
40232226537
1781766068024
40244702172
1781766069026
40257176124
1781766070024
40269649786
1781766071026
40282081434
1781766072024
40294557191
1781766073026
40307961491
1781766074110
40319190482
1781766075023
40331619468
1781766076024
40344262684
1781766077021
40356594224
1781766078026
40369129299
1781766079024
40381602058
1781766080024
40393800351
1781766081025
40406057808
1781766082023
40418381973
1781766083024
40430860225
1781766084023
40443441093
1781766085022
40456490632
1781766086027
40469788673
1781766087024
40483663860
1781766088023
40498450683
1781766089023
40514112849
1781766090020
40526418180
1781766091024
40539134041
1781766092025
40552098174
1781766093025
40564568562
1781766094021
40577358367
1781766095018
40589851001
1781766096026
40603890495
1781766097024
40616424760
1781766098024
40628761808
1781766099024
40641404121
1781766100023
40653891691
1781766101024
40666367586
1781766102024
40678779987
1781766103024
40691310993
1781766104024
40703526222
1781766105020
40716052791
1781766106025
40728485601
1781766107023
40741215951
1781766108027
40753683263
1781766109025
40766322471
1781766110024
40778771652
1781766111022
40791357953
1781766112026
40803671959
1781766113023
40816198558
1781766114026
40828617400
1781766115020
40841415728
1781766116026
40854178559
1781766117024
40866548288
1781766118025
40879977450
1781766119108
40891397599
1781766120024
40904012052
1781766121022
40916929964
1781766122023
40930965893
1781766123019
40946714459
1781766124020
40959471690
1781766125019
40972257105
1781766126024
40985111277
1781766127020
40998515164
1781766128026
41011179280
1781766129022
41024064527
1781766130024
41036547888
1781766131024
41049041945
1781766132025
41061308383
1781766133025
41075773615
1781766134199
41086108842
1781766135022
41098451612
1781766136023
41110700807
1781766137023
41123269528
1781766138028
41135571982
1781766139024
41148118809
1781766140025
41160420269
1781766141024
41172810086
1781766142023
41185237389
1781766143026
41197694129
1781766144026
41209870878
1781766145021
41222767554
1781766146024
41237564123
1781766147018
41252766050
1781766148024
41267518815
1781766149209
41277708845
1781766150027
41290378438
1781766151025
41302855328
1781766152025
41315988083
1781766153025
41328863568
1781766154024
41341915692
1781766155021
41354395520
1781766156024
41368767483
1781766157020
41384186334
1781766158024
41396888286
1781766159024
41409543222
1781766160023
41422447916
1781766161018
41435339267
1781766162026
41448110866
1781766163024
41460631284
1781766164024
41472980694
1781766165020
41485465188
1781766166027
41498025846
1781766167024
41511461143
1781766168024
41524036305
1781766169025
41536578373
1781766170024
41549094538
1781766171024
41561603542
1781766172025
41574041586
1781766173025
41586359524
1781766174023
41598867748
1781766175020
41611318077
1781766176024
41623742626
1781766177023
41636369425
1781766178023
41648837028
1781766179022
41661265080
1781766180027
41673531427
1781766181025
41685877976
1781766182028
41698349802
1781766183024
41710820694
1781766184026
41723197461
1781766185021
41735798418
1781766186025
41748190821
1781766187023
41761045897
1781766188024
41774218493
1781766189021
41788073025
1781766190025
41803669539
1781766191019
41817521150
1781766192023
41829940098
1781766193025
41843636138
1781766194108
41854997016
1781766195020
41867706129
1781766196025
41880484429
1781766197023
41893218573
1781766198026
41906354571
1781766199026
41918872465
1781766200024
41931288691
1781766201024
41943675601
1781766202025
41956176176
1781766203024
41969479939
1781766204024
41981793027
1781766205020
41994585495
1781766206024
42007635324
1781766207024
42021345699
1781766208025
42033962676
1781766209021
42046475521
1781766210024
42058936239
1781766211026
42071234608
1781766212022
42083821918
1781766213021
42096268438
1781766214024
42108567817
1781766215020
42121171422
1781766216025
42133565630
1781766217025
42146134856
1781766218024
42159070516
1781766219025
42171547391
1781766220025
42184048011
1781766221028
42196607199
1781766222025
42209357317
1781766223024
42223361437
1781766224020
42238933288
1781766225016
42251682977
1781766226023
42264357160
1781766227024
42277039667
1781766228026
42289725998
1781766229024
42302898732
1781766230023
42315273969
1781766231025
42327622446
1781766232023
42340019760
1781766233025
42352534824
1781766234023
42364997638
1781766235020
42377467367
1781766236025
42389941534
1781766237026
42402717936
1781766238026
42415418053
1781766239025
42427876461
1781766240024
42440307512
1781766241024
42452747835
1781766242025
42465303657
1781766243025
42477722545
1781766244023
42490086674
1781766245020
42502566272
1781766246023
42515057085
1781766247023
42527483424
1781766248026
42540576093
1781766249023
42553089488
1781766250024
42565554582
1781766251022
42578230907
1781766252024
42590649565
1781766253024
42603059655
1781766254023
42615330439
1781766255020
42628030862
1781766256027
42640833672
1781766257026
42653065104
1781766258024
42668711634
1781766259018
42683407758
1781766260023
42696480017
1781766261028
42709522609
1781766262020
42722807385
1781766263023
42735791516
1781766264023
42748842202
1781766265024
42761589810
1781766266027
42774601159
1781766267023
42790040512
1781766268020
42803659730
1781766269021
42816375606
1781766270023
42828844525
1781766271024
42841402428
1781766272024
42853988484
1781766273023
42866878917
1781766274026
42879202853
1781766275022
42891728749
1781766276025
42903923920
1781766277025
42916185064
1781766278024
42928942373
1781766279021
42941673640
1781766280021
42954230718
1781766281025
42966719725
1781766282024
42979272824
1781766283027
42991579701
1781766284024
43003911118
1781766285020
43016435820
1781766286025
43028775592
1781766287024
43041256949
1781766288026
43053521169
1781766289022
43066224117
1781766290024
43079125184
1781766291022
43093934390
1781766292020
43109813602
1781766293020
43122761595
1781766294025
43135109735
1781766295020
43148139750
1781766296024
43161504056
1781766297025
43174139148
1781766298023
43188076055
1781766299110
43199527233
1781766300026
43212045754
1781766301024
43224471389
1781766302021
43237163963
1781766303026
43249662166
1781766304024
43262136914
1781766305021
43274732731
1781766306023
43287136869
1781766307025
43299486738
1781766308024
43312092347
1781766309024
43325352398
1781766310024
43337887627
1781766311024
43350426880
1781766312024
43363044193
1781766313025
43375647170
1781766314026
43388149657
1781766315022
43400668086
1781766316024
43413244794
1781766317024
43425694939
1781766318024
43438030579
1781766319023
43450819222
1781766320024
43463383750
1781766321022
43476259236
1781766322023
43488862045
1781766323024
43501804055
1781766324023
43515549468
1781766325016
43531581603
1781766326019
43546799610
1781766327019
43562212433
1781766328023
43574973566
1781766329020
43588441422
1781766330024
43601285481
1781766331025
43614060767
1781766332024
43627182322
1781766333024
43640043043
1781766334022
43652462436
1781766335020
43664994252
1781766336023
43677493450
1781766337025
43689868518
1781766338024
43702362712
1781766339025
43715160061
1781766340027
43727732101
1781766341027
43740300791
1781766342024
43752529729
1781766343026
43765133992
1781766344024
43777516695
1781766345023
43789929876
1781766346025
43802535393
1781766347025
43814966413
1781766348024
43827368578
1781766349024
43840132251
1781766350026
43852689512
1781766351024
43865217167
1781766352024
43877695617
1781766353023
43890056243
1781766354024
43902419515
1781766355022
43914940453
1781766356024
43927430012
1781766357024
43940571993
1781766358020
43952874921
1781766359024
43967221119
1781766360021
43981203805
1781766361024
43994069468
1781766362024
44007674059
1781766363024
44020221421
1781766364024
44032923190
1781766365020
44045729964
1781766366024
44058136963
1781766367023
44070513975
1781766368024
44082940619
1781766369023
44095523247
1781766370026
44108522020
1781766371025
44121062574
1781766372026
44133489203
1781766373023
44145927552
1781766374024
44158164462
1781766375021
44170643432
1781766376024
44183158985
1781766377024
44195590618
1781766378027
44207890303
1781766379025
44220263750
1781766380023
44232551639
1781766381024
44245518404
1781766382024
44257895630
1781766383025
44270425458
1781766384026
44282876353
1781766385023
44295622951
1781766386024
44309707228
1781766387020
44325031632
1781766388024
44337912411
1781766389021
44350803931
1781766390023
44365795299
1781766391020
44381695671
1781766392021
44397427912
1781766393019
44411625241
1781766394024
44424411558
1781766395020
44437061766
1781766396024
44449525789
1781766397024
44462098870
1781766398025
44474615662
1781766399024
44487924688
1781766400019
44500388940
1781766401022
44513177017
1781766402021
44525830943
1781766403024
44538284807
1781766404023
44550742220
1781766405023
44563431504
1781766406024
44575740798
1781766407024
44588091983
1781766408026
44600342678
1781766409027
44612659866
1781766410024
44625183176
1781766411025
44637626024
1781766412024
44650161176
1781766413024
44662638663
1781766414026
44675022314
1781766415020
44687581411
1781766416026
44700034096
1781766417024
44712492565
1781766418025
44725471096
1781766419024
44737900005
1781766420023
44750391598
1781766421027
44762961206
1781766422020
44775437071
1781766423024
44787882795
1781766424023
44800736004
1781766425019
44813160935
1781766426025
44828871587
1781766427019
44843099271
1781766428027
44855499217
1781766429024
44868182489
1781766430023
44880862532
1781766431022
44893791919
1781766432023
44907250733
1781766433022
44919925406
1781766434024
44932458339
1781766435020
44944993951
1781766436024
44957430036
1781766437025
44970032554
1781766438024
44982295351
1781766439024
44994779952
1781766440024
45007221285
1781766441022
45019491426
1781766442023
45032222051
1781766443024
45044525286
1781766444023
45056673057
1781766445021
45069501847
1781766446024
45082815922
1781766447025
45096202688
1781766448023
45109293276
1781766449024
45121808921
1781766450024
45134776696
1781766451025
45147675744
1781766452026
45160474454
1781766453024
45172844488
1781766454024
45185067368
1781766455020
45197569395
1781766456027
45209930082
1781766457024
45222321506
1781766458025
45235163836
1781766459024
45249106420
1781766460019
45264775043
1781766461018
45277408008
1781766462023
45290427773
1781766463026
45303092195
1781766464027
45315781479
1781766465019
45328573197
1781766466023
45341122563
1781766467024
45353526840
1781766468021
45365940127
1781766469024
45378398887
1781766470024
45390736715
1781766471023
45403033095
1781766472025
45415548878
1781766473024
45427942995
1781766474024
45440291564
1781766475021
45452803766
1781766476024
45464904781
1781766477026
45477250963
1781766478024
45489603158
1781766479020
45501951528
1781766480024
45514365810
1781766481025
45526760661
1781766482024
45539509707
1781766483023
45552225874
1781766484024
45564809313
1781766485021
45577511159
1781766486025
45590138096
1781766487027
45602491836
1781766488027
45615034363
1781766489023
45627626018
1781766490026
45640092428
1781766491025
45653107005
1781766492028
45665639572
1781766493020
45681836535
1781766494022
45696401584
1781766495019
45709238697
1781766496025
45721608563
1781766497024
45734089890
1781766498026
45746560813
1781766499025
45759011708
1781766500024
45771659928
1781766501025
45783915579
1781766502022
45796357830
1781766503024
45809134646
1781766504023
45821595027
1781766505020
45834426816
1781766506025
45849006324
1781766507019
45864091833
1781766508022
45876482477
1781766509023
45889100295
1781766510023
45901425914
1781766511024
45913892751
1781766512025
45926562452
1781766513026
45939299212
1781766514024
45951645348
1781766515021
45964175850
1781766516025
45976327431
1781766517025
45988932672
1781766518023
46001455738
1781766519024
46014165096
1781766520024
46026743302
1781766521024
46039442073
1781766522028
46051840520
1781766523024
46064936157
1781766524023
46077299230
1781766525020
46090273538
1781766526023
46102726208
1781766527021
46118308172
1781766528020
46132383086
1781766529025
46145324866
1781766530022
46158046311
1781766531024
46170682459
1781766532023
46183661326
1781766533023
46196410097
1781766534025
46209309053
1781766535022
46221833373
1781766536026
46234220268
1781766537024
46246609596
1781766538025
46260039661
1781766539107
46271600325
1781766540025
46283838061
1781766541022
46296140256
1781766542024
46308643385
1781766543024
46321268333
1781766544024
46333769076
1781766545021
46346115043
1781766546023
46358617117
1781766547023
46370974422
1781766548024
46383527353
1781766549023
46396118259
1781766550023
46408671404
1781766551024
46421115337
1781766552027
46433514029
1781766553025
46447354195
1781766554107
46458925906
1781766555019
46471579434
1781766556025
46484250145
1781766557023
46496707160
1781766558024
46509387356
1781766559022
46522139325
1781766560023
46535522602
1781766561019
46551286116
1781766562019
46564000155
1781766563024
46576580152
1781766564023
46590005734
1781766565020
46602883239
1781766566023
46618217434
1781766567023
46633053278
1781766568023
46646055540
1781766569024
46659096387
1781766570024
46671730714
1781766571026
46684549758
1781766572020
46697231637
1781766573024
46709771441
1781766574022
46722681306
1781766575021
46735157507
1781766576024
46747612977
1781766577023
46760093478
1781766578024
46772372753
1781766579026
46784917406
1781766580023
46797553386
1781766581025
46809919580
1781766582024
46822436250
1781766583025
46835903952
1781766584108
46847950897
1781766585022
46860539783
1781766586024
46873097855
1781766587023
46885550066
1781766588024
46897965450
1781766589023
46910532166
1781766590026
46923030797
1781766591024
46935457029
1781766592024
46947906363
1781766593027
46960780212
1781766594024
46975319281
1781766595017
46991202548
1781766596021
47004407779
1781766597025
47016718526
1781766598024
47029214556
1781766599024
47041966800
1781766600024
47054754617
1781766601022
47067538639
1781766602023
47079844261
1781766603024
47092223889
1781766604027
47104843941
1781766605020
47117373432
1781766606027
47129778228
1781766607026
47142197789
1781766608023
47154608399
1781766609024
47167186147
1781766610024
47179512928
1781766611024
47192126157
1781766612024
47204555739
1781766613024
47217016793
1781766614026
47229771439
1781766615020
47242417471
1781766616024
47254860486
1781766617024
47267477647
1781766618024
47279873538
1781766619024
47292411154
1781766620024
47304824564
1781766621025
47317266463
1781766622026
47329704353
1781766623022
47342173058
1781766624024
47354621734
1781766625021
47367661710
1781766626024
47380717154
1781766627024
47394473553
1781766628024
47409380021
1781766629019
47425082228
1781766630018
47437755447
1781766631024
47450641031
1781766632023
47463370875
1781766633026
47475853610
1781766634022
47484571198
1781766635019
47493835011
1781766636020
47501371531
1781766637023
47508800997
1781766638028
47516373656
1781766639024
47523981366
1781766640023
47532118641
1781766641024
47540161193
1781766642022
47552429314
1781766643024
47564801384
1781766644024
47577075381
1781766645020
47589973862
1781766646024
47602399007
1781766647024
47614887755
1781766648025
47627200950
1781766649024
47639714820
1781766650026
47652080907
1781766651023
47664470817
1781766652025
47676824664
1781766653023
47689255011
1781766654024
47701777878
1781766655022
47714418003
1781766656024
47727015748
1781766657026
47739349613
1781766658024
47752797258
1781766659111
47764192269
1781766660020
47777131005
1781766661023
47789472842
1781766662023
47801782197
1781766663023
47814492151
1781766664021
47828072477
1781766665022
47841699942
1781766666025
47854510923
1781766667022
47867042250
1781766668024
47879607773
1781766669025
47892741309
1781766670022
47905171059
1781766671023
47917576758
1781766672024
47929966117
1781766673024
47942366568
1781766674024
47954607409
1781766675025
47967334668
1781766676025
47979852195
1781766677024
47992249953
1781766678024
48005042758
1781766679024
48017503797
1781766680024
48029812769
1781766681028
48042151867
1781766682024
48054405087
1781766683023
48066923470
1781766684024
48079306311
1781766685021
48092054103
1781766686024
48105928632
1781766687020
48121464191
1781766688023
48133968957
1781766689024
48146681758
1781766690020
48159636528
1781766691024
48172204239
1781766692021
48184599029
1781766693023
48197047828
1781766694024
48209780304
1781766695020
48222804858
1781766696023
48238555565
1781766697022
48253715096
1781766698024
48266991962
1781766699024
48279782287
1781766700023
48292699129
1781766701023
48305276218
1781766702023
48317985806
1781766703025
48330487130
1781766704024
48342722815
1781766705020
48355480889
1781766706027
48368118444
1781766707025
48380497888
1781766708024
48393088671
1781766709025
48405446741
1781766710024
48418043155
1781766711026
48430462287
1781766712026
48442719255
1781766713024
48455174970
1781766714024
48467425787
1781766715020
48479934577
1781766716025
48492370019
1781766717026
48504797980
1781766718022
48517305194
1781766719026
48529640529
1781766720023
48542185794
1781766721027
48554621818
1781766722024
48567032137
1781766723022
48579487974
1781766724024
48591900849
1781766725023
48604431151
1781766726023
48617127367
1781766727022
48629488650
1781766728023
48642360387
1781766729024
48655127227
1781766730019
48670861227
1781766731019
48685126564
1781766732024
48697780873
1781766733025
48710158925
1781766734022
48722600518
1781766735020
48735602488
1781766736023
48748937708
1781766737020
48761841147
1781766738025
48774497139
1781766739024
48787034050
1781766740024
48799630892
1781766741024
48811833162
1781766742023
48824315254
1781766743024
48836878283
1781766744025
48849012254
1781766745021
48861701110
1781766746024
48876956343
1781766747021
48892206771
1781766748023
48905744807
1781766749108
48917116869
1781766750024
48929920291
1781766751023
48942380550
1781766752023
48955372423
1781766753022
48967890286
1781766754024
48980192787
1781766755020
48992674435
1781766756024
49005052976
1781766757025
49017846178
1781766758025
49030235017
1781766759024
49042609932
1781766760024
49054984664
1781766761027
49067390853
1781766762024
49080206439
1781766763024
49094069432
1781766764021
49109799454
1781766765015
49122718789
1781766766024
49136101378
1781766767020
49149096953
1781766768023
49161576811
1781766769022
49174669954
1781766770026
49187527983
1781766771024
49199933911
1781766772025
49212351621
1781766773021
49224871335
1781766774025
49237250030
1781766775021
49249886988
1781766776025
49262363618
1781766777024
49274857215
1781766778024
49289468700
1781766779199
49299639222
1781766780024
49312004958
1781766781024
49324367403
1781766782027
49336764519
1781766783025
49349167541
1781766784023
49361527202
1781766785019
49374141624
1781766786024
49386412545
1781766787024
49399044378
1781766788022
49411433614
1781766789023
49423796641
1781766790024
49436260450
1781766791025
49448728726
1781766792022
49461040116
1781766793027
49473547636
1781766794027
49485888601
1781766795022
49498396794
1781766796025
49511236248
1781766797025
49524443591
1781766798019
49540329657
1781766799021
49553954185
1781766800021
49566512976
1781766801025
49579858324
1781766802022
49592381283
1781766803024
49604929945
1781766804024
49617562573
1781766805021
49630461192
1781766806026
49643315610
1781766807025
49658984921
1781766808024
49672310670
1781766809022
49685074848
1781766810027
49697617437
1781766811023
49710326657
1781766812025
49722951804
1781766813023
49736083901
1781766814025
49748356796
1781766815020
49760763704
1781766816024
49773160467
1781766817026
49785634083
1781766818024
49798466300
1781766819022
49810879802
1781766820024
49823254274
1781766821024
49835666705
1781766822025
49848024041
1781766823024
49860485646
1781766824023
49872901076
1781766825020
49885333657
1781766826023
49897655512
1781766827023
49910025149
1781766828022
49922803158
1781766829024
49935800079
1781766830024
49948370330
1781766831022
49962737321
1781766832020
49978165703
1781766833023
49990651130
1781766834024
50002979855
1781766835019
50015892259
1781766836024
50028568585
1781766837024
50040931214
1781766838024
50055637299
1781766839199
50066144314
1781766840027
50078475089
1781766841021
50091143733
1781766842026
50103716922
1781766843023
50116179996
1781766844027
50128856872
1781766845021
50141525226
1781766846026
50154044925
1781766847020
50166491567
1781766848024
50179225374
1781766849026
50192107837
1781766850024
50204823055
1781766851027
50217240596
1781766852024
50229752829
1781766853024
50242208391
1781766854024
50254583153
1781766855020
50267265399
1781766856024
50279658568
1781766857022
50292227961
1781766858023
50305274853
1781766859023
50317960909
1781766860026
50330387340
1781766861023
50342873731
1781766862024
50355483363
1781766863024
50368400893
1781766864024
50380728302
1781766865020
50395482398
1781766866022
50409774648
1781766867020
50423549116
1781766868023
50436305109
1781766869022
50449376495
1781766870024
50462105988
1781766871020
50475395905
1781766872021
50488268070
1781766873022
50500814529
1781766874021
50513411432
1781766875020
50526188875
1781766876029
50538491850
1781766877023
50551075917
1781766878023
50563571916
1781766879024
50576473014
1781766880023
50588892712
1781766881025
50601334229
1781766882024
50613776082
1781766883024
50626441758
1781766884024
50638841536
1781766885020
50651524701
1781766886024
50663970914
1781766887023
50676551676
1781766888024
50689548184
1781766889024
50702347108
1781766890024
50715196002
1781766891024
50727592797
1781766892024
50740085140
1781766893025
50752530389
1781766894027
50764741824
1781766895021
50777269816
1781766896025
50789648801
1781766897023
50802543748
1781766898025
50814957357
1781766899028
50829496473
1781766900022
50844785197
1781766901020
50857728569
1781766902023
50870365971
1781766903022
50883248112
1781766904028
50896641946
1781766905023
50909565902
1781766906029
50921845697
1781766907024
50934222479
1781766908025
50946656131
1781766909023
50959298690
1781766910022
50971770102
1781766911023
50984367495
1781766912022
50996776437
1781766913025
51009066897
1781766914023
51021462972
1781766915022
51033911113
1781766916024
51046264364
1781766917023
51058800220
1781766918024
51071093418
1781766919023
51084287281
1781766920027
51096748688
1781766921024
51109183931
1781766922024
51121779625
1781766923024
51134199584
1781766924024
51146731661
1781766925019
51159595733
1781766926025
51174517119
1781766927019
51189698345
1781766928023
51202457367
1781766929023
51215059625
1781766930023
51227526662
1781766931024
51240636084
1781766932023
51253037224
1781766933024
51267980061
1781766934020
51282485195
1781766935020
51295470427
1781766936023
51307918553
1781766937026
51320561418
1781766938025
51333579208
1781766939024
51346878274
1781766940024
51359645007
1781766941024
51372231354
1781766942025
51384583350
1781766943024
51397151841
1781766944024
51409398726
1781766945020
51421849330
1781766946024
51434241366
1781766947027
51446587594
1781766948026
51458796474
1781766949024
51471605955
1781766950024
51483981222
1781766951023
51496617263
1781766952024
51509156026
1781766953025
51521447449
1781766954025
51533921861
1781766955021
51546505912
1781766956024
51559145532
1781766957025
51571607949
1781766958024
51585108332
1781766959108
51596562539
1781766960025
51609224926
1781766961024
51621716550
1781766962023
51634280482
1781766963024
51646786197
1781766964025
51659200097
1781766965020
51672200598
1781766966024
51687366907
1781766967021
51703120307
1781766968020
51716279562
1781766969022
51729227814
1781766970022
51742262328
1781766971023
51755408868
1781766972024
51768202437
1781766973023
51781201486
1781766974024
51793544822
1781766975021
51806121300
1781766976025
51818535551
1781766977023
51830781182
1781766978026
51843179368
1781766979024
51855511887
1781766980025
51868330457
1781766981024
51881006599
1781766982026
51893466689
1781766983024
51905809980
1781766984024
51918217285
1781766985022
51930849439
1781766986025
51943881123
1781766987024
51958974022
1781766988023
51971725960
1781766989024
51984318870
1781766990024
51996617606
1781766991024
52009491409
1781766992022
52022217765
1781766993024
52034642054
1781766994028
52047065853
1781766995021
52059615647
1781766996023
52072066588
1781766997025
52084661181
1781766998026
52097569209
1781766999023
52109922292
1781767000024
52124519471
1781767001019
52140252935
1781767002022
52153195848
1781767003025
52165767858
1781767004023
52178313307
1781767005019
52191488214
1781767006029
52204167721
1781767007022
52217212394
1781767008027
52230074278
1781767009022
52242574761
1781767010028
52254881438
1781767011024
52267855287
1781767012023
52280285130
1781767013024
52292824199
1781767014026
52305200154
1781767015021
52317426446
1781767016022
52330036430
1781767017024
52342299166
1781767018024
52354692916
1781767019024
52367074808
1781767020025
52379389564
1781767021024
52392059356
1781767022023
52404494156
1781767023023
52416924748
1781767024024
52429360603
1781767025021
52441732397
1781767026026
52454121266
1781767027025
52466448752
1781767028026
52478950305
1781767029024
52491465690
1781767030026
52503778656
1781767031024
52516266485
1781767032025
52529505529
1781767033024
52541803134
1781767034025
52557360984
1781767035016
52571957383
1781767036024
52584754227
1781767037022
52597577907
1781767038025
52610157964
1781767039024
52622984199
1781767040023
52636068315
1781767041023
52648977017
1781767042024
52661469222
1781767043022
52673975397
1781767044024
52686471549
1781767045022
52699252833
1781767046025
52712970201
1781767047021
52728620861
1781767048024
52742555107
1781767049108
52754295883
1781767050025
52766812247
1781767051025
52779467948
1781767052019
52792351558
1781767053026
52805267435
1781767054024
52817557390
1781767055020
52830310154
1781767056027
52842691801
1781767057024
52854989758
1781767058026
52867494387
1781767059023
52879951295
1781767060024
52892337134
1781767061022
52904725468
1781767062026
52917398412
1781767063025
52930992416
1781767064110
52942336785
1781767065022
52954751495
1781767066024
52967578541
1781767067026
52980553584
1781767068020
52996136129
1781767069019
53010197884
1781767070024
53022910180
1781767071024
53035744998
1781767072024
53048792869
1781767073021
53061712479
1781767074023
53074577240
1781767075020
53087093802
1781767076022
53099412460
1781767077024
53111855950
1781767078024
53124261021
1781767079024
53136633076
1781767080025
53148841405
1781767081025
53161177565
1781767082025
53173818624
1781767083025
53186526728
1781767084023
53199063930
1781767085021
53211573593
1781767086024
53223848324
1781767087024
53236187728
1781767088022
53248578632
1781767089023
53260940511
1781767090024
53273432059
1781767091024
53285926574
1781767092025
53298124331
1781767093028
53310868818
1781767094024
53323199027
1781767095022
53335639181
1781767096026
53347929151
1781767097025
53360307800
1781767098025
53372804993
1781767099025
53385327171
1781767100023
53398161912
1781767101024
53412225183
1781767102021
53428202942
1781767103018
53441160160
1781767104023
53454022074
1781767105020
53466834845
1781767106021
53481301990
1781767107019
53496582161
1781767108026
53509440113
1781767109023
53521861617
1781767110024
53534798363
1781767111023
53547656193
1781767112020
53560489190
1781767113022
53573400340
1781767114024
53585960156
1781767115022
53598750741
1781767116024
53611145011
1781767117024
53623539725
1781767118024
53636021832
1781767119025
53648504398
1781767120025
53660925076
1781767121024
53673455195
1781767122024
53685852739
1781767123024
53698452365
1781767124025
53710735741
1781767125021
53723273892
1781767126025
53735703841
1781767127023
53748075528
1781767128023
53760725048
1781767129028
53773140509
1781767130025
53785462547
1781767131026
53797974489
1781767132026
53810334640
1781767133025
53823422169
1781767134024
53836551389
1781767135019
53849478742
1781767136020
53865193433
1781767137019
53878058285
1781767138024
53891567099
1781767139109
53903161714
1781767140024
53915711661
1781767141024
53928328791
1781767142024
53941655734
1781767143024
53954161571
1781767144024
53966845179
1781767145020
53979582690
1781767146026
53992135758
1781767147026
54004482522
1781767148024
54016940439
1781767149024
54029576082
1781767150025
54042175816
1781767151025
54054537435
1781767152025
54067223997
1781767153024
54079951592
1781767154023
54092728163
1781767155020
54105223842
1781767156024
54117795194
1781767157025
54130243197
1781767158023
54142801942
1781767159023
54155164128
1781767160024
54167657603
1781767161024
54180173018
1781767162025
54192449861
1781767163025
54205327090
1781767164025
54218013055
1781767165020
54230883170
1781767166025
54244328917
1781767167019
54260084582
1781767168028
54272783628
1781767169023
54288497799
1781767170020
54302460624
1781767171023
54315258570
1781767172031
54328180567
1781767173021
54340921091
1781767174023
54353702313
1781767175021
54366410677
1781767176026
54378936405
1781767177024
54391511628
1781767178024
54404031847
1781767179024
54416491448
1781767180025
54428927594
1781767181022
54441554286
1781767182024
54454263262
1781767183025
54467701803
1781767184108
54479367884
1781767185020
54492111851
1781767186024
54504659350
1781767187025
54517198802
1781767188024
54529838040
1781767189023
54542351130
1781767190025
54554813271
1781767191023
54567467640
1781767192026
54579871962
1781767193023
54592451378
1781767194026
54605233181
1781767195021
54618230088
1781767196025
54630608369
1781767197025
54643027960
1781767198024
54655476714
1781767199023
54667819698
1781767200024
54680312301
1781767201024
54693311028
1781767202025
54705651075
1781767203024
54720033472
1781767204019
54733423114
1781767205020
54746561255
1781767206024
54759092093
1781767207024
54771745070
1781767208026
54784302775
1781767209023
54797217413
1781767210023
54809626600
1781767211024
54822039200
1781767212022
54834597378
1781767213025
54847007423
1781767214024
54859404294
1781767215021
54872474976
1781767216022
54884930355
1781767217025
54897503191
1781767218026
54910047263
1781767219025
54922590081
1781767220021
54935056031
1781767221025
54947542514
1781767222028
54960012045
1781767223023
54972628363
1781767224024
54985268106
1781767225020
54998565841
1781767226024
55011490470
1781767227022
55027042461
1781767228023
55040541881
1781767229108
55052424580
1781767230027
55064968515
1781767231022
55077924646
1781767232024
55090511635
1781767233022
55103482929
1781767234022
55116014134
1781767235020
55129117620
1781767236024
55142035211
1781767237021
55157720067
1781767238021
55172201257
1781767239026
55184797686
1781767240026
55197611773
1781767241023
55210455909
1781767242024
55218350433
1781767243021
55227630204
1781767244024
55235153765
1781767245018
55243031200
1781767246025
55251109278
1781767247024
55258960963
1781767248021
55266989684
1781767249020
55276742577
1781767250023
55288675935
1781767251024
55301196950
1781767252020
55313854150
1781767253024
55326373773
1781767254024
55339490050
1781767255017
55354027987
1781767256024
55368393111
1781767257019
55382573794
1781767258021
55396521901
1781767259019
55410549538
1781767260022
55424503398
1781767261019
55438440382
1781767262019
55452589088
1781767263019
55466330247
1781767264022
55480230772
1781767265015
55494182750
1781767266020
55508126742
1781767267022
55522433726
1781767268019
55536495772
1781767269021
55550656794
1781767270022
55565515068
1781767271019
55581770951
1781767272020
55596316370
1781767273020
55610170443
1781767274022
55624134478
1781767275017
55638168128
1781767276021
55652420322
1781767277025
55666482155
1781767278021
55680695426
1781767279020
55694957872
1781767280022
55708741260
1781767281019
55723110117
1781767282020
55736941592
1781767283020
55751126054
1781767284020
55765180420
1781767285016
55779059509
1781767286021
55793444049
1781767287018
55808554635
1781767288018
55822559122
1781767289020
55836386406
1781767290020
55850504771
1781767291020
55864334304
1781767292023
55878524717
1781767293019
55892934211
1781767294022
55907246565
1781767295017
55921419812
1781767296023
55935474729
1781767297023
55949668218
1781767298023
55963757712
1781767299022
55977715703
1781767300022
55991658104
1781767301020
56005720181
1781767302021
56019653003
1781767303019
56033720420
1781767304020
56047188536
1781767305017
56063500110
1781767306020
56078774865
1781767307019
56093145329
1781767308021
56107667370
1781767309020
56121416608
1781767310022
56135716294
1781767311021
56150355303
1781767312023
56164257694
1781767313019
56178184336
1781767314020
56192299840
1781767315018
56206488923
1781767316021
56220740062
1781767317021
56234577152
1781767318023
56248624710
1781767319020
56262500402
1781767320022
56276702902
1781767321022
56290474754
1781767322022
56304483770
1781767323019
56318545434
1781767324019
56332688555
1781767325018
56346789096
1781767326024
56361222244
1781767327020
56374905203
1781767328020
56389103434
1781767329022
56403150257
1781767330019
56417073257
1781767331019
56431000174
1781767332020
56444979922
1781767333020
56459098991
1781767334021
56472746484
1781767335016
56487144335
1781767336023
56500869399
1781767337023
56514927008
1781767338020
56530130832
1781767339019
56546450700
1781767340019
56561442435
1781767341021
56575691295
1781767342019
56589925267
1781767343022
56604086504
1781767344023
56618625604
1781767345017
56632687819
1781767346020
56647008144
1781767347021
56661542104
1781767348019
56675587504
1781767349019
56689457199
1781767350023
56703314103
1781767351020
56717109271
1781767352019
56730868944
1781767353020
56745084679
1781767354019
56759149892
1781767355017
56773451016
1781767356019
56787783552
1781767357021
56801952530
1781767358022
56816275548
1781767359019
56830513743
1781767360020
56844209737
1781767361019
56858304434
1781767362019
56872336844
1781767363023
56886024102
1781767364024
56900072394
1781767365018
56914114060
1781767366020
56928272038
1781767367021
56942653319
1781767368023
56956544433
1781767369023
56970866840
1781767370020
56984860710
1781767371020
56999023981
1781767372020
57013838604
1781767373021
57030005899
1781767374019
57045329982
1781767375018
57059858586
1781767376019
57074063917
1781767377022
57087850472
1781767378018
57103402860
1781767379106
57116713417
1781767380021
57130947848
1781767381020
57144852106
1781767382020
57158615313
1781767383019
57172645152
1781767384018
57186694056
1781767385015
57200754634
1781767386023
57214509165
1781767387019
57228453846
1781767388019
57242392390
1781767389019
57256668055
1781767390022
57270809111
1781767391020
57284628071
1781767392021
57298955496
1781767393023
57312629182
1781767394023
57326197100
1781767395017
57340097181
1781767396020
57354000352
1781767397019
57368136006
1781767398020
57381911101
1781767399023
57395593019
1781767400024
57409313570
1781767401020
57423262258
1781767402020
57437750088
1781767403022
57452098597
1781767404022
57466438751
1781767405017
57481074471
1781767406022
57495361734
1781767407019
57512088091
1781767408023
57527566245
1781767409020
57541913804
1781767410021
57555387550
1781767411017
57568903157
1781767412023
57581847661
1781767413024
57596003726
1781767414024
57610643164
1781767415015
57625191016
1781767416022
57639079698
1781767417019
57652973230
1781767418021
57666527561
1781767419024
57679052325
1781767420024
57692831428
1781767421024
57707257752
1781767422022
57721612886
1781767423019
57735528419
1781767424020
57749474079
1781767425015
57763155354
1781767426023
57776857468
1781767427022
57790391465
1781767428022
57804185532
1781767429023
57817825620
1781767430020
57831624170
1781767431021
57845705173
1781767432023
57859393869
1781767433021
57873701067
1781767434021
57888349562
1781767435017
57902771327
1781767436019
57916830466
1781767437020
57931265695
1781767438021
57945357102
1781767439020
57959337906
1781767440022
57974243548
1781767441019
57990645760
1781767442022
58004671209
1781767443019
58018746627
1781767444019
58033401656
1781767445018
58047374488
1781767446020
58061522429
1781767447020
58075726903
1781767448020
58090152294
1781767449023
58103709149
1781767450024
58116342390
1781767451025
58128827006
1781767452025
58142076699
1781767453025
58155952606
1781767454020
58169881206
1781767455018
58184217091
1781767456020
58198088683
1781767457019
58212014958
1781767458021
58225602597
1781767459019
58239332893
1781767460020
58253307638
1781767461020
58267232382
1781767462020
58281328685
1781767463020
58295537474
1781767464023
58309329215
1781767465018
58323255000
1781767466024
58339327986
1781767467025
58355084982
1781767468021
58369177827
1781767469019
58382831241
1781767470019
58396716099
1781767471022
58410873204
1781767472024
58425047919
1781767473020
58438575323
1781767474022
58453565987
1781767475016
58469092947
1781767476019
58483199211
1781767477019
58497571052
1781767478023
58511340378
1781767479020
58525620985
1781767480022
58540267232
1781767481018
58554476143
1781767482020
58569069222
1781767483019
58582832581
1781767484023
58597557913
1781767485017
58611922012
1781767486020
58626356430
1781767487021
58640617575
1781767488021
58654862839
1781767489022
58668790521
1781767490021
58682773023
1781767491020
58696478748
1781767492020
58710783421
1781767493019
58725273470
1781767494021
58740124415
1781767495018
58754132774
1781767496019
58767685162
1781767497019
58781351290
1781767498019
58794978862
1781767499020
58808430607
1781767500023
58821227971
1781767501020
58834584152
1781767502022
58848139707
1781767503024
58860604739
1781767504024
58873380010
1781767505020
58885961445
1781767506023
58898861395
1781767507024
58912535357
1781767508021
58926289185
1781767509021
58939741098
1781767510024
58953487077
1781767511020
58967258882
1781767512020
58981085997
1781767513019
58995002877
1781767514022
59008663084
1781767515016
59022937724
1781767516019
59037746074
1781767517023
59051731773
1781767518019
59066171286
1781767519019
59080375026
1781767520024
59094321129
1781767521019
59108575863
1781767522021
59123172308
1781767523019
59137227990
1781767524019
59151321493
1781767525018
59165294600
1781767526020
59179433866
1781767527019
59194386097
1781767528020
59208543477
1781767529021
59222524021
1781767530019
59237006358
1781767531020
59251611708
1781767532023
59266014699
1781767533021
59280093162
1781767534019
59294056233
1781767535017
59308326727
1781767536020
59322184059
1781767537021
59335967646
1781767538021
59349742832
1781767539022
59363581422
1781767540022
59377494814
1781767541022
59391441039
1781767542021
59406492888
1781767543019
59422806911
1781767544019
59436835374
1781767545016
59451216747
1781767546023
59465125319
1781767547020
59479086615
1781767548019
59493840833
1781767549019
59508122113
1781767550021
59522492654
1781767551022
59536196588
1781767552020
59550090687
1781767553020
59563888624
1781767554020
59577906913
1781767555017
59592094083
1781767556020
59605874211
1781767557021
59619951420
1781767558022
59633974482
1781767559022
59648252289
1781767560022
59662372552
1781767561019
59676188192
1781767562020
59690583013
1781767563022
59705062000
1781767564019
59719527048
1781767565016
59733730053
1781767566019
59747808838
1781767567021
59761697949
1781767568021
59775563160
1781767569019
59789402745
1781767570022
59803220404
1781767571021
59816952445
1781767572019
59830827480
1781767573021
59844736465
1781767574020
59858778453
1781767575020
59872353638
1781767576022
59888222553
1781767577019
59903454223
1781767578023
59916396172
1781767579020
59930172353
1781767580024
59942926035
1781767581024
59956504510
1781767582022
59970694709
1781767583020
59984560824
1781767584021
59998755521
1781767585016
60012646881
1781767586020
60027246294
1781767587019
60043249773
1781767588023
60057070645
1781767589019
60071127994
1781767590019
60085480129
1781767591023
60099084996
1781767592023
60113151051
1781767593019
60127359365
1781767594025
60141305835
1781767595015
60155516843
1781767596019
60170062338
1781767597023
60183970237
1781767598023
60197113305
1781767599024
60210336085
1781767600019
60225083923
1781767601019
60239164605
1781767602023
60253042546
1781767603020
60268634532
1781767604106
60281774080
1781767605017
60296028371
1781767606021
60309907108
1781767607019
60324170625
1781767608019
60338165779
1781767609023
60352868391
1781767610022
60369056663
1781767611021
60383526791
1781767612020
60397404794
1781767613022
60412045777
1781767614019
60426247206
1781767615016
60441002633
1781767616019
60455245526
1781767617019
60469075991
1781767618023
60484000575
1781767619109
60496698764
1781767620023
60510304458
1781767621019
60523320259
1781767622026
60536519187
1781767623024
60551018523
1781767624023
60565072689
1781767625015
60579055681
1781767626019
60592979721
1781767627021
60607153106
1781767628022
60621105987
1781767629021
60635007811
1781767630021
60649419218
1781767631019
60663418014
1781767632023
60677506315
1781767633020
60691216416
1781767634022
60705184153
1781767635021
60719022452
1781767636023
60732800607
1781767637023
60746849832
1781767638019
60760811358
1781767639020
60774994871
1781767640026
60789182943
1781767641021
60802684183
1781767642024
60815374095
1781767643023
60829458633
1781767644019
60845567161
1781767645019
60859791648
1781767646020
60874654098
1781767647020
60889527871
1781767648021
60903978201
1781767649020
60917539937
1781767650022
60931547271
1781767651019
60945519108
1781767652023
60959398274
1781767653020
60973851327
1781767654019
60988187702
1781767655017
61002236315
1781767656020
61016028852
1781767657019
61030011629
1781767658022
61044056448
1781767659021
61058203991
1781767660019
61072670171
1781767661020
61086606467
1781767662020
61100988054
1781767663022
61115086254
1781767664019
61128916200
1781767665018
61143064354
1781767666022
61157209373
1781767667019
61171045484
1781767668019
61184987058
1781767669019
61199118934
1781767670020
61213214747
1781767671020
61226822277
1781767672022
61240874347
1781767673020
61254846797
1781767674023
61269115837
1781767675017
61282754854
1781767676020
61296778191
1781767677020
61310442009
1781767678021
61324947694
1781767679019
61340079058
1781767680020
61354252412
1781767681019
61368784000
1781767682020
61383216260
1781767683020
61398017557
1781767684023
61412027338
1781767685018
61426319344
1781767686024
61439032359
1781767687027
61451981514
1781767688026
61466185513
1781767689021
61480244882
1781767690022
61494925431
1781767691023
61509049534
1781767692024
61523403474
1781767693020
61537510962
1781767694023
61551246047
1781767695016
61565153793
1781767696023
61579018087
1781767697019
61592850664
1781767698026
61606618904
1781767699020
61620386747
1781767700020
61634664462
1781767701022
61648662922
1781767702022
61662558504
1781767703020
61676559045
1781767704018
61690652578
1781767705018
61704583703
1781767706024
61718182251
1781767707022
61734016450
1781767708023
61748027395
1781767709104
61760786264
1781767710019
61774933975
1781767711020
61788693066
1781767712020
61804477097
1781767713022
61819296692
1781767714020
61833330342
1781767715018
61847705166
1781767716016
61862203170
1781767717021
61876677797
1781767718020
61891401645
1781767719022
61905517532
1781767720020
61919685576
1781767721019
61933772363
1781767722020
61947626911
1781767723022
61961725249
1781767724018
61975916810
1781767725017
61989237739
1781767726024
62002058803
1781767727021
62016734364
1781767728020
62030912017
1781767729021
62045349602
1781767730021
62059027634
1781767731019
62073117113
1781767732020
62087291813
1781767733020
62101244052
1781767734021
62115286820
1781767735019
62128922746
1781767736021
62142576313
1781767737019
62156529255
1781767738020
62170449302
1781767739020
62184112478
1781767740021
62198096907
1781767741021
62212115425
1781767742020
62226223723
1781767743019
62240025042
1781767744019
62253870043
1781767745018
62267840794
1781767746022
62282433460
1781767747020
62297072837
1781767748019
62310777475
1781767749021
62324609685
1781767750021
62338701551
1781767751023
62353120470
1781767752022
62366820381
1781767753021
62381217222
1781767754020
62394748251
1781767755017
62409229563
1781767756020
62423598589
1781767757020
62438053554
1781767758022
62451924672
1781767759020
62466213296
1781767760020
62480573463
1781767761019
62494796267
1781767762019
62508854213
1781767763020
62522915035
1781767764020
62536976439
1781767765018
62551078204
1781767766024
62565330827
1781767767022
62579863777
1781767768020
62593795223
1781767769020
62607595287
1781767770022
62621667416
1781767771019
62636153885
1781767772021
62650322434
1781767773019
62664306435
1781767774020
62677981116
1781767775017
62692049757
1781767776019
62705889540
1781767777019
62719970941
1781767778020
62733496937
1781767779021
62747014915
1781767780022
62762233519
1781767781019
62776307087
1781767782023
62790562525
1781767783019
62804253975
1781767784019
62818633313
1781767785018
62832839179
1781767786019
62846568940
1781767787023
62860752315
1781767788019
62874799307
1781767789020
62888619032
1781767790020
62902845308
1781767791019
62916556786
1781767792020
62930234282
1781767793019
62944077951
1781767794022
62958015135
1781767795017
62972305488
1781767796021
62985176827
1781767797022
62997554680
1781767798024
63011581873
1781767799109
63023260776
1781767800025
63035903732
1781767801021
63048632827
1781767802019
63062676911
1781767803019
63076710270
1781767804021
63090701814
1781767805018
63104455933
1781767806021
63118586799
1781767807023
63132536084
1781767808022
63146482539
1781767809019
63160430187
1781767810020
63174062992
1781767811019
63188089527
1781767812023
63202060630
1781767813020
63216516024
1781767814107
63230810141
1781767815016
63246154144
1781767816019
63260125431
1781767817020
63274554968
1781767818022
63288530064
1781767819019
63302600694
1781767820020
63317209823
1781767821019
63331356662
1781767822021
63345426067
1781767823020
63359361690
1781767824021
63373081261
1781767825016
63387115569
1781767826024
63403107419
1781767827019
63418986585
1781767828020
63432857718
1781767829022
63447149403
1781767830021
63461330361
1781767831019
63475275010
1781767832023
63489561186
1781767833019
63503995405
1781767834021
63518198716
1781767835017
63532217907
1781767836019
63546402033
1781767837018
63560441772
1781767838019
63574754248
1781767839019
63588559683
1781767840021
63602529180
1781767841021
63616649764
1781767842020
63630924572
1781767843021
63644883512
1781767844020
63658922715
1781767845018
63672961582
1781767846019
63686939678
1781767847020
63700322679
1781767848023
63715535500
1781767849019
63728660253
1781767850023
63736640213
1781767851023
63745536291
1781767852018
63754177302
1781767853020
63763208678
1781767854022
63771176842
1781767855019
63778909079
1781767856022
63786527408
1781767857021
63794632843
1781767858023
63803914099
1781767859024
63816454591
1781767860024
63829254464
1781767861025
63841689156
1781767862023
63854206285
1781767863021
63866945922
1781767864025
63879442702
1781767865023
63892154340
1781767866025
63904673595
1781767867024
63917503915
1781767868023
63931486616
1781767869023
63946872556
1781767870024
63959680752
1781767871024
63972381481
1781767872025
63985044602
1781767873025
63998711480
1781767874112
64010000417
1781767875020
64022609805
1781767876025
64035100266
1781767877024
64047609898
1781767878028
64060122636
1781767879024
64072857973
1781767880023
64085726482
1781767881025
64099092302
1781767882022
64114786215
1781767883019
64128731722
1781767884023
64141516738
1781767885020
64154654864
1781767886028
64168040298
1781767887026
64181871513
1781767888022
64194864962
1781767889023
64207671536
1781767890028
64220185636
1781767891025
64233188830
1781767892023
64245735473
1781767893024
64258187301
1781767894026
64270585366
1781767895022
64283067595
1781767896025
64295519485
1781767897025
64308165838
1781767898024
64321046678
1781767899024
64334046905
1781767900025
64346738744
1781767901024
64359335800
1781767902024
64371885824
1781767903024
64384476317
1781767904024
64396895755
1781767905020
64409667904
1781767906026
64422215251
1781767907023
64434847726
1781767908025
64447460496
1781767909024
64459935427
1781767910023
64472698549
1781767911027
64485075591
1781767912024
64497687091
1781767913024
64510179250
1781767914022
64522984968
1781767915020
64535469783
1781767916026
64549903451
1781767917021
64564427940
1781767918024
64577180735
1781767919024
64590047698
1781767920027
64602648564
1781767921026
64615320315
1781767922025
64628583930
1781767923024
64641142905
1781767924025
64653716797
1781767925023
64666350114
1781767926024
64678719231
1781767927020
64691264297
1781767928025
64704266115
1781767929024
64717128840
1781767930023
64729725667
1781767931025
64742199298
1781767932023
64754676570
1781767933026
64767150874
1781767934026
64779465737
1781767935022
64792066557
1781767936024
64804488872
1781767937025
64817083755
1781767938028
64829658106
1781767939024
64842376889
1781767940024
64854876561
1781767941024
64867604738
1781767942027
64880051334
1781767943025
64892582875
1781767944023
64905140916
1781767945021
64918037149
1781767946024
64931005521
1781767947024
64946231820
1781767948024
64961397303
1781767949024
64977129543
1781767950022
64992793270
1781767951020
65007072852
1781767952025
65020335152
1781767953025
65033903146
1781767954025
65046799424
1781767955022
65059716327
1781767956024
65072250179
1781767957020
65084830420
1781767958024
65097353837
1781767959024
65110174426
1781767960027
65123070123
1781767961025
65135610860
1781767962024
65148078891
1781767963024
65161518488
1781767964111
65172949378
1781767965022
65185454297
1781767966025
65197931646
1781767967024
65210334530
1781767968024
65222608924
1781767969024
65235168113
1781767970024
65247762247
1781767971024
65260198714
1781767972027
65272711987
1781767973023
65285261858
1781767974026
65297849535
1781767975022
65310457638
1781767976023
65322905626
1781767977024
65335312197
1781767978025
65347694640
1781767979023
65360003904
1781767980026
65372404202
1781767981024
65384767994
1781767982023
65397712850
1781767983024
65410623999
1781767984019
65426470852
1781767985017
65441302366
1781767986022
65453871546
1781767987023
65466812117
1781767988024
65479946953
1781767989024
65492556219
1781767990023
65505486968
1781767991025
65518529590
1781767992021
65531041318
1781767993022
65543679960
1781767994024
65556192193
1781767995022
65568656751
1781767996025
65581195101
1781767997024
65593598260
1781767998024
65606019672
1781767999024
65618717418
1781768000022
65631572661
1781768001021
65644053162
1781768002025
65656482423
1781768003024
65668964102
1781768004024
65681343117
1781768005021
65694150365
1781768006027
65708835427
1781768007020
11211840
1781768008026
23944943
1781768009023
36402310
1781768010020
48804077
1781768011023
62158024
1781768012023
74761415
1781768013024
87829818
1781768014026
100262445
1781768015020
113371745
1781768016026
126191431
1781768017024
138731250
1781768018024
153873874
1781768019019
169161604
1781768020024
181995152
1781768021021
194951712
1781768022024
208035477
1781768023024
220719024
1781768024023
233623028
1781768025018
246694950
1781768026025
259210595
1781768027024
271804041
1781768028024
284107092
1781768029027
296459639
1781768030024
309016808
1781768031027
321411690
1781768032024
333892068
1781768033023
346566114
1781768034025
358993355
1781768035021
371396790
1781768036023
383771016
1781768037025
396107269
1781768038024
409458110
1781768039112
420854070
1781768040025
433001230
1781768041021
445408642
1781768042024
457891759
1781768043024
470390957
1781768044025
482766912
1781768045021
495537302
1781768046026
507876936
1781768047026
520414643
1781768048022
533008624
1781768049025
545514905
1781768050022
558441416
1781768051024
571162571
1781768052026
586587434
1781768053020
601201091
1781768054025
613689318
1781768055020
626763015
1781768056023
639678878
1781768057025
652443805
1781768058025
665215358
1781768059024
678052899
1781768060024
690607314
1781768061023
703139254
1781768062023
715712748
1781768063026
728329067
1781768064020
740886786
1781768065020
753745641
1781768066024
767573444
1781768067020
783030070
1781768068022
797072533
1781768069110
808954849
1781768070024
822028240
1781768071025
835035398
1781768072024
848076444
1781768073024
860863113
1781768074025
873319639
1781768075022
885846040
1781768076024
898671464
1781768077024
911053570
1781768078022
923545087
1781768079024
936063027
1781768080025
948424356
1781768081024
960867387
1781768082025
974000340
1781768083024
987469986
1781768084109
999318291
1781768085022
1011696572
1781768086023
1026223127
1781768087024
1039864408
1781768088025
1052315181
1781768089025
1064791917
1781768090025
1077250141
1781768091024
1090108583
1781768092021
1103394185
1781768093023
1116573421
1781768094025
1129285533
1781768095020
1141996222
1781768096024
1154459113
1781768097023
1167113467
1781768098025
1179759789
1781768099024
1192301536
1781768100026
1204735693
1781768101025
1217428435
1781768102029
1229718879
1781768103023
1242467298
1781768104026
1255131705
1781768105022
1267632769
1781768106026
1280467113
1781768107025
1292964964
1781768108021
1305525744
1781768109027
1318126885
1781768110025
1330682677
1781768111022
1343322542
1781768112023
1356114031
1781768113022
1368990251
1781768114025
1381422893
1781768115022
1393832019
1781768116026
1406114966
1781768117024
1418770040
1781768118026
1431524900
1781768119024
1446045901
1781768120021
1461821960
1781768121019
1474422168
1781768122026
1487072300
1781768123024
1499980512
1781768124024
1513407807
1781768125024
1526501502
1781768126026
1540331937
1781768127024
1553971382
1781768128028
1566741848
1781768129023
1579239622
1781768130028
1591462869
1781768131025
1603785244
1781768132026
1616164933
1781768133024
1628460074
1781768134024
1640868359
1781768135023
1653324823
1781768136023
1665864581
1781768137024
1678364712
1781768138020
1690976731
1781768139023
1703375989
1781768140024
1715733018
1781768141023
1728405825
1781768142027
1740744846
1781768143025
1753884869
1781768144023
1766384984
1781768145020
1778940455
1781768146024
1791474796
1781768147028
1803913452
1781768148023
1816368937
1781768149024
1828814921
1781768150024
1841315526
1781768151024
1853933114
1781768152023
1866945382
1781768153024
1880024204
1781768154020
1895786662
1781768155018
1910283963
1781768156025
1923065460
1781768157022
1936171655
1781768158023
1949040423
1781768159021
1961949018
1781768160024
1974577240
1781768161025
1987236720
1781768162024
1999839881
1781768163024
2012317659
1781768164024
2024721063
1781768165020
2037420047
1781768166025
2049788078
1781768167025
2062597513
1781768168023
2075364522
1781768169024
2087934282
1781768170024
2100667753
1781768171024
2113218818
1781768172023
2125923509
1781768173024
2139980904
1781768174111
2151592625
1781768175022
2164082015
1781768176025
2176655219
1781768177022
2189298435
1781768178023
2202166928
1781768179025
2214910620
1781768180024
2227452534
1781768181027
2239942873
1781768182023
2252515556
1781768183025
2264813559
1781768184024
2277397242
1781768185022
2290580304
1781768186022
2304963405
1781768187021
2321304861
1781768188017
2336238931
1781768189107
2347826279
1781768190025
2360141616
1781768191025
2372646474
1781768192024
2385164001
1781768193025
2397556940
1781768194024
2409986951
1781768195021
2422672670
1781768196028
2435162580
1781768197024
2447799646
1781768198027
2460515950
1781768199024
2473039490
1781768200024
2485473310
1781768201024
2497962915
1781768202024
2510458685
1781768203025
2523020780
1781768204024
2536077555
1781768205022
2548724933
1781768206025
2561399530
1781768207025
2573895774
1781768208024
2586383680
1781768209024
2598754235
1781768210024
2611198383
1781768211024
2623668816
1781768212024
2636191484
1781768213024
2648709485
1781768214024
2661204291
1781768215020
2673812088
1781768216025
2686469808
1781768217025
2699047433
1781768218025
2711662895
1781768219022
2724692452
1781768220024
2736963832
1781768221023
2751137064
1781768222020
2766400833
1781768223024
2779067382
1781768224026
2791917041
1781768225023
2805228714
1781768226024
2818474200
1781768227025
2831227346
1781768228023
2844143866
1781768229024
2856728943
1781768230024
2869225447
1781768231024
2881585705
1781768232024
2894157409
1781768233024
2906602414
1781768234022
2919686545
1781768235020
2932372678
1781768236025
2944847441
1781768237024
2957367049
1781768238023
2969873406
1781768239024
2982649763
1781768240024
2995340440
1781768241023
3007804340
1781768242023
3020361555
1781768243024
3032845713
1781768244023
3045325693
1781768245021
3058251485
1781768246024
3073341600
1781768247020
3088585357
1781768248024
3101467253
1781768249025
3114379673
1781768250024
3127084686
1781768251024
3139927873
1781768252023
3152736237
1781768253026
3165673137
1781768254024
3177916610
1781768255020
3193516857
1781768256020
3208619196
1781768257023
3221477852
1781768258023
3234360437
1781768259023
3247387622
1781768260025
3260063366
1781768261024
3272568882
1781768262022
3285138643
1781768263022
3297647739
1781768264024
3309967269
1781768265020
3323153543
1781768266024
3335591464
1781768267024
3348109434
1781768268026
3360463343
1781768269024
3373017207
1781768270024
3385516266
1781768271027
3397815324
1781768272023
3410261584
1781768273024
3422676080
1781768274024
3434920043
1781768275019
3447591901
1781768276025
3460019020
1781768277023
3472691780
1781768278024
3485309109
1781768279024
3497626680
1781768280024
3510189938
1781768281025
3522574569
1781768282023
3534999837
1781768283025
3547681104
1781768284024
3560057504
1781768285019
3572671206
1781768286021
3585338168
1781768287023
3598175893
1781768288023
3612213536
1781768289018
3628289215
1781768290022
3641810743
1781768291025
3654646831
1781768292023
3668273761
1781768293023
3681045650
1781768294023
3693367872
1781768295022
3706030107
1781768296023
3718860396
1781768297025
3731324495
1781768298025
3743767679
1781768299024
3756350491
1781768300023
3768677701
1781768301025
3781059165
1781768302027
3793545663
1781768303026
3805979361
1781768304024
3818444363
1781768305021
3831178491
1781768306024
3844282421
1781768307024
3860053248
1781768308023
3873610899
1781768309108
3885302425
1781768310028
3898371807
1781768311023
3910755107
1781768312022
3923433666
1781768313025
3936186232
1781768314025
3948651494
1781768315022
3961308786
1781768316025
3973722257
1781768317026
3986135392
1781768318024
3998624155
1781768319021
4011181064
1781768320023
4023677461
1781768321024
4037077293
1781768322024
4049390978
1781768323024
4061653239
1781768324024
4074211464
1781768325017
4087078687
1781768326023
4100349051
1781768327025
4113891157
1781768328025
4126206112
1781768329021
4138870044
1781768330024
4151724354
1781768331023
4164264892
1781768332023
4176660417
1781768333025
4189173308
1781768334025
4201657939
1781768335019
4214352915
1781768336026
4226914231
1781768337023
4239638904
1781768338024
4252294605
1781768339024
4264787438
1781768340023
4277336421
1781768341024
4289728136
1781768342023
4302418262
1781768343024
4314813511
1781768344023
4327431268
1781768345023
4340119543
1781768346023
4352500318
1781768347024
4365177592
1781768348024
4377813755
1781768349023
4390759819
1781768350024
4403665369
1781768351023
4416384122
1781768352024
4429008259
1781768353025
4441583512
1781768354022
4454075595
1781768355021
4467273039
1781768356023
4479607883
1781768357024
4494387699
1781768358020
4509681854
1781768359024
4522316472
1781768360025
4535168517
1781768361023
4547829726
1781768362023
4560463839
1781768363024
4573414953
1781768364024
4586284701
1781768365019
4599153316
1781768366024
4612110840
1781768367024
4625551217
1781768368023
4638761421
1781768369023
4651533708
1781768370024
4663988550
1781768371022
4676810486
1781768372025
4690225342
1781768373021
4702688508
1781768374023
4715189618
1781768375020
4727775735
1781768376024
4740140215
1781768377025
4752643100
1781768378025
4765195358
1781768379025
4777765884
1781768380021
4790138841
1781768381022
4802538664
1781768382024
4814946383
1781768383026
4828190706
1781768384108
4839512767
1781768385022
4852009455
1781768386024
4864429291
1781768387023
4877188757
1781768388027
4889782294
1781768389025
4902594468
1781768390022
4914858841
1781768391022
4930135906
1781768392020
4944637965
1781768393024
4957210771
1781768394023
4969748815
1781768395018
4982407377
1781768396023
4995198666
1781768397027
5007881877
1781768398026
5020511782
1781768399025
5033142238
1781768400024
5045642644
1781768401024
5058191092
1781768402025
5070598352
1781768403024
5082991749
1781768404026
5095216434
1781768405023
5107544685
1781768406023
5120108937
1781768407024
5132556926
1781768408023
5145161938
1781768409022
5157921618
1781768410024
5170409523
1781768411024
5183094662
1781768412024
5195599887
1781768413027
5207763020
1781768414023
5220212676
1781768415020
5232719569
1781768416025
5245010319
1781768417024
5257443711
1781768418026
5270310950
1781768419023
5282654317
1781768420024
5295110062
1781768421024
5307708220
1781768422024
5320370668
1781768423024
5333252549
1781768424023
5345364228
1781768425020
5359724594
1781768426020
5374462885
1781768427024
5389571436
1781768428023
5402699693
1781768429024
5416187805
1781768430024
5428740736
1781768431024
5441667951
1781768432022
5454607987
1781768433025
5467299291
1781768434028
5479796331
1781768435022
5492445744
1781768436024
5504990000
1781768437026
5519564872
1781768438024
5532429387
1781768439024
5544863605
1781768440020
5557210506
1781768441026
5569796807
1781768442024
5582590361
1781768443023
5595075650
1781768444024
5607573792
1781768445023
5619965430
1781768446026
5632445441
1781768447027
5644825513
1781768448025
5657293299
1781768449021
5670119610
1781768450024
5682438742
1781768451025
5694726830
1781768452025
5707130877
1781768453025
5719458852
1781768454024
5731853076
1781768455021
5744240965
1781768456027
5756517594
1781768457024
5769526449
1781768458024
5780679721
1781768459022
5788126935
1781768460020
5798498284
1781768461017
5806882302
1781768462022
5814897192
1781768463023
5823023924
1781768464025
5831585238
1781768465018
5839875099
1781768466023
5848188676
1781768467029
5856147170
1781768468027
5863809486
1781768469024
5871364764
1781768470022
5878824355
1781768471024
5886350655
1781768472025
5893900440
1781768473023
5902149037
1781768474026
5909722399
1781768475020
5917310159
1781768476024
5925107651
1781768477023
5932994694
1781768478025
5940617888
1781768479021
5949279754
1781768480023
5956665263
1781768481023
5964343981
1781768482023
5971963029
1781768483022
5979399364
1781768484023
5987070203
1781768485020
5994909449
1781768486023
6003640960
1781768487018
6015227818
1781768488019
6023360212
1781768489023
6031150941
1781768490023
6038789910
1781768491021
6046337583
1781768492023
6054516107
1781768493022
6061861208
1781768494024
6074601931
1781768495015
6084409338
1781768496022
6092231372
1781768497021
6100265340
1781768498024
6108379558
1781768499020
6116204452
1781768500025
6123873210
1781768501023
6131553626
1781768502024
6138970255
1781768503020
6146536457
1781768504024
6154325687
1781768505021
6162013080
1781768506024
6169513125
1781768507024
6177136503
1781768508025
6184731408
1781768509024
6193125294
1781768510020
6200592214
1781768511023
6208129422
1781768512024
6215457618
1781768513024
6223057434
1781768514024
6230573620
1781768515020
6238084359
1781768516027
6245776633
1781768517023
6253213473
1781768518022
6260824902
1781768519021
6268342404
1781768520023
6276104446
1781768521024
6283917054
1781768522023
6291677230
1781768523021
6299021582
1781768524022
6306580256
1781768525020
6314228221
1781768526025
6322435983
1781768527024
6333080177
1781768528019
6346194496
1781768529020
6356351737
1781768530020
6364134189
1781768531024
6371686989
1781768532022
6379137278
1781768533021
6387032705
1781768534022
6395337591
1781768535021
6402980660
1781768536023
6410453991
1781768537024
6418001221
1781768538024
6425475837
1781768539024
6433224751
1781768540023
6441397384
1781768541024
6448899295
1781768542024
6456474065
1781768543024
6464181945
1781768544024
6471697290
1781768545019
6479506762
1781768546023
6488172957
1781768547019
6500032982
1781768548022
6508158597
1781768549022
6515952540
1781768550020
6524639222
1781768551021
6533159761
1781768552023
6540821542
1781768553024
6548565591
1781768554024
6556361829
1781768555020
6564044112
1781768556023
6571788345
1781768557024
6579409428
1781768558023
6586831014
1781768559024
6594672417
1781768560025
6602690137
1781768561021
6615664828
1781768562022
6628624494
1781768563019
6637327149
1781768564020
6647140187
1781768565019
6655183733
1781768566024
6662962422
1781768567023
6671216190
1781768568020
6679182609
1781768569021
6687317084
1781768570025
6695612071
1781768571024
6703055077
1781768572023
6710668801
1781768573023
6718244045
1781768574023
6725748420
1781768575019
6733458809
1781768576025
6740699656
1781768577024
6748052943
1781768578027
6755488208
1781768579024
6763005189
1781768580024
6770569188
1781768581024
6778169310
1781768582022
6785575168
1781768583024
6793358431
1781768584024
6800900214
1781768585020
6808613526
1781768586024
6816209945
1781768587024
6823932039
1781768588024
6831678658
1781768589022
6839560912
1781768590023
6847258357
1781768591023
6855101459
1781768592023
6862768809
1781768593024
6871051081
1781768594023
6880716550
1781768595015
6893876968
1781768596018
6904423441
1781768597020
6912337642
1781768598023
6920014677
1781768599021
6927713713
1781768600026
6935818980
1781768601020
6944978340
1781768602023
6952612842
1781768603024
6960018516
1781768604023
6967455219
1781768605022
6975152235
1781768606022
6986159514
1781768607019
6997520422
1781768608022
7005581258
1781768609023
7013611432
1781768610022
7021221545
1781768611020
7028612363
1781768612022
7036347064
1781768613019
7043980571
1781768614026
7051285647
1781768615020
7058818113
1781768616022
7066287603
1781768617024
7073685153
1781768618024
7081362311
1781768619023
7088856251
1781768620023
7096532705
1781768621020
7104390264
1781768622023
7111784464
1781768623022
7119566487
1781768624022
7127143338
1781768625020
7134454474
1781768626024
7142462218
1781768627024
7150502537
1781768628024
7158404099
1781768629019
7170764082
1781768630022
7178627823
1781768631023
7188260688
1781768632024
7196550671
1781768633024
7204965564
1781768634024
7213178329
1781768635019
7221444766
1781768636023
7229584473
1781768637019
7237516788
1781768638023
7245536758
1781768639112
7252413786
1781768640024
7259906977
1781768641027
7267388264
1781768642024
7275038264
1781768643024
7282643083
1781768644023
7290355155
1781768645019
7298004543
1781768646024
7305430658
1781768647024
7312777886
1781768648024
7320283959
1781768649024
7327905119
1781768650027
7335364909
1781768651019
7343019530
1781768652024
7350513347
1781768653025
7358261451
1781768654023
7365690840
1781768655021
7373318655
1781768656025
7380721407
1781768657024
7388425829
1781768658023
7395894830
1781768659024
7403526899
1781768660023
7411482486
1781768661024
7419714727
1781768662023
7431818940
1781768663020
7444422712
1781768664021
7452507355
1781768665019
7460599081
1781768666023
7469543538
1781768667023
7481585617
1781768668019
7490194850
1781768669020
7499356001
1781768670021
7507753115
1781768671021
7516156349
1781768672023
7524207332
1781768673023
7532444148
1781768674024
7540246184
1781768675022
7548042406
1781768676021
7555703376
1781768677023
7563390509
1781768678023
7570948357
1781768679023
7578590616
1781768680022
7586066823
1781768681024
7593576537
1781768682024
7600965687
1781768683024
7608382760
1781768684021
7615740790
1781768685020
7623360818
1781768686024
7630644918
1781768687025
7638076832
1781768688025
7645955766
1781768689024
7653485508
1781768690023
7661069351
1781768691026
7668596216
1781768692023
7677061951
1781768693024
7684777542
1781768694022
7692851352
1781768695019
7704619883
1781768696022
7717702760
1781768697019
7726344750
1781768698023
7734425813
1781768699026
7742263131
1781768700021
7750338914
1781768701019
7758268736
1781768702024
7767350403
1781768703021
7774982012
1781768704024
7782778510
1781768705020
7790264448
1781768706023
7797989035
1781768707025
7805582058
1781768708023
7813415276
1781768709023
7821280179
1781768710024
7828956954
1781768711025
7836582276
1781768712024
7844229185
1781768713022
7851821397
1781768714023
7859398049
1781768715019
7866970248
1781768716023
7874218638
1781768717024
7881714307
1781768718023
7889639310
1781768719024
7897265273
1781768720022
7904658815
1781768721023
7912023883
1781768722024
7919915791
1781768723020
7928088026
1781768724021
7935513101
1781768725022
7943444116
1781768726025
7951552488
1781768727026
7963403333
1781768728021
7971585681
1781768729023
7982967305
1781768730021
7995781346
1781768731019
8004355833
1781768732027
8012774413
1781768733020
8021498657
1781768734021
8029660274
1781768735020
8037818249
1781768736024
8045412955
1781768737021
8053470837
1781768738024
8060962834
1781768739022
8068501649
1781768740022
8076250900
1781768741018
