36701392293
1780076352899
36702307523
1780076353019
36710146937
1780076354026
36717806102
1780076355020
36725338047
1780076356021
36732933258
1780076357023
36741327786
1780076358138
36747982368
1780076359022
36755428328
1780076360026
36762961512
1780076361022
36770706785
1780076362023
36778387492
1780076363026
36786003695
1780076364022
36793824443
1780076365023
36801348753
1780076366023
36809007474
1780076367023
36816427821
1780076368023
36824057717
1780076369022
36831753571
1780076370024
36839452592
1780076371023
36847145310
1780076372023
36855500533
1780076373138
36862047709
1780076374026
36869743027
1780076375023
36877396883
1780076376023
36884854516
1780076377022
36892668150
1780076378023
36900042428
1780076379023
36907710375
1780076380025
36915356198
1780076381023
36923157439
1780076382024
36930914554
1780076383022
36938661556
1780076384023
36946266651
1780076385022
36954008910
1780076386024
36961734201
1780076387022
36969793445
1780076388025
36977410887
1780076389026
36984807167
1780076390022
36992563043
1780076391023
37000207076
1780076392022
37007929078
1780076393023
37015771720
1780076394022
37023644121
1780076395023
37031295559
1780076396022
37039080459
1780076397022
37046674155
1780076398023
37054108701
1780076399023
37061704187
1780076400023
37069158683
1780076401023
37076732306
1780076402023
37086645726
1780076403335
37091832824
1780076404022
37099349653
1780076405025
37106854777
1780076406026
37114574561
1780076407022
37122193838
1780076408025
37129717705
1780076409022
37137378384
1780076410025
37144910926
1780076411022
37152391999
1780076412021
37159990744
1780076413022
37167304450
1780076414022
37175055063
1780076415027
37182773316
1780076416023
37190554575
1780076417022
37198304423
1780076418023
37205797598
1780076419022
37213270317
1780076420029
37220883857
1780076421023
37228334605
1780076422020
37236301973
1780076423023
37243896801
1780076424021
37251636750
1780076425024
37259611263
1780076426022
37267549652
1780076427024
37275256813
1780076428023
37283076291
1780076429025
37290852562
1780076430023
37298318580
1780076431026
37305871884
1780076432021
37313425432
1780076433023
37321215565
1780076434026
37329005484
1780076435026
37336746228
1780076436022
37344530975
1780076437025
37352118230
1780076438023
37359946949
1780076439022
37367601677
1780076440025
37374947268
1780076441022
37382680852
1780076442022
37390321947
1780076443022
37397942235
1780076444022
37405754889
1780076445025
37413060455
1780076446022
37420659629
1780076447023
37429720686
1780076448236
37435501179
1780076449023
37442922399
1780076450021
37450396617
1780076451022
37458022412
1780076452023
37465505719
1780076453025
37472993478
1780076454022
37480919153
1780076455023
37488782083
1780076456023
37496534180
1780076457023
37504192442
1780076458022
37511556944
1780076459019
37519206730
1780076460023
37527046557
1780076461023
37534516445
1780076462025
37544658984
1780076463338
37549922138
1780076464023
37557377751
1780076465023
37565222306
1780076466024
37573025168
1780076467023
37580640070
1780076468022
37588307114
1780076469023
37595890054
1780076470024
37603341506
1780076471022
37610795865
1780076472022
37618375026
1780076473026
37626115403
1780076474022
37633647670
1780076475022
37641280702
1780076476022
37649105030
1780076477022
37656780229
1780076478046
37664203805
1780076479027
37671781512
1780076480021
37679362035
1780076481024
37686968216
1780076482022
37694181768
1780076483023
37701554302
1780076484022
37709042688
1780076485024
37716535955
1780076486023
37723982022
1780076487023
37731406102
1780076488022
37739050043
1780076489022
37746750518
1780076490026
37754147609
1780076491023
37761744120
1780076492024
37769319135
1780076493022
37776655791
1780076494023
37784245187
1780076495022
37791688668
1780076496021
37799227758
1780076497018
37806742858
1780076498023
37814135803
1780076499025
37821807835
1780076500022
37829322996
1780076501022
37836752890
1780076502023
37844505844
1780076503023
37852178212
1780076504023
37860015454
1780076505019
37867771177
1780076506023
37875441296
1780076507023
37883271194
1780076508022
37891058144
1780076509022
37898380265
1780076510020
37905793207
1780076511023
37913534946
1780076512023
37921210344
1780076513023
37928856519
1780076514022
37936507452
1780076515022
37944130386
1780076516023
37951683461
1780076517023
37959325030
1780076518025
37966852477
1780076519021
37974539274
1780076520021
37982078012
1780076521026
37989612421
1780076522022
37996960383
1780076523024
38004495863
1780076524023
38012194854
1780076525023
38019566638
1780076526023
38027131127
1780076527024
38034588194
1780076528022
38042006001
1780076529022
38049664003
1780076530021
38056869262
1780076531022
38064382695
1780076532023
38072038325
1780076533024
38079418632
1780076534019
38087354176
1780076535023
38095074801
1780076536023
38102550518
1780076537024
38111042049
1780076538137
38117743128
1780076539023
38125200103
1780076540022
38133036809
1780076541022
38140591367
1780076542022
38148341123
1780076543025
38155841260
1780076544022
38163691093
1780076545025
38171686552
1780076546026
38179595749
1780076547021
38187207438
1780076548023
38194819524
1780076549022
38202533218
1780076550022
38210217567
1780076551021
38217923840
1780076552024
38225588666
1780076553022
38233413621
1780076554025
38240930313
1780076555023
38248532745
1780076556022
38256044892
1780076557023
38263730051
1780076558023
38271437748
1780076559022
38278903826
1780076560022
38286295394
1780076561025
38293995241
1780076562022
38301488202
1780076563024
38309184806
1780076564022
38316755537
1780076565022
38324285248
1780076566022
38332014043
1780076567023
38339691124
1780076568023
38347086333
1780076569022
38354403145
1780076570023
38361837568
1780076571023
38369285424
1780076572022
38376631995
1780076573023
38384077296
1780076574025
38391760467
1780076575022
38399334747
1780076576021
38407103674
1780076577021
38414661048
1780076578023
38422201224
1780076579024
38429918024
1780076580022
38437546191
1780076581022
38444992272
1780076582023
38452582602
1780076583023
38460066812
1780076584023
38467764854
1780076585023
38475801821
1780076586026
38483348868
1780076587024
38491604595
1780076588023
38499314861
1780076589023
38506976535
1780076590022
38514837109
1780076591023
38522768048
1780076592024
38530247866
1780076593021
38537927976
1780076594021
38545764177
1780076595021
38553520099
1780076596021
38561119915
1780076597025
38568853973
1780076598023
38576258454
1780076599023
38583747100
1780076600025
38591290398
1780076601022
38598770538
1780076602022
38606254594
1780076603023
38613900983
1780076604025
38621696517
1780076605023
38629162381
1780076606020
38636921562
1780076607022
38644493777
1780076608024
38651914093
1780076609023
38659467259
1780076610025
38666814579
1780076611022
38674385708
1780076612022
38681889777
1780076613022
38689302627
1780076614023
38697001694
1780076615023
38704550025
1780076616022
38712155686
1780076617023
38719867284
1780076618024
38727303038
1780076619025
38734908545
1780076620022
38742584127
1780076621023
38750234066
1780076622022
38757739419
1780076623023
38765371870
1780076624023
38773143077
1780076625020
38780953941
1780076626022
38788675316
1780076627023
38796660554
1780076628023
38804409055
1780076629022
38811820131
1780076630019
38819762575
1780076631022
38827527891
1780076632025
38835197536
1780076633026
38842902203
1780076634023
38850514626
1780076635026
38858351929
1780076636026
38866029622
1780076637023
38873388294
1780076638022
38880991859
1780076639026
38888388766
1780076640026
38896002444
1780076641025
38903397531
1780076642023
38910915002
1780076643023
38918462676
1780076644023
38925891698
1780076645026
38933330313
1780076646023
38941073521
1780076647021
38948542996
1780076648026
38955957927
1780076649024
38963459915
1780076650022
38970823545
1780076651026
38978288981
1780076652023
38985744426
1780076653023
38993116608
1780076654023
39000799167
1780076655021
39008569639
1780076656025
39016194853
1780076657022
39023879615
1780076658023
39031234003
1780076659022
39038822436
1780076660022
39046289463
1780076661024
39053767400
1780076662023
39061626994
1780076663024
39069150754
1780076664023
39077050465
1780076665023
39084729551
1780076666025
39092593307
1780076667022
39100188227
1780076668025
39107890721
1780076669022
39115504965
1780076670024
39123172575
1780076671021
39130944471
1780076672023
39138891780
1780076673022
39146371399
1780076674023
39153778665
1780076675023
39161595236
1780076676026
39169177579
1780076677022
39176578174
1780076678023
39184185701
1780076679025
39191598245
1780076680022
39199096760
1780076681022
39206660300
1780076682026
39214209029
1780076683020
39221733477
1780076684024
39229080675
1780076685025
39236829237
1780076686021
39244560909
1780076687022
39252270762
1780076688023
39259940346
1780076689021
39267401453
1780076690022
39275128809
1780076691026
39282705002
1780076692021
39290215895
1780076693023
39297577413
1780076694022
39305239194
1780076695023
39312786776
1780076696023
39320484374
1780076697022
39328090509
1780076698027
39335652136
1780076699023
39343350653
1780076700023
39351167132
1780076701020
39358725118
1780076702021
39366682954
1780076703026
39374410739
1780076704023
39381900165
1780076705023
39389544153
1780076706025
39397340987
1780076707024
39405183782
1780076708025
39413051516
1780076709020
39420693774
1780076710023
39428393193
1780076711025
39436072508
1780076712023
39443655739
1780076713023
39451286767
1780076714022
39459237856
1780076715023
39467008710
1780076716024
39474587596
1780076717023
39482097249
1780076718022
39489639124
1780076719026
39496988831
1780076720023
39504817351
1780076721021
39512451026
1780076722021
39519791171
1780076723023
39527480507
1780076724023
39535150336
1780076725025
39542811597
1780076726021
39550546527
1780076727020
39558156793
1780076728022
39565773867
1780076729020
39573351207
1780076730023
39580852828
1780076731021
39588354663
1780076732022
39595984666
1780076733023
39603359556
1780076734025
39610967175
1780076735022
39618609617
1780076736023
39626405855
1780076737021
39633976341
1780076738023
39641517971
1780076739023
39649212999
1780076740023
39656851952
1780076741026
39664483133
1780076742022
39672247699
1780076743023
39679922960
1780076744022
39687647103
1780076745019
39695434146
1780076746022
39703244765
1780076747025
39711040543
1780076748023
39718421585
1780076749025
39725883961
1780076750024
39733794688
1780076751023
39741469964
1780076752022
39749115848
1780076753023
39756931578
1780076754023
39764758813
1780076755022
39772556060
1780076756023
39780130876
1780076757021
39787539488
1780076758023
39795081745
1780076759023
39802558243
1780076760023
39809952396
1780076761023
39817354001
1780076762025
39824882473
1780076763023
39832626981
1780076764023
39840074516
1780076765021
39847680238
1780076766023
39855098412
1780076767023
39862780114
1780076768023
39870204699
1780076769024
39877778857
1780076770022
39885267136
1780076771021
39892830232
1780076772025
39900246066
1780076773025
39907941981
1780076774023
39915852173
1780076775023
39923541846
1780076776024
39930991752
1780076777019
39938625427
1780076778023
39946046493
1780076779022
39953536593
1780076780025
39961155748
1780076781021
39968852490
1780076782025
39976598344
1780076783023
39984393189
1780076784023
39992213922
1780076785026
39999861382
1780076786025
40007727984
1780076787022
40015542811
1780076788022
40023213420
1780076789022
40030865440
1780076790023
40038622371
1780076791022
40046364936
1780076792025
40054271915
1780076793025
40061947696
1780076794025
40069520706
1780076795023
40077364374
1780076796023
40084821425
1780076797027
40092425877
1780076798022
40099932164
1780076799026
40107493378
1780076800021
40115153155
1780076801023
40122737120
1780076802022
40130227388
1780076803023
40137934228
1780076804023
40145623763
1780076805023
40153151225
1780076806023
40160883922
1780076807025
40168428688
1780076808021
40176047752
1780076809023
40183448377
1780076810025
40190894566
1780076811024
40198659010
1780076812023
40205972440
1780076813022
40213298371
1780076814023
40221156619
1780076815024
40229061456
1780076816023
40236686517
1780076817023
40244122042
1780076818022
40251702870
1780076819023
40259301049
1780076820021
40267062342
1780076821023
40274547270
1780076822023
40282053174
1780076823024
40289770066
1780076824024
40297316684
1780076825023
40305168522
1780076826023
40312942008
1780076827023
40320643997
1780076828023
40328139911
1780076829020
40335864483
1780076830023
40343650806
1780076831022
40351371844
1780076832023
40359031345
1780076833023
40366889303
1780076834023
40374538936
1780076835022
40382327936
1780076836023
40389825441
1780076837022
40397440940
1780076838023
40404912695
1780076839024
40412293506
1780076840024
40419848861
1780076841023
40427467098
1780076842023
40435067970
1780076843022
40442821199
1780076844024
40450605915
1780076845023
40458143307
1780076846023
40465815217
1780076847023
40473299946
1780076848023
40480873094
1780076849022
40488615216
1780076850022
40496295402
1780076851023
40504019026
1780076852026
40511488471
1780076853023
40518887229
1780076854020
40526564203
1780076855023
40534029594
1780076856025
40541743609
1780076857024
40549453860
1780076858026
40556994327
1780076859021
40564909369
1780076860020
40572607167
1780076861023
40580348431
1780076862022
40588013838
1780076863025
40595789895
1780076864022
40603664285
1780076865025
40611544917
1780076866023
40619351925
1780076867019
40627484411
1780076868021
40635288360
1780076869022
40642640637
1780076870027
40650529393
1780076871024
40658222769
1780076872024
40665909994
1780076873023
40673644970
1780076874023
40681511465
1780076875024
40689072113
1780076876022
40696760592
1780076877025
40704302743
1780076878023
40711881613
1780076879024
40719447524
1780076880023
40727111371
1780076881022
40734620856
1780076882022
40742207437
1780076883024
40749922294
1780076884024
40757521788
1780076885022
40765013235
1780076886026
40772783997
1780076887023
40780118007
1780076888023
40787767563
1780076889022
40795511015
1780076890019
40803163417
1780076891023
40810758215
1780076892022
40818051205
1780076893022
40825464330
1780076894023
40833193569
1780076895023
40840790585
1780076896026
40848517972
1780076897023
40856198649
1780076898023
40863774321
1780076899025
40871411867
1780076900023
40878930578
1780076901023
40886343290
1780076902025
40894135381
1780076903022
40901748967
1780076904023
40909601448
1780076905026
40917402795
1780076906022
40925147242
1780076907023
40933160235
1780076908023
40940737452
1780076909025
40948390467
1780076910023
40956293008
1780076911023
40963790682
1780076912023
40972271089
1780076913138
40979014947
1780076914023
40986358212
1780076915023
40993909787
1780076916023
41001555167
1780076917025
41009012341
1780076918023
41016622561
1780076919022
41024172086
1780076920026
41031646518
1780076921022
41039049132
1780076922025
41046450400
1780076923021
41054201855
1780076924024
41061986694
1780076925023
41069731324
1780076926023
41077535885
1780076927020
41086008673
1780076928138
41092577651
1780076929023
41099954164
1780076930025
41107221266
1780076931022
41115045166
1780076932023
41122381409
1780076933023
41130042578
1780076934023
41137794506
1780076935022
41145366262
1780076936025
41152909988
1780076937022
41160481576
1780076938019
41168171754
1780076939025
41175881577
1780076940021
41183567807
1780076941023
41191219337
1780076942023
41198964182
1780076943023
41206494077
1780076944023
41214361658
1780076945023
41222260099
1780076946023
41230014828
1780076947025
41237812871
1780076948019
41245193040
1780076949023
41253136677
1780076950023
41260944007
1780076951026
41268456766
1780076952022
41276129976
1780076953024
41283630281
1780076954024
41291546211
1780076955022
41299395753
1780076956023
41307222514
1780076957024
41314693994
1780076958019
41322141896
1780076959025
41329558617
1780076960021
41337225676
1780076961022
41344862212
1780076962025
41352250552
1780076963023
41359821405
1780076964023
41367261780
1780076965022
41374766996
1780076966023
41382661383
1780076967023
41389808854
1780076968022
41397271689
1780076969024
41404723631
1780076970024
41412095201
1780076971020
41419820646
1780076972023
41427221577
1780076973022
41434692506
1780076974023
41442391512
1780076975024
41450032316
1780076976023
41457750156
1780076977024
41465250094
1780076978020
41472873350
1780076979024
41480767354
1780076980023
41488403247
1780076981023
41495902405
1780076982024
41503563314
1780076983024
41511048395
1780076984023
41519099576
1780076985023
41526803799
1780076986021
41534869745
1780076987023
41542713841
1780076988023
41550323816
1780076989027
41557698875
1780076990027
41565449534
1780076991023
41572983285
1780076992023
41580814498
1780076993022
41588663107
1780076994021
41596594780
1780076995024
41604511306
1780076996025
41612207420
1780076997023
41619663493
1780076998023
41627416707
1780076999023
41635022872
1780077000023
41642499936
1780077001023
41650017958
1780077002026
41658351057
1780077003138
41665074566
1780077004023
41672337063
1780077005022
41679831156
1780077006024
41687513760
1780077007023
41694897877
1780077008026
41702361003
1780077009022
41710000231
1780077010019
41717430554
1780077011022
41725105585
1780077012021
41732721986
1780077013023
41740271496
1780077014025
41748150720
1780077015022
41755599678
1780077016024
41763329927
1780077017025
41770906976
1780077018022
41778199553
1780077019025
41785404170
1780077020022
41792937768
1780077021023
41800498217
1780077022023
41808037215
1780077023022
41815665627
1780077024023
41823442953
1780077025027
41831031203
1780077026023
41838916547
1780077027024
41846505286
1780077028023
41854257658
1780077029022
41861850712
1780077030023
41869859650
1780077031023
41877877508
1780077032025
41885639917
1780077033023
41893531840
1780077034024
41901140974
1780077035023
41908821039
1780077036023
41916499650
1780077037023
41924015300
1780077038023
41931405766
1780077039019
41938803745
1780077040021
41946438460
1780077041024
41954092637
1780077042024
41961511806
1780077043022
41968997377
1780077044023
41976855197
1780077045023
41984415646
1780077046023
41992048051
1780077047025
41999353495
1780077048022
42006860486
1780077049022
42014373153
1780077050027
42021931276
1780077051024
42029621056
1780077052025
42037134519
1780077053022
42044452111
1780077054022
42052317061
1780077055026
42059751102
1780077056023
42067544310
1780077057025
42075163312
1780077058021
42082850827
1780077059023
42090451561
1780077060024
42097861657
1780077061023
42105456501
1780077062023
42112995943
1780077063025
42120513491
1780077064022
42128227445
1780077065022
42136139549
1780077066025
42143786902
1780077067023
42151485220
1780077068022
42159185220
1780077069023
42167011644
1780077070022
42175084888
1780077071023
42182886297
1780077072025
42190410699
1780077073025
42198166208
1780077074023
42206041730
1780077075025
42213715889
1780077076022
42221598755
1780077077025
42229266947
1780077078023
42236743659
1780077079023
42244166270
1780077080021
42251907764
1780077081021
42259428158
1780077082024
42266994207
1780077083022
42274635256
1780077084021
42282252790
1780077085025
42289832716
1780077086024
42297510975
1780077087023
42305041375
1780077088023
42312815932
1780077089023
42320388193
1780077090026
42328164249
1780077091024
42335662412
1780077092023
42343260484
1780077093021
42350727374
1780077094023
42358242412
1780077095024
42366064721
1780077096023
42373699543
1780077097023
42381203566
1780077098024
42388730478
1780077099023
42396527097
1780077100023
42404291358
1780077101024
42411960269
1780077102021
42419692185
1780077103023
42427117688
1780077104022
42434884396
1780077105022
42442728370
1780077106023
42450573598
1780077107023
42458286802
1780077108022
42465909935
1780077109023
42473369511
1780077110022
42481213286
1780077111023
42488920401
1780077112023
42496668061
1780077113024
42504323140
1780077114023
42512200269
1780077115023
42519869654
1780077116023
42527624122
1780077117023
42535191609
1780077118020
42542705439
1780077119020
42550400529
1780077120021
42557966669
1780077121022
42565479642
1780077122021
42573103128
1780077123025
42580688409
1780077124024
42588367983
1780077125024
42596127531
1780077126027
42603615351
1780077127021
42611211159
1780077128022
42618813117
1780077129024
42626439723
1780077130025
42634071424
1780077131021
42641621760
1780077132022
42649020167
1780077133024
42656464581
1780077134022
42664179759
1780077135023
42671803213
1780077136025
42679555433
1780077137026
42687055156
1780077138023
42694496372
1780077139025
42702053914
1780077140023
42709843894
1780077141023
42717593405
1780077142024
42725384487
1780077143023
42733161997
1780077144023
42741245966
1780077145023
42748832517
1780077146023
42756870357
1780077147023
42764694547
1780077148025
42772426999
1780077149022
42780124934
1780077150022
42788046723
1780077151024
42795687436
1780077152022
42804355620
1780077153137
42811181302
1780077154022
42818638614
1780077155022
42826623286
1780077156024
42834244675
1780077157025
42841745439
1780077158023
42849281546
1780077159023
42856875226
1780077160022
42864428377
1780077161023
42872145315
1780077162023
42879633747
1780077163023
42887315907
1780077164023
42894980504
1780077165023
42902577994
1780077166024
42910275240
1780077167022
42917925592
1780077168025
42925343002
1780077169021
42932762859
1780077170022
42940272925
1780077171021
42947975007
1780077172023
42955470936
1780077173022
42963184859
1780077174025
42971002608
1780077175022
42978671167
1780077176021
42986468215
1780077177022
42994082260
1780077178023
43001804583
1780077179023
43009854801
1780077180024
43017445728
1780077181022
43025205153
1780077182025
43032868479
1780077183021
43040447289
1780077184025
43048103087
1780077185022
43055757035
1780077186024
43063452384
1780077187022
43071290574
1780077188022
43078963432
1780077189023
43086945105
1780077190023
43094905206
1780077191022
43102647587
1780077192025
43110306415
1780077193023
43118841551
1780077194023
43126731776
1780077195025
43134951717
1780077196022
43142904794
1780077197023
43150738608
1780077198024
43158541257
1780077199023
43165909002
1780077200019
43173568075
1780077201023
43181148934
1780077202023
43188598458
1780077203023
43196422557
1780077204025
43203996623
1780077205022
43211771578
1780077206023
43219644867
1780077207022
43227289833
1780077208024
43234967143
1780077209024
43242628190
1780077210023
43250316761
1780077211022
43258213397
1780077212022
43265409370
1780077213025
43272799912
1780077214022
43280413758
1780077215023
43288010254
1780077216024
43295878922
1780077217023
43303453753
1780077218024
43311042874
1780077219023
43318727284
1780077220026
43326018820
1780077221020
43333774436
1780077222025
43341258982
1780077223022
43348768972
1780077224024
43356652863
1780077225024
43364153596
1780077226023
43371953842
1780077227023
43379819970
1780077228023
43387228260
1780077229025
43394718100
1780077230023
43402428856
1780077231024
43410304914
1780077232029
43417791342
1780077233021
43425259011
1780077234027
43433176073
1780077235028
43440778368
1780077236023
43448476930
1780077237026
43455747689
1780077238023
43463107463
1780077239024
43470718830
1780077240022
43478189224
1780077241022
43485474594
1780077242023
43493085885
1780077243023
43500799304
1780077244023
43508229443
1780077245022
43516002133
1780077246026
43523597696
1780077247022
43531216974
1780077248023
43538818228
1780077249023
43546354151
1780077250022
43553963101
1780077251024
43561827760
1780077252022
43569415015
1780077253023
43577037031
1780077254026
43584768672
1780077255022
43592525741
1780077256026
43600226415
1780077257021
43607776827
1780077258047
43614926487
1780077259026
43622591266
1780077260021
43630124971
1780077261023
43637703474
1780077262023
43645175765
1780077263023
43652608551
1780077264024
43660393282
1780077265024
43668038448
1780077266023
43675624555
1780077267027
43683183275
1780077268021
43690815343
1780077269023
43698745716
1780077270022
43706588771
1780077271022
43714406276
1780077272024
43722224622
1780077273023
43729959338
1780077274023
43737526121
1780077275027
43745335088
1780077276023
43752900357
1780077277027
43760508343
1780077278022
43768212872
1780077279023
43776006539
1780077280025
43783640000
1780077281023
43791258604
1780077282023
43798792309
1780077283022
43806304012
1780077284024
43813767168
1780077285022
43821517812
1780077286024
43829179195
1780077287021
43836754990
1780077288023
43844263725
1780077289023
43851663601
1780077290023
43859367855
1780077291025
43866921204
1780077292020
43874376849
1780077293025
43881887863
1780077294023
43889770653
1780077295022
43897511826
1780077296021
43905318880
1780077297022
43912798897
1780077298026
43920188782
1780077299025
43927645283
1780077300022
43935307110
1780077301025
43942932262
1780077302027
43950855490
1780077303047
43958071521
1780077304023
43965793186
1780077305025
43973654433
1780077306022
43981487819
1780077307024
43989218817
1780077308022
43996774339
1780077309024
44004501207
1780077310026
44012178639
1780077311022
44019847933
1780077312023
44027551850
1780077313023
44035273745
1780077314023
44043140087
1780077315027
44051052742
1780077316023
44058651930
1780077317023
44066408082
1780077318023
44074170185
1780077319025
44081574681
1780077320023
44089058416
1780077321024
44096646451
1780077322023
44104162928
1780077323023
44111836046
1780077324021
44119438830
1780077325022
44127279866
1780077326025
44135014506
1780077327023
44142598027
1780077328024
44150139214
1780077329026
44157626544
1780077330019
44165268818
1780077331023
44172865421
1780077332023
44180363277
1780077333027
44188104052
1780077334022
44195689089
1780077335023
44203323177
1780077336024
44211127569
1780077337022
44218687773
1780077338021
44226291108
1780077339021
44234008964
1780077340022
44241569964
1780077341023
44249294322
1780077342023
44257174112
1780077343025
44264765559
1780077344023
44272768469
1780077345023
44280645735
1780077346021
44288217476
1780077347023
44296108160
1780077348022
44303782196
1780077349023
44311341666
1780077350022
44319105682
1780077351025
44326784017
1780077352026
44334611237
1780077353023
44342118978
1780077354022
44350086330
1780077355023
44357842344
1780077356027
44365791520
1780077357026
44373309573
1780077358023
44380791855
1780077359021
44388390814
1780077360022
44396400838
1780077361023
44405580915
1780077362021
44413276432
1780077363021
44421091840
1780077364025
44428633501
1780077365023
44436386592
1780077366023
44444218479
1780077367022
44451915756
1780077368023
44459679664
1780077369019
44467633492
1780077370024
44475241095
1780077371023
44482863341
1780077372023
44490569951
1780077373022
44498287516
1780077374023
44506156474
1780077375023
44513895153
1780077376024
44521586218
1780077377024
44529152022
1780077378026
44536661278
1780077379025
44543984179
1780077380022
44551393036
1780077381023
44559071524
1780077382024
44566736641
1780077383022
44574383137
1780077384025
44582116170
1780077385023
44589888126
1780077386023
44597722614
1780077387023
44605419279
1780077388023
44612846939
1780077389019
44620327232
1780077390024
44628054512
1780077391023
44635771511
1780077392023
44643517442
1780077393023
44650842822
1780077394021
44658288153
1780077395023
44665907400
1780077396023
44673661838
1780077397023
44681096812
1780077398023
44688457122
1780077399020
44695987384
1780077400022
44703548185
1780077401024
44711148980
1780077402021
44718761235
1780077403021
44726564618
1780077404022
44734346534
1780077405023
44742192282
1780077406021
44750019961
1780077407022
44757797487
1780077408022
44765534360
1780077409025
44773057095
1780077410023
44780704861
1780077411025
44788622397
1780077412021
44796387086
1780077413022
44804442077
1780077414019
44812410638
1780077415021
44820166330
1780077416023
44828045203
1780077417022
44835679169
1780077418021
44843214679
1780077419022
44850944086
1780077420023
44858635120
1780077421024
44866254964
1780077422021
44873823109
1780077423022
44881318365
1780077424023
44888943655
1780077425022
44896491513
1780077426023
44904293533
1780077427023
44911785530
1780077428023
44919174420
1780077429019
44926859733
1780077430024
44934609780
1780077431022
44942371118
1780077432022
44949933586
1780077433022
44957403918
1780077434025
44964877785
1780077435023
44972508583
1780077436023
44980037331
1780077437021
44987668741
1780077438021
44995139364
1780077439025
45002488780
1780077440023
45010176831
1780077441026
45017687663
1780077442019
45025364805
1780077443022
45032749273
1780077444023
45040400819
1780077445023
45048306711
1780077446023
45056163460
1780077447023
45063715861
1780077448020
45071515113
1780077449022
45079196172
1780077450024
45087111306
1780077451025
45094874786
1780077452022
45104369629
1780077453236
45110374512
1780077454023
45118036140
1780077455024
45125835850
1780077456024
45133779886
1780077457024
45141593060
1780077458022
45149343704
1780077459022
45157131342
1780077460023
45164844807
1780077461023
45172461346
1780077462024
45180116395
1780077463022
45187655577
1780077464023
45195356602
1780077465027
45203143476
1780077466022
45210837525
1780077467025
45218395113
1780077468022
45225931158
1780077469027
45233311787
1780077470024
45240794588
1780077471023
45248434108
1780077472023
45255954257
1780077473022
45263432667
1780077474024
45270947874
1780077475022
45278686492
1780077476023
45286131120
1780077477023
45293692594
1780077478023
45300969289
1780077479023
45308343492
1780077480025
45315847637
1780077481020
45323555823
1780077482022
45331419579
1780077483023
45339035123
1780077484022
45346589636
1780077485023
45354253850
1780077486023
45362131881
1780077487023
45369916659
1780077488022
45377710632
1780077489026
45385397505
1780077490023
45393218467
1780077491023
45400795134
1780077492025
45408753658
1780077493023
45416534106
1780077494025
45424519819
1780077495023
45432262965
1780077496019
45440216135
1780077497023
45448196967
1780077498023
45455806116
1780077499023
45463219562
1780077500023
45470823203
1780077501021
45478548005
1780077502025
45486172729
1780077503023
45493778023
1780077504027
45501602336
1780077505024
45509253147
1780077506020
45517062863
1780077507021
45524797120
1780077508023
45532328316
1780077509024
45540067576
1780077510025
45547750134
1780077511022
45555453394
1780077512025
45563177997
1780077513022
45570709850
1780077514022
45578307646
1780077515023
45585973405
1780077516026
45593554418
1780077517023
45601048342
1780077518022
45608510489
1780077519023
45616122117
1780077520023
45623875162
1780077521023
45631592482
1780077522022
45639153314
1780077523023
45646762845
1780077524023
45654355378
1780077525023
45662299551
1780077526022
45669995589
1780077527022
45677646522
1780077528023
45685141380
1780077529023
45692720817
1780077530023
45700771050
1780077531024
45708647719
1780077532024
45716315957
1780077533022
45724287379
1780077534024
45732183694
1780077535026
45740104840
1780077536023
45748074427
1780077537024
45755911836
1780077538021
45763787358
1780077539024
45771574936
1780077540022
45779176909
1780077541023
45787252938
1780077542023
45794570851
1780077543023
45802158183
1780077544024
45809727796
1780077545023
45817372962
1780077546023
45824873358
1780077547023
45832304844
1780077548023
45839568809
1780077549023
45847383682
1780077550023
45854887735
1780077551023
45862510700
1780077552023
45870028845
1780077553024
45877403659
1780077554020
45885205971
1780077555025
45893020996
1780077556024
45900553033
1780077557023
45908067123
1780077558023
45915389474
1780077559023
45922783383
1780077560025
45930262696
1780077561023
45937703269
1780077562023
45945194134
1780077563019
45952864529
1780077564023
45960738246
1780077565025
45968387129
1780077566022
45975935169
1780077567022
45983377610
1780077568023
45990937233
1780077569027
45998620893
1780077570023
46006373601
1780077571023
46014040233
1780077572019
46021856283
1780077573024
46029717393
1780077574023
46037206605
1780077575023
46045069551
1780077576025
46053046619
1780077577027
46060625856
1780077578023
46068225810
1780077579023
46075956946
1780077580022
46083827327
1780077581023
46091683846
1780077582021
46099288099
1780077583019
46106988941
1780077584020
46114849959
1780077585024
46122324284
1780077586023
46130087061
1780077587024
46137745736
1780077588022
46144981396
1780077589022
46152447429
1780077590022
46160068466
1780077591024
46167836842
1780077592026
46175321067
1780077593025
46182676374
1780077594025
46190494398
1780077595022
46198193588
1780077596022
46205902539
1780077597023
46213221431
1780077598027
46220761638
1780077599022
46228306068
1780077600023
46235823876
1780077601023
46243327180
1780077602023
46250942204
1780077603022
46258472512
1780077604024
46266011863
1780077605021
46273546700
1780077606022
46281187489
1780077607023
46288731108
1780077608023
46296201563
1780077609020
46303972662
1780077610025
46311379040
1780077611022
46319071819
1780077612023
46326734243
1780077613024
46334551824
1780077614021
46342541759
1780077615023
46350224868
1780077616023
46358286668
1780077617022
46366012387
1780077618024
46373757201
1780077619026
46381321353
1780077620024
46388762263
1780077621022
46396657874
1780077622023
46404196888
1780077623025
46411840523
1780077624023
46419729203
1780077625023
46427188688
1780077626023
46435006223
1780077627023
46442579769
1780077628023
46450076600
1780077629023
46457660657
1780077630023
46464941621
1780077631024
46472500984
1780077632023
46480061877
1780077633026
46487655955
1780077634024
46495213146
1780077635022
46502927696
1780077636025
46510306335
1780077637023
46517874863
1780077638022
46525145760
1780077639024
46532690220
1780077640022
46540150913
1780077641021
46547724689
1780077642023
46555207551
1780077643023
46563136440
1780077644026
46570735690
1780077645023
46578551006
1780077646026
46586086868
1780077647023
46593628590
1780077648025
46601298465
1780077649024
46608675880
1780077650025
46616274594
1780077651023
46624052181
1780077652026
46631562584
1780077653023
46639362249
1780077654022
46646921428
1780077655025
46654679476
1780077656022
46662418874
1780077657023
46670168493
1780077658023
46678190390
1780077659022
46685784116
1780077660020
46693364746
1780077661022
46701294889
1780077662023
46708956991
1780077663023
46716767718
1780077664023
46724193007
1780077665022
46731768511
1780077666024
46739358091
1780077667022
46746723450
1780077668022
46754138029
1780077669021
46761756159
1780077670025
46769160472
1780077671023
46776937462
1780077672024
46784426858
1780077673020
46792119132
1780077674023
46800043920
1780077675023
46807556281
1780077676022
46815167006
1780077677023
46822762079
1780077678023
46830033725
1780077679025
46837646837
1780077680025
46845147769
1780077681022
46852606794
1780077682025
46860081548
1780077683025
46867590176
1780077684026
46875178196
1780077685022
46882712910
1780077686022
46890429312
1780077687025
46897749245
1780077688022
46905315401
1780077689025
46912855731
1780077690025
46920472407
1780077691023
46927997988
1780077692023
46935699625
1780077693019
46943497408
1780077694023
46950841240
1780077695023
46958495355
1780077696025
46966292358
1780077697022
46973764786
1780077698022
46981557076
1780077699024
46989281648
1780077700023
46996697834
1780077701024
47004446733
1780077702022
47012018121
1780077703019
47019992114
1780077704022
47027739086
1780077705019
47035403315
1780077706023
47043286425
1780077707026
47050859298
1780077708023
47058466014
1780077709022
47065824442
1780077710024
47073364451
1780077711023
47080984065
1780077712023
47088585594
1780077713024
47096222528
1780077714022
47103969163
1780077715023
47111467739
1780077716023
47118899714
1780077717024
47126357010
1780077718022
47133771635
1780077719021
47141163279
1780077720023
47148562635
1780077721026
47156026204
1780077722023
47163598144
1780077723023
47171149459
1780077724027
47178697102
1780077725025
47186586072
1780077726021
47193971918
1780077727023
47201442189
1780077728023
47209032840
1780077729023
47216638440
1780077730023
47224236450
1780077731023
47231654915
1780077732025
47239066602
1780077733019
47246759152
1780077734023
47254403690
1780077735025
47262073962
1780077736024
47269739966
1780077737024
47278072560
1780077738138
47284987441
1780077739023
47292301897
1780077740023
47300236155
1780077741024
47308047494
1780077742021
47315620917
1780077743022
47323471898
1780077744023
47331325664
1780077745024
47339087813
1780077746023
47347052059
1780077747023
47354404153
1780077748023
47362033590
1780077749025
47369509981
1780077750025
47376822815
1780077751025
47384542200
1780077752025
47392206123
1780077753023
47399532605
1780077754023
47407055905
1780077755022
47414792366
1780077756023
47422305232
1780077757022
47429582585
1780077758023
47436886943
1780077759022
47444267219
1780077760022
47451663989
1780077761023
47459150631
1780077762026
47466762381
1780077763022
47474289200
1780077764020
47481766249
1780077765023
47489337485
1780077766023
47496735111
1780077767023
47504406960
1780077768022
47512174586
1780077769023
47519640695
1780077770023
47527171753
1780077771024
47534835003
1780077772024
47542444427
1780077773022
47549953820
1780077774021
47557673343
1780077775023
47565416934
1780077776025
47573265313
1780077777023
47580819581
1780077778019
47588479618
1780077779023
47596303304
1780077780023
47604051989
1780077781023
47611767916
1780077782023
47619654837
1780077783025
47627248104
1780077784021
47634942276
1780077785022
47642486094
1780077786021
47650156381
1780077787023
47657841403
1780077788023
47665541052
1780077789023
47673198457
1780077790022
47680786890
1780077791023
47688458478
1780077792027
47695914872
1780077793021
47703500841
1780077794018
47711457009
1780077795023
47719528310
1780077796022
47727372743
1780077797023
47735074686
1780077798023
47742510823
1780077799023
47751037559
1780077800023
47758402336
1780077801019
47766124246
1780077802023
47773979496
1780077803023
47781526435
1780077804026
47789153561
1780077805025
47796640983
1780077806022
47804306666
1780077807026
47811775223
1780077808023
47819195387
1780077809023
47826653050
1780077810023
47834243732
1780077811022
47841851642
1780077812023
47849610440
1780077813022
47857217417
1780077814026
47864636983
1780077815025
47872293256
1780077816022
47880100127
1780077817027
47887860991
1780077818025
47895571074
1780077819022
47902899193
1780077820024
47910355311
1780077821022
47918115578
1780077822025
47925905145
1780077823023
47933620904
1780077824025
47941475848
1780077825024
47949315323
1780077826022
47957209373
1780077827023
47964905120
1780077828023
47972454171
1780077829022
47980220665
1780077830024
47987559800
1780077831023
47995319210
1780077832024
48002784615
1780077833024
48010406112
1780077834022
48018182107
1780077835027
48025405268
1780077836022
48033075846
1780077837022
48040665901
1780077838023
48048034702
1780077839023
48055558278
1780077840024
48063202311
1780077841022
48070847247
1780077842022
48078535344
1780077843023
48086054804
1780077844024
48093478196
1780077845020
48101067516
1780077846025
48108690603
1780077847026
48116396066
1780077848025
48123934988
1780077849024
48131388735
1780077850022
48138657642
1780077851024
48146177761
1780077852025
48153768840
1780077853027
48161254641
1780077854024
48168959583
1780077855022
48177125025
1780077856025
48184706894
1780077857023
48192388963
1780077858023
48199937111
1780077859022
48207248736
1780077860022
48214886373
1780077861021
48222312091
1780077862024
48229611981
1780077863022
48237494617
1780077864022
48245298030
1780077865025
48253058619
1780077866022
48261006709
1780077867024
48268471655
1780077868021
48276247758
1780077869024
48284042832
1780077870025
48291786055
1780077871024
48299445664
1780077872022
48307317881
1780077873018
48314849673
1780077874022
48322562327
1780077875023
48330195650
1780077876023
48337908915
1780077877024
48345513168
1780077878023
48352882918
1780077879023
48360476094
1780077880023
48367900771
1780077881024
48375680576
1780077882023
48383245921
1780077883026
48390603278
1780077884024
48398229364
1780077885022
48405772111
1780077886024
48413417261
1780077887023
48421151931
1780077888023
48428656107
1780077889023
48435914029
1780077890023
48443275639
1780077891023
48450542145
1780077892022
48457879795
1780077893023
48465392845
1780077894022
48472943686
1780077895022
48480460377
1780077896022
48487861201
1780077897023
48495534641
1780077898025
48502927080
1780077899023
48510453640
1780077900023
48517794243
1780077901025
48525510110
1780077902022
48533124201
1780077903022
48540959484
1780077904022
48548840958
1780077905023
48556580998
1780077906023
48564597969
1780077907023
48572211509
1780077908022
48580101397
1780077909022
48587681813
1780077910022
48595348398
1780077911024
48603101734
1780077912023
48610896304
1780077913022
48618676675
1780077914024
48626662067
1780077915023
48634321124
1780077916020
48642105229
1780077917025
48649595634
1780077918025
48656987080
1780077919023
48664413333
1780077920022
48671927254
1780077921025
48679623460
1780077922024
48686913207
1780077923027
48694461722
1780077924024
48702093469
1780077925022
48709552617
1780077926022
48717035709
1780077927026
48724505046
1780077928022
48731957646
1780077929023
48739615036
1780077930024
48747181605
1780077931023
48754604201
1780077932023
48762193491
1780077933023
48769698676
1780077934023
48777188715
1780077935026
48784892815
1780077936025
48792565597
1780077937024
48800072787
1780077938023
48807770033
1780077939023
48815332181
1780077940023
48823033466
1780077941024
48830833161
1780077942022
48838411007
1780077943024
48845952270
1780077944023
48853683268
1780077945019
48861432718
1780077946023
48869091576
1780077947023
48877645837
1780077948138
48884391439
1780077949024
48891922634
1780077950023
48899724364
1780077951024
48907671858
1780077952026
48915320006
1780077953021
48922944440
1780077954025
48930833870
1780077955023
48938515388
1780077956023
48946347702
1780077957024
48953826205
1780077958023
48961430534
1780077959024
48969088261
1780077960023
48976606497
1780077961023
48984310047
1780077962023
48992971637
1780077963135
48999731896
1780077964023
49007398068
1780077965025
49014967468
1780077966023
49022485995
1780077967026
49030127029
1780077968024
49037682047
1780077969024
49045175161
1780077970023
49052865996
1780077971024
49060461880
1780077972024
49068013394
1780077973019
49075463209
1780077974023
49083148812
1780077975024
49090958162
1780077976024
49098497344
1780077977023
49106160486
1780077978022
49113486800
1780077979020
49120903643
1780077980022
49128482636
1780077981023
49136069064
1780077982026
49143532955
1780077983021
49151268681
1780077984025
49158977372
1780077985023
49166500229
1780077986026
49174273088
1780077987024
49181825841
1780077988023
49189586139
1780077989025
49197360053
1780077990025
49205277283
1780077991023
49213069267
1780077992025
49220914250
1780077993026
49228543289
1780077994022
49236037413
1780077995026
49243677912
1780077996024
49251248918
1780077997022
49258842568
1780077998022
49266188098
1780077999022
49274012457
1780078000023
49281427525
1780078001023
49289036812
1780078002020
49296697843
1780078003022
49304099677
1780078004022
49311711152
1780078005024
49319561230
1780078006023
49327062085
1780078007023
49334706271
1780078008023
49342111349
1780078009023
49349475346
1780078010023
49357128024
1780078011027
49364546886
1780078012020
49372166409
1780078013022
49379590902
1780078014022
49387340872
1780078015022
49394991806
1780078016025
49402488301
1780078017023
49409943532
1780078018024
49417480220
1780078019024
49424944539
1780078020025
49432534487
1780078021026
49440249190
1780078022023
49447909166
1780078023023
49455553490
1780078024019
49463190576
1780078025022
49470865561
1780078026023
49478551685
1780078027023
49486312778
1780078028024
49493892811
1780078029023
49501501394
1780078030024
49509035649
1780078031022
49517133144
1780078032024
49524902958
1780078033025
49532620982
1780078034023
49540659908
1780078035021
49548536486
1780078036024
49556551284
1780078037023
49564258796
1780078038022
49571918955
1780078039024
49579581517
1780078040025
49587337898
1780078041023
49594817991
1780078042023
49602282769
1780078043023
49609673909
1780078044023
49617581224
1780078045024
49625323116
1780078046023
49632963599
1780078047024
49640569535
1780078048023
49647937174
1780078049026
49655514560
1780078050022
49663293784
1780078051025
49670857140
1780078052023
49678566672
1780078053025
49685977533
1780078054022
49693506036
1780078055022
49701167893
1780078056023
49708600236
1780078057024
49716195722
1780078058024
49723947864
1780078059022
49731436863
1780078060023
49739056232
1780078061022
49746785945
1780078062022
49754386251
1780078063025
49762016743
1780078064023
49769792310
1780078065024
49777531968
1780078066023
49785074669
1780078067023
49792853480
1780078068023
49800465230
1780078069025
49807997359
1780078070023
49815515916
1780078071022
49823089049
1780078072024
49830606628
1780078073024
49838401947
1780078074023
49846393351
1780078075023
49853867065
1780078076024
49861653143
1780078077019
49869113744
1780078078026
49876855192
1780078079023
49884627852
1780078080023
49892139816
1780078081021
49899772848
1780078082023
49907305864
1780078083027
49914884459
1780078084025
49922290011
1780078085022
49929811200
1780078086023
49937401775
1780078087023
49944942135
1780078088023
49952705187
1780078089023
49960266049
1780078090023
49967703915
1780078091022
49975103224
1780078092022
49982596659
1780078093022
49990013472
1780078094023
49997632352
1780078095022
50005377870
1780078096023
50012805377
1780078097023
50020268993
1780078098025
50027803692
1780078099023
50035109457
1780078100023
50042636981
1780078101023
50050224664
1780078102023
50057958600
1780078103023
50065733952
1780078104023
50073442934
1780078105023
50081025675
1780078106024
50088925570
1780078107022
50096531506
1780078108023
50104214187
1780078109024
50111879762
1780078110022
50119503875
1780078111022
50126979715
1780078112023
50134740471
1780078113020
50142698522
1780078114022
50150680272
1780078115024
50158288411
1780078116024
50166142146
1780078117022
50173845619
1780078118023
50181517039
1780078119023
50189149674
1780078120024
50196791503
1780078121022
50204544090
1780078122022
50212174980
1780078123022
50219604125
1780078124023
50227186973
1780078125023
50234680668
1780078126019
50242251261
1780078127025
50249845493
1780078128026
50257259383
1780078129024
50264566571
1780078130022
50272143055
1780078131023
50279862241
1780078132022
50287474496
1780078133023
50295257744
1780078134023
50302876104
1780078135024
50310355019
1780078136025
50318025077
1780078137021
50325628060
1780078138023
50333143007
1780078139023
50340756792
1780078140023
50348307006
1780078141025
50355786105
1780078142023
50363239622
1780078143023
50370815356
1780078144023
50378379354
1780078145019
50386169120
1780078146021
50393958365
1780078147022
50401574751
1780078148025
50409261150
1780078149025
50416899262
1780078150023
50424422180
1780078151022
50432006925
1780078152021
50439586224
1780078153024
50447259740
1780078154022
50455145421
1780078155022
50462967011
1780078156023
50470987470
1780078157025
50478662317
1780078158020
50486322599
1780078159023
50494006886
1780078160022
50501785941
1780078161022
50509553629
1780078162024
50517125217
1780078163021
50524850431
1780078164024
50532698184
1780078165023
50540432410
1780078166023
50548071578
1780078167025
50555604824
1780078168024
50563248704
1780078169023
50570839722
1780078170020
50578472739
1780078171023
50585951456
1780078172022
50593752895
1780078173025
50601245932
1780078174022
50608864812
1780078175026
50616621453
1780078176023
50624020166
1780078177023
50631566631
1780078178023
50638891292
1780078179023
50646352842
1780078180024
50653774321
1780078181022
50661123599
1780078182025
50668523046
1780078183023
50676081644
1780078184023
50683861052
1780078185024
50691468456
1780078186022
50699251260
1780078187023
50706935594
1780078188025
50714709615
1780078189024
50722359906
1780078190023
50730145281
1780078191023
50737848846
1780078192023
50745569256
1780078193023
50753333502
1780078194023
50761272044
1780078195023
50768988584
1780078196022
50776917151
1780078197024
50784380139
1780078198023
50792267350
1780078199023
50800326824
1780078200028
50808079900
1780078201022
50815928693
1780078202023
50823664358
1780078203023
50831144880
1780078204023
50838793503
1780078205021
50846554214
1780078206027
50854143610
1780078207026
50861823124
1780078208022
50869279640
1780078209022
50876918028
1780078210022
50884274941
1780078211022
50891823410
1780078212023
50899505448
1780078213024
50907063602
1780078214023
50914760436
1780078215026
50922294324
1780078216023
50929918895
1780078217022
50937481593
1780078218022
50945018496
1780078219025
50952419748
1780078220023
50960106790
1780078221022
50967584634
1780078222022
50975058562
1780078223023
50982548585
1780078224025
50990264773
1780078225023
50997876706
1780078226024
51005364006
1780078227023
51012842248
1780078228023
51020500816
1780078229026
51027993762
1780078230022
51035660286
1780078231023
51043340656
1780078232023
51051066988
1780078233023
51058913532
1780078234024
51066318824
1780078235022
51074352135
1780078236023
51082185383
1780078237025
51089729491
1780078238022
51097628331
1780078239021
51105343539
1780078240022
51113016045
1780078241025
51120903532
1780078242023
51128772353
1780078243024
51136464168
1780078244022
51144643854
1780078245023
51152344619
1780078246023
51160169284
1780078247022
51167770614
1780078248025
51175334445
1780078249026
51182747677
1780078250022
51190375309
1780078251023
51197839842
1780078252024
51205669128
1780078253022
51213207453
1780078254026
51220953154
1780078255024
51228712886
1780078256022
51236220871
1780078257027
51243733829
1780078258023
51251273899
1780078259021
51259184442
1780078260023
51266977406
1780078261023
51274478598
1780078262023
51282105388
1780078263022
51289707040
1780078264025
51297194079
1780078265027
51304892030
1780078266024
51312259714
1780078267022
51319648681
1780078268022
51327330474
1780078269022
51334773113
1780078270022
51342509038
1780078271023
51350161058
1780078272024
51357637143
1780078273023
51365408655
1780078274024
51373335662
1780078275022
51381106746
1780078276024
51388747168
1780078277021
51396502126
1780078278022
51404338251
1780078279024
51412039551
1780078280022
51419825492
1780078281024
51427594434
1780078282027
51435293348
1780078283023
51443245263
1780078284024
51451392850
1780078285024
51459069380
1780078286025
51466825593
1780078287023
51474465923
1780078288023
51482179326
1780078289019
51489766030
1780078290023
51497252182
1780078291025
51504857904
1780078292023
51512482782
1780078293022
51519898584
1780078294026
51527381371
1780078295022
51535106677
1780078296023
51542599470
1780078297023
51550258665
1780078298027
51557982901
1780078299023
51565512949
1780078300026
51573182609
1780078301023
51580676672
1780078302023
51588111018
1780078303021
51595631488
1780078304023
51603143222
1780078305022
51610839444
1780078306023
51618523272
1780078307019
51626108752
1780078308023
51633750872
1780078309024
51641275458
1780078310023
51648959822
1780078311022
51656624632
1780078312023
51663940450
1780078313024
51671710310
1780078314024
51679601361
1780078315023
51687586125
1780078316024
51695489509
1780078317027
51703063024
1780078318023
51710908160
1780078319024
51718684110
1780078320024
51726247313
1780078321024
51734017693
1780078322023
51741890523
1780078323023
51749559755
1780078324021
51757244562
1780078325023
51765119136
1780078326022
51773071464
1780078327030
51780797948
1780078328023
51788381485
1780078329023
51796147474
1780078330023
51803586503
1780078331025
51811198956
1780078332022
51819042333
1780078333022
51826480872
1780078334022
51834112910
1780078335023
51841924937
1780078336023
51849654680
1780078337025
51857332343
1780078338025
51864815970
1780078339022
51872093400
1780078340026
51879638748
1780078341025
51887160121
1780078342022
51894739573
1780078343021
51902285976
1780078344023
51909794803
1780078345025
51917464525
1780078346022
51925078432
1780078347027
51932566069
1780078348023
51940188162
1780078349023
51947388204
1780078350023
51955006334
1780078351023
51962568007
1780078352027
51969935860
1780078353020
51977681102
1780078354023
51985073129
1780078355022
51992961273
1780078356024
52000708214
1780078357023
52008090189
1780078358026
52015804556
1780078359023
52023648101
1780078360020
52031267057
1780078361023
52038996021
1780078362024
52046601651
1780078363022
52054582834
1780078364026
52062264475
1780078365024
52069860190
1780078366023
52077729455
1780078367020
52085758283
1780078368022
52093499134
1780078369023
52100952820
1780078370022
52108659919
1780078371023
52116186984
1780078372022
52123670321
1780078373023
52131159365
1780078374023
52138836905
1780078375022
52146503888
1780078376023
52154243791
1780078377022
52161928185
1780078378023
52169433539
1780078379022
52177115531
1780078380023
52184711599
1780078381025
52192526135
1780078382022
52200023670
1780078383026
52207644264
1780078384022
52215007465
1780078385027
52222546785
1780078386022
52230238845
1780078387025
52237810448
1780078388023
52245243417
1780078389024
52252617069
1780078390026
52260257368
1780078391024
52267664160
1780078392023
52275222513
1780078393025
52282709277
1780078394025
52290463225
1780078395022
52298160579
1780078396019
52306082215
1780078397023
52316338922
1780078398338
52321519639
1780078399023
52329264193
1780078400021
52336915846
1780078401023
52345028946
1780078402022
52353115241
1780078403026
52360862488
1780078404023
52368775311
1780078405022
52377194412
1780078406058
52385464046
1780078407023
52393242979
1780078408022
52401091313
1780078409024
52408953846
1780078410024
52416583894
1780078411022
52424230131
1780078412023
52431967494
1780078413027
52439531645
1780078414026
52447335227
1780078415026
52454923675
1780078416023
52462347969
1780078417022
52469872815
1780078418023
52477228520
1780078419026
52484831702
1780078420025
52492265329
1780078421022
52499721034
1780078422022
52507370973
1780078423023
52515001818
1780078424025
52522614134
1780078425024
52530514319
1780078426022
52538025609
1780078427022
52545737804
1780078428023
52553223910
1780078429024
52560464100
1780078430021
52568079705
1780078431024
52575592388
1780078432022
52583144269
1780078433022
52590972514
1780078434024
52598457917
1780078435022
52606127730
1780078436024
52613712430
1780078437022
52621080925
1780078438024
52628769527
1780078439023
52636540519
1780078440023
52644352026
1780078441023
52652155684
1780078442023
52659972668
1780078443023
52667829631
1780078444023
52675543417
1780078445025
52683375487
1780078446023
52691481626
1780078447024
52699037791
1780078448019
52706843882
1780078449020
52714765809
1780078450021
52722554840
1780078451023
52730148750
1780078452023
52737806232
1780078453023
52745401672
1780078454023
52753246074
1780078455023
52761094713
1780078456020
52769254311
1780078457025
52776756803
1780078458020
52784254538
1780078459023
52791645509
1780078460023
52799310962
1780078461023
52806735027
1780078462023
52814383313
1780078463023
52822117983
1780078464023
52829768978
1780078465026
52837381080
1780078466026
52844738146
1780078467023
52852430022
1780078468024
52860143655
1780078469024
52867643118
1780078470023
52875325615
1780078471025
52882902313
1780078472022
52890543347
1780078473023
52898283081
1780078474023
52905970368
1780078475023
52913668716
1780078476023
52921731984
1780078477024
52929623525
1780078478024
52937339820
1780078479023
52944996108
1780078480023
52952610153
1780078481023
52960518830
1780078482024
52968170727
1780078483023
52975996754
1780078484022
52983968085
1780078485025
52991873717
1780078486021
52999770200
1780078487023
53007533512
1780078488022
53015254596
1780078489022
53022707486
1780078490023
53030377299
1780078491023
53038038499
1780078492020
53045978265
1780078493023
53053522466
1780078494023
53061256386
1780078495023
53068791942
1780078496023
53076428188
1780078497023
53083952315
1780078498023
53091518670
1780078499024
53099252529
1780078500023
53106909077
1780078501024
53114449147
1780078502025
53122100248
1780078503023
53129679226
1780078504023
53137244800
1780078505023
53144968470
1780078506023
53152565639
1780078507023
53160069447
1780078508024
53167613250
1780078509022
53175198133
1780078510023
53182745792
1780078511023
53190217241
1780078512023
53197732647
1780078513025
53205383825
1780078514023
53213164089
1780078515024
53220787008
1780078516023
53228486641
1780078517023
53236086855
1780078518022
53243784713
1780078519022
53251104998
1780078520023
53258582338
1780078521024
53266054858
1780078522020
53273595662
1780078523019
53281537081
1780078524022
53289374230
1780078525023
53297082110
1780078526024
53304989104
1780078527022
53312922751
1780078528026
53320592809
1780078529026
53328121740
1780078530024
53335715620
1780078531022
53343523853
1780078532023
53351239520
1780078533023
53358782390
1780078534023
53366294277
1780078535023
53374069323
1780078536025
53381831304
1780078537023
53389219292
1780078538023
53396525531
1780078539023
53404094013
1780078540023
53411302562
1780078541023
53418680314
1780078542021
53426353753
1780078543023
53433885178
1780078544022
53441455955
1780078545025
53449044678
1780078546023
53456559717
1780078547027
53464123165
1780078548022
53471623026
1780078549025
53478909712
1780078550023
53486686029
1780078551021
53493971568
1780078552022
53501209478
1780078553023
53508530252
1780078554021
53515982117
1780078555023
53523616511
1780078556024
53531355695
1780078557023
53538795534
1780078558026
53546450660
1780078559023
53554054239
1780078560022
53561725002
1780078561023
53569425155
1780078562023
53577205909
1780078563023
53584787961
1780078564023
53592490624
1780078565025
53600113329
1780078566022
53608152469
1780078567022
53616011666
1780078568023
53623906405
1780078569023
53631954297
1780078570023
53639791354
1780078571023
53647544981
1780078572021
53655292106
1780078573023
53662741599
1780078574023
53670585863
1780078575023
53678203550
1780078576026
53685802601
1780078577024
53693484348
1780078578023
53701048546
1780078579023
53708366765
1780078580022
53715674535
1780078581023
53723093153
1780078582022
53730645187
1780078583023
53737902451
1780078584024
53745608312
1780078585022
53753366039
1780078586022
53761098980
1780078587024
53768648582
1780078588023
53776441162
1780078589024
53784207855
1780078590023
53792130379
1780078591024
53799581112
1780078592020
53807241898
1780078593022
53814601504
1780078594022
53822118899
1780078595024
53829744052
1780078596022
53837316206
1780078597023
53844928399
1780078598023
53852546285
1780078599023
53860160850
1780078600025
53867753062
1780078601023
53875563146
1780078602021
53883118194
1780078603023
53890858418
1780078604022
53898515609
1780078605022
53906257164
1780078606023
53914188898
1780078607025
53922894813
1780078608138
53929942023
1780078609021
53937499473
1780078610023
53945138947
1780078611023
53953037985
1780078612023
53960865633
1780078613023
53968501665
1780078614020
53976576056
1780078615022
53984078702
1780078616025
53991825489
1780078617022
53999395822
1780078618022
54006850962
1780078619023
54014347809
1780078620024
54021866259
1780078621025
54029280884
1780078622022
54036912708
1780078623025
54044373401
1780078624026
54051997100
1780078625021
54059563700
1780078626024
54066979258
1780078627023
54074581338
1780078628023
54081918989
1780078629023
54089460374
1780078630021
54096948531
1780078631023
54104443848
1780078632023
54111807508
1780078633024
54119160260
1780078634022
54126741456
1780078635024
54134622348
1780078636023
54142189850
1780078637023
54149444116
1780078638023
54156906721
1780078639020
54164365777
1780078640024
54171840179
1780078641023
54179541251
1780078642023
54187146468
1780078643024
54194832377
1780078644023
54202711341
1780078645025
54210253124
1780078646023
54218030940
1780078647024
54225711158
1780078648022
54233495446
1780078649023
54241340949
1780078650024
54248985533
1780078651022
54256922592
1780078652023
54264583990
1780078653023
54272201340
1780078654021
54279600757
1780078655022
54287277501
1780078656022
54295097438
1780078657023
54302416805
1780078658023
54309727008
1780078659023
54317296759
1780078660022
54324979241
1780078661023
54332591710
1780078662026
54340251089
1780078663023
54347594064
1780078664023
54355219569
1780078665024
54363051853
1780078666026
54370632697
1780078667022
54378218207
1780078668022
54385642884
1780078669023
54393526408
1780078670023
54401052126
1780078671025
54408678090
1780078672021
54416216140
1780078673023
54423875549
1780078674022
54431329480
1780078675024
54438908488
1780078676022
54446621952
1780078677022
54454183732
1780078678019
54461862603
1780078679023
54469484298
1780078680023
54477189914
1780078681023
54484736012
1780078682021
54492378377
1780078683023
54500117484
1780078684023
54507635338
1780078685024
54515417821
1780078686022
54523418497
1780078687022
54530945561
1780078688022
54538725749
1780078689024
54546602112
1780078690019
54554296697
1780078691022
54562011018
1780078692022
54569778246
1780078693023
54577364445
1780078694021
54585281614
1780078695023
54593041361
1780078696023
54600976890
1780078697023
54608454826
1780078698023
54615932823
1780078699023
54623313972
1780078700024
54630800950
1780078701023
54638349725
1780078702022
54645944814
1780078703024
54653643360
1780078704022
54661528047
1780078705023
54669113405
1780078706026
54676575964
1780078707023
54683835661
1780078708021
54691210154
1780078709022
54698811669
1780078710021
54706416151
1780078711024
54713853068
1780078712022
54721290168
1780078713026
54728690090
1780078714021
54736255236
1780078715022
54743704730
1780078716023
54751196880
1780078717023
54758512406
1780078718025
54765761301
1780078719023
54773348143
1780078720022
54780922148
1780078721023
54788413441
1780078722022
54796044821
1780078723023
54803754124
1780078724022
54811593324
1780078725026
54819351938
1780078726025
54827097716
1780078727023
54834698986
1780078728022
54842110505
1780078729023
54849503709
1780078730023
54857393644
1780078731024
54865379158
1780078732023
54873278211
1780078733023
54880977477
1780078734024
54888872598
1780078735022
54896266400
1780078736023
54904260084
1780078737022
54911831977
1780078738023
54919478688
1780078739025
54927208309
1780078740022
54934824343
1780078741025
54942317181
1780078742023
54949936612
1780078743022
54957335860
1780078744021
54964938507
1780078745021
54972481805
1780078746023
54980094687
1780078747024
54987610567
1780078748019
54995163320
1780078749023
55002672667
1780078750021
55010111145
1780078751022
55017662965
1780078752023
55025281309
1780078753023
55032841116
1780078754025
55040495996
1780078755022
55048177132
1780078756022
55055684490
1780078757021
55063285989
1780078758022
55070673364
1780078759023
55078167733
1780078760022
55085833966
1780078761023
55093401637
1780078762024
55100962438
1780078763022
55108654268
1780078764022
55116376362
1780078765020
55124119095
1780078766024
55132107776
1780078767023
55139483309
1780078768025
55146782679
1780078769023
55154434882
1780078770022
55162173928
1780078771023
55170139246
1780078772024
55178088759
1780078773026
55185966759
1780078774025
55193515519
1780078775021
55201463762
1780078776022
55209192067
1780078777023
55216775023
1780078778023
55224441256
1780078779023
55232163181
1780078780022
55239393808
1780078781023
55246692964
1780078782023
55254025458
1780078783026
55261229035
1780078784022
55268932723
1780078785024
55276700242
1780078786023
55284297977
1780078787023
55291824445
1780078788019
55299360322
1780078789023
55306908822
1780078790022
55314372453
1780078791024
55322048692
1780078792021
55329670387
1780078793023
55337402931
1780078794025
55344953756
1780078795021
55352671260
1780078796021
55360072696
1780078797024
55367471133
1780078798025
55374955695
1780078799023
55382841024
1780078800026
55390258005
1780078801022
55397936126
1780078802025
55405528568
1780078803020
55413181016
1780078804027
55420451866
1780078805025
55428209242
1780078806023
55435990026
1780078807023
55443730832
1780078808022
55451321605
1780078809023
55458751576
1780078810022
55466274601
1780078811024
55474065361
1780078812021
55481828138
1780078813024
55489623534
1780078814021
55497275660
1780078815024
55504881902
1780078816025
55512596652
1780078817019
55520373504
1780078818022
55527934183
1780078819022
55535398257
1780078820025
55542972400
1780078821022
55550655096
1780078822025
55558181105
1780078823023
55565761000
1780078824023
55573414274
1780078825024
55581073179
1780078826022
55588778963
1780078827022
55596452418
1780078828022
55603923729
1780078829024
55611300211
1780078830024
55618873818
1780078831023
55626396216
1780078832023
55634074138
1780078833025
55641641029
1780078834023
55649103466
1780078835023
55656780838
1780078836024
55664329154
1780078837022
55671779688
1780078838023
55679129150
1780078839022
55686832256
1780078840025
55694323825
1780078841023
55701973565
1780078842022
55709421589
1780078843025
55717008263
1780078844023
55724721849
1780078845025
55732384258
1780078846022
55740334704
1780078847022
55747983663
1780078848023
55755653064
1780078849025
55763073411
1780078850022
55770731795
1780078851022
55778402955
1780078852024
55785891326
1780078853027
55793564169
1780078854024
55800993436
1780078855023
55808430414
1780078856023
55816120515
1780078857023
55823724217
1780078858023
55831341246
1780078859026
55838932479
1780078860023
55846563201
1780078861023
55854226129
1780078862025
55861669135
1780078863022
55869291351
1780078864020
55877013337
1780078865022
55884596216
1780078866023
55892562651
1780078867023
55900463494
1780078868024
55908347921
1780078869023
55916314554
1780078870026
55924073123
1780078871019
55932065568
1780078872023
55939503066
1780078873023
55947061388
1780078874023
55954804076
1780078875023
55962216298
1780078876025
55969852957
1780078877023
55977564585
1780078878026
55985134092
1780078879026
55992412531
1780078880021
56000141617
1780078881024
56007572383
1780078882022
56014924156
1780078883022
56022396278
1780078884025
56030075730
1780078885023
56037884101
1780078886022
56045604986
1780078887026
56053191812
1780078888026
56060689990
1780078889023
56068187036
1780078890024
56075557367
1780078891022
56083235994
1780078892025
56090678969
1780078893023
56098586759
1780078894023
56106011115
1780078895022
56113550388
1780078896023
56121373202
1780078897023
56128968780
1780078898023
56136450128
1780078899023
56143978478
1780078900023
56151309503
1780078901023
56158908921
1780078902025
56166663130
1780078903024
56174107467
1780078904023
56181884778
1780078905024
56189609335
1780078906019
56197345245
1780078907022
56205165197
1780078908022
56212743807
1780078909024
56220499362
1780078910026
56228073964
1780078911019
56235929427
1780078912023
56243701583
1780078913024
56251281799
1780078914024
56259050787
1780078915023
56266776553
1780078916024
56274390782
1780078917021
56281938639
1780078918023
56289715736
1780078919023
56297394270
1780078920023
56304906953
1780078921024
56312316927
1780078922025
56319815502
1780078923024
56327290272
1780078924025
56334742366
1780078925023
56342477511
1780078926024
56350014857
1780078927021
56357683477
1780078928026
56365224648
1780078929026
56372723101
1780078930023
56380319398
1780078931022
56387885432
1780078932020
56395510569
1780078933026
56403115220
1780078934020
56410798697
1780078935022
56418371126
1780078936022
56426130765
1780078937023
56433690128
1780078938022
56441065248
1780078939023
56448535473
1780078940019
56456042663
1780078941023
56463643963
1780078942021
56471418857
1780078943024
56479248923
1780078944023
56487025867
1780078945023
56494714775
1780078946022
56502596692
1780078947023
56510180199
1780078948021
56517902751
1780078949023
56525807389
1780078950024
56533317440
1780078951023
56541164167
1780078952024
56549175569
1780078953023
56556856368
1780078954023
56564685806
1780078955025
56572492983
1780078956023
56580053371
1780078957025
56587455205
1780078958023
56594849312
1780078959020
56602443238
1780078960023
56610073990
1780078961022
56617569598
1780078962023
56625037849
1780078963024
56632567806
1780078964023
56640148527
1780078965025
56647772441
1780078966022
56655190447
1780078967026
56662724916
1780078968024
56670332841
1780078969023
56677507731
1780078970024
56685122755
1780078971023
56692759719
1780078972023
56700246055
1780078973025
56707729239
1780078974026
56715046510
1780078975024
56722526068
1780078976022
56730214027
1780078977024
56737646079
1780078978021
56745272624
1780078979023
56752967484
1780078980022
56760386316
1780078981025
56768263307
1780078982023
56775883915
1780078983029
56783572946
1780078984024
56791327797
1780078985023
56799114548
1780078986023
56806858199
1780078987023
56814546816
1780078988025
56822210020
1780078989023
56830092733
1780078990024
56838086081
1780078991022
56846164374
1780078992022
56853786237
1780078993026
56861179166
1780078994020
56869206357
1780078995026
56876894194
1780078996023
56884497575
1780078997026
56893112668
1780078998138
56899624838
1780078999026
56906967568
1780079000025
56914617583
1780079001023
56922185499
1780079002024
56929673992
1780079003023
56937172874
1780079004026
56944853107
1780079005027
56952577358
1780079006021
56960462274
1780079007022
56968135117
1780079008020
56975975709
1780079009022
56983484306
1780079010023
56991145139
1780079011022
56998841421
1780079012023
57006151669
1780079013020
57013401574
1780079014026
57020665831
1780079015022
57028119425
1780079016024
57035947486
1780079017020
57043353925
1780079018021
57051021000
1780079019023
57058603864
1780079020023
57066165537
1780079021022
57073898738
1780079022024
57081475681
1780079023024
57088939862
1780079024024
57096728587
1780079025019
57104623984
1780079026023
57112303681
1780079027023
57121088069
1780079028138
57127780855
1780079029023
57135304952
1780079030023
57143213078
1780079031027
57150819565
1780079032024
57158691660
1780079033024
57166210737
1780079034023
57174082572
1780079035023
57181996512
1780079036023
57189425060
1780079037023
57196941767
1780079038023
57204697398
1780079039024
57212039638
1780079040023
57219780872
1780079041023
57227403684
1780079042025
57235786141
1780079043146
57242451418
1780079044024
57249881159
1780079045022
57257688397
1780079046026
57265186009
1780079047023
57272604704
1780079048025
57280223767
1780079049023
57287759415
1780079050023
57295288086
1780079051021
57302839309
1780079052023
57310416190
1780079053027
57317891908
1780079054022
57325371726
1780079055022
57333137608
1780079056026
57341272542
1780079057020
57348868028
1780079058023
57356380313
1780079059026
57363844662
1780079060025
57371250811
1780079061025
57378857879
1780079062026
57386435036
1780079063024
57393954114
1780079064021
57401586840
1780079065023
57409175778
1780079066022
57416719014
1780079067026
57424092773
1780079068024
57431737540
1780079069023
57439420803
1780079070024
57446818475
1780079071021
57454686179
1780079072022
57462775579
1780079073023
57470548316
1780079074023
57478253396
1780079075021
57485996053
1780079076022
57493905984
1780079077023
57501596147
1780079078022
57508911337
1780079079022
57516552769
1780079080023
57524166462
1780079081023
57531519979
1780079082023
57539053393
1780079083025
57546524582
1780079084023
57554047913
1780079085023
57561679308
1780079086025
57569221963
1780079087022
57576881954
1780079088024
57584537172
1780079089023
57591642323
1780079090023
57599058738
1780079091023
57606475903
1780079092021
57614141601
1780079093023
57621664442
1780079094022
57629136794
1780079095022
57636471981
1780079096023
57643980747
1780079097024
57651480914
1780079098022
57659135703
1780079099023
57666550068
1780079100022
57674162659
1780079101022
57681809829
1780079102023
57691829278
1780079103338
57697165689
1780079104022
57704847589
1780079105023
57712464618
1780079106022
57720239848
1780079107023
57727690811
1780079108024
57735144328
1780079109023
57742809582
1780079110022
57750336157
1780079111023
57758114264
1780079112023
57765812367
1780079113025
57773217215
1780079114023
57781112826
1780079115023
57788939128
1780079116025
57796621824
1780079117025
57804167555
1780079118021
57811703432
1780079119023
57818924665
1780079120023
57826563618
1780079121025
57834292107
1780079122023
57841514365
1780079123022
57848923681
1780079124023
57856401617
1780079125023
57864080457
1780079126022
57871734359
1780079127024
57879294395
1780079128022
57886788044
1780079129025
57894379384
1780079130023
57901641453
1780079131024
57908942215
1780079132022
57918029680
1780079133238
57924009701
1780079134027
57931255230
1780079135023
57938902675
1780079136022
57946420483
1780079137023
57953888658
1780079138023
57961220219
1780079139024
57968624990
1780079140021
57976125479
1780079141022
57983695842
1780079142023
57990975368
1780079143023
57998520211
1780079144023
58006167503
1780079145021
58013823837
1780079146023
58021611017
1780079147023
58029079559
1780079148023
58036464364
1780079149023
58043762235
1780079150021
58051223203
1780079151024
58058839176
1780079152023
58066468674
1780079153021
58074259311
1780079154023
58081988336
1780079155024
58089620511
1780079156021
58097430932
1780079157025
58105124093
1780079158025
58112824843
1780079159024
58120400072
1780079160024
58128030396
1780079161023
58135384923
1780079162023
58143056083
1780079163020
58150522988
1780079164022
58158026505
1780079165022
58165502437
1780079166025
58172878521
1780079167023
58180285404
1780079168021
58187868865
1780079169030
58195157540
1780079170022
58202632049
1780079171024
58210205962
1780079172023
58217688320
1780079173023
58225342971
1780079174024
58232897453
1780079175021
58240560336
1780079176025
58248052991
1780079177019
58256511290
1780079178147
58263039218
1780079179022
58270222798
1780079180025
58277579283
1780079181027
58285113263
1780079182025
58292587588
1780079183023
58300262435
1780079184022
58307989716
1780079185021
58315313015
1780079186024
58323110996
1780079187020
58330524076
1780079188023
58338343906
1780079189022
58346039989
1780079190021
58353712021
1780079191020
58361422686
1780079192023
58369211748
1780079193024
58376826160
1780079194024
58384570331
1780079195026
58392447842
1780079196023
58400227066
1780079197022
58407953275
1780079198023
58415493681
1780079199023
58422970822
1780079200022
58430723592
1780079201022
58438109759
1780079202024
58445849815
1780079203022
58453344214
1780079204024
58461016230
1780079205024
58468766537
1780079206025
58476337452
1780079207023
58483938247
1780079208047
58491109586
1780079209023
58498444590
1780079210027
58505733617
1780079211022
58513074450
1780079212023
58520436412
1780079213023
58528078609
1780079214024
58535408625
1780079215022
58543127750
1780079216023
58550795315
1780079217021
58558071184
1780079218020
58565628894
1780079219022
58572887841
1780079220026
58580288849
1780079221023
58587883876
1780079222023
58595384977
1780079223023
58603007008
1780079224024
58610406991
1780079225023
58618055369
1780079226021
58625943881
1780079227023
58633360128
1780079228026
58640945577
1780079229020
58648606685
1780079230021
58656055887
1780079231023
58663823667
1780079232022
58671469750
1780079233022
58679084637
1780079234023
58686651466
1780079235022
58694610954
1780079236024
58702449098
1780079237024
58710325936
1780079238022
58717927282
1780079239023
58725482881
1780079240022
58733201058
1780079241023
58740758095
1780079242023
58748617797
1780079243023
58756225691
1780079244027
58764074622
1780079245021
58771984049
1780079246025
58779757244
1780079247026
58787353036
1780079248022
58794891912
1780079249024
58802392462
1780079250026
58809604408
1780079251022
58817160833
1780079252023
58825407625
1780079253138
58832074462
1780079254024
58839753456
1780079255023
58847470791
1780079256022
58855135050
1780079257023
58862692164
1780079258023
58870177643
1780079259021
58877506282
1780079260024
58884979123
1780079261023
58892517678
1780079262024
58899742323
1780079263022
58907301961
1780079264026
58914867245
1780079265022
58922607469
1780079266025
58930406078
1780079267022
58938045567
1780079268023
58945653477
1780079269024
58953222662
1780079270022
58960670778
1780079271024
58968534550
1780079272023
