69801077717
1781766004449
69826068193
1781766005010
69868789824
1781766006012
69911258953
1781766007015
69952153319
1781766008012
69993906752
1781766009014
70034288057
1781766010015
70075155507
1781766011013
70116458929
1781766012015
70157287621
1781766013014
70199153358
1781766014012
70240934684
1781766015013
70284004337
1781766016011
70325999713
1781766017011
70368122103
1781766018037
70410558457
1781766019014
70454676263
1781766020015
70496656014
1781766021015
70538431237
1781766022014
70579449015
1781766023013
70620175779
1781766024015
70664233955
1781766025011
70707547931
1781766026013
70749322055
1781766027013
70789178825
1781766028012
70831130622
1781766029013
70871806055
1781766030015
70912726299
1781766031014
70954031553
1781766032011
71000790466
1781766033038
71045811835
1781766034014
71090768446
1781766035013
71137897049
1781766036014
71183849812
1781766037014
71230481956
1781766038015
71276909449
1781766039011
71323566007
1781766040015
71369149814
1781766041012
71415620093
1781766042014
71462592079
1781766043015
71508811443
1781766044012
71555815595
1781766045012
71603122786
1781766046012
71650007310
1781766047011
71696172109
1781766048013
71743467398
1781766049012
71791449331
1781766050012
71837885186
1781766051013
71883898679
1781766052015
71930000062
1781766053012
71976127935
1781766054013
72024445499
1781766055015
72071483831
1781766056015
72118431648
1781766057012
72164937144
1781766058013
72211763562
1781766059015
72257738603
1781766060013
72304063497
1781766061012
72350964622
1781766062012
72398014672
1781766063036
72443413909
1781766064015
72492064358
1781766065016
72539533231
1781766066014
72586276336
1781766067015
72632295933
1781766068015
72678419289
1781766069013
72725037883
1781766070014
72771366622
1781766071015
72817484546
1781766072012
72863674674
1781766073013
72910387811
1781766074013
72957070248
1781766075012
73004094359
1781766076013
73051103760
1781766077012
73098125734
1781766078038
73143573066
1781766079014
73192362736
1781766080014
73238497628
1781766081013
73284648999
1781766082015
73330912247
1781766083014
73376326133
1781766084015
73423670799
1781766085012
73470839196
1781766086015
73517015104
1781766087015
73562391147
1781766088015
73607775186
1781766089013
73653846601
1781766090015
73700180406
1781766091014
73746621205
1781766092014
73792842706
1781766093012
73839227902
1781766094012
73886234495
1781766095013
73933987547
1781766096015
73981166992
1781766097015
74026580327
1781766098012
74072340464
1781766099013
74118739149
1781766100012
74164791033
1781766101013
74211156759
1781766102015
74257083888
1781766103014
74304084866
1781766104012
74351543424
1781766105012
74398589141
1781766106012
74445544343
1781766107013
74491508581
1781766108014
74538335975
1781766109013
74587637668
1781766110013
74636429596
1781766111012
74682595616
1781766112015
74728460367
1781766113015
74773979720
1781766114015
74821537460
1781766115014
74868033312
1781766116014
74914398306
1781766117012
74960407710
1781766118015
75006038330
1781766119015
75051992070
1781766120014
75099174688
1781766121015
75145496836
1781766122012
75191692823
1781766123015
75238610062
1781766124015
75287574658
1781766125014
75334433852
1781766126013
75380919268
1781766127014
75427847614
1781766128015
75473659814
1781766129015
75519403471
1781766130014
75566069794
1781766131013
75612545628
1781766132015
75658810097
1781766133015
75704891705
1781766134013
75752598614
1781766135015
75799624128
1781766136012
75846180100
1781766137013
75892766224
1781766138015
75939376944
1781766139012
75986416680
1781766140012
76033894280
1781766141013
76080614803
1781766142015
76127172484
1781766143014
76173082218
1781766144012
76221018374
1781766145011
76268105473
1781766146015
76315065985
1781766147013
76360652416
1781766148016
76406636002
1781766149014
76452623372
1781766150015
76499411765
1781766151014
76545748561
1781766152015
76595196615
1781766153038
76641611353
1781766154015
76691416035
1781766155013
76739118793
1781766156012
76785998739
1781766157013
76832827477
1781766158015
76879439052
1781766159015
76925836028
1781766160013
76971949984
1781766161012
77019185398
1781766162017
77065307778
1781766163014
77111159589
1781766164014
77158819013
1781766165015
77206117659
1781766166015
77252774278
1781766167015
77301724714
1781766168012
77348853683
1781766169015
77398048015
1781766170015
77444368819
1781766171015
77491144944
1781766172014
77537535634
1781766173013
77583896477
1781766174012
77630918024
1781766175016
77678572992
1781766176015
77725785274
1781766177013
77771100221
1781766178014
77817817387
1781766179015
77863625924
1781766180012
77910131115
1781766181016
77956700393
1781766182012
78003247637
1781766183015
78049920980
1781766184015
78099769485
1781766185012
78148379407
1781766186015
78195816175
1781766187011
78243271742
1781766188014
78290313187
1781766189016
78337376299
1781766190012
78384094807
1781766191012
78432209003
1781766192015
78479238728
1781766193014
78526711751
1781766194015
78575446795
1781766195013
78624820143
1781766196012
78673216625
1781766197012
78720483045
1781766198014
78770008309
1781766199018
78818663397
1781766200014
78866197516
1781766201013
78914157415
1781766202013
78961477850
1781766203012
79010472720
1781766204015
79058396609
1781766205015
79107062011
1781766206015
79154538941
1781766207013
79201801820
1781766208013
79250357116
1781766209015
79297264832
1781766210014
79345685058
1781766211015
79393520079
1781766212012
79441271849
1781766213015
79489393918
1781766214012
79539319328
1781766215016
79587360525
1781766216011
79635090689
1781766217014
79681610284
1781766218015
79728641780
1781766219014
79775789975
1781766220015
79822621886
1781766221013
79870489683
1781766222014
79918430967
1781766223014
79965773253
1781766224013
80013971067
1781766225012
80062404841
1781766226015
80110090449
1781766227011
80157564022
1781766228015
80205386409
1781766229015
80255684437
1781766230015
80302685110
1781766231015
80349992118
1781766232015
80397244683
1781766233012
80444712640
1781766234013
80492880607
1781766235012
80541657094
1781766236012
80589958789
1781766237014
80637314991
1781766238015
80684356435
1781766239014
80731530997
1781766240013
80778242364
1781766241014
80826455193
1781766242015
80873865899
1781766243012
80921638299
1781766244014
80971647204
1781766245012
81019922410
1781766246012
81067594590
1781766247011
81115699813
1781766248015
81163318710
1781766249013
81210699387
1781766250013
81257228260
1781766251015
81305598558
1781766252015
81354050949
1781766253012
81401879806
1781766254012
81450686688
1781766255014
81498802898
1781766256011
81546778422
1781766257013
81594144206
1781766258012
81641860454
1781766259013
81690234964
1781766260015
81737195049
1781766261012
81785285319
1781766262012
81832800944
1781766263012
81880889871
1781766264015
81929496863
1781766265011
81977646643
1781766266014
82025901219
1781766267014
82072882910
1781766268014
82119677529
1781766269013
82166718729
1781766270014
82214048381
1781766271012
82262243448
1781766272015
82311210974
1781766273037
82358212319
1781766274015
82406722448
1781766275014
82453718117
1781766276015
82500435221
1781766277014
82546725813
1781766278013
82592999865
1781766279015
82639061087
1781766280015
82685329462
1781766281013
82732033871
1781766282014
82777831850
1781766283015
82823901678
1781766284012
82871436102
1781766285012
82919126105
1781766286013
82966152047
1781766287015
83012609386
1781766288013
83059408705
1781766289015
83108358042
1781766290012
83154690016
1781766291014
83201211686
1781766292016
83247218588
1781766293015
83292854091
1781766294013
83339844449
1781766295015
83387528348
1781766296015
83433900361
1781766297011
83479405432
1781766298015
83525182781
1781766299014
83571016526
1781766300015
83617771716
1781766301012
83664711293
1781766302015
83712278738
1781766303012
83759616385
1781766304012
83808416858
1781766305015
83856294787
1781766306012
83903085439
1781766307015
83948932429
1781766308014
83995008788
1781766309015
84041994934
1781766310015
84087784185
1781766311012
84134664924
1781766312015
84181899545
1781766313012
84229359262
1781766314015
84275833996
1781766315013
84324260264
1781766316015
84370955945
1781766317014
84416840288
1781766318014
84463915302
1781766319015
84512153765
1781766320015
84558100303
1781766321012
84605565513
1781766322016
84651301053
1781766323012
84697251069
1781766324016
84744904085
1781766325015
84792138644
1781766326012
84839741183
1781766327013
84885847999
1781766328013
84931900981
1781766329015
84978137008
1781766330013
85024697802
1781766331013
85071476308
1781766332011
85117746026
1781766333016
85164581416
1781766334015
85214030997
1781766335012
85261873464
1781766336015
85308902641
1781766337014
85355726435
1781766338015
85402878841
1781766339015
85449093200
1781766340012
85495673403
1781766341013
85542682133
1781766342016
85588962776
1781766343014
85634907055
1781766344012
85681681716
1781766345015
85729511855
1781766346013
85776319657
1781766347015
85822337117
1781766348014
85868677270
1781766349015
85916360070
1781766350015
85963633692
1781766351014
86010622341
1781766352013
86056937164
1781766353015
86103685518
1781766354015
86151122409
1781766355014
86198402500
1781766356015
86246370334
1781766357012
86293917575
1781766358015
86339939003
1781766359014
86385446150
1781766360015
86431991441
1781766361015
86478362660
1781766362015
86526757800
1781766363015
86573563222
1781766364015
86622853501
1781766365015
86670416672
1781766366014
86717330676
1781766367012
86763084099
1781766368013
86809007382
1781766369015
86854849733
1781766370014
86901452397
1781766371014
86948683721
1781766372015
86995849006
1781766373015
87042527414
1781766374013
87090078196
1781766375015
87139073249
1781766376014
87186768805
1781766377013
87233830269
1781766378011
87280851267
1781766379015
87329768683
1781766380014
87376931954
1781766381014
87425085090
1781766382011
87472708015
1781766383015
87520464179
1781766384015
87568815007
1781766385011
87616613042
1781766386013
87665171450
1781766387014
87711650213
1781766388013
87758369698
1781766389012
87805894906
1781766390015
87852931834
1781766391014
87899635083
1781766392015
87945857438
1781766393014
87992610004
1781766394015
88041589432
1781766395012
88088894914
1781766396013
88135711505
1781766397013
88181449730
1781766398014
88227210722
1781766399013
88273311922
1781766400015
88318868324
1781766401012
88365545756
1781766402015
88411318283
1781766403012
88457029836
1781766404014
88503517082
1781766405015
88551865591
1781766406012
88599088493
1781766407015
88645057858
1781766408015
88691483581
1781766409015
88737954592
1781766410015
88784219061
1781766411015
88831067086
1781766412015
88877534924
1781766413015
88924122085
1781766414013
88971052812
1781766415015
89018546526
1781766416014
89067323744
1781766417014
89113760698
1781766418013
89159883139
1781766419014
89205356655
1781766420012
89252045806
1781766421014
89299357269
1781766422015
89346983124
1781766423038
89393015904
1781766424015
89440228796
1781766425015
89487967504
1781766426015
89535064063
1781766427015
89580933941
1781766428015
89627732466
1781766429015
89673988207
1781766430015
89719755363
1781766431014
89766066218
1781766432015
89812320433
1781766433016
89858918703
1781766434015
89905951663
1781766435015
89953706424
1781766436015
90000737859
1781766437011
90047483894
1781766438014
90094669930
1781766439014
90142411690
1781766440015
90188309217
1781766441013
90235579909
1781766442014
90283005630
1781766443014
90330557083
1781766444015
90378915663
1781766445015
90426675062
1781766446013
90475197460
1781766447014
90522177991
1781766448014
90569658216
1781766449011
90616957656
1781766450015
90664478835
1781766451015
90711305925
1781766452014
90757375509
1781766453015
90804714072
1781766454015
90853435444
1781766455011
90901083271
1781766456015
90947381248
1781766457015
90993151151
1781766458015
91039972808
1781766459014
91086243808
1781766460015
91131853921
1781766461013
91178365215
1781766462016
91224389145
1781766463015
91271833665
1781766464012
91318246876
1781766465014
91365858754
1781766466011
91412396110
1781766467015
91458242001
1781766468015
91504832031
1781766469014
91554152156
1781766470014
91600496886
1781766471015
91646893496
1781766472015
91693287237
1781766473012
91739676950
1781766474015
91786437145
1781766475014
91833115370
1781766476013
91880335281
1781766477014
91925878316
1781766478015
91972226403
1781766479014
92017669524
1781766480012
92063536594
1781766481013
92110368994
1781766482016
92156696878
1781766483013
92203949626
1781766484015
92251934793
1781766485013
92298885296
1781766486014
92345952802
1781766487015
92391957201
1781766488012
92438608693
1781766489014
92484816094
1781766490015
92530829282
1781766491013
92577385132
1781766492015
92624093326
1781766493015
92670429999
1781766494014
92717550118
1781766495014
92764451243
1781766496015
92812262400
1781766497013
92859317943
1781766498037
92904752092
1781766499015
92953260879
1781766500015
92998889424
1781766501015
93045459862
1781766502014
93091608791
1781766503014
93138177520
1781766504014
93185312470
1781766505012
93232237521
1781766506015
93279021520
1781766507011
93324979288
1781766508014
93371354535
1781766509012
93417217821
1781766510012
93463009879
1781766511012
93509798395
1781766512015
93556269528
1781766513014
93603426695
1781766514015
93653067437
1781766515013
93700734673
1781766516015
93747915339
1781766517012
93794319456
1781766518013
93840486330
1781766519014
93887014592
1781766520015
93932841013
1781766521013
93979445630
1781766522014
94026220840
1781766523014
94072347431
1781766524015
94119250142
1781766525015
94166771810
1781766526015
94214680562
1781766527014
94261606162
1781766528015
94307965358
1781766529015
94355787440
1781766530012
94402088835
1781766531012
94449025482
1781766532012
94495646701
1781766533015
94542650121
1781766534011
94590866855
1781766535014
94637920262
1781766536015
94683811991
1781766537012
94730517926
1781766538013
94776277452
1781766539015
94822458425
1781766540014
94868132197
1781766541015
94914638975
1781766542015
94961182802
1781766543013
95008029178
1781766544013
95056423830
1781766545012
95103655520
1781766546013
95150818241
1781766547015
95196509042
1781766548013
95243227978
1781766549013
95289627884
1781766550015
95335246175
1781766551015
95381217432
1781766552013
95426714386
1781766553012
95473108127
1781766554015
95520999301
1781766555014
95568882845
1781766556013
95616923799
1781766557014
95665865507
1781766558038
95713277068
1781766559015
95760849028
1781766560015
95809018339
1781766561014
95856215117
1781766562012
95904170744
1781766563012
95951692534
1781766564015
96000028104
1781766565014
96048159450
1781766566015
96095836086
1781766567014
96142978299
1781766568015
96190107939
1781766569013
96237648528
1781766570015
96284640473
1781766571014
96332950652
1781766572013
96380553558
1781766573015
96428205230
1781766574015
96478380089
1781766575012
96527154989
1781766576012
96574956991
1781766577014
96621546105
1781766578013
96669116601
1781766579015
96716521570
1781766580011
96763767542
1781766581014
96811244166
1781766582013
96858192472
1781766583015
96905186126
1781766584014
96954237148
1781766585014
97002686059
1781766586011
97051379538
1781766587012
97099160483
1781766588015
97146749960
1781766589014
97196205827
1781766590011
97243773882
1781766591014
97290580586
1781766592012
97337610739
1781766593014
97384620323
1781766594012
97432667136
1781766595015
97480707418
1781766596015
97527807212
1781766597012
97575922080
1781766598013
97623091942
1781766599014
97670069238
1781766600014
97717341578
1781766601014
97764077909
1781766602014
97810117281
1781766603012
97857633639
1781766604015
97907213712
1781766605012
97955149441
1781766606015
98001436554
1781766607012
98047047460
1781766608012
98092810100
1781766609016
98138329880
1781766610013
98184174001
1781766611012
98231609244
1781766612014
98277640132
1781766613015
98324294370
1781766614015
98371374999
1781766615015
98419070800
1781766616012
98466543579
1781766617011
98514348449
1781766618038
98559213324
1781766619015
98608517153
1781766620012
98654410896
1781766621013
98700820384
1781766622015
98746867263
1781766623014
98793264910
1781766624015
98840907489
1781766625015
98888572467
1781766626013
98935932148
1781766627013
98983487812
1781766628015
99029045862
1781766629013
99074717010
1781766630015
99121462923
1781766631014
99168374912
1781766632014
99214811683
1781766633015
99261554971
1781766634015
99308086041
1781766635014
99352086478
1781766636014
99396633849
1781766637014
99439102063
1781766638015
99480429167
1781766639015
99522429670
1781766640015
99566984243
1781766641014
99612257809
1781766642012
99658546997
1781766643014
99704848941
1781766644013
99752015019
1781766645014
99799223761
1781766646015
99846577094
1781766647012
99893091990
1781766648013
99939624708
1781766649012
99987623059
1781766650015
100033886979
1781766651014
100080472553
1781766652015
100127203878
1781766653015
100173849023
1781766654015
100221231958
1781766655015
100267648038
1781766656012
100314593047
1781766657015
100361580048
1781766658011
100407824925
1781766659015
100453267619
1781766660014
100499518904
1781766661013
100546855941
1781766662014
100595149519
1781766663016
100643513836
1781766664015
100693384069
1781766665013
100741770237
1781766666012
100790144381
1781766667013
100837066136
1781766668012
100884755589
1781766669014
100932684910
1781766670015
100980291843
1781766671012
101027616063
1781766672015
101075022436
1781766673014
101122058997
1781766674011
101170310339
1781766675013
101218395970
1781766676015
101266380344
1781766677013
101315536591
1781766678038
101362089206
1781766679012
101411473540
1781766680012
101458755340
1781766681014
101505778108
1781766682013
101553164095
1781766683012
101600338413
1781766684015
101647759373
1781766685013
101695641758
1781766686014
101744815094
1781766687015
101791721101
1781766688015
101839353182
1781766689013
101886663241
1781766690015
101934939058
1781766691014
101983116363
1781766692015
102031800016
1781766693014
102080232265
1781766694015
102130191365
1781766695013
102179619828
1781766696012
102227335953
1781766697012
102274452959
1781766698012
102321368000
1781766699015
102368934040
1781766700012
102415540366
1781766701012
102463388327
1781766702013
102510808555
1781766703013
102557991601
1781766704015
102605958519
1781766705015
102654652364
1781766706013
102702850849
1781766707014
102751021197
1781766708015
102798758074
1781766709015
102848774792
1781766710014
102896333569
1781766711015
102943228224
1781766712015
102989836443
1781766713014
103035909994
1781766714014
103082740807
1781766715012
103130038049
1781766716015
103176717556
1781766717013
103222615388
1781766718013
103269909029
1781766719015
103316316747
1781766720015
103362303812
1781766721013
103409022015
1781766722014
103461383209
1781766723138
103502735215
1781766724015
103551152266
1781766725013
103598172104
1781766726015
103644801196
1781766727016
103690259637
1781766728015
103736798458
1781766729012
103782996277
1781766730013
103829148808
1781766731015
103875227975
1781766732014
103921179700
1781766733015
103967668229
1781766734015
104014047871
1781766735013
104061402974
1781766736015
104108027061
1781766737013
104155666222
1781766738036
104201171415
1781766739015
104248140167
1781766740015
104294525913
1781766741014
104341028906
1781766742015
104386618023
1781766743014
104433277755
1781766744012
104480051439
1781766745013
104527071582
1781766746012
104573298392
1781766747015
104618601133
1781766748015
104664900270
1781766749015
104710748358
1781766750015
104757099985
1781766751015
104803603467
1781766752013
104850096817
1781766753015
104897161150
1781766754015
104945578506
1781766755015
104992794083
1781766756011
105040439836
1781766757014
105087486224
1781766758015
105134655598
1781766759015
105182144124
1781766760012
105228749107
1781766761015
105276454063
1781766762011
105322801112
1781766763015
105369851041
1781766764015
105417711453
1781766765011
105466821190
1781766766015
105514752525
1781766767015
105562936179
1781766768014
105610785360
1781766769015
105659166401
1781766770015
105706201803
1781766771012
105753207176
1781766772012
105800859337
1781766773013
105847937219
1781766774012
105896072777
1781766775014
105944184714
1781766776015
105991513512
1781766777012
106038329615
1781766778013
106085988367
1781766779012
106133307094
1781766780014
106180242277
1781766781015
106227527861
1781766782013
106275119597
1781766783015
106322816985
1781766784015
106370596831
1781766785012
106419229702
1781766786014
106466743740
1781766787014
106513357207
1781766788013
106560603852
1781766789015
106607392672
1781766790012
106654211827
1781766791015
106701320715
1781766792012
106747842813
1781766793015
106795593729
1781766794015
106843659646
1781766795014
106891624122
1781766796013
106940061132
1781766797013
106987854284
1781766798012
107034926856
1781766799012
107080845989
1781766800015
107126632615
1781766801013
107173103748
1781766802013
107219941275
1781766803012
107269591294
1781766804015
107319288250
1781766805012
107366918194
1781766806016
107413754927
1781766807014
107459606311
1781766808015
107505797416
1781766809015
107551751583
1781766810015
107597738159
1781766811015
107644198978
1781766812014
107690974676
1781766813014
107738177924
1781766814015
107787644839
1781766815015
107834788517
1781766816012
107881240180
1781766817015
107927062206
1781766818015
107972768816
1781766819014
108019284016
1781766820012
108064867579
1781766821012
108111025237
1781766822015
108156803073
1781766823015
108203597265
1781766824015
108250043740
1781766825012
108297462137
1781766826015
108344141888
1781766827014
108391629377
1781766828035
108437477221
1781766829013
108484950427
1781766830014
108530774162
1781766831013
108576468381
1781766832012
108622046816
1781766833015
108668373663
1781766834012
108715513984
1781766835015
108762450205
1781766836016
108808944592
1781766837013
108854907732
1781766838014
108902643510
1781766839012
108950359941
1781766840013
108998141801
1781766841013
109046087113
1781766842013
109094217117
1781766843015
109143072033
1781766844015
109193601689
1781766845014
109242013491
1781766846015
109290693725
1781766847015
109337656984
1781766848012
109385100466
1781766849013
109432729556
1781766850015
109480497805
1781766851014
109528207522
1781766852014
109575670352
1781766853015
109623507388
1781766854013
109671946228
1781766855015
109721359920
1781766856012
109769473444
1781766857015
109817249811
1781766858013
109866694631
1781766859015
109916880355
1781766860012
109965134321
1781766861014
110013317730
1781766862015
110061130108
1781766863015
110109313212
1781766864013
110158138282
1781766865015
110207306186
1781766866013
110255532991
1781766867013
110303307283
1781766868013
110351150972
1781766869012
110399426971
1781766870015
110447151641
1781766871014
110495492948
1781766872014
110542176728
1781766873015
110590043793
1781766874015
110639057705
1781766875014
110687369349
1781766876013
110734883449
1781766877013
110782545558
1781766878015
110828929106
1781766879014
110876230743
1781766880015
110923066316
1781766881015
110970073581
1781766882014
111016773169
1781766883015
111064406470
1781766884012
111111748145
1781766885011
111160155797
1781766886015
111207466223
1781766887014
111255927525
1781766888038
111302758643
1781766889016
111349615456
1781766890011
111396928263
1781766891012
111443774212
1781766892013
111490843549
1781766893015
111539003705
1781766894011
111586685894
1781766895015
111633552962
1781766896013
111680677475
1781766897012
111726430532
1781766898014
111772684320
1781766899015
111819215512
1781766900015
111865201173
1781766901015
111912091434
1781766902015
111958200324
1781766903012
112005748787
1781766904015
112055448855
1781766905015
112103011233
1781766906015
112149158881
1781766907013
112195242625
1781766908015
112241011612
1781766909012
112287593463
1781766910015
112333395714
1781766911015
112379669155
1781766912015
112425381990
1781766913016
112471776036
1781766914015
112518903479
1781766915014
112566209327
1781766916015
112612820597
1781766917012
112660293681
1781766918036
112707105756
1781766919015
112754914227
1781766920015
112800805162
1781766921014
112846742239
1781766922015
112892500056
1781766923014
112938968138
1781766924013
112986608824
1781766925012
113033742065
1781766926013
113080614626
1781766927013
113126869207
1781766928012
113172522411
1781766929013
113219128066
1781766930013
113265179400
1781766931014
113312019673
1781766932015
113358112634
1781766933015
113405122523
1781766934013
113454109703
1781766935015
113500906763
1781766936015
113547031828
1781766937012
113593586580
1781766938014
113640105320
1781766939015
113685936441
1781766940013
113731857588
1781766941015
113778142626
1781766942013
113823505669
1781766943011
113870178584
1781766944015
113917009763
1781766945015
113963972777
1781766946016
114010302127
1781766947015
114056335700
1781766948014
114102981699
1781766949013
114150695017
1781766950014
114196785841
1781766951013
114243291032
1781766952016
114288952841
1781766953015
114335682336
1781766954013
114383276330
1781766955015
114429997952
1781766956015
114476663787
1781766957015
114522884432
1781766958015
114568244851
1781766959016
114614960796
1781766960015
114660555162
1781766961014
114706822499
1781766962015
114752539667
1781766963015
114799813167
1781766964013
114848942497
1781766965015
114896314568
1781766966015
114942880916
1781766967015
114988806519
1781766968015
115034971256
1781766969015
115080977547
1781766970014
115127115430
1781766971015
115173105607
1781766972015
115218711936
1781766973013
115265425867
1781766974015
115312458339
1781766975013
115360079372
1781766976012
115406863004
1781766977013
115453144563
1781766978015
115499837925
1781766979011
115549659697
1781766980012
115595661838
1781766981013
115641719886
1781766982013
115687506573
1781766983014
115734176986
1781766984013
115781577011
1781766985015
115828853745
1781766986013
115876042406
1781766987013
115921493035
1781766988015
115967607724
1781766989015
116014207946
1781766990013
116060197208
1781766991015
116106547676
1781766992015
116153161387
1781766993012
116200065686
1781766994013
116249103097
1781766995015
116296806893
1781766996015
116343434154
1781766997012
116389055803
1781766998012
116434546348
1781766999013
116481524011
1781767000014
116527286955
1781767001013
116573104831
1781767002012
116619294532
1781767003015
116665580607
1781767004014
116712047651
1781767005013
116759478682
1781767006013
116806249986
1781767007015
116852418569
1781767008015
116898667535
1781767009015
116946119928
1781767010015
116992274290
1781767011014
117038060977
1781767012012
117083973030
1781767013015
117130185314
1781767014013
117177520642
1781767015014
117224492873
1781767016015
117271507218
1781767017015
117317434041
1781767018015
117362947230
1781767019014
117409059783
1781767020011
117455683199
1781767021015
117501963476
1781767022015
117547878214
1781767023011
117594580670
1781767024015
117643490396
1781767025013
117691217935
1781767026015
117737819256
1781767027015
117783296496
1781767028012
117828968559
1781767029012
117875656184
1781767030016
117921574951
1781767031016
117968136843
1781767032014
118014021064
1781767033015
118060006847
1781767034015
118106833448
1781767035013
118154382338
1781767036012
118201232743
1781767037015
118247480122
1781767038015
118294104148
1781767039015
118343213275
1781767040013
118389173912
1781767041015
118435575832
1781767042015
118481059785
1781767043016
118527229467
1781767044012
118574618323
1781767045012
118621857460
1781767046013
118668789774
1781767047014
118714734785
1781767048016
118760265308
1781767049013
118806398674
1781767050020
118853291865
1781767051016
118899939023
1781767052015
118947148985
1781767053038
118992558720
1781767054016
119041607056
1781767055015
119088613284
1781767056015
119135747990
1781767057013
119181951668
1781767058016
119227978894
1781767059013
119274305802
1781767060015
119320434529
1781767061015
119366591271
1781767062015
119413644678
1781767063015
119460753017
1781767064013
119509722435
1781767065012
119558575276
1781767066014
119606655109
1781767067014
119654113057
1781767068015
119700433129
1781767069015
119750156939
1781767070013
119797870745
1781767071013
119845669085
1781767072013
119892822407
1781767073013
119939934835
1781767074013
119988258442
1781767075015
120036171893
1781767076015
120083774860
1781767077014
120130350058
1781767078014
120177508995
1781767079014
120224688134
1781767080014
120272540429
1781767081013
120320821860
1781767082012
120368997091
1781767083015
120416491964
1781767084014
120465893449
1781767085014
120514141251
1781767086015
120561935806
1781767087012
120608796831
1781767088012
120655462544
1781767089016
120702793172
1781767090016
120749396935
1781767091012
120797328636
1781767092015
120844649743
1781767093013
120891683619
1781767094014
120940232262
1781767095015
120988342551
1781767096016
121036541830
1781767097012
121084486348
1781767098036
121131813742
1781767099013
121181293779
1781767100014
121228398333
1781767101012
121275844928
1781767102015
121322550497
1781767103012
121369473900
1781767104011
121417944967
1781767105015
121466106099
1781767106015
121514369342
1781767107015
121560949911
1781767108012
121608348654
1781767109015
121655760520
1781767110013
121704301778
1781767111012
121752048604
1781767112015
121799290548
1781767113015
121847161092
1781767114015
121896313799
1781767115013
121944216935
1781767116012
121993244337
1781767117012
122040718702
1781767118016
122088312270
1781767119016
122135686599
1781767120015
122182740922
1781767121015
122230308183
1781767122015
122277325091
1781767123014
122324173970
1781767124014
122372080830
1781767125012
122419539266
1781767126013
122466050377
1781767127013
122512426540
1781767128015
122559923428
1781767129015
122609064232
1781767130012
122655756496
1781767131015
122702353117
1781767132015
122749197052
1781767133015
122795138585
1781767134014
122842836949
1781767135015
122889772315
1781767136015
122936189371
1781767137015
122981816330
1781767138014
123027486745
1781767139012
123072988582
1781767140013
123120054868
1781767141013
123166827941
1781767142016
123214381958
1781767143015
123261258608
1781767144016
123310260130
1781767145012
123357550292
1781767146015
123404452455
1781767147012
123450608098
1781767148014
123496524668
1781767149011
123542762098
1781767150013
123588643695
1781767151014
123634817405
1781767152014
123680860195
1781767153014
123726845734
1781767154012
123773639437
1781767155012
123821141452
1781767156016
123868744113
1781767157014
123914984168
1781767158015
123961952493
1781767159015
124010613684
1781767160013
124057020059
1781767161013
124103505963
1781767162015
124149269518
1781767163012
124195732473
1781767164015
124242873954
1781767165014
124289304560
1781767166014
124336321102
1781767167012
124381959474
1781767168015
124427524360
1781767169015
124473597667
1781767170013
124520305311
1781767171011
124566598467
1781767172015
124613299275
1781767173013
124660826558
1781767174015
124710387710
1781767175013
124757487138
1781767176013
124803712789
1781767177014
124849546351
1781767178014
124895094452
1781767179012
124941743502
1781767180016
124987324013
1781767181013
125033877910
1781767182016
125080274947
1781767183011
125127024644
1781767184016
125173628834
1781767185012
125220832326
1781767186012
125267422417
1781767187013
125313542416
1781767188016
125361189755
1781767189015
125410361809
1781767190013
125457917169
1781767191015
125504045347
1781767192015
125549585940
1781767193013
125595867804
1781767194014
125643707648
1781767195015
125690589608
1781767196012
125738848395
1781767197015
125784593701
1781767198015
125830282243
1781767199013
125877280170
1781767200015
125923606284
1781767201014
125970827172
1781767202013
126017387660
1781767203015
126063968474
1781767204015
126113952965
1781767205012
126161118249
1781767206014
126209502098
1781767207014
126258081929
1781767208015
126305807393
1781767209012
126354055683
1781767210011
126402050006
1781767211011
126450059465
1781767212014
126498044389
1781767213015
126545739152
1781767214013
126594929639
1781767215014
126642725537
1781767216014
126688902909
1781767217014
126735784259
1781767218035
126780920313
1781767219014
126829429405
1781767220015
126876562646
1781767221015
126922377775
1781767222013
126968508516
1781767223014
127014706823
1781767224016
127062170630
1781767225013
127109299050
1781767226013
127156261088
1781767227015
127202317732
1781767228015
127247827687
1781767229013
127293930169
1781767230014
127340040097
1781767231015
127386855895
1781767232016
127433080630
1781767233016
127479816839
1781767234013
127529806823
1781767235015
127576688478
1781767236012
127623556034
1781767237014
127669083322
1781767238013
127715221204
1781767239015
127761971024
1781767240015
127807981587
1781767241015
127853865625
1781767242013
127897018102
1781767243014
127941339522
1781767244015
127985267327
1781767245012
128029159488
1781767246013
128071191424
1781767247012
128122783943
1781767248233
128157987710
1781767249011
128206128883
1781767250012
128252467937
1781767251012
128300121074
1781767252013
128347039411
1781767253012
128394601606
1781767254014
128442613202
1781767255014
128490306439
1781767256012
128538395122
1781767257014
128584969161
1781767258011
128632405502
1781767259014
128679475755
1781767260014
128726748339
1781767261015
128774909654
1781767262014
128823093124
1781767263014
128871525251
1781767264013
128921061501
1781767265015
128968583841
1781767266015
129014943951
1781767267015
129059902271
1781767268012
129105858391
1781767269015
129151888364
1781767270013
129197784365
1781767271015
129244034735
1781767272015
129289484142
1781767273015
129335214677
1781767274013
129383177689
1781767275013
129430767289
1781767276015
129477410907
1781767277015
129523448509
1781767278014
129569768154
1781767279015
129618743004
1781767280015
129665550806
1781767281015
129712074613
1781767282013
129757878329
1781767283012
129804251135
1781767284012
129852021642
1781767285014
129899308570
1781767286015
129948140476
1781767287015
129993640054
1781767288015
130039500166
1781767289014
130085402698
1781767290015
130131503532
1781767291012
130179256522
1781767292014
130225546870
1781767293014
130271996214
1781767294016
130320580929
1781767295013
130368409420
1781767296015
130414699340
1781767297013
130460329228
1781767298016
130506572030
1781767299015
130552242384
1781767300014
130597950214
1781767301015
130644837240
1781767302015
130690798731
1781767303016
130737123930
1781767304014
130784718779
1781767305016
130832045928
1781767306013
130878733308
1781767307015
130924592444
1781767308015
130971319986
1781767309013
131019501259
1781767310015
131065976237
1781767311015
131111865646
1781767312012
131157717274
1781767313015
131204262810
1781767314014
131252039482
1781767315015
131300095450
1781767316015
131346928948
1781767317012
131392754576
1781767318012
131438705813
1781767319012
131485426091
1781767320014
131531628854
1781767321015
131578454112
1781767322013
131625025221
1781767323012
131671993851
1781767324015
131721694896
1781767325013
131769859140
1781767326013
131816586681
1781767327012
131862119585
1781767328013
131908115256
1781767329014
131954240321
1781767330014
132000245269
1781767331015
132046496310
1781767332015
132092313026
1781767333015
132138245892
1781767334013
132185290694
1781767335014
132233104475
1781767336015
132279924973
1781767337013
132325979481
1781767338015
132372483879
1781767339011
132421544361
1781767340015
132467941764
1781767341011
132515470451
1781767342015
132561845760
1781767343016
132608340392
1781767344015
132655942199
1781767345015
132703330932
1781767346014
132749958499
1781767347015
132796326483
1781767348015
132841798840
1781767349014
132887921952
1781767350015
132933860677
1781767351012
132980973654
1781767352010
133027330164
1781767353013
133074248257
1781767354014
133123075585
1781767355012
133171580283
1781767356014
133218805138
1781767357014
133265551966
1781767358015
133311535796
1781767359015
133357629550
1781767360015
133403351723
1781767361012
133449152021
1781767362013
133495346056
1781767363013
133541146292
1781767364013
133587541010
1781767365012
133635415216
1781767366013
133682186337
1781767367012
133729264829
1781767368036
133775130801
1781767369012
133824346190
1781767370015
133871576355
1781767371015
133919692809
1781767372015
133967004394
1781767373011
134014643066
1781767374014
134063592099
1781767375013
134112557061
1781767376015
134160446648
1781767377014
134207337092
1781767378014
134254396237
1781767379015
134301163085
1781767380011
134348312500
1781767381013
134396229980
1781767382016
134445149471
1781767383038
134492449582
1781767384015
134542444877
1781767385015
134591311085
1781767386015
134638572682
1781767387012
134685257804
1781767388013
134731963373
1781767389012
134778359678
1781767390015
134823897830
1781767391015
134870026313
1781767392012
134916107983
1781767393017
134961730119
1781767394016
135008435322
1781767395015
135056368793
1781767396015
135102654441
1781767397015
135150224204
1781767398015
135197093042
1781767399015
135244661707
1781767400014
135291380948
1781767401011
135338254363
1781767402013
135384538058
1781767403013
135430923559
1781767404012
135477908607
1781767405014
135525928931
1781767406012
135573212440
1781767407014
135619794108
1781767408014
135665764144
1781767409012
135711838978
1781767410015
135757817376
1781767411012
135804270382
1781767412015
135851964168
1781767413038
135898040466
1781767414015
135946376219
1781767415015
135994218382
1781767416015
136040916382
1781767417014
136086594000
1781767418014
136132531138
1781767419013
136179243116
1781767420016
136224617999
1781767421015
136270775047
1781767422012
136316433743
1781767423013
136362468599
1781767424015
136409344089
1781767425015
136456432347
1781767426014
136503225318
1781767427015
136549998209
1781767428013
136596269941
1781767429011
136645514749
1781767430015
136692098126
1781767431015
136738373825
1781767432012
136783978323
1781767433013
136830008723
1781767434015
136877374629
1781767435015
136925308894
1781767436015
136973226312
1781767437015
137019935482
1781767438012
137066957030
1781767439013
137114408995
1781767440015
137161628967
1781767441015
137209465637
1781767442014
137257739744
1781767443015
137306428890
1781767444015
137356918201
1781767445013
137405177660
1781767446015
137453407212
1781767447014
137501085191
1781767448015
137548305712
1781767449014
137596030260
1781767450015
137642297170
1781767451015
137689976003
1781767452012
137736865654
1781767453013
137785115591
1781767454015
137833733753
1781767455015
137881929858
1781767456012
137930347336
1781767457011
137977712572
1781767458014
138025684861
1781767459015
138074884259
1781767460013
138122725933
1781767461012
138170747600
1781767462016
138218163860
1781767463014
138265450299
1781767464015
138312934248
1781767465013
138361641459
1781767466012
138410291603
1781767467015
138458698340
1781767468014
138506478186
1781767469013
138554459325
1781767470012
138602263219
1781767471015
138650533847
1781767472015
138698953462
1781767473012
138747161102
1781767474014
138797768761
1781767475011
138845858542
1781767476013
138892479578
1781767477012
138938200957
1781767478014
138984860140
1781767479013
139030981543
1781767480015
139076489239
1781767481015
139122368821
1781767482012
139167625114
1781767483014
139213654964
1781767484015
139260471434
1781767485013
139308345884
1781767486013
139355156067
1781767487012
139401136967
1781767488012
139448526799
1781767489013
139497785707
1781767490011
139543967778
1781767491014
139590563545
1781767492012
139636736767
1781767493013
139682896439
1781767494015
139730553848
1781767495015
139778183792
1781767496015
139824544758
1781767497015
139870267663
1781767498015
139915680206
1781767499015
139962195895
1781767500015
140008362708
1781767501015
140054929300
1781767502015
140101705059
1781767503015
140148316024
1781767504015
140197825846
1781767505013
140245799661
1781767506015
140291441268
1781767507013
140337357410
1781767508013
140383367485
1781767509014
140429662044
1781767510015
140475872436
1781767511014
140521876163
1781767512012
140567157298
1781767513012
140612794327
1781767514015
140659358172
1781767515015
140706759906
1781767516013
140752890892
1781767517013
140799261867
1781767518015
140845904631
1781767519015
140892683564
1781767520013
140938726232
1781767521015
140985222328
1781767522012
141031830119
1781767523015
141077810043
1781767524015
141125257675
1781767525015
141172411363
1781767526015
141218928456
1781767527013
141264595881
1781767528016
141310515929
1781767529012
141356235905
1781767530013
141402159005
1781767531013
141448644909
1781767532012
141501184508
1781767533136
141542911147
1781767534013
141591890697
1781767535013
141639911875
1781767536012
141686392653
1781767537012
141732243060
1781767538012
141778402854
1781767539012
141825303857
1781767540015
141871908474
1781767541013
141918148529
1781767542014
141963945043
1781767543014
142009516398
1781767544015
142056058942
1781767545015
142103825910
1781767546012
142150527939
1781767547015
142196588063
1781767548014
142243287467
1781767549014
142290978507
1781767550015
142337321650
1781767551015
142383251647
1781767552013
142430090883
1781767553015
142475773505
1781767554013
142522999031
1781767555016
142570041208
1781767556013
142616592969
1781767557015
142661762592
1781767558012
142707382470
1781767559013
142753022734
1781767560015
142798788303
1781767561011
142845391517
1781767562015
142891729289
1781767563014
142939675943
1781767564015
142989280369
1781767565015
143036830480
1781767566015
143083635474
1781767567015
143129240094
1781767568016
143175398057
1781767569013
143221541677
1781767570015
143266869625
1781767571013
143313476317
1781767572015
143359208499
1781767573013
143405260811
1781767574015
143452414621
1781767575013
143499629954
1781767576013
143547793710
1781767577015
143594130750
1781767578014
143640302384
1781767579015
143687886369
1781767580015
143734084249
1781767581014
143780389611
1781767582014
143827566675
1781767583015
143873659209
1781767584015
143920655671
1781767585014
143967448397
1781767586015
144014255407
1781767587015
144059726543
1781767588014
144105674118
1781767589012
144151405751
1781767590012
144198151664
1781767591014
144244472896
1781767592013
144290656249
1781767593012
144337828858
1781767594013
144386952939
1781767595015
144434303342
1781767596013
144480857422
1781767597014
144526569464
1781767598014
144572114147
1781767599015
144618101151
1781767600015
144663602133
1781767601014
144709898584
1781767602013
144755926970
1781767603015
144801496372
1781767604013
144849004246
1781767605015
144895894263
1781767606011
144942972206
1781767607015
144989590007
1781767608015
145036076094
1781767609015
145083730696
1781767610016
145129432483
1781767611011
145175932914
1781767612015
145222133174
1781767613012
145267801819
1781767614012
145315056886
1781767615013
145362709474
1781767616013
145410347841
1781767617014
145455580513
1781767618015
145501726391
1781767619015
145547544023
1781767620013
145594275593
1781767621015
145640714927
1781767622016
145686741542
1781767623014
145734387661
1781767624014
145784265463
1781767625015
145831352867
1781767626014
145878454125
1781767627015
145923791900
1781767628013
145970094028
1781767629014
146015935585
1781767630015
146061861310
1781767631015
146108602828
1781767632015
146155201464
1781767633013
146201966969
1781767634015
146248898673
1781767635014
146295910332
1781767636014
146342335689
1781767637014
146388529541
1781767638015
146434946597
1781767639015
146483744324
1781767640012
146529472783
1781767641015
146575933724
1781767642015
146622627330
1781767643014
146668086747
1781767644011
146715279986
1781767645015
146761968404
1781767646016
146808855613
1781767647015
146854253507
1781767648016
146899727207
1781767649015
146944956583
1781767650014
146990539291
1781767651015
147037242358
1781767652013
147084211659
1781767653015
147130984977
1781767654011
147180032580
1781767655012
147227210194
1781767656012
147274145560
1781767657013
147319881221
1781767658014
147366088256
1781767659015
147412265262
1781767660013
147457989083
1781767661015
147503566725
1781767662015
147549480182
1781767663013
147595432518
1781767664013
147642229456
1781767665012
147689614589
1781767666014
147736366117
1781767667013
147782481722
1781767668015
147828997777
1781767669014
147877399570
1781767670015
147923457984
1781767671013
147969461163
1781767672015
148016016952
1781767673015
148061907764
1781767674015
148108854605
1781767675012
148155690422
1781767676015
148202550776
1781767677014
148247809693
1781767678013
148293336615
1781767679012
148339291881
1781767680014
148385014176
1781767681015
148431429340
1781767682015
148478261435
1781767683012
148524562219
1781767684012
148573578024
1781767685013
148621510152
1781767686015
148668415489
1781767687013
148714058927
1781767688013
148759814730
1781767689012
148806153906
1781767690013
148851719951
1781767691014
148897334764
1781767692014
148943095450
1781767693016
148988920589
1781767694014
149035223998
1781767695015
149083124022
1781767696015
149129807008
1781767697013
149176078801
1781767698014
149222374154
1781767699015
149270336922
1781767700015
149316298474
1781767701015
149362548355
1781767702014
149408743245
1781767703014
149454873925
1781767704012
149501862757
1781767705015
149548483304
1781767706016
149595213348
1781767707013
149640443213
1781767708014
149685516401
1781767709012
149732042466
1781767710014
149777928884
1781767711015
149824293939
1781767712015
149870128477
1781767713014
149917345519
1781767714015
149967228936
1781767715014
150014333918
1781767716014
150060395446
1781767717013
150105690679
1781767718016
150151070141
1781767719013
150197211624
1781767720013
150242771322
1781767721012
150288294277
1781767722015
150333647859
1781767723015
150379353309
1781767724012
150426788612
1781767725015
150473968545
1781767726015
150521152506
1781767727015
150566626572
1781767728014
150612736073
1781767729014
150660862842
1781767730013
150706806755
1781767731012
150752405332
1781767732015
150798248599
1781767733010
150844286750
1781767734012
150891857185
1781767735012
150938850534
1781767736012
150985863475
1781767737012
151031875259
1781767738012
151077585530
1781767739013
151123842736
1781767740016
151170378933
1781767741013
151216824920
1781767742015
151263030001
1781767743015
151309731359
1781767744015
151359784820
1781767745015
151406993195
1781767746013
151453554843
1781767747015
151499216897
1781767748015
151544920210
1781767749014
151591000231
1781767750015
151637015494
1781767751015
151683848321
1781767752015
151729712217
1781767753015
151775559939
1781767754014
151822269720
1781767755015
151870205998
1781767756014
151916963447
1781767757012
151963848581
1781767758015
152010235181
1781767759015
152058314648
1781767760013
152104781692
1781767761013
152151196978
1781767762014
152196610192
1781767763012
152243722742
1781767764011
152291339381
1781767765015
152338935267
1781767766013
152386295375
1781767767014
152432894255
1781767768015
152478587498
1781767769012
152524517922
1781767770014
152570725018
1781767771014
152617705061
1781767772015
152663604907
1781767773015
152710476491
1781767774015
152759798509
1781767775012
152807449876
1781767776016
152854486132
1781767777012
152900245232
1781767778015
152946085446
1781767779012
152992371155
1781767780012
153038389836
1781767781015
153084367441
1781767782015
153129326310
1781767783013
153175653828
1781767784014
153222506186
1781767785012
153269701378
1781767786014
153316454127
1781767787016
153362259308
1781767788015
153407852331
1781767789014
153453582560
1781767790014
153499685103
1781767791015
153545836047
1781767792015
153591471245
1781767793014
153638390437
1781767794015
153685341305
1781767795015
153731682495
1781767796012
153778886354
1781767797016
153824038338
1781767798012
153869917371
1781767799013
153915603167
1781767800012
153961282127
1781767801015
154007498073
1781767802013
154059571426
1781767803135
154100932099
1781767804015
154150933253
1781767805012
154198427089
1781767806013
154245309171
1781767807016
154291193697
1781767808015
154338466220
1781767809015
154385843479
1781767810015
154431896157
1781767811011
154477749616
1781767812015
154523068897
1781767813015
154568300532
1781767814015
154615143551
1781767815014
154662443601
1781767816014
154708942994
1781767817014
154755552372
1781767818014
154801794929
1781767819015
154849287666
1781767820014
154895052076
1781767821014
154941294694
1781767822012
154987257833
1781767823013
155033915673
1781767824015
155081016321
1781767825012
155127768460
1781767826014
155173979218
1781767827015
155219040931
1781767828015
155264353254
1781767829015
155310199694
1781767830015
155356374198
1781767831013
155402609004
1781767832015
155449365964
1781767833014
155496873350
1781767834015
155545220760
1781767835011
155593355403
1781767836013
155639825499
1781767837015
155685027836
1781767838015
155730586924
1781767839014
155777035658
1781767840015
155822769610
1781767841015
155868249596
1781767842014
155913965666
1781767843012
155959644504
1781767844015
156006307654
1781767845015
156053655921
1781767846014
156101275977
1781767847014
156157726822
1781767848238
156194034712
1781767849016
156241193161
1781767850015
156284950007
1781767851012
156326664011
1781767852012
156371077106
1781767853012
156413374666
1781767854013
156456184920
1781767855014
156499323420
1781767856015
156542632513
1781767857016
156588142346
1781767858013
156633439837
1781767859012
156680136190
1781767860015
156725960902
1781767861013
156773316859
1781767862015
156819915861
1781767863015
156867135467
1781767864015
156916322780
1781767865012
156964242335
1781767866015
157010759611
1781767867013
157056797579
1781767868013
157106215788
1781767869013
157158205767
1781767870015
157204341086
1781767871013
157250652735
1781767872013
157296607756
1781767873014
157342734957
1781767874015
157389569798
1781767875012
157437121557
1781767876015
157483951820
1781767877015
157531155984
1781767878015
157577811321
1781767879015
157626074564
1781767880015
157672353681
1781767881012
157719065659
1781767882015
157764686636
1781767883013
157811955619
1781767884015
157858665521
1781767885012
157905925959
1781767886014
157954279657
1781767887011
158000634274
1781767888013
158045784976
1781767889012
158091636300
1781767890012
158137378248
1781767891012
158184093888
1781767892012
158231426652
1781767893036
158277794087
1781767894014
158326396197
1781767895015
158374641251
1781767896015
158421624407
1781767897015
158467666038
1781767898015
158513018949
1781767899016
158558662875
1781767900013
158604379189
1781767901015
158650772747
1781767902015
158697791242
1781767903015
158743659594
1781767904013
158790929553
1781767905013
158838833483
1781767906012
158886259815
1781767907014
158932575858
1781767908015
158979044123
1781767909015
159026376643
1781767910014
159072642516
1781767911012
159119084780
1781767912012
159165457586
1781767913014
159211716806
1781767914010
159259304697
1781767915014
159305884046
1781767916012
159352702956
1781767917011
159399212847
1781767918014
159445224082
1781767919013
159491105068
1781767920011
159537359649
1781767921015
159584300264
1781767922015
159630848912
1781767923015
159677075356
1781767924013
159726954928
1781767925013
159775369599
1781767926013
159822325228
1781767927015
159868256690
1781767928016
159914255962
1781767929013
159960776961
1781767930016
160006328419
1781767931015
160052495171
1781767932013
160099178890
1781767933016
160145171265
1781767934015
160192384584
1781767935011
160239998475
1781767936013
160286788151
1781767937015
160333448554
1781767938012
160379675181
1781767939013
160427302928
1781767940015
160473679274
1781767941013
160520608841
1781767942015
160566569844
1781767943012
160612976341
1781767944014
160661197531
1781767945012
160708437035
1781767946016
160754917873
1781767947012
160802118557
1781767948015
160848425995
1781767949015
160894084386
1781767950015
160940957802
1781767951016
160987345317
1781767952013
161033545028
1781767953015
161080151720
1781767954015
161128594162
1781767955014
161176639205
1781767956015
161225641765
1781767957015
161273499492
1781767958013
161321669779
1781767959014
161369752663
1781767960014
161417736610
1781767961015
161465794837
1781767962014
161513368934
1781767963014
161560879127
1781767964014
161609531468
1781767965015
161658552034
1781767966014
161707053802
1781767967011
161764793095
1781767968238
161801160922
1781767969015
161847869664
1781767970015
161893924600
1781767971012
161940388532
1781767972013
161986193468
1781767973013
162032265677
1781767974015
162079926688
1781767975013
162126922600
1781767976014
162173470454
1781767977012
162220011290
1781767978012
162265821536
1781767979013
162311651680
1781767980012
162357803418
1781767981015
162404174576
1781767982014
162450198567
1781767983015
162496823081
1781767984015
162545123983
1781767985015
162593012227
1781767986014
162639941978
1781767987013
162686320582
1781767988015
162732634733
1781767989013
162779272981
1781767990015
162825689122
1781767991015
162872060829
1781767992014
162917663862
1781767993015
162963590258
1781767994015
163010837512
1781767995015
163058093678
1781767996014
163105044913
1781767997012
163151244380
1781767998016
163198039487
1781767999015
163247362664
1781768000012
163293236448
1781768001012
163339918945
1781768002015
163385784245
1781768003014
163432312935
1781768004015
163480007454
1781768005016
163527095468
1781768006015
163574212474
1781768007015
163620657057
1781768008015
163666336201
1781768009014
163712179711
1781768010015
163757963163
1781768011013
163804940338
1781768012015
163851195530
1781768013016
163897956640
1781768014015
163946539829
1781768015013
163993820226
1781768016015
164041117468
1781768017016
164086617351
1781768018013
164133558332
1781768019015
164179505053
1781768020015
164225020134
1781768021015
164271552974
1781768022013
164319498286
1781768023013
164365799010
1781768024013
164413247069
1781768025016
164460462158
1781768026015
164507644716
1781768027013
164555987854
1781768028037
164603395936
1781768029012
164652826900
1781768030015
164701141718
1781768031015
164748272518
1781768032013
164794461792
1781768033014
164841000796
1781768034015
164888905581
1781768035015
164935584843
1781768036015
164983058172
1781768037013
165029420907
1781768038013
165075322279
1781768039014
165121689286
1781768040014
165167595968
1781768041013
165214579429
1781768042015
165261555567
1781768043015
165309110926
1781768044015
165357520226
1781768045015
165404668420
1781768046013
165452053553
1781768047015
165498512174
1781768048015
165544101901
1781768049015
165590495764
1781768050012
165636847452
1781768051012
165683237470
1781768052013
165729211718
1781768053013
165775057914
1781768054012
165821553767
1781768055014
165869071223
1781768056016
165915722227
1781768057012
165962174439
1781768058014
166008648442
1781768059015
166057048037
1781768060015
166103242133
1781768061012
166149981454
1781768062011
166196881663
1781768063014
166242936965
1781768064014
166290569534
1781768065015
166337505205
1781768066013
166384283649
1781768067014
166430168420
1781768068014
166475875456
1781768069012
166521784152
1781768070015
166567992652
1781768071015
166614739358
1781768072013
166661128094
1781768073015
166707569748
1781768074015
166756838543
1781768075015
166803867414
1781768076013
166851492658
1781768077014
166897148242
1781768078012
166943190178
1781768079014
166989882502
1781768080015
167035779052
1781768081012
167082673280
1781768082012
167128879827
1781768083013
167175163033
1781768084012
167222006053
1781768085014
167269348034
1781768086014
167316282545
1781768087012
167362545061
1781768088015
167409240315
1781768089015
167456969685
1781768090014
167503929221
1781768091015
167550469690
1781768092014
167597635280
1781768093014
167644059233
1781768094015
167691795622
1781768095011
167739162261
1781768096014
167785773714
1781768097016
167831275245
1781768098014
167877509990
1781768099011
167923384507
1781768100013
167969223318
1781768101012
168015646661
1781768102013
168061700071
1781768103015
168108445251
1781768104013
168158223749
1781768105015
168205433650
1781768106016
168252904293
1781768107013
168298589113
1781768108015
168344432806
1781768109014
168390870431
1781768110016
168436461318
1781768111013
168482720538
1781768112012
168527857935
1781768113013
168573683623
1781768114015
168620145235
1781768115014
168667386691
1781768116013
168714408666
1781768117012
168761063576
1781768118015
168809100440
1781768119013
168856627296
1781768120015
168902365033
1781768121015
168948253099
1781768122012
168994070669
1781768123013
169040239680
1781768124013
169087090207
1781768125011
169134620664
1781768126011
169181270996
1781768127014
169226691229
1781768128012
169272704905
1781768129015
169317903153
1781768130015
169363938680
1781768131012
169410596581
1781768132015
169456692105
1781768133014
169503094452
1781768134015
169551388640
1781768135012
169600608606
1781768136015
169648517786
1781768137015
169694051971
1781768138015
169740038853
1781768139014
169786259254
1781768140014
169832046368
1781768141014
169878282029
1781768142015
169924268667
1781768143015
169970043513
1781768144015
170016697141
1781768145015
170064035032
1781768146013
170110855042
1781768147013
170162583913
1781768148138
170203493355
1781768149015
170251841375
1781768150012
170297990671
1781768151015
170344117873
1781768152012
170390735490
1781768153015
170436929647
1781768154014
170484086447
1781768155015
170531817282
1781768156017
170578871544
1781768157015
170624552091
1781768158013
170670822664
1781768159014
170717263768
1781768160015
170763501198
1781768161015
170810215861
1781768162015
170856262619
1781768163014
170902642749
1781768164011
170950525927
1781768165014
170998181872
1781768166015
171044886708
1781768167010
171090764765
1781768168012
171137291989
1781768169014
171183006045
1781768170015
171228621529
1781768171015
171274902782
1781768172013
171320749528
1781768173015
171366898030
1781768174015
171413993491
1781768175015
171461509787
1781768176014
171507964441
1781768177014
171554088225
1781768178015
171600705293
1781768179012
171647946688
1781768180015
171694113806
1781768181013
171740568765
1781768182014
171786474288
1781768183012
171832933153
1781768184015
171879991931
1781768185014
171927237599
1781768186015
171974320791
1781768187015
172019951046
1781768188014
172065669923
1781768189015
172111714788
1781768190014
172157770334
1781768191015
172204388623
1781768192015
172250198198
1781768193015
172297274066
1781768194015
172346544326
1781768195016
172393802689
1781768196013
172440253437
1781768197016
172486738791
1781768198015
172532585048
1781768199014
172579043853
1781768200013
172625138217
1781768201015
172671071449
1781768202015
172717101788
1781768203012
172763617904
1781768204013
172810319262
1781768205014
172858184862
1781768206013
172905440051
1781768207015
172952216054
1781768208013
172999460440
1781768209015
173046092279
1781768210013
173091976866
1781768211015
173137867984
1781768212013
173183599434
1781768213014
173229670056
1781768214015
173276244522
1781768215012
173323639115
1781768216015
173369955524
1781768217012
173415273279
1781768218012
173461095733
1781768219015
173506715184
1781768220013
173552862588
1781768221014
173599159405
1781768222014
173644943407
1781768223012
173691143911
1781768224015
173740526170
1781768225015
173787678271
1781768226015
173833829520
1781768227015
173879821346
1781768228012
173925792236
1781768229015
173971617802
1781768230014
174017563669
1781768231012
174063202041
1781768232011
174108508321
1781768233012
174154249598
1781768234015
174201295010
1781768235015
174248407499
1781768236014
174295063019
1781768237015
174341656955
1781768238014
174388441442
1781768239015
174436566319
1781768240014
174482931862
1781768241015
174528886701
1781768242014
174573928699
1781768243012
174620193596
1781768244013
174666891596
1781768245012
174714585627
1781768246014
174760678588
1781768247015
174806647037
1781768248015
174852370858
1781768249014
174897879286
1781768250015
174943792743
1781768251013
174990119284
1781768252015
175036532862
1781768253015
175083289456
1781768254015
175131245632
1781768255012
175178655972
1781768256013
175224955048
1781768257015
175271162144
1781768258013
175316977640
1781768259015
175362672347
1781768260015
175408380299
1781768261015
175454376885
1781768262012
175500358579
1781768263012
175546051760
1781768264015
175593387882
1781768265015
175640683720
1781768266013
175687257575
1781768267011
175733886057
1781768268015
175780734204
1781768269015
175826743669
1781768270015
175872778524
1781768271015
175918938440
1781768272012
175965297513
1781768273015
176012777128
1781768274014
176060608609
1781768275013
176109353724
1781768276010
176157684411
1781768277014
176205262170
1781768278014
176253109276
1781768279014
176300448449
1781768280015
176347925623
1781768281015
176395654627
1781768282013
176443145777
1781768283014
176490377834
1781768284015
176540726704
1781768285014
176589463579
1781768286013
176638019302
1781768287015
176686769787
1781768288015
176734103406
1781768289014
176781588575
1781768290011
176828889968
1781768291014
176876537856
1781768292015
176923094927
1781768293014
176970132099
1781768294015
177018045184
1781768295012
177066964126
1781768296015
177114900466
1781768297015
177162914015
1781768298015
177211174817
1781768299013
177260007455
1781768300013
177307325816
1781768301015
177354757701
1781768302015
177402064221
1781768303014
177449800793
1781768304015
177498014720
1781768305014
177545852366
1781768306012
177594050118
1781768307011
177641875313
1781768308012
177689395272
1781768309013
177736472422
1781768310014
177783698742
1781768311015
177831030041
1781768312013
177878494642
1781768313015
177926663647
1781768314015
177976049568
1781768315014
178024857914
1781768316014
178073238894
1781768317014
178120896121
1781768318014
178168046024
1781768319014
178215364324
1781768320015
178262069954
1781768321014
178309674263
1781768322012
178356636911
1781768323012
178403507092
1781768324014
178450151992
1781768325015
178497549087
1781768326012
178545565993
1781768327014
178594288158
1781768328014
178640600784
1781768329014
178688087174
1781768330013
178734929400
1781768331016
178781780354
1781768332012
178828347190
1781768333015
178874438808
1781768334012
178921977688
1781768335011
178969030058
1781768336012
179016955655
1781768337012
179063967864
1781768338015
179110227084
1781768339015
179156465613
1781768340015
179202674235
1781768341015
179249465741
1781768342015
179296793562
1781768343015
179343472337
1781768344014
179392382734
1781768345012
179439937727
1781768346012
179487475142
1781768347013
179533437671
1781768348011
179579466728
1781768349012
179625984797
1781768350013
179671815246
1781768351013
179718118533
1781768352013
179763932686
1781768353013
179810085583
1781768354015
179856416702
1781768355015
179904323684
1781768356011
179951062456
1781768357013
179998623858
1781768358039
180043749902
1781768359015
180091384912
1781768360013
180137709195
1781768361014
180183653657
1781768362014
180229894445
1781768363015
180275993204
1781768364015
180323120524
1781768365015
180370001081
1781768366013
180417500715
1781768367013
180463472582
1781768368012
180509411368
1781768369013
180555964411
1781768370014
180602068968
1781768371011
180648386904
1781768372014
180694529303
1781768373013
180741464424
1781768374015
180789691107
1781768375015
180836862495
1781768376012
180883928964
1781768377015
180930602490
1781768378014
180977307570
1781768379013
181023649432
1781768380015
181069708640
1781768381014
181116359827
1781768382013
181162885648
1781768383015
181208750337
1781768384013
181255391514
1781768385014
181302762792
1781768386015
181349247597
1781768387014
181395470685
1781768388012
181441875717
1781768389017
181489202927
1781768390012
181535615345
1781768391013
181582671011
1781768392015
181628530818
1781768393013
181674288940
1781768394013
181721297121
1781768395015
181767978886
1781768396015
181815098272
1781768397016
181861059580
1781768398014
181908205944
1781768399015
181954340103
1781768400015
182000537495
1781768401015
182046840721
1781768402012
182093463771
1781768403015
182140605496
1781768404015
182190135520
1781768405012
182238588460
1781768406015
182285779196
1781768407016
182330922391
1781768408012
182377535675
1781768409016
182424014133
1781768410013
182469634744
1781768411015
182516077496
1781768412011
182562096482
1781768413013
182607892691
1781768414012
182654319818
1781768415012
182702274651
1781768416015
182749332087
1781768417015
182795640806
1781768418015
182842796508
1781768419015
182891903987
1781768420015
182938164184
1781768421015
182984888674
1781768422015
183032022342
1781768423014
183077965645
1781768424015
183124787974
1781768425014
183171243238
1781768426012
183218633681
1781768427012
183264687335
1781768428014
183311313558
1781768429013
183359468037
1781768430015
183407929461
1781768431012
183456783340
1781768432015
183505429150
1781768433015
183553989084
1781768434015
183601683054
1781768435013
183650257820
1781768436013
183698242988
1781768437014
183749849240
1781768438016
183797735165
1781768439013
183844175658
1781768440013
183889382269
1781768441014
183935579172
1781768442012
183981808607
1781768443013
184027092243
1781768444014
184073516441
1781768445015
184120693933
1781768446014
184166926358
1781768447014
184213325043
1781768448015
184259106420
1781768449012
184308600556
1781768450013
184356360627
1781768451015
184403215182
1781768452014
184449906286
1781768453014
184496438088
1781768454013
184544728125
1781768455015
184592512000
1781768456015
184640762670
1781768457011
184688088720
1781768458012
184733806255
1781768459011
184775836115
1781768460015
184819362676
1781768461013
184862385698
1781768462011
184904139498
1781768463015
184947055037
1781768464015
184992461781
1781768465015
185036037842
1781768466015
185077468400
1781768467015
185117142248
1781768468012
185158990103
1781768469015
185200111396
1781768470015
185240746912
1781768471013
185281591901
1781768472014
185321271914
1781768473014
185361872152
1781768474011
185403628453
1781768475015
185446452929
1781768476013
185488131594
1781768477015
185528965474
1781768478013
185572044038
1781768479015
185616885537
1781768480011
185657765986
1781768481014
185697980849
1781768482012
185737972324
1781768483014
185779285939
1781768484016
185820540533
1781768485014
185863090229
1781768486015
185905528536
1781768487011
185948272506
1781768488011
185988149906
1781768489012
186028381065
1781768490014
186069840188
1781768491013
186111101618
1781768492014
186152398204
1781768493014
186195556541
1781768494014
186241815883
1781768495013
186284536843
1781768496012
186326321221
1781768497012
186365834059
1781768498015
186407127288
1781768499013
186447446582
1781768500015
186488100714
1781768501015
186528955895
1781768502015
186569219097
1781768503015
186609129579
1781768504012
186650839494
1781768505014
186694219449
1781768506011
186736678752
1781768507013
186777840206
1781768508015
186820717355
1781768509014
186866793165
1781768510015
186907452851
1781768511012
186947987537
1781768512013
186988359626
1781768513014
187028828944
1781768514016
187071405434
1781768515015
187114019338
1781768516015
187156497501
1781768517014
187198102802
1781768518015
187238100075
1781768519014
187279366693
1781768520013
187320534496
1781768521014
187362475917
1781768522013
187403283063
1781768523014
187446301386
1781768524016
187491626526
1781768525013
187535334849
1781768526013
187578106712
1781768527015
187618352947
1781768528015
187659095519
1781768529011
187700413101
1781768530014
187741728974
1781768531016
187782166981
1781768532012
187821590342
1781768533012
187861787566
1781768534012
187904072858
1781768535015
187946773371
1781768536013
187987865551
1781768537015
188029930263
1781768538037
188071263714
1781768539015
188116866564
1781768540015
188157756901
1781768541014
188199923724
1781768542013
188240475439
1781768543014
188281385796
1781768544012
188323519172
1781768545015
188366076253
1781768546011
188407756566
1781768547015
188449056936
1781768548012
188489067027
1781768549014
188529212615
1781768550013
188569683581
1781768551014
188611549196
1781768552011
188653071490
1781768553012
188695754791
1781768554016
188742139194
1781768555012
188786131513
1781768556012
188827572325
1781768557012
188869011611
1781768558015
188909316317
1781768559012
188951207689
1781768560015
188991788701
1781768561012
189032714378
1781768562013
189073182414
1781768563015
189113783567
1781768564012
189155495802
1781768565012
189199012170
1781768566013
189241141273
1781768567015
189282323358
1781768568014
189325035468
1781768569013
189367923114
1781768570013
189409245091
1781768571012
189451782946
1781768572013
189491784186
1781768573011
189532130152
1781768574015
189574554910
1781768575015
189617327566
1781768576013
189658728827
1781768577015
189699557458
1781768578015
189739595930
1781768579015
189780331849
1781768580014
189821300005
1781768581014
189863041659
1781768582012
189905615830
1781768583036
189946389468
1781768584012
189991118357
1781768585012
190034000755
1781768586015
190075505653
1781768587015
190116720636
1781768588015
190156999647
1781768589012
190198526701
1781768590014
190239233994
1781768591012
190280602296
1781768592015
190320411338
1781768593012
190360833170
1781768594013
190401885799
1781768595011
190445504645
1781768596014
190487499289
1781768597014
190528923560
1781768598015
190572183947
1781768599015
190617596124
1781768600014
190658173534
1781768601013
190699493192
1781768602014
190740405929
1781768603013
190782008117
1781768604015
190823618545
1781768605012
190866605313
1781768606012
190909338846
1781768607013
190950960688
1781768608012
190991366773
1781768609015
191031640474
1781768610014
191072417530
1781768611013
191113901921
1781768612015
191155300680
1781768613014
191197566990
1781768614012
191240677658
1781768615012
191284452632
1781768616014
191326004527
1781768617013
191365988434
1781768618015
191406972643
1781768619015
191449275635
1781768620015
191489543171
1781768621014
191530502295
1781768622015
191570655085
1781768623013
191610432327
1781768624012
191652641509
1781768625015
191696111795
1781768626014
191737851740
1781768627015
191778481457
1781768628015
191821402124
1781768629013
191866941558
1781768630012
191908150742
1781768631013
191948788089
1781768632014
191988847679
1781768633012
192029144451
1781768634012
192071719781
1781768635015
192114920660
1781768636015
192156887959
1781768637015
192198528173
1781768638011
192239256462
1781768639012
192279479626
1781768640015
192320908047
1781768641015
192362701397
1781768642015
192404076963
1781768643012
192447488900
1781768644013
192493764172
1781768645012
192537324302
1781768646015
192579813085
1781768647013
192621273001
1781768648014
192662751655
1781768649015
192704709799
1781768650014
192745185831
1781768651015
192786227291
1781768652012
192826047501
1781768653013
192866808933
1781768654011
192908815295
1781768655015
192952405454
1781768656014
192994481030
1781768657013
193036546413
1781768658013
193078067364
1781768659012
193122088858
1781768660012
193162933968
1781768661012
193203754420
1781768662013
193245493815
1781768663015
193286568539
1781768664015
193329224253
1781768665013
193371989951
1781768666013
193413142922
1781768667013
193455383476
1781768668011
193496028391
1781768669012
193536407438
1781768670011
193578484174
1781768671013
193619811094
1781768672014
193661352797
1781768673037
193704410548
1781768674015
193750920500
1781768675015
193795629797
1781768676015
193837148306
1781768677012
193876928112
1781768678015
193917009674
1781768679014
193958520188
1781768680011
193999459658
1781768681014
194039842062
1781768682015
194079400982
1781768683015
194119846618
1781768684014
194161330094
1781768685012
194204924403
1781768686012
194246382549
1781768687012
194287382811
1781768688015
194329664807
1781768689015
194372440271
1781768690014
194413159954
1781768691014
194453378418
1781768692015
194492946921
1781768693011
194533985268
1781768694013
194575893241
1781768695015
194618706852
1781768696012
194659848044
1781768697015
194700917213
1781768698012
194741825922
1781768699013
194781792800
1781768700014
194823016876
1781768701015
194864167162
1781768702013
194905715151
1781768703016
194948556655
1781768704012
194992860436
1781768705012
195036168308
1781768706013
195077595570
1781768707015
195117415232
1781768708012
195157913358
1781768709015
195198758834
1781768710011
195240076111
1781768711015
195280661823
1781768712012
195321109962
1781768713013
195362013849
1781768714015
195403725961
1781768715015
195447324543
1781768716013
195489720980
1781768717015
195532294968
1781768718038
195573793030
1781768719012
195618590218
1781768720015
195659454371
1781768721012
195700287702
1781768722014
195740934570
1781768723012
195781495441
1781768724015
195823884126
1781768725013
195866289535
1781768726013
195908467284
1781768727015
195949234391
1781768728014
195990194308
1781768729014
196030194389
1781768730012
196071335458
1781768731015
196113108300
1781768732013
196155202370
1781768733036
196196415216
1781768734014
196242129088
1781768735015
196285372019
1781768736012
196327472253
1781768737012
196368285137
1781768738015
196408428894
1781768739012
196449090411
1781768740012
196490680149
1781768741013
196531948781
1781768742012
196572344673
1781768743014
196613352930
1781768744014
196654434063
1781768745015
196697568413
1781768746015
196739001717
1781768747013
196781248069
1781768748038
196823059730
1781768749014
196865606923
1781768750012
196906046090
1781768751015
196947301599
1781768752015
196987332442
1781768753011
197032377492
1781768754011
