114429745389
1781702158356
114456439839
1781702159014
114499175143
1781702160011
114540970690
1781702161014
114582688601
1781702162013
114621718713
1781702163014
114660774399
1781702164014
114700265997
1781702165012
114741598411
1781702166012
114782888222
1781702167014
114826392750
1781702168014
114867051276
1781702169014
114908000573
1781702170012
114949328714
1781702171012
114990304806
1781702172012
115029600481
1781702173013
115067972087
1781702174013
115107906555
1781702175013
115148706378
1781702176014
115187145977
1781702177012
115225996524
1781702178012
115265016016
1781702179012
115305160140
1781702180011
115346361817
1781702181013
115388580336
1781702182014
115430557036
1781702183013
115469394400
1781702184012
115508883739
1781702185012
115551189417
1781702186015
115590513779
1781702187013
115629325814
1781702188013
115668870146
1781702189012
115710760054
1781702190011
115751148744
1781702191012
115791222067
1781702192013
115829301010
1781702193013
115867926704
1781702194012
115908060696
1781702195012
115948251023
1781702196012
115989915711
1781702197012
116030894732
1781702198012
116070545876
1781702199012
116114381823
1781702200010
116159825066
1781702201013
116214127417
1781702202014
116285269752
1781702203012
116378090132
1781702204011
116473381453
1781702205012
116568053879
1781702206010
116663420396
1781702207011
116758453355
1781702208012
116853415332
1781702209012
116949228013
1781702210009
117044086535
1781702211011
117139117664
1781702212012
117234243153
1781702213011
117328896414
1781702214012
117423420403
1781702215011
117518239313
1781702216011
117612838986
1781702217012
117707657224
1781702218011
117802448852
1781702219012
117895693303
1781702220010
117990176765
1781702221012
118083585644
1781702222010
118177361222
1781702223012
118272296770
1781702224011
118367230060
1781702225012
118461596334
1781702226011
118556451865
1781702227011
118651812522
1781702228012
118747034385
1781702229012
118842233788
1781702230010
118936875391
1781702231012
119031881251
1781702232011
119127244166
1781702233011
119222702540
1781702234012
119318086939
1781702235011
119412659329
1781702236012
119508110684
1781702237012
119602160309
1781702238011
119696879427
1781702239011
119792985138
1781702240008
119888256073
1781702241011
119983294831
1781702242012
120078853974
1781702243012
120173692110
1781702244012
120268720187
1781702245012
120364090121
1781702246010
120459765901
1781702247012
120555370210
1781702248012
120650902253
1781702249012
120746916106
1781702250009
120842717436
1781702251011
120938648648
1781702252012
121034464687
1781702253012
121130189966
1781702254012
121225779688
1781702255011
121320764064
1781702256012
121415773037
1781702257010
121511267787
1781702258012
121607036219
1781702259012
121703089440
1781702260009
121799039267
1781702261012
121894661825
1781702262011
121990530965
1781702263012
122086205158
1781702264012
122182175982
1781702265012
122277519305
1781702266011
122373533707
1781702267011
122469409561
1781702268011
122565178053
1781702269012
122661486889
1781702270009
122755091813
1781702271011
122848466757
1781702272012
122943321555
1781702273011
123039332601
1781702274012
123135134541
1781702275012
123230768879
1781702276008
123326534686
1781702277012
123422344316
1781702278012
123518138992
1781702279012
123614073195
1781702280009
123710068250
1781702281010
123805876964
1781702282012
123901891123
1781702283012
123997684518
1781702284010
124093608772
1781702285012
124188984138
1781702286011
124284574713
1781702287011
124381155643
1781702288012
124477211427
1781702289012
124573179199
1781702290009
124669180113
1781702291012
124764948362
1781702292012
124860997615
1781702293012
124957032831
1781702294012
125052676019
1781702295011
125148260979
1781702296011
125244564443
1781702297012
125340645618
1781702298011
125436826891
1781702299011
125533255782
1781702300008
125629121564
1781702301011
125724594770
1781702302012
125820561077
1781702303012
125916802408
1781702304012
126012366799
1781702305012
126108358192
1781702306012
126205119052
1781702307012
126301278108
1781702308011
126397255340
1781702309011
126493575833
1781702310009
126589232205
1781702311011
126684627346
1781702312011
126780660914
1781702313012
126876149439
1781702314010
126972279808
1781702315012
127067330590
1781702316011
127162709740
1781702317012
127258476036
1781702318012
127353950157
1781702319012
127450014608
1781702320009
127545949421
1781702321012
127641366535
1781702322011
127737070819
1781702323011
127832532794
1781702324012
127927912738
1781702325011
128023347247
1781702326012
128119158586
1781702327012
128214893326
1781702328012
128310373673
1781702329012
128406224929
1781702330009
128501617018
1781702331012
128596137223
1781702332011
128691360429
1781702333011
128786950089
1781702334012
128882114702
1781702335012
128977258745
1781702336009
129073120987
1781702337012
129168239518
1781702338011
129263496416
1781702339011
129359546524
1781702340008
129454829178
1781702341012
129550226761
1781702342012
129645295792
1781702343011
129740869156
1781702344012
129836406509
1781702345011
129931054887
1781702346012
130026590776
1781702347012
130122584854
1781702348012
130217897781
1781702349012
130312352129
1781702350010
130407016621
1781702351011
130501895772
1781702352011
130597306661
1781702353012
130693383075
1781702354012
130788799823
1781702355012
130881581507
1781702356012
130976687220
1781702357012
131069406526
1781702358011
131163281408
1781702359011
131259163487
1781702360009
131354103796
1781702361011
131449164160
1781702362013
131544527625
1781702363012
131639504371
1781702364012
131734101846
1781702365011
131828771404
1781702366010
131924716837
1781702367012
132020302224
1781702368013
132115793130
1781702369012
132211129006
1781702370008
132306866005
1781702371012
132402331276
1781702372013
132497452797
1781702373012
132592930275
1781702374012
132688273415
1781702375011
132782792521
1781702376012
132877672222
1781702377012
132972789410
1781702378010
133068292523
1781702379012
133163684307
1781702380009
133258880475
1781702381012
133354099347
1781702382011
133449961895
1781702383012
133545332744
1781702384012
133640698162
1781702385011
133735798931
1781702386012
133831271038
1781702387011
133926788616
1781702388012
134022049602
1781702389012
134117576641
1781702390009
134212973308
1781702391012
134307513654
1781702392011
134402996137
1781702393012
134498665936
1781702394012
134594153668
1781702395011
134689627605
1781702396010
134784373518
1781702397012
134878545212
1781702398012
134974490768
1781702399012
135069893722
1781702400008
135165515303
1781702401011
135261237104
1781702402012
135356153487
1781702403011
135451526839
1781702404012
135546507064
1781702405011
135641514573
1781702406012
135736331957
1781702407012
135831903490
1781702408012
135927266100
1781702409012
136023103318
1781702410012
136120947733
1781702411012
136221501125
1781702412012
136321000016
1781702413012
136420953129
1781702414011
136516807681
1781702415011
136611945255
1781702416012
136707084111
1781702417012
136802240971
1781702418012
136897165899
1781702419012
136992637518
1781702420011
137087197456
1781702421012
137181897897
1781702422012
137277972725
1781702423012
137373481086
1781702424011
137469158759
1781702425012
137564049141
1781702426010
137659936224
1781702427012
137755139045
1781702428011
137850438911
1781702429012
137946565068
1781702430011
138042098332
1781702431012
138137479741
1781702432012
138232774358
1781702433011
138328292668
1781702434012
138423676091
1781702435012
138522133175
1781702436048
138613191658
1781702437012
138708178597
1781702438012
138803544442
1781702439012
138899209358
1781702440009
138994480843
1781702441012
139089808296
1781702442011
139185252754
1781702443012
139280781501
1781702444012
139375980659
1781702445012
139470602915
1781702446011
139565920481
1781702447012
139660806346
1781702448012
139756001659
1781702449012
139851525035
1781702450010
139946176282
1781702451010
140041026992
1781702452012
140136274306
1781702453012
140231392410
1781702454012
140326592850
1781702455010
140421907242
1781702456012
140517486526
1781702457012
140612929092
1781702458014
140707963395
1781702459012
140803550552
1781702460009
140897309162
1781702461010
140990888879
1781702462011
141086485863
1781702463012
141181696130
1781702464011
141277067590
1781702465012
141372115442
1781702466012
141466769435
1781702467012
141562225368
1781702468012
141657739528
1781702469011
141753750573
1781702470009
141849425072
1781702471011
141944838646
1781702472012
142040669272
1781702473011
142136519796
1781702474012
142232245320
1781702475012
142327410543
1781702476012
142422581503
1781702477012
142517768271
1781702478011
142613018454
1781702479012
142708680685
1781702480008
142803882101
1781702481012
142897692164
1781702482012
142991809233
1781702483012
143085494051
1781702484012
143180180027
1781702485011
143273636209
1781702486011
143368890543
1781702487008
143465147926
1781702488012
143560586585
1781702489012
143656451696
1781702490008
143752477085
1781702491012
143848200839
1781702492012
143944140413
1781702493012
144039809540
1781702494011
144135454864
1781702495012
144230211702
1781702496013
144325011020
1781702497012
144420550326
1781702498010
144515921298
1781702499012
144611689363
1781702500010
144707138337
1781702501012
144802617463
1781702502012
144898455597
1781702503011
144994477507
1781702504011
145089904936
1781702505012
145185464872
1781702506012
145280730009
1781702507012
145376827480
1781702508011
145472871607
1781702509012
145568190515
1781702510008
145665078024
1781702511048
145756517304
1781702512012
145851939179
1781702513011
145947652862
1781702514012
146043401762
1781702515011
146138691679
1781702516011
146234467618
1781702517009
146330419216
1781702518012
146426152980
1781702519012
146522268761
1781702520010
146617637231
1781702521012
146713187889
1781702522011
146809030295
1781702523012
146904198570
1781702524010
147000141623
1781702525012
147095429220
1781702526012
147190931600
1781702527012
147287262653
1781702528012
147382945879
1781702529012
147479024369
1781702530009
147574829665
1781702531012
147670587843
1781702532011
147766599682
1781702533012
147862526011
1781702534012
147958466928
1781702535013
148054143990
1781702536012
148149880073
1781702537011
148245865973
1781702538012
148341789006
1781702539011
148438072695
1781702540010
148537206535
1781702541050
148628521304
1781702542012
148724317140
1781702543010
148820343628
1781702544013
148916162413
1781702545012
149011595580
1781702546011
149107043089
1781702547009
149203396114
1781702548012
149297172974
1781702549012
149392851256
1781702550009
149488259704
1781702551012
149583409179
1781702552012
149678638184
1781702553012
149773970520
1781702554011
149869615173
1781702555012
149964286317
1781702556012
150058909732
1781702557011
150154561953
1781702558012
150249931155
1781702559011
150345695497
1781702560009
150441527161
1781702561011
150537419860
1781702562011
150633579342
1781702563012
150728831784
1781702564011
150824404782
1781702565011
150919964046
1781702566012
151015550349
1781702567012
151111032832
1781702568011
151206294917
1781702569012
151302156488
1781702570009
151397217219
1781702571011
151491873532
1781702572012
151587359066
1781702573012
151682749935
1781702574011
151777972470
1781702575011
151873390683
1781702576011
151968948727
1781702577012
152065142816
1781702578011
152161174003
1781702579012
152256937980
1781702580009
152352516714
1781702581011
152447598563
1781702582011
152543056510
1781702583012
152638664786
1781702584011
152734226003
1781702585012
152829410269
1781702586012
152924200309
1781702587011
153019234612
1781702588012
153114782280
1781702589012
153210466727
1781702590007
153304340266
1781702591010
153399565303
1781702592012
153494909115
1781702593011
153590685603
1781702594012
153686504938
1781702595012
153781977593
1781702596012
153877749931
1781702597012
153973652945
1781702598012
154069490041
1781702599013
154165758166
1781702600010
154261368029
1781702601012
154356407580
1781702602011
154452171984
1781702603012
154547671617
1781702604012
154642951525
1781702605012
154738511033
1781702606011
154834539657
1781702607012
154929654038
1781702608012
155023897449
1781702609012
155119978380
1781702610012
155215990158
1781702611012
155311691268
1781702612011
155407817609
1781702613012
155503932780
1781702614010
155600070840
1781702615012
155695551674
1781702616014
155790614236
1781702617011
155886649024
1781702618012
155982184302
1781702619012
156077842688
1781702620009
156173481054
1781702621012
156268941442
1781702622011
156364541905
1781702623010
156460866854
1781702624012
156556973358
1781702625012
156652292755
1781702626012
156748421721
1781702627013
156844287991
1781702628011
156939800076
1781702629012
157035647731
1781702630011
157130801601
1781702631012
157226332729
1781702632012
157321893092
1781702633012
157417419947
1781702634011
157513696434
1781702635013
157608918602
1781702636012
157704613365
1781702637012
157800836995
1781702638012
157896306233
1781702639012
157992432879
1781702640010
158088761673
1781702641012
158184650832
1781702642011
158279962539
1781702643011
158375821851
1781702644008
158471920055
1781702645011
158589947280
1781702646250
158662150464
1781702647010
158757808972
1781702648011
158853694285
1781702649012
158949195261
1781702650010
159045006478
1781702651011
159140434457
1781702652012
159235871224
1781702653012
159331310738
1781702654011
159427187507
1781702655011
159522747077
1781702656011
159618749028
1781702657012
159714308720
1781702658010
159810166263
1781702659012
159906137575
1781702660008
160001620973
1781702661011
160097243775
1781702662011
160192988037
1781702663011
160288779540
1781702664012
160384306639
1781702665011
160479797788
1781702666012
160575381101
1781702667012
160671407466
1781702668012
160767028559
1781702669012
160863126336
1781702670010
160958803032
1781702671012
161054677725
1781702672012
161150462697
1781702673012
161246410328
1781702674011
161342756761
1781702675012
161438122544
1781702676012
161533440416
1781702677011
161629629806
1781702678011
161725370588
1781702679012
161821445111
1781702680009
161917499918
1781702681012
162013112894
1781702682012
162108876626
1781702683012
162204248086
1781702684012
162298094708
1781702685012
162392200546
1781702686011
162488123213
1781702687011
162583864423
1781702688011
162679760357
1781702689010
162775927286
1781702690010
162871386026
1781702691011
162966814981
1781702692012
163062683754
1781702693012
163158450965
1781702694012
163254288977
1781702695011
163349801366
1781702696011
163445499974
1781702697012
163540993382
1781702698008
163637230074
1781702699012
163733354706
1781702700009
163829258147
1781702701012
163924918730
1781702702012
164020514554
1781702703011
164115797147
1781702704012
164211273160
1781702705013
164304994112
1781702706012
164398298560
1781702707012
164492824441
1781702708012
164587978739
1781702709010
164682710002
1781702710009
164777884869
1781702711011
164873214214
1781702712012
164969096659
1781702713011
165064639994
1781702714012
165159852946
1781702715011
165255187602
1781702716011
165350231548
1781702717012
165445833171
1781702718011
165541352702
1781702719012
165637475869
1781702720011
165732778176
1781702721012
165827770914
1781702722013
165923493142
1781702723012
166018995278
1781702724011
166114108133
1781702725012
166209621194
1781702726012
166304830178
1781702727012
166400364541
1781702728008
166496370948
1781702729012
166592291906
1781702730009
166688034398
1781702731012
166783392247
1781702732011
166878870396
1781702733011
166974377476
1781702734011
167069855747
1781702735012
167164665013
1781702736012
167259717932
1781702737011
167355412023
1781702738012
167451065647
1781702739012
167547274141
1781702740010
167642774751
1781702741012
167738186250
1781702742012
167833578645
1781702743012
167929290803
1781702744012
168024749909
1781702745012
168120178009
1781702746015
168215396149
1781702747012
168311257293
1781702748012
168406769255
1781702749012
168503071682
1781702750010
168596444856
1781702751008
168690664769
1781702752011
168786489780
1781702753011
168882040195
1781702754012
168977863130
1781702755012
169073408113
1781702756011
169168720796
1781702757012
169264179414
1781702758012
169359983368
1781702759011
169456044829
1781702760011
169552226162
1781702761012
169647668239
1781702762010
169743948694
1781702763011
169839953270
1781702764011
169935401878
1781702765011
170031038718
1781702766011
170126290122
1781702767012
170222090780
1781702768011
170317924763
1781702769011
170414023089
1781702770012
170509498309
1781702771012
170605185319
1781702772011
170700956009
1781702773012
170796701919
1781702774012
170891926712
1781702775012
170987058915
1781702776012
171082243607
1781702777010
171177736588
1781702778013
171273137162
1781702779012
171368842910
1781702780010
171463965286
1781702781012
171558906572
1781702782012
171654054522
1781702783011
171749712968
1781702784012
171844820574
1781702785011
171940017474
1781702786012
172035362933
1781702787012
172131048173
1781702788012
172226633439
1781702789012
172322657424
1781702790009
172418385756
1781702791011
172513709059
1781702792011
172609318494
1781702793011
172704698499
1781702794011
172800099805
1781702795012
172893108906
1781702796012
172986510278
1781702797011
173082538535
1781702798012
173178799703
1781702799012
173274819537
1781702800010
173369241964
1781702801012
173452865041
1781702802012
173536490254
1781702803012
173620213734
1781702804012
173703973224
1781702805012
173767357156
1781702806012
173819580533
1781702807011
173873360913
1781702808012
173917408163
1781702809012
173964075341
1781702810041
174008810151
1781702811013
174063751722
1781702812014
174132419332
1781702813012
174224234160
1781702814011
174319040558
1781702815012
174414522674
1781702816011
174510016815
1781702817012
174605698332
1781702818012
174701068267
1781702819010
174795533479
1781702820010
174891016145
1781702821012
174986557953
1781702822011
175083097074
1781702823012
175178421537
1781702824011
175273900968
1781702825011
175369011015
1781702826012
175463546478
1781702827012
175558746003
1781702828012
175653901277
1781702829012
175749272248
1781702830008
175844753388
1781702831012
175939857026
1781702832011
176035388398
1781702833010
176131039826
1781702834012
176226135285
1781702835012
176321075472
1781702836012
176415978488
1781702837012
176511306125
1781702838012
176606699863
1781702839012
176702185763
1781702840009
176799221098
1781702841048
176890361246
1781702842012
176985900003
1781702843011
177081279702
1781702844012
177176572916
1781702845011
177271683817
1781702846012
177366843974
1781702847011
177462040385
1781702848012
177557501872
1781702849012
177653121683
1781702850008
177747966594
1781702851010
177843267742
1781702852014
177938012678
1781702853010
178033313154
1781702854012
178128455427
1781702855012
178223116623
1781702856011
178317365527
1781702857011
178413130480
1781702858011
178508669298
1781702859012
178604230394
1781702860008
178699599046
1781702861012
178794358142
1781702862013
178889379383
1781702863011
178984790149
1781702864012
179080111683
1781702865012
179175095448
1781702866012
179270338246
1781702867012
179365186759
1781702868012
179459886589
1781702869011
179555141106
1781702870010
179649850947
1781702871011
179744925716
1781702872014
179839459714
1781702873012
179934705198
1781702874012
180030004087
1781702875012
180124656250
1781702876011
180219599793
1781702877012
180314102725
1781702878012
180409551700
1781702879011
180505039309
1781702880010
180600255252
1781702881011
180695469364
1781702882011
180790808414
1781702883012
180885842717
1781702884010
180981509891
1781702885011
181089509065
1781702886149
181171536565
1781702887012
181267172185
1781702888012
181361116769
1781702889011
181454989087
1781702890008
181549988477
1781702891011
181645070631
1781702892013
181740146865
1781702893012
181834987931
1781702894012
181929958452
1781702895012
182024648639
1781702896011
182119461202
1781702897012
182214494039
1781702898011
182309389426
1781702899012
182404633201
1781702900010
182499391931
1781702901012
182594253748
1781702902012
182689586207
1781702903012
182784665553
1781702904012
182879365506
1781702905012
182974486418
1781702906012
183068525728
1781702907012
183163137729
1781702908011
183258085911
1781702909009
183353902011
1781702910009
183448890293
1781702911012
183544247959
1781702912011
183639268773
1781702913011
183734521520
1781702914012
183829309425
1781702915012
183923857400
1781702916011
184017806684
1781702917011
184112572676
1781702918012
184207342942
1781702919011
184302757920
1781702920010
184397784349
1781702921012
184492793688
1781702922012
184587925341
1781702923011
184682627430
1781702924011
184777773732
1781702925013
184872157341
1781702926011
184966904230
1781702927011
185061656428
1781702928011
185154374026
1781702929012
185249387820
1781702930008
185344479801
1781702931012
185438546699
1781702932012
185533462594
1781702933011
185628434274
1781702934011
185723497324
1781702935012
185818414684
1781702936012
185913089613
1781702937012
186008216444
1781702938014
186103120559
1781702939011
186199000624
1781702940010
186294214003
1781702941011
186389026321
1781702942011
186484170914
1781702943012
186579131303
1781702944012
186673893695
1781702945011
186768324789
1781702946012
186862423791
1781702947012
186956985805
1781702948012
187051869900
1781702949012
187147396145
1781702950008
187242521268
1781702951013
187337383208
1781702952011
187432413970
1781702953012
187527290253
1781702954012
187622624116
1781702955011
187717156832
1781702956012
187812150303
1781702957011
187907259190
1781702958012
188002425023
1781702959012
188098057286
1781702960010
188192659582
1781702961012
188286926858
1781702962012
188381947916
1781702963010
188476799602
1781702964011
188572000042
1781702965011
188667455974
1781702966014
188762124738
1781702967012
188857261702
1781702968012
188952240646
1781702969012
189047890853
1781702970011
189143257369
1781702971014
189238108322
1781702972012
189333031175
1781702973012
189427966235
1781702974012
189523066272
1781702975012
189621420207
1781702976048
189712425406
1781702977012
189807423881
1781702978011
189902447747
1781702979010
189997915154
1781702980011
190092993463
1781702981010
190187954645
1781702982010
190283522333
1781702983011
190379173455
1781702984012
190474569268
1781702985012
190569698175
1781702986010
190665111078
1781702987012
190759976374
1781702988012
190854749874
1781702989011
190950173031
1781702990010
191045108396
1781702991012
191139655822
1781702992012
191234537476
1781702993012
191329473879
1781702994011
191424825502
1781702995012
191519710819
1781702996013
191614332647
1781702997012
191709258856
1781702998012
191803869698
1781702999011
191899683906
1781703000010
191994595467
1781703001011
192089215586
1781703002010
192184266918
1781703003012
192279094983
1781703004014
192373627822
1781703005010
192468203874
1781703006012
192562425007
1781703007012
192657156149
1781703008012
192752127708
1781703009011
192847234093
1781703010008
192942625572
1781703011012
193037212610
1781703012012
193132062953
1781703013012
193226896268
1781703014011
193322026456
1781703015012
193415546725
1781703016011
193510015416
1781703017012
193605042333
1781703018012
193700370763
1781703019011
193795565588
1781703020009
193893971952
1781703021048
193983706769
1781703022011
194077969467
1781703023012
194173478988
1781703024012
194268512375
1781703025012
194363673814
1781703026011
194458838365
1781703027012
194553808825
1781703028012
194649023791
1781703029012
194744918688
1781703030010
194839841174
1781703031012
194934945423
1781703032012
195030299854
1781703033012
195125435963
1781703034012
195220893604
1781703035011
195338182733
1781703036250
195410368339
1781703037011
195505404656
1781703038011
195600597771
1781703039012
195695829217
1781703040008
195791159600
1781703041010
195886537774
1781703042012
195981664545
1781703043012
196076795344
1781703044011
196171639706
1781703045011
196266761471
1781703046011
196362060971
1781703047012
196457125608
1781703048012
196552318357
1781703049012
196647676817
1781703050009
196742719237
1781703051012
196837138368
1781703052012
196932384401
1781703053012
197027558535
1781703054011
197123224123
1781703055010
197218952393
1781703056012
197314065126
1781703057013
197409465211
1781703058012
197504910462
1781703059011
197600701233
1781703060009
197695994019
1781703061012
197791286133
1781703062012
197886447388
1781703063012
197981491090
1781703064012
198076779543
1781703065012
198184305268
1781703066148
198265717291
1781703067012
198361024421
1781703068012
198455947639
1781703069011
198551563850
1781703070010
198646681526
1781703071012
198741905831
1781703072011
198837561897
1781703073012
198932890693
1781703074012
199028243171
1781703075010
199123618049
1781703076012
199218697274
1781703077011
199314458442
1781703078012
199410136420
1781703079012
199505721807
1781703080010
199599808176
1781703081012
199692537797
1781703082012
199787556047
1781703083012
199882387530
1781703084012
199977294514
1781703085012
200072783832
1781703086012
200168077778
1781703087012
200263525715
1781703088012
200358983844
1781703089012
200454755022
1781703090008
200549877460
1781703091010
200644684834
1781703092012
200739577597
1781703093012
200834700644
1781703094012
200929609337
1781703095011
201024543847
1781703096012
201119213221
1781703097012
201214009304
1781703098012
201309175931
1781703099012
201404607571
1781703100010
201499781156
1781703101012
201595044523
1781703102012
201690126128
1781703103012
201785625700
1781703104012
201880821501
1781703105011
201975922271
1781703106012
202071287261
1781703107012
202166731353
1781703108010
202262122100
1781703109011
202357607878
1781703110008
202453164396
1781703111013
202547846832
1781703112012
202643192902
1781703113011
202738891509
1781703114012
202834749357
1781703115011
202929912810
1781703116011
203024847381
1781703117011
203120021332
1781703118012
203215104523
1781703119012
203310909881
1781703120008
203406963957
1781703121012
203502045622
1781703122012
203597638029
1781703123012
203692597930
1781703124010
203787824371
1781703125011
203886433676
1781703126048
203978061921
1781703127012
204073837738
1781703128012
204169452666
1781703129012
204262462072
1781703130008
204356600258
1781703131012
204451910195
1781703132012
204546862528
1781703133012
204641871562
1781703134011
204737395121
1781703135012
204832485332
1781703136011
204927603374
1781703137011
205023011394
1781703138012
205118419658
1781703139012
205214055888
1781703140010
205312805208
1781703141049
205403830671
1781703142010
205499394269
1781703143011
205595030010
1781703144010
205690734538
1781703145011
205785797161
1781703146012
205881078594
1781703147012
205976197797
1781703148012
206070945418
1781703149012
206166817365
1781703150008
206262756572
1781703151012
206358123455
1781703152012
206453478435
1781703153011
206549282450
1781703154011
206645024454
1781703155012
206739725444
1781703156010
206832562304
1781703157012
206926882314
1781703158011
207021904775
1781703159012
207116904715
1781703160010
207211977348
1781703161012
207306979485
1781703162012
207401962518
1781703163012
207496877070
1781703164012
207591716793
1781703165012
207686335387
1781703166011
207781256164
1781703167010
207876215272
1781703168012
207971197572
1781703169012
208066479189
1781703170009
208161037663
1781703171012
208255881963
1781703172010
208351031500
1781703173012
208445972846
1781703174011
208541354072
1781703175012
208636247506
1781703176012
208731566903
1781703177011
208826682687
1781703178012
208921667673
1781703179012
209017006480
1781703180010
209112361277
1781703181012
209207367381
1781703182011
209302910594
1781703183012
209397598828
1781703184011
209492670362
1781703185012
209587286575
1781703186012
209681929582
1781703187012
209776935442
1781703188011
209872321245
1781703189011
209968041459
1781703190009
210063548295
1781703191012
210158458452
1781703192012
210253202289
1781703193012
210347878927
1781703194012
210443362935
1781703195012
210538441549
1781703196012
210633413413
1781703197011
210728752647
1781703198012
210823993187
1781703199012
210919488487
1781703200010
211014330651
1781703201012
211109089869
1781703202012
211204077785
1781703203011
211299188809
1781703204012
211394350735
1781703205011
211489236174
1781703206012
211584428374
1781703207012
211679405242
1781703208011
211774422272
1781703209011
211869924347
1781703210009
211965409027
1781703211011
212060089571
1781703212012
212154817905
1781703213012
212249827122
1781703214012
212344459204
1781703215011
212439399452
1781703216012
212533586344
1781703217012
212628496380
1781703218012
212723540143
1781703219011
212818654401
1781703220010
212913666548
1781703221011
213008639694
1781703222012
213103847519
1781703223012
213199001084
1781703224012
213294062547
1781703225013
213388850390
1781703226012
213483550892
1781703227012
213578502309
1781703228012
213673445304
1781703229012
213768801688
1781703230010
213867255354
1781703231049
213958099543
1781703232011
214052920590
1781703233011
214147889157
1781703234012
214243151487
1781703235012
214338171507
1781703236012
214433320678
1781703237012
214528335998
1781703238012
214623783630
1781703239012
214719587584
1781703240009
214815137693
1781703241011
214910283141
1781703242012
215005432433
1781703243012
215100667175
1781703244011
215195767212
1781703245011
215290350039
1781703246013
215384728398
1781703247011
215479972051
1781703248011
215574967902
1781703249012
215670392157
1781703250010
215765406135
1781703251011
215860401741
1781703252012
215955284433
1781703253011
216050539011
1781703254011
216145943308
1781703255012
216238628007
1781703256012
216333153583
1781703257012
216428695758
1781703258012
216523594318
1781703259012
216619123493
1781703260009
216713510641
1781703261012
216806086942
1781703262011
216901139983
1781703263011
216996310454
1781703264011
217090880891
1781703265011
217186098421
1781703266012
217280852634
1781703267012
217375636327
1781703268012
217470636511
1781703269012
217565886572
1781703270009
217661149267
1781703271010
217756241492
1781703272012
217851267921
1781703273011
217946730018
1781703274012
218041811196
1781703275013
218136547159
1781703276012
218231129009
1781703277011
218326170941
1781703278012
218421593427
1781703279011
218517541179
1781703280009
218612596783
1781703281011
218707934429
1781703282012
218803163373
1781703283012
218898162580
1781703284012
218993132857
1781703285012
219087882553
1781703286012
219183133164
1781703287012
219277961596
1781703288011
219373413317
1781703289012
219469191758
1781703290009
219577337355
1781703291149
219659347765
1781703292012
219754415698
1781703293012
219849421314
1781703294012
219944381826
1781703295011
220039278311
1781703296011
220134037163
1781703297011
220229176141
1781703298012
220324251886
1781703299011
220419760919
1781703300011
220514921137
1781703301009
220610551690
1781703302012
220705623651
1781703303011
220800864252
1781703304011
220895579281
1781703305012
220990084654
1781703306012
221084619446
1781703307012
221179875855
1781703308012
221274510134
1781703309011
221369808780
1781703310009
221464915897
1781703311012
221559826665
1781703312012
221654602362
1781703313012
221749730842
1781703314012
221844918525
1781703315012
221939706246
1781703316012
222034597544
1781703317011
222129677562
1781703318011
222224766613
1781703319011
222320325878
1781703320010
222414918409
1781703321012
222509794448
1781703322011
222605153151
1781703323011
222699726945
1781703324012
222794586077
1781703325012
222889136311
1781703326011
222984035360
1781703327011
223079141440
1781703328010
223173790367
1781703329011
223269765525
1781703330010
223364766380
1781703331008
223460321555
1781703332011
223555134728
1781703333012
223649682826
1781703334011
223744788967
1781703335011
223839140105
1781703336012
223933570893
1781703337011
224028648470
1781703338012
224123169285
1781703339011
224218291478
1781703340009
224313337987
1781703341011
224408517431
1781703342012
224503960790
1781703343012
224599062048
1781703344010
224693927711
1781703345011
224788870644
1781703346012
224883831095
1781703347011
224978722759
1781703348012
225073889019
1781703349012
225169375652
1781703350010
225267575230
1781703351049
225359121565
1781703352012
225454440657
1781703353010
225549548995
1781703354011
225645029463
1781703355011
225740244918
1781703356011
225835393600
1781703357012
225930821578
1781703358012
226026014694
1781703359012
226121777144
1781703360009
226216582322
1781703361011
226310962878
1781703362013
226405769215
1781703363011
226500863027
1781703364012
226596032583
1781703365011
226691047599
1781703366012
226785313593
1781703367011
226880596003
1781703368011
226975600642
1781703369011
227071427179
1781703370009
227166806879
1781703371012
227261485286
1781703372012
227356439145
1781703373011
227451724545
1781703374011
227546668577
1781703375011
227641588927
1781703376012
227736767944
1781703377012
227831853272
1781703378012
227927105592
1781703379012
228022704224
1781703380010
228117849427
1781703381011
228212294315
1781703382012
228307510990
1781703383012
228402891361
1781703384012
228498085209
1781703385012
228593198369
1781703386012
228688532231
1781703387012
228783551763
1781703388011
228878859136
1781703389012
228974536443
1781703390009
229069877935
1781703391012
229165527226
1781703392010
229260882450
1781703393012
229356295109
1781703394012
229451931583
1781703395011
229546684880
1781703396012
229641140999
1781703397012
229736310860
1781703398012
229831216989
1781703399012
229927186714
1781703400010
230022412239
1781703401012
230117502572
1781703402011
230212994088
1781703403012
230308248727
1781703404012
230403259714
1781703405011
230498590342
1781703406011
230593417125
1781703407011
230689409433
1781703408012
230784618479
1781703409012
230880099375
1781703410009
230974462597
1781703411010
231058684733
1781703412012
231142458627
1781703413011
231214597664
1781703414011
231259525832
1781703415012
231314870356
1781703416012
231365767504
1781703417011
231418598973
1781703418012
231462461958
1781703419013
231503769897
1781703420010
231545045915
1781703421013
231589769494
1781703422013
231640565018
1781703423010
231695016966
1781703424012
231777367219
1781703425011
231870646216
1781703426014
231965560463
1781703427012
232061426490
1781703428012
232157022802
1781703429012
232253193272
1781703430010
232349338045
1781703431012
232444723299
1781703432010
232541171233
1781703433012
232636793974
1781703434010
232733259548
1781703435011
232829060633
1781703436012
232925179283
1781703437011
233021187399
1781703438011
233116918600
1781703439012
233213331256
1781703440012
233308573138
1781703441012
233403536762
1781703442012
233499236285
1781703443012
233595008501
1781703444012
233690535722
1781703445012
233786132096
1781703446011
233881958755
1781703447012
233977795180
1781703448012
234073681348
1781703449011
234169892405
1781703450010
234265939523
1781703451011
234361803962
1781703452008
234457860357
1781703453011
234553668156
1781703454012
234649763247
1781703455012
234745171206
1781703456012
234840915041
1781703457012
234936945495
1781703458011
235033044859
1781703459012
235129356380
1781703460011
235225408929
1781703461012
235321329338
1781703462012
235417318228
1781703463011
235513529713
1781703464012
235609288806
1781703465011
235705093431
1781703466010
235801381454
1781703467012
235897180830
1781703468011
235992506697
1781703469012
236088765850
1781703470010
236184264568
1781703471012
236279369366
1781703472011
236375404826
1781703473012
236471494729
1781703474011
236565990031
1781703475012
236661187114
1781703476010
236756976603
1781703477011
236853204506
1781703478012
236948903419
1781703479012
237045232090
1781703480010
237140808567
1781703481010
237236470126
1781703482008
237332701264
1781703483011
237427959016
1781703484010
237523340852
1781703485011
237618398470
1781703486010
237713709383
1781703487011
237809008700
1781703488012
237904951264
1781703489012
238000634369
1781703490010
238096762052
1781703491012
238192276517
1781703492011
238287961819
1781703493012
238384112147
1781703494011
238480218529
1781703495013
238576050010
1781703496012
238671756369
1781703497011
238767213461
1781703498011
238862988789
1781703499012
238959544817
1781703500010
239054692034
1781703501010
239149541340
1781703502012
239245247332
1781703503012
239341284379
1781703504011
239436640092
1781703505010
239531826066
1781703506011
239627418168
1781703507011
239723253677
1781703508011
239818445511
1781703509012
239914342299
1781703510008
240008553423
1781703511012
240103728350
1781703512011
240200536696
1781703513012
240296304578
1781703514012
240392075146
1781703515012
240487093457
1781703516012
240582045546
1781703517012
240677907239
1781703518012
240773161756
1781703519012
240868721692
1781703520008
240964365002
1781703521012
241060167125
1781703522012
241156281564
1781703523012
241252183784
1781703524012
241347555976
1781703525010
241443689885
1781703526012
241539204472
1781703527012
241634589299
1781703528012
241730145024
1781703529012
241826346682
1781703530010
241921916811
1781703531012
242016759402
1781703532012
242112289065
1781703533012
242207697573
1781703534011
242303512086
1781703535012
242399268311
1781703536012
242494652954
1781703537012
242590384521
1781703538012
242686133177
1781703539012
242782489620
1781703540009
242878139460
1781703541012
242973647944
1781703542012
243069578729
1781703543012
243165614005
1781703544011
243261979786
1781703545012
243357430897
1781703546011
243452978748
1781703547012
243548491077
1781703548011
243644068103
1781703549011
243740209458
1781703550009
243835943893
1781703551012
243931208420
1781703552012
244027253157
1781703553012
244123055829
1781703554012
244219132670
1781703555012
244314579264
1781703556012
244410135844
1781703557012
244505999429
1781703558012
244601794899
1781703559012
244697907629
1781703560010
244796826199
1781703561048
244889617221
1781703562013
244985444307
1781703563012
245080964143
1781703564011
245176687165
1781703565011
245272075409
1781703566012
245368120330
1781703567012
245462244783
1781703568012
245556111731
1781703569012
245651875646
1781703570009
245747490208
1781703571012
245843129490
1781703572012
245939199373
1781703573011
246034934235
1781703574011
246130698456
1781703575012
246225299104
1781703576013
246320382784
1781703577011
246416013094
1781703578011
246511741059
1781703579012
246607594940
1781703580010
246702759308
1781703581012
246798369903
1781703582014
246894041838
1781703583012
246989332610
1781703584012
247084964079
1781703585012
247180263823
1781703586011
247275637663
1781703587012
247371104948
1781703588012
247466423918
1781703589012
247562158292
1781703590008
247670981805
1781703591150
247752800992
1781703592012
247848043607
1781703593011
247943503202
1781703594011
248038794950
1781703595012
248133998076
1781703596010
248229796720
1781703597012
248325526028
1781703598012
248421054164
1781703599012
248516969935
1781703600010
248612712792
1781703601012
248708395958
1781703602012
248804092735
1781703603012
248899701682
1781703604011
248995318075
1781703605011
249090688681
1781703606012
249185323387
1781703607012
249280968284
1781703608013
249376498374
1781703609012
249473042072
1781703610009
249568543842
1781703611013
249664003863
1781703612012
249759211566
1781703613012
249854802935
1781703614012
249950569414
1781703615011
250045483111
1781703616010
250141303789
1781703617012
250236688494
1781703618011
250331964006
1781703619011
250428027725
1781703620009
250523240616
1781703621012
250617947283
1781703622012
250713732194
1781703623015
250808836992
1781703624011
250904495256
1781703625012
250999639116
1781703626012
251095098344
1781703627010
251190549150
1781703628012
251285765703
1781703629012
251381320329
1781703630009
251476720292
1781703631012
251571894121
1781703632014
251667195146
1781703633014
251761972919
1781703634011
251857545245
1781703635012
251952485065
1781703636011
252047023825
1781703637012
252142295737
1781703638012
252237702719
1781703639013
252333985004
1781703640010
252429649554
1781703641011
252525332110
1781703642011
252621138444
1781703643012
252716468339
1781703644012
252811893754
1781703645012
252906856890
1781703646012
253002386064
1781703647012
253097798418
1781703648011
253193495316
1781703649014
253289245864
1781703650010
253387815803
1781703651048
253478922564
1781703652012
253573727924
1781703653012
253669203815
1781703654012
253764964251
1781703655012
253860679521
1781703656011
253955899675
1781703657012
254051081072
1781703658012
254146061847
1781703659012
254241754046
1781703660010
254336878986
1781703661010
254432352923
1781703662013
254527615802
1781703663008
254623288897
1781703664010
254718842302
1781703665012
254815251601
1781703666049
254905433438
1781703667011
255000674345
1781703668012
255095722014
1781703669010
255191527982
1781703670010
255286601164
1781703671011
255382136869
1781703672014
255477064604
1781703673012
255571949860
1781703674012
255666940522
1781703675011
255761550754
1781703676011
255856584202
1781703677012
255952093357
1781703678011
256047236912
1781703679011
256142725986
1781703680010
256237571752
1781703681012
256332631933
1781703682011
256428100134
1781703683012
256523213904
1781703684012
256618541663
1781703685012
256713718787
1781703686012
256809029762
1781703687012
256904075539
1781703688012
256999110208
1781703689012
257094786842
1781703690008
257190362037
1781703691012
257285471108
1781703692012
257380715127
1781703693008
257476672645
1781703694012
257572241736
1781703695012
257667218910
1781703696011
257762167763
1781703697012
257857361550
1781703698012
257952679483
1781703699012
258048101419
1781703700009
258143406534
1781703701012
258238456034
1781703702012
258333676127
1781703703011
258429216471
1781703704012
258524313700
1781703705011
258619048138
1781703706010
258714328656
1781703707011
258809539655
1781703708012
258904610090
1781703709012
259000149885
1781703710010
259097759803
1781703711048
259187218498
1781703712011
259282470512
1781703713012
259378056205
1781703714012
259473267875
1781703715012
259568352104
1781703716011
259663412896
1781703717011
259758915887
1781703718012
259854483574
1781703719012
259950239493
1781703720008
260045322319
1781703721012
260140424126
1781703722012
260235722466
1781703723012
260331070184
1781703724010
260426378045
1781703725012
260521053950
1781703726012
260615431943
1781703727012
260710909604
1781703728012
260806273191
1781703729012
260901831723
1781703730009
260997032590
1781703731011
261092314390
1781703732011
261187719114
1781703733012
261282640501
1781703734011
261377729491
1781703735011
261472469910
1781703736012
261567487428
1781703737012
261662784609
1781703738012
261757848147
1781703739012
261853075137
1781703740010
261947900334
1781703741012
262042844732
1781703742011
262137839850
1781703743011
90112012
1781703744011
185044509
1781703745011
280268630
1781703746012
375742873
1781703747013
470825088
1781703748012
565860123
1781703749011
661591079
1781703750008
756798294
1781703751012
851979020
1781703752012
947004533
1781703753011
1042523881
1781703754012
1137665605
1781703755011
1232151325
1781703756012
1327209798
1781703757012
1422627278
1781703758011
1518133137
1781703759011
1613894550
1781703760010
1709564349
1781703761012
1804684344
1781703762012
1900287493
1781703763012
1995008747
1781703764011
2089808614
1781703765011
2184847678
1781703766012
2279809959
1781703767011
2375018334
1781703768011
2470107323
1781703769011
2565923484
1781703770009
2660897179
1781703771012
2755585536
1781703772012
2851088099
1781703773012
2946432886
1781703774012
3041784815
1781703775012
3136918666
1781703776012
3232434962
1781703777014
3327529384
1781703778012
3422944179
1781703779011
3518444361
1781703780010
3613503078
1781703781012
3708621426
1781703782011
3803272917
1781703783010
3899315457
1781703784011
3994425138
1781703785012
4089135649
1781703786012
4183648774
1781703787011
4278744112
1781703788012
4373697055
1781703789012
4469131564
1781703790008
4564246555
1781703791012
4659341465
1781703792011
4754660191
1781703793012
4850048496
1781703794012
4945460850
1781703795014
5039901831
1781703796012
5134812538
1781703797011
5230344032
1781703798012
5325528663
1781703799012
5421421912
1781703800010
5516302650
1781703801012
5610744120
1781703802011
5706665505
1781703803012
5801511027
1781703804012
5894555100
1781703805010
5989522691
1781703806011
6084155445
1781703807011
6179041981
1781703808011
6274457814
1781703809012
6369702382
1781703810009
6464924184
1781703811011
6559482658
1781703812012
6654081293
1781703813012
6749808648
1781703814012
6844897760
1781703815012
6939615230
1781703816011
7034254270
1781703817010
7129808163
1781703818012
7224842405
1781703819012
7320053587
1781703820011
7415042235
1781703821012
7510136352
1781703822012
7605244202
1781703823012
7700116579
1781703824011
7795080630
1781703825011
7890364566
1781703826012
7985953005
1781703827012
8080845645
1781703828012
8175976811
1781703829011
8271216191
1781703830008
8369775570
1781703831048
8460973212
1781703832011
8556527838
1781703833012
8651624641
1781703834012
8747044441
1781703835012
8841870614
1781703836012
8936712290
1781703837012
9031831309
1781703838012
9126874340
1781703839012
9222304882
1781703840010
9317507641
1781703841012
9412671521
1781703842013
9508158337
1781703843011
9603758068
1781703844010
9698757336
1781703845011
9793145583
1781703846011
9887768388
1781703847011
9983028886
1781703848012
10078380327
1781703849011
10173553972
1781703850009
10268930803
1781703851012
10364220232
1781703852012
10459307330
1781703853012
10554795428
1781703854012
10650074237
1781703855010
10745314716
1781703856012
10840509235
1781703857012
10935900959
1781703858011
11031104877
1781703859012
11126689472
1781703860009
11224997264
1781703861048
11316537069
1781703862012
11411697043
1781703863011
11507048849
1781703864012
11602228721
1781703865012
11697102440
1781703866011
11792283044
1781703867012
11887195642
1781703868012
11981812588
1781703869011
12077754603
1781703870010
12173057398
1781703871012
12268626123
1781703872012
12364014612
1781703873013
12459472864
1781703874008
12555115136
1781703875012
12649845362
1781703876012
12744219388
1781703877012
12839405241
1781703878012
12934799955
1781703879012
13030685208
1781703880010
13125994534
1781703881012
13220867521
1781703882012
13316252958
1781703883012
13411484953
1781703884012
13506403228
1781703885012
13601686004
1781703886011
13696763642
1781703887012
13792222809
1781703888012
13887300141
1781703889013
13982780976
1781703890011
14077689669
1781703891011
14172176548
1781703892012
14267009741
1781703893011
14362171240
1781703894011
14457350257
1781703895012
14552466834
1781703896011
14647797096
1781703897012
14742952614
1781703898012
14837985574
1781703899012
14933658791
1781703900011
15028421182
1781703901010
15123376506
1781703902011
15218797221
1781703903012
15313950237
1781703904010
15410076700
1781703905012
15505606850
1781703906012
15600120097
1781703907011
15695198101
1781703908011
15790055158
1781703909012
15886130412
1781703910010
15981429851
1781703911012
16076747051
1781703912012
16172313762
1781703913012
16267630107
1781703914012
16363094768
1781703915012
16458048504
1781703916012
16553011823
1781703917013
16648314130
1781703918010
16743641889
1781703919012
16839377484
1781703920009
16934516767
1781703921010
17029248030
1781703922011
17124755171
1781703923012
17219860397
1781703924011
17314456529
1781703925011
17409348132
1781703926012
17504692004
1781703927012
17599918811
1781703928012
17695155261
1781703929011
17790773547
1781703930012
17885997119
1781703931012
17981346606
1781703932011
18076587573
1781703933012
18171818897
1781703934013
18267530139
1781703935012
18365798137
1781703936048
18457288991
1781703937012
18552176627
1781703938012
18647043327
1781703939010
18743185293
1781703940009
18838394888
1781703941012
18933688834
1781703942012
19029017325
1781703943012
19124106254
1781703944012
19219254326
1781703945011
19314292413
1781703946010
19409747613
1781703947012
19505039788
1781703948012
19600291742
1781703949012
19695876397
1781703950010
19794366867
1781703951048
19885546627
1781703952012
19980729305
1781703953012
20076025448
1781703954012
20171376339
1781703955012
20266662228
1781703956012
20361814023
1781703957013
20457141904
1781703958012
20550806520
1781703959012
20646114138
1781703960011
20741346438
1781703961012
20836167545
1781703962010
20931822390
1781703963012
21027304141
1781703964009
21123285523
1781703965012
21217987490
1781703966012
21313361941
1781703967012
21408392887
1781703968011
21503698307
1781703969011
21599578799
1781703970011
21694618472
1781703971011
21790095279
1781703972012
21885165165
1781703973012
21980634159
1781703974011
22076819032
1781703975012
22172059511
1781703976011
22267996277
1781703977012
22363615539
1781703978011
22459171935
1781703979014
22554803709
1781703980011
22649863524
1781703981012
22744378846
1781703982011
22840303100
1781703983012
22935879699
1781703984012
23031425109
1781703985012
23126726623
1781703986010
23222139708
1781703987012
23317415771
1781703988012
23412468445
1781703989012
23507704285
1781703990008
23602725465
1781703991011
23698273865
1781703992012
23793903503
1781703993012
23889598022
1781703994012
23985372313
1781703995011
24080416442
1781703996012
24174614260
1781703997012
24269753970
1781703998012
24365431337
1781703999012
24461522156
1781704000009
24555078740
1781704001011
24648630563
1781704002011
24744501107
1781704003012
24839719186
1781704004012
24935167916
1781704005011
25030282663
1781704006012
25126117866
1781704007012
25221640632
1781704008011
25317194709
1781704009012
25413438786
1781704010009
25508522832
1781704011012
25603477789
1781704012012
25698936529
1781704013012
25794812505
1781704014012
25890845767
1781704015011
25986298526
1781704016010
26081821413
1781704017012
26177488100
1781704018011
26273258179
1781704019012
26369556089
1781704020008
26463414065
1781704021012
26558484195
1781704022012
26646688864
1781704023011
26729560417
1781704024010
26811680873
1781704025009
26865788767
1781704026011
26917888853
1781704027012
26966355343
1781704028011
27015717277
1781704029012
27063937307
1781704030012
27111301017
1781704031011
27151654734
1781704032012
27194386803
1781704033010
27239601897
1781704034014
27293847119
1781704035014
27374537220
1781704036012
27466378111
1781704037011
27560011477
1781704038012
27655572878
1781704039012
27751532715
1781704040009
27846936341
1781704041012
27942826476
1781704042012
28038735593
1781704043012
28134490353
1781704044012
28230489558
1781704045011
28326078913
1781704046011
28422133415
1781704047012
28518738088
1781704048012
28614738635
1781704049012
28711028367
1781704050010
28806656113
1781704051011
28902168319
1781704052012
28997753158
1781704053012
29093624372
1781704054012
29189788860
1781704055009
29285269634
1781704056012
29380488445
1781704057012
29476373575
1781704058011
29572049234
1781704059012
29666374554
1781704060010
29759857042
1781704061012
29855302720
1781704062012
29951040085
1781704063012
30047003523
1781704064012
30142686506
1781704065012
30238209150
1781704066012
30333815716
1781704067012
30429368267
1781704068012
30524887005
1781704069012
30620877359
1781704070012
30715454327
1781704071011
30810280805
1781704072011
30905478682
1781704073012
31001193280
1781704074011
31097176677
1781704075013
31192432110
1781704076012
31287629864
1781704077012
31382367048
1781704078011
31478199994
1781704079011
31574068950
1781704080009
31669369426
1781704081011
31765128458
1781704082012
31860716715
1781704083012
31956825538
1781704084009
32052557959
1781704085010
32160641911
1781704086148
32242568215
1781704087012
32338578162
1781704088012
32434148169
1781704089012
32530148778
1781704090009
32625417394
1781704091012
32720683080
1781704092012
32816085668
1781704093012
32911117956
1781704094012
33006579992
1781704095012
33102029760
1781704096012
33197393957
1781704097012
33292872045
1781704098011
33388098913
1781704099011
33484337863
1781704100010
33579093785
1781704101012
33674135961
1781704102012
33769830297
1781704103012
33865632114
1781704104012
33960907078
1781704105011
34056581943
1781704106011
34152419832
1781704107012
34247953340
1781704108012
34343359041
1781704109011
34439266876
1781704110009
34534711029
1781704111012
34630517424
1781704112012
34726035856
1781704113014
34821208586
1781704114012
34917148587
1781704115012
35015814045
1781704116048
35107148711
1781704117012
35202952726
1781704118012
35298416654
1781704119012
35394290921
1781704120009
35489779812
1781704121012
35585008694
1781704122012
35680390103
1781704123012
35774990996
1781704124010
35870122588
1781704125012
35965065766
1781704126012
36060469147
1781704127012
36155835602
1781704128011
36251395599
1781704129012
36347919217
1781704130009
36443171719
1781704131012
36538057402
1781704132012
36633614164
1781704133012
36728791227
1781704134012
36823943572
1781704135011
36919306426
1781704136012
37014304901
1781704137012
37109561676
1781704138011
37204980011
1781704139012
37300869597
1781704140010
37396002349
1781704141011
37491160370
1781704142012
37586692596
1781704143012
37681842132
1781704144010
37777494475
1781704145011
37872605926
1781704146011
37967678437
1781704147011
38063148163
1781704148012
38158731781
1781704149011
38254273345
1781704150008
38349946745
1781704151012
38445475309
1781704152012
38540767241
1781704153012
38635941252
1781704154012
38731233184
1781704155012
38826162201
1781704156012
38920953950
1781704157011
39015813510
1781704158010
39111486910
1781704159011
39207435395
1781704160008
39302513154
1781704161011
39397532809
1781704162011
39492988619
1781704163012
39588094516
1781704164012
39682921665
1781704165011
39778248020
1781704166012
39873379613
1781704167012
39969027928
1781704168012
40064747958
1781704169011
40160594637
1781704170010
40256058077
1781704171012
40351266695
1781704172012
40446733187
1781704173012
40542149629
1781704174012
40637448397
1781704175012
40732833040
1781704176012
40828269869
1781704177012
40923636507
1781704178011
41019514069
1781704179012
41115101104
1781704180009
41210421234
1781704181012
41305689118
1781704182012
41401199798
1781704183010
41496927214
1781704184012
41592333892
1781704185012
41686784028
1781704186011
41782057222
1781704187011
41877059298
1781704188012
41972347018
1781704189011
42067829439
1781704190009
42163180147
1781704191012
42259590667
1781704192011
42353230442
1781704193012
42446588174
1781704194010
42540303877
1781704195012
42635224349
1781704196012
42730459823
1781704197012
42826038375
1781704198012
42921112228
1781704199011
43017473065
1781704200010
43112929303
1781704201012
43208246808
1781704202012
43303472211
1781704203011
43398675459
1781704204011
43493829390
1781704205011
43592455663
1781704206050
43681778982
1781704207011
43775562006
1781704208012
43870189205
1781704209012
43966036372
1781704210010
44061580378
1781704211012
44157203668
1781704212012
44252601373
1781704213011
44348403435
1781704214012
44443779778
1781704215013
44538841363
1781704216012
44634008173
1781704217011
44729339044
1781704218012
44824554926
1781704219012
44920159723
1781704220010
45015269648
1781704221012
45110555537
1781704222011
45206407830
1781704223011
45302198418
1781704224011
45398000541
1781704225012
45493226798
1781704226011
45588881827
1781704227011
45684587759
1781704228012
45780097463
1781704229012
45876309314
1781704230009
45971720568
1781704231012
46067276476
1781704232011
46162950303
1781704233011
46258282030
1781704234012
46353891770
1781704235011
46453168066
1781704236049
46544559800
1781704237012
46640184555
1781704238012
46736307051
1781704239012
46832309796
1781704240010
46928089092
1781704241012
47023913676
1781704242012
47119894936
1781704243012
47215557655
1781704244013
47310722329
1781704245012
47406116371
1781704246011
47501813453
1781704247011
47597442420
1781704248012
47692986853
1781704249011
47789185398
1781704250010
47884571568
1781704251010
47979949619
1781704252012
48075665011
1781704253012
48171267123
1781704254012
48264621620
1781704255012
48358566753
1781704256011
48454434855
1781704257011
48550076089
1781704258011
48645656777
1781704259011
48741423988
1781704260009
48836918556
1781704261012
48932731604
1781704262012
49027881019
1781704263010
49122755348
1781704264012
49218429420
1781704265011
49317313200
1781704266048
49409418372
1781704267012
49505042822
1781704268012
49600622228
1781704269011
49696630344
1781704270010
49791851597
1781704271011
49887715854
1781704272012
49983687410
1781704273012
50079441315
1781704274011
50175377898
1781704275011
50270799407
1781704276011
50366449491
1781704277012
50462059476
1781704278012
50558089504
1781704279012
50654320397
1781704280009
50749675439
1781704281011
50844772241
1781704282012
50940574181
1781704283011
51036229576
1781704284012
51131977927
1781704285012
51227385398
1781704286012
51323283284
1781704287012
51418945271
1781704288012
51514691425
1781704289012
51610685259
1781704290009
51706141374
1781704291011
51801422868
1781704292012
51897080461
1781704293011
51993045852
1781704294012
52088718520
1781704295012
52183641067
1781704296012
52277967486
1781704297012
52371252831
1781704298011
52466862571
1781704299011
52563362629
1781704300011
52658420430
1781704301012
52754030720
1781704302012
52849737568
1781704303010
52945284808
1781704304012
53040982012
1781704305012
53136354571
1781704306012
53232061723
1781704307012
53327605119
1781704308011
53422806901
1781704309012
53518567642
1781704310009
53617378730
1781704311048
53708647661
1781704312011
53804576249
1781704313012
53900209549
1781704314012
53996134657
1781704315012
54091631117
1781704316012
54186708937
1781704317011
54282182875
1781704318012
54377621107
1781704319012
54473631054
1781704320009
54567206254
1781704321011
54661744953
1781704322012
54756614644
1781704323010
54852355427
1781704324012
54947512837
1781704325011
55042063315
1781704326012
55137431418
1781704327012
55232385277
1781704328012
55327770469
1781704329012
55423237571
1781704330009
55518506004
1781704331012
55613697655
1781704332011
55709047692
1781704333014
55804192162
1781704334011
55899818077
1781704335012
55994787256
1781704336012
56089983118
1781704337011
56185567956
1781704338014
56280495203
1781704339012
56376053674
1781704340010
56470619289
1781704341010
56565820217
1781704342012
56661410061
1781704343012
56756660366
1781704344011
56852289089
1781704345011
56947415188
1781704346012
57042493008
1781704347012
57137596830
1781704348012
57232602873
1781704349012
57328221525
1781704350009
57423834745
1781704351011
57518678557
1781704352010
57614271574
1781704353012
57709961209
1781704354012
57805549222
1781704355011
57900896206
1781704356013
57996210049
1781704357012
58091305509
1781704358011
58186914700
1781704359012
58282506008
1781704360010
58377967678
1781704361012
58472979825
1781704362011
58568787624
1781704363012
58664243556
1781704364011
58759523525
1781704365011
58854622464
1781704366012
58949933926
1781704367011
59045426480
1781704368011
59140825527
1781704369011
59236653712
1781704370009
59331636501
1781704371011
59426481962
1781704372011
59521923307
1781704373012
59617412442
1781704374011
59712904080
1781704375012
59807983854
1781704376012
59903296171
1781704377012
59998872403
1781704378012
60094208646
1781704379012
60190041225
1781704380009
60285422695
1781704381012
60380764980
1781704382012
60476267665
1781704383012
60571571681
1781704384012
60665225494
1781704385010
60760456452
1781704386011
60855476838
1781704387008
60951028657
1781704388012
61046149812
1781704389012
61141208285
1781704390010
61236624789
1781704391012
61331746798
1781704392012
61427530611
1781704393012
61523009431
1781704394012
61618939056
1781704395012
61714170990
1781704396011
61809456757
1781704397011
61905032623
1781704398012
62000333038
1781704399011
62095965667
1781704400008
62191051972
1781704401012
62285684481
1781704402010
62381899200
1781704403012
62477453460
1781704404012
62573303312
1781704405012
62668790617
1781704406013
62764139616
1781704407012
62859790067
1781704408012
62955165189
1781704409012
63051157924
1781704410009
63146728236
1781704411012
63241978969
1781704412011
63337388637
1781704413011
63432407619
1781704414012
63528501429
1781704415012
63627146745
1781704416049
63718566799
1781704417009
63814610498
1781704418012
63910183557
1781704419012
64006022301
1781704420008
64099741421
1781704421012
64194873685
1781704422012
64290758571
1781704423011
64385995571
1781704424011
64481484096
1781704425012
64576598172
1781704426012
64672164883
1781704427011
64767567470
1781704428012
64862829861
1781704429012
64958576991
1781704430010
65053557400
1781704431012
65147156770
1781704432011
65240507422
1781704433011
65336026648
1781704434012
65431008460
1781704435011
65526068825
1781704436011
65621692664
1781704437012
65716903053
1781704438012
65812095863
1781704439012
65907744239
1781704440008
66002662392
1781704441012
66097869424
1781704442012
66193254861
1781704443011
66288271707
1781704444011
66383728067
1781704445012
66478083538
1781704446011
66572628096
1781704447012
66668231428
1781704448012
66763252791
1781704449011
66857507189
1781704450010
66951180533
1781704451012
67046157768
1781704452010
67142090628
1781704453012
67237759816
1781704454012
67333032766
1781704455012
67427989188
1781704456012
67523056144
1781704457012
67618534171
1781704458012
67713749198
1781704459012
67808782768
1781704460008
67907245346
1781704461048
67998036434
1781704462012
68093476376
1781704463012
68189010921
1781704464012
68284013974
1781704465012
68379554928
1781704466012
68474788144
1781704467012
68570075619
1781704468012
68665116636
1781704469011
68761128963
1781704470010
68856321469
1781704471011
68951538022
1781704472012
69047104366
1781704473012
69142812923
1781704474012
69238422236
1781704475011
69333191647
1781704476012
69427874632
1781704477012
69523355100
1781704478012
69618829221
1781704479011
69714549435
1781704480008
69809794919
1781704481012
69904709043
1781704482012
69999810668
1781704483011
70095066771
1781704484012
70190019409
1781704485010
70285057618
1781704486012
70380232790
1781704487011
70475524111
1781704488012
70570786135
1781704489012
70666127749
1781704490009
70774530974
1781704491150
70856341007
1781704492012
70950901800
1781704493012
71045785407
1781704494011
71141070991
1781704495012
71236226509
1781704496012
71331433602
1781704497012
71427017646
1781704498011
71522240608
1781704499012
71617962226
1781704500009
71712679085
1781704501012
71807254222
1781704502011
71902877085
1781704503011
71997953135
1781704504010
72093237071
1781704505012
72191959780
1781704506048
72283195264
1781704507012
72378448316
1781704508012
72473449111
1781704509012
72569043898
1781704510010
72664006545
1781704511011
72758921524
1781704512012
72854010270
1781704513012
72949379716
1781704514012
73044830277
1781704515013
73139528094
1781704516012
73234780780
1781704517011
73330059283
1781704518012
73425161274
1781704519011
73521379411
1781704520009
73616292742
1781704521012
73710828633
1781704522011
73806169698
1781704523012
73899038845
1781704524013
73991687839
1781704525011
74084510538
1781704526011
74177599289
1781704527012
74270512503
1781704528011
74363256834
1781704529010
74456718386
1781704530010
74551800540
1781704531012
74646896488
1781704532014
74741881719
1781704533012
74837397282
1781704534012
74932849553
1781704535011
75031744258
1781704536048
75123106329
1781704537012
75218050300
1781704538011
75311851390
1781704539012
75407785959
1781704540009
75502978342
1781704541010
75598624155
1781704542010
75694115975
1781704543012
75789914314
1781704544012
75885724860
1781704545012
75980931525
1781704546012
76076474738
1781704547012
76171961981
1781704548012
76267023811
1781704549011
76363172490
1781704550008
76458186041
1781704551012
76552847847
1781704552012
76648005806
1781704553012
76743177987
1781704554012
76838308420
1781704555011
76933227183
1781704556012
77028076672
1781704557012
77123615917
1781704558011
77219196910
1781704559011
77314943979
1781704560008
77410142344
1781704561011
77505255687
1781704562012
77600625682
1781704563011
77695520215
1781704564011
77790751233
1781704565011
77885636244
1781704566012
77980889540
1781704567014
78076455458
1781704568010
78172069593
1781704569011
78268092601
1781704570010
78362019607
1781704571012
78456886674
1781704572012
78552702285
1781704573010
78648178115
1781704574012
78743978041
1781704575012
78839177077
1781704576013
78934776869
1781704577013
79030279005
1781704578011
79125889478
1781704579011
79222087474
1781704580009
79330393532
1781704581150
79411429030
1781704582012
79505250018
1781704583012
79600464374
1781704584012
79695784442
1781704585012
79791316485
1781704586011
79886784502
1781704587010
79982098528
1781704588011
80077472186
1781704589013
80173203386
1781704590007
80268764360
1781704591011
80363894914
1781704592009
80459213152
1781704593010
80554397845
1781704594010
80650204606
1781704595011
80745120562
1781704596011
80839869099
1781704597012
80935519428
1781704598009
81031251665
1781704599011
81127169511
1781704600010
81222282304
1781704601011
81317585466
1781704602012
81413192094
1781704603011
81508559464
1781704604011
81603699114
1781704605012
81699138566
1781704606012
81794707658
1781704607010
81890551529
1781704608012
81986062270
1781704609012
82081743361
1781704610009
82176755874
1781704611012
82271580582
1781704612011
82366672136
1781704613011
82462257035
1781704614010
82557567887
1781704615011
82652971208
1781704616011
82748518082
1781704617012
82843794022
1781704618012
82939526077
1781704619012
83035465712
1781704620008
83131358655
1781704621015
83226830395
1781704622012
83322670543
1781704623012
83418194590
1781704624010
83512406263
1781704625012
83605413044
1781704626012
83700233114
1781704627012
83794905601
1781704628010
83890481162
1781704629012
83986300192
1781704630011
84080942345
1781704631012
84175954736
1781704632012
84271386986
1781704633011
84364298125
1781704634012
84447519470
1781704635010
84531789701
1781704636011
84600206701
1781704637011
84648266576
1781704638009
84708505252
1781704639011
84756379336
1781704640010
84799519240
1781704641014
84843566552
1781704642014
84889188322
1781704643012
84927904227
1781704644015
84966916883
1781704645014
85007001986
1781704646012
85046445122
1781704647012
85084582964
1781704648013
85125005468
1781704649014
85165315362
1781704650012
85206025280
1781704651012
85245455171
1781704652012
85283957026
1781704653012
85328452212
1781704654013
85367210780
1781704655013
85408063825
1781704656013
85448963989
1781704657014
85490960463
1781704658014
85532710845
1781704659014
85572692554
1781704660012
85613691228
1781704661014
85653613734
1781704662013
85692844224
1781704663012
85732680304
1781704664016
85772138332
1781704665013
85812810225
1781704666012
85851083016
1781704667012
85889803864
1781704668012
85929569326
1781704669013
85971094915
1781704670011
86011622827
1781704671012
86054231421
1781704672012
86096908619
1781704673013
86135297925
1781704674013
86173731726
1781704675012
86213944086
1781704676014
86252598467
1781704677014
86291214945
1781704678014
86330274660
1781704679012
86377236576
1781704680012
86418368734
1781704681012
86458636697
1781704682012
86498203551
1781704683013
86539553421
1781704684013
86578120705
1781704685012
86618676510
1781704686013
86659861341
1781704687014
86702815454
1781704688012
86743628826
1781704689011
86783895386
1781704690011
86823897481
1781704691012
86863955545
1781704692013
86902764955
1781704693012
86941313074
1781704694012
86980023180
1781704695013
87019956427
1781704696012
87058915678
1781704697013
87098106435
1781704698014
87137074719
1781704699012
87178118986
1781704700012
87218875290
1781704701014
87260509705
1781704702012
87302205766
1781704703014
87340841409
1781704704013
87379028201
1781704705012
87417813441
1781704706012
87457315476
1781704707012
87496416999
1781704708014
87536130154
1781704709013
87577102340
1781704710011
87617862062
1781704711013
87657629966
1781704712013
87697188336
1781704713013
87736034245
1781704714014
87773920439
1781704715013
87814413439
1781704716013
87855187321
1781704717013
87899086073
1781704718012
87939778779
1781704719013
87979621573
1781704720012
88020101511
1781704721014
88059837981
1781704722012
88098514823
1781704723014
88137324111
1781704724012
88175898353
1781704725012
88214452515
1781704726012
88253872763
1781704727012
88293353985
1781704728012
88332784365
1781704729013
88372370934
1781704730012
88412426800
1781704731012
88454356991
1781704732014
88496499156
1781704733012
88534613316
1781704734013
88572324340
1781704735012
88610336938
1781704736012
88648900438
1781704737013
88687536875
1781704738013
88726872040
1781704739012
88768071886
1781704740011
88809036320
1781704741013
88849599021
1781704742014
88888830000
1781704743014
88927431097
1781704744014
88965117707
1781704745012
89006202258
1781704746050
89045479318
1781704747012
89089360858
1781704748012
89131115939
1781704749014
89170515985
1781704750013
89210589979
1781704751013
89250450778
1781704752012
89289382685
1781704753012
89327829547
1781704754014
89366546489
1781704755013
89406459656
1781704756012
89445130394
1781704757013
89483901841
1781704758013
89522825142
1781704759014
89562366361
1781704760011
89604928508
1781704761051
89646194699
1781704762014
89686245500
1781704763012
89725532570
1781704764012
89764186462
1781704765013
89803874715
1781704766013
89842194197
1781704767012
89881393804
1781704768012
89920527371
1781704769013
89961623396
1781704770012
90002232789
1781704771013
90042727131
1781704772013
90081413983
1781704773014
90119531561
1781704774014
90159476283
1781704775014
90200067427
1781704776013
90239308232
1781704777012
90277401701
1781704778013
90317234485
1781704779012
90363886770
1781704780013
90406772098
1781704781013
90446817283
1781704782013
90486094709
1781704783012
90523973763
1781704784012
90561941195
1781704785013
90600828486
1781704786013
90639762590
1781704787013
90678047709
1781704788013
90718035095
1781704789012
90758844561
1781704790011
90805763935
1781704791149
90841843005
1781704792012
90884983947
1781704793013
90923742332
1781704794012
90961671251
1781704795013
91000635201
1781704796013
91039405488
1781704797012
91077731256
1781704798014
91116916459
1781704799013
91157465610
1781704800011
91198190421
1781704801014
91237992992
1781704802013
91277347872
1781704803013
91316242792
1781704804011
91354219074
1781704805012
91393330424
1781704806013
91433720091
1781704807013
91472041892
1781704808013
91511521833
1781704809011
91553240903
1781704810011
91595305554
1781704811013
91637157253
1781704812013
91676466052
1781704813013
91714471326
1781704814012
91752984716
1781704815012
91792310299
1781704816012
91829714195
1781704817013
91868394699
1781704818013
91907331489
1781704819013
91947650477
1781704820011
91988928509
1781704821014
92029264465
1781704822013
92068506369
1781704823013
92106923934
1781704824014
92145919440
1781704825012
92184639433
1781704826013
92222652398
1781704827012
92261529434
1781704828012
92300144326
1781704829013
92341252802
1781704830011
92381952527
1781704831012
92422148835
1781704832013
92460864251
1781704833013
92499210711
1781704834013
92537534099
1781704835013
92583215745
1781704836152
92618423662
1781704837012
92661729338
1781704838013
92702638535
1781704839014
92745577939
1781704840012
92786830092
1781704841013
92826999117
1781704842012
92865311153
1781704843012
92903678730
1781704844012
92942647014
1781704845014
92981859744
1781704846012
93019768948
1781704847012
93058465260
1781704848014
93098232248
1781704849012
93139433376
1781704850012
93180808697
1781704851014
93223331721
1781704852014
93264043653
1781704853014
93302992466
1781704854012
93341387388
1781704855013
93380069967
1781704856012
93418439131
1781704857012
93456005014
1781704858012
93495613983
1781704859013
93537242111
1781704860012
93578702698
1781704861013
93619527911
1781704862012
93657999492
1781704863012
93697387392
1781704864012
93735903101
1781704865012
93775829025
1781704866013
93817207276
1781704867013
93857633075
1781704868013
93897297647
1781704869014
93939878165
1781704870012
93980286631
1781704871013
94019963898
1781704872014
94059064078
1781704873012
94097028031
1781704874013
94135447122
1781704875014
94175084472
1781704876012
94213742027
1781704877012
94251606066
1781704878012
94291321784
1781704879013
94331318813
1781704880011
94372293013
1781704881013
94413107911
1781704882014
94451907555
1781704883012
94490018480
1781704884014
94528626353
1781704885015
94568420318
1781704886012
94606345392
1781704887012
94644180561
1781704888012
94682762982
1781704889013
94723630248
1781704890010
94764090838
1781704891013
94803768349
1781704892012
94842081666
1781704893012
94880495447
1781704894012
94918455799
1781704895014
94959783757
1781704896049
94999143154
1781704897013
95043752292
1781704898012
95086307542
1781704899013
95128494934
1781704900012
95169430254
1781704901013
95210475498
1781704902013
