45826810782
1781702163344
45831969284
1781702164024
45839254578
1781702165019
45847331631
1781702166025
45854664019
1781702167026
45862087181
1781702168024
45869633034
1781702169020
45876991508
1781702170024
45884296309
1781702171023
45891875455
1781702172023
45899193843
1781702173023
45906660258
1781702174023
45913881384
1781702175020
45921109899
1781702176026
45928980954
1781702177023
45936355232
1781702178024
45943842716
1781702179023
45951669155
1781702180026
45958963966
1781702181024
45966537129
1781702182025
45974014622
1781702183026
45981474427
1781702184024
45989021611
1781702185018
45997595961
1781702186024
46009978128
1781702187021
46023675545
1781702188018
46033323649
1781702189023
46043041474
1781702190023
46051131334
1781702191020
46059190777
1781702192023
46067806942
1781702193024
46075604847
1781702194024
46083309575
1781702195019
46090772670
1781702196023
46097799807
1781702197025
46105156093
1781702198027
46112638191
1781702199022
46120054468
1781702200019
46128048764
1781702201022
46139078167
1781702202024
46155138470
1781702203019
46171975554
1781702204019
46188562666
1781702205015
46205394089
1781702206022
46222323095
1781702207018
46239260088
1781702208022
46256252161
1781702209019
46273280021
1781702210021
46290249373
1781702211019
46307414183
1781702212022
46324317087
1781702213018
46341271584
1781702214020
46358159739
1781702215015
46375196228
1781702216022
46392038299
1781702217019
46408903719
1781702218020
46425812269
1781702219018
46442934009
1781702220019
46459850194
1781702221018
46476879890
1781702222020
46493828664
1781702223018
46510804259
1781702224021
46527371558
1781702225014
46544324279
1781702226020
46561203973
1781702227018
46578160382
1781702228019
46594991866
1781702229019
46611907011
1781702230023
46628821405
1781702231020
46645674539
1781702232019
46662681545
1781702233016
46679718615
1781702234022
46696595387
1781702235018
46713781602
1781702236022
46730713331
1781702237021
46747735530
1781702238019
46764655096
1781702239019
46781704070
1781702240021
46798656669
1781702241022
46815571385
1781702242020
46832543613
1781702243021
46849505928
1781702244021
46866322739
1781702245015
46883465961
1781702246024
46900636294
1781702247019
46918107578
1781702248022
46934962563
1781702249020
46951933996
1781702250018
46968925365
1781702251019
46985885829
1781702252019
47003066244
1781702253020
47020008577
1781702254018
47036859905
1781702255014
47054064832
1781702256020
47070996867
1781702257020
47087950721
1781702258020
47104800871
1781702259019
47121807632
1781702260019
47138767483
1781702261019
47155669730
1781702262019
47172633498
1781702263021
47189509841
1781702264019
47206404912
1781702265017
47223439580
1781702266023
47240292897
1781702267018
47257305243
1781702268019
47274343522
1781702269019
47291374671
1781702270020
47308709556
1781702271022
47325646273
1781702272021
47342533923
1781702273020
47359461522
1781702274022
47376290742
1781702275015
47393340220
1781702276020
47410264958
1781702277019
47427166516
1781702278019
47444131753
1781702279018
47461117048
1781702280021
47478093392
1781702281019
47495238358
1781702282018
47512213524
1781702283019
47529183152
1781702284021
47546074827
1781702285016
47563061560
1781702286020
47580192342
1781702287019
47597144528
1781702288020
47614130711
1781702289020
47631187992
1781702290021
47648109838
1781702291019
47665120868
1781702292020
47682012465
1781702293019
47698947546
1781702294019
47715829061
1781702295016
47732843166
1781702296022
47749697952
1781702297019
47766659731
1781702298021
47783622672
1781702299019
47800667653
1781702300021
47817630962
1781702301019
47834800040
1781702302020
47851693780
1781702303019
47868690734
1781702304021
47885506275
1781702305016
47902663404
1781702306020
47919744661
1781702307017
47937231735
1781702308022
47954218774
1781702309019
47971121296
1781702310020
47988101205
1781702311019
48005171308
1781702312019
48022160000
1781702313020
48039116179
1781702314020
48056025938
1781702315016
48073014385
1781702316019
48090044998
1781702317019
48107019690
1781702318021
48123987283
1781702319021
48140939255
1781702320021
48157993446
1781702321019
48174925833
1781702322019
48191852835
1781702323019
48208884398
1781702324018
48225824604
1781702325015
48242905906
1781702326024
48259740879
1781702327021
48276682706
1781702328020
48293626967
1781702329020
48310702516
1781702330019
48327702974
1781702331019
48344758802
1781702332019
48361690134
1781702333019
48378685572
1781702334021
48395556745
1781702335014
48412722794
1781702336023
48429546919
1781702337019
48446300052
1781702338021
48462994677
1781702339021
48479856256
1781702340021
48496825364
1781702341020
48513811271
1781702342022
48530749794
1781702343019
48547732411
1781702344020
48564603492
1781702345016
48581612716
1781702346022
48598441339
1781702347018
48615481026
1781702348018
48632467621
1781702349019
48649397392
1781702350019
48666290306
1781702351019
48683274958
1781702352020
48700161339
1781702353020
48717117059
1781702354019
48734321037
1781702355017
48751280276
1781702356019
48768201724
1781702357019
48785119470
1781702358020
48801979595
1781702359018
48819026656
1781702360019
48835968086
1781702361020
48852775672
1781702362020
48869678270
1781702363020
48886578436
1781702364020
48903584493
1781702365017
48920701368
1781702366020
48937928189
1781702367021
48955377686
1781702368020
48973737625
1781702369106
48989247862
1781702370020
49006125017
1781702371018
49023079100
1781702372019
49040320593
1781702373018
49057302660
1781702374019
49074204815
1781702375016
49091336439
1781702376021
49108250069
1781702377019
49125257885
1781702378020
49142266283
1781702379019
49159181214
1781702380018
49176131915
1781702381020
49193060554
1781702382020
49209953988
1781702383019
49228434904
1781702384106
49243846441
1781702385015
49261015596
1781702386022
49277919174
1781702387020
49295079577
1781702388021
49311946007
1781702389018
49329020057
1781702390022
49346115543
1781702391018
49363204740
1781702392020
49380193523
1781702393020
49397163457
1781702394020
49414055652
1781702395016
49431120537
1781702396022
49448095520
1781702397019
49465111124
1781702398019
49482033200
1781702399019
49499042500
1781702400020
49515870175
1781702401019
49532876844
1781702402020
49550002302
1781702403022
49567004075
1781702404019
49583946561
1781702405014
49600968255
1781702406021
49617882236
1781702407019
49634829756
1781702408020
49651753514
1781702409019
49668708989
1781702410020
49685743917
1781702411019
49702709124
1781702412020
49719706567
1781702413021
49736652158
1781702414019
49753497152
1781702415015
49770486012
1781702416020
49787434541
1781702417019
49804364205
1781702418020
49821420217
1781702419022
49838314309
1781702420019
49855384580
1781702421020
49872626594
1781702422021
49889605034
1781702423019
49906731365
1781702424021
49923642133
1781702425016
49940762344
1781702426021
49958051711
1781702427019
49975325656
1781702428021
49992195069
1781702429019
50009132046
1781702430020
50026012873
1781702431022
50043122970
1781702432020
50060114431
1781702433019
50077195244
1781702434019
50094067931
1781702435013
50111117440
1781702436021
50128045314
1781702437020
50144934555
1781702438020
50161628324
1781702439019
50178529913
1781702440020
50195580034
1781702441020
50212483489
1781702442019
50229549507
1781702443019
50246515463
1781702444017
50263509739
1781702445019
50280592449
1781702446020
50297536985
1781702447020
50314471300
1781702448020
50331501256
1781702449018
50348455110
1781702450018
50365842687
1781702451022
50382807389
1781702452020
50399988340
1781702453020
50416956912
1781702454019
50433844823
1781702455017
50451402843
1781702456020
50468482447
1781702457019
50485688077
1781702458021
50502632169
1781702459018
50519697101
1781702460019
50536693947
1781702461020
50553680298
1781702462022
50570570978
1781702463020
50587546481
1781702464019
50604553134
1781702465014
50621545988
1781702466019
50638425498
1781702467020
50655376782
1781702468020
50672266467
1781702469019
50689295612
1781702470021
50706106731
1781702471019
50723074233
1781702472020
50740130382
1781702473019
50757065110
1781702474020
50773972972
1781702475015
50791007839
1781702476020
50807878109
1781702477019
50824812914
1781702478021
50841659744
1781702479020
50858563505
1781702480021
50875438181
1781702481021
50892392876
1781702482016
50909444481
1781702483019
50926554364
1781702484021
50943463817
1781702485017
50960614536
1781702486022
50977761062
1781702487019
50995303308
1781702488019
51012414154
1781702489020
51029462332
1781702490022
51046794356
1781702491021
51063720838
1781702492020
51080645086
1781702493019
51097912375
1781702494020
51114882523
1781702495016
51131957308
1781702496019
51148901614
1781702497018
51165934507
1781702498021
51183090657
1781702499019
51200051748
1781702500019
51216983554
1781702501019
51233958384
1781702502021
51250865634
1781702503018
51267942132
1781702504023
51284900438
1781702505016
51301951002
1781702506023
51318926766
1781702507022
51336010531
1781702508021
51352965226
1781702509022
51369987104
1781702510021
51386888830
1781702511019
51403887849
1781702512018
51420979525
1781702513018
51437649992
1781702514017
51454341818
1781702515015
51471417505
1781702516022
51488309088
1781702517019
51505261595
1781702518016
51522313506
1781702519019
51539391335
1781702520020
51556563183
1781702521021
51573476492
1781702522021
51590392707
1781702523019
51607344220
1781702524020
51624533418
1781702525014
51641670060
1781702526019
51658895979
1781702527020
51675931320
1781702528020
51692885663
1781702529019
51709829005
1781702530022
51726782415
1781702531021
51743802196
1781702532020
51760693978
1781702533019
51777681828
1781702534021
51794634075
1781702535015
51811628749
1781702536020
51828725565
1781702537020
51845744934
1781702538021
51862661975
1781702539018
51879803973
1781702540021
51896717281
1781702541019
51913641958
1781702542019
51930706843
1781702543019
51947739936
1781702544020
51964804913
1781702545016
51982044356
1781702546021
51999351364
1781702547019
52016970033
1781702548019
52033922892
1781702549019
52051035881
1781702550022
52068021773
1781702551019
52084928931
1781702552019
52101944673
1781702553021
52118804355
1781702554020
52135723217
1781702555015
52152773981
1781702556022
52169787061
1781702557020
52186788298
1781702558019
52204058663
1781702559021
52220699953
1781702560020
52237660615
1781702561018
52254592620
1781702562019
52271496473
1781702563019
52288710625
1781702564019
52305549086
1781702565016
52322532193
1781702566019
52339539046
1781702567020
52356456700
1781702568019
52373514486
1781702569020
52390430380
1781702570020
52407330286
1781702571019
52424261297
1781702572019
52441298826
1781702573019
52458418531
1781702574020
52475344554
1781702575016
52492394385
1781702576020
52509446602
1781702577019
52526476588
1781702578023
52543380732
1781702579021
52560406419
1781702580021
52577445845
1781702581020
52594454029
1781702582022
52611495689
1781702583023
52628420228
1781702584020
52645379620
1781702585016
52662510801
1781702586019
52679488859
1781702587018
52696580902
1781702588019
52713562265
1781702589019
52730599396
1781702590021
52747495446
1781702591019
52764672573
1781702592020
52781596775
1781702593018
52798572354
1781702594019
52815486718
1781702595015
52832647061
1781702596019
52849561180
1781702597019
52866485979
1781702598020
52883552838
1781702599019
52900553693
1781702600022
52917500402
1781702601020
52934537059
1781702602018
52951465774
1781702603018
52968615039
1781702604020
52985523528
1781702605015
53002562067
1781702606018
53019558164
1781702607018
53036725621
1781702608020
53053654750
1781702609019
53070608802
1781702610019
53087528934
1781702611019
53104514153
1781702612022
53121439457
1781702613020
53138386716
1781702614020
53155311010
1781702615016
53172379261
1781702616022
53189633928
1781702617022
53206664037
1781702618021
53223614188
1781702619018
53240623458
1781702620022
53257572278
1781702621019
53274519782
1781702622019
53291508948
1781702623018
53308479050
1781702624019
53325289557
1781702625016
53342445019
1781702626020
53359380987
1781702627018
53376477023
1781702628023
53393439215
1781702629019
53410397934
1781702630020
53427330184
1781702631019
53444314362
1781702632019
53461316502
1781702633022
53478316577
1781702634018
53495299317
1781702635016
53512378294
1781702636021
53529409290
1781702637019
53546464215
1781702638024
53563412683
1781702639020
53580413263
1781702640020
53597367239
1781702641020
53614495558
1781702642022
53631461346
1781702643019
53648545831
1781702644019
53665571916
1781702645015
53682567982
1781702646020
53699644021
1781702647018
53716702465
1781702648019
53733708431
1781702649019
53750770746
1781702650020
53767779174
1781702651018
53784725806
1781702652019
53801825576
1781702653019
53818822025
1781702654019
53835849425
1781702655016
53853053097
1781702656020
53870002728
1781702657019
53887127054
1781702658019
53904343211
1781702659021
53921268484
1781702660018
53938347246
1781702661018
53955333551
1781702662019
53972499784
1781702663024
53989454617
1781702664018
54006487893
1781702665015
54023699490
1781702666019
54040992881
1781702667018
54058582541
1781702668019
54075613094
1781702669020
54092586149
1781702670022
54109648204
1781702671019
54126769761
1781702672022
54143697635
1781702673020
54160868916
1781702674019
54177782286
1781702675016
54194779607
1781702676021
54211742610
1781702677019
54228764334
1781702678019
54245974585
1781702679019
54263028149
1781702680019
54279912188
1781702681019
54296973830
1781702682018
54313915291
1781702683019
54330906614
1781702684020
54347975738
1781702685016
54364970274
1781702686019
54381935954
1781702687020
54398918740
1781702688020
54415871262
1781702689021
54433152934
1781702690019
54450080288
1781702691019
54467103006
1781702692021
54484421076
1781702693020
54501423492
1781702694020
54518585334
1781702695015
54535919102
1781702696020
54552974991
1781702697018
54570182365
1781702698020
54587379015
1781702699020
54604381170
1781702700019
54621635103
1781702701018
54638646056
1781702702019
54655702679
1781702703019
54672849925
1781702704022
54689883705
1781702705018
54706823498
1781702706021
54723616992
1781702707019
54740569270
1781702708019
54757930226
1781702709020
54775011375
1781702710019
54792024134
1781702711021
54809062826
1781702712019
54826043623
1781702713020
54843070641
1781702714021
54859996679
1781702715016
54876989425
1781702716022
54893897011
1781702717019
54910787890
1781702718019
54927688637
1781702719019
54944736448
1781702720019
54961648380
1781702721018
54978587316
1781702722020
54995567791
1781702723019
55012530564
1781702724019
55029796308
1781702725014
55047314625
1781702726020
55064696756
1781702727018
55082351028
1781702728018
55099383753
1781702729019
55116498012
1781702730020
55133506425
1781702731019
55150413124
1781702732019
55167424903
1781702733018
55184558547
1781702734022
55201556740
1781702735014
55218689037
1781702736020
55235614035
1781702737019
55252627008
1781702738018
55269662502
1781702739018
55286637730
1781702740020
55303752141
1781702741019
55320769306
1781702742019
55337716015
1781702743019
55354711377
1781702744022
55371669147
1781702745017
55388725266
1781702746019
55405698336
1781702747018
55422720076
1781702748019
55439771176
1781702749018
55456845318
1781702750021
55473765313
1781702751019
55490716321
1781702752021
55507748571
1781702753022
55524777135
1781702754020
55541827317
1781702755017
55558788943
1781702756021
55576044604
1781702757019
55593093303
1781702758023
55610080632
1781702759020
55627339507
1781702760023
55644228519
1781702761018
55661237468
1781702762019
55678259957
1781702763020
55695206191
1781702764021
55712062629
1781702765018
55729144299
1781702766020
55746105634
1781702767022
55763115272
1781702768020
55780143774
1781702769019
55797234195
1781702770022
55814324739
1781702771017
55831297014
1781702772022
55848288597
1781702773019
55865304155
1781702774019
55882221120
1781702775016
55899295813
1781702776022
55916197371
1781702777020
55933068773
1781702778020
55950072566
1781702779018
55967100992
1781702780021
55984087664
1781702781020
56001128865
1781702782019
56018034110
1781702783020
56035091178
1781702784018
56052015594
1781702785016
56069242139
1781702786019
56086388421
1781702787019
56103759658
1781702788018
56120883755
1781702789022
56137986233
1781702790020
56154926974
1781702791019
56172083430
1781702792019
56189414398
1781702793020
56206433628
1781702794020
56223538845
1781702795016
56240718664
1781702796020
56257704342
1781702797019
56274955596
1781702798026
56291836010
1781702799018
56309017176
1781702800019
56326105287
1781702801016
56343300498
1781702802022
56358698219
1781702803019
56368470803
1781702804023
56380339089
1781702805019
56389742362
1781702806022
56398266681
1781702807020
56406198537
1781702808023
56413515762
1781702809024
56422303333
1781702810019
56430600783
1781702811023
56441381836
1781702812020
56457029070
1781702813019
56473844718
1781702814018
56490623417
1781702815015
56507562965
1781702816022
56524592003
1781702817019
56541597846
1781702818021
56558573655
1781702819020
56575578060
1781702820021
56592501818
1781702821019
56609564485
1781702822019
56626502381
1781702823018
56643413440
1781702824018
56660337122
1781702825017
56677368363
1781702826022
56694494234
1781702827018
56711580188
1781702828019
56728660710
1781702829019
56745610938
1781702830019
56762628271
1781702831019
56779864470
1781702832019
56797071141
1781702833019
56815490199
1781702834104
56831037294
1781702835016
56848065888
1781702836017
56865060027
1781702837019
56882213820
1781702838019
56899147616
1781702839021
56916046037
1781702840019
56932982464
1781702841019
56949958319
1781702842022
56966899779
1781702843019
56983841883
1781702844025
57000511386
1781702845016
57017756520
1781702846020
57034915103
1781702847019
57052460378
1781702848020
57069409336
1781702849019
57086411262
1781702850020
57103242440
1781702851018
57120192912
1781702852019
57137055394
1781702853021
57154016133
1781702854020
57170863513
1781702855015
57187856596
1781702856019
57204847384
1781702857019
57221727063
1781702858019
57238696920
1781702859019
57255947915
1781702860023
57272822025
1781702861019
57290003496
1781702862021
57307012047
1781702863019
57324000678
1781702864020
57340966328
1781702865016
57357924848
1781702866020
57374868098
1781702867021
57391858840
1781702868019
57408803131
1781702869022
57425776247
1781702870019
57442639861
1781702871018
57459569265
1781702872021
57476643056
1781702873020
57493604054
1781702874019
57510561381
1781702875016
57527584620
1781702876022
57544452977
1781702877019
57561356876
1781702878020
57578392340
1781702879018
57595377038
1781702880019
57612388527
1781702881019
57629403274
1781702882025
57646304434
1781702883018
57663383243
1781702884019
57680296184
1781702885016
57697451921
1781702886022
57714352577
1781702887018
57731242736
1781702888020
57748315639
1781702889022
57765176744
1781702890022
57782065175
1781702891019
57799206071
1781702892022
57816149933
1781702893019
57833207720
1781702894019
57849960026
1781702895016
57866669600
1781702896022
57883670226
1781702897018
57900611579
1781702898022
57917561684
1781702899023
57934438869
1781702900019
57951331324
1781702901018
57968379777
1781702902020
57985357835
1781702903019
58002294186
1781702904020
58019245163
1781702905017
58036365832
1781702906020
58053520620
1781702907019
58070903991
1781702908019
58087509616
1781702909020
58104405865
1781702910018
58121248671
1781702911019
58138333401
1781702912021
58155290636
1781702913018
58172191613
1781702914022
58188991257
1781702915017
58206052058
1781702916018
58222984690
1781702917019
58240019879
1781702918021
58256908172
1781702919019
58273786045
1781702920020
58290749033
1781702921019
58307712342
1781702922018
58324674901
1781702923019
58341818444
1781702924023
58358714035
1781702925017
58375839019
1781702926019
58392867445
1781702927018
58409942887
1781702928019
58426940055
1781702929018
58443904512
1781702930020
58460836930
1781702931022
58477770495
1781702932020
58494659584
1781702933020
58511509581
1781702934021
58528460619
1781702935017
58545334439
1781702936020
58562304235
1781702937022
58579133623
1781702938019
58596006004
1781702939018
58613074470
1781702940017
58630039186
1781702941019
58647030463
1781702942021
58664029115
1781702943019
58680965358
1781702944020
58697815509
1781702945015
58714897515
1781702946022
58731794223
1781702947021
58748756170
1781702948019
58765715715
1781702949019
58782664520
1781702950020
58799686902
1781702951020
58816612053
1781702952021
58833625194
1781702953019
58850662493
1781702954021
58867550756
1781702955016
58884818795
1781702956021
58901692491
1781702957019
58918705020
1781702958022
58935663342
1781702959019
58952720822
1781702960022
58969683549
1781702961020
58986846676
1781702962020
59003793354
1781702963021
59020879920
1781702964020
59037789510
1781702965016
59054988929
1781702966023
59072173246
1781702967019
59089664604
1781702968021
59106606570
1781702969020
59123679717
1781702970021
59140705802
1781702971019
59157691097
1781702972020
59174745471
1781702973019
59191725044
1781702974021
59208627337
1781702975017
59225569134
1781702976020
59242486635
1781702977019
59259407058
1781702978019
59276338435
1781702979020
59293423548
1781702980019
59310533155
1781702981018
59327568267
1781702982021
59344515235
1781702983021
59361465555
1781702984022
59378328342
1781702985016
59395323705
1781702986019
59412164813
1781702987019
59429152647
1781702988022
59446014441
1781702989020
59462889453
1781702990019
59479825850
1781702991020
59496693411
1781702992020
59513585682
1781702993019
59530492641
1781702994020
59547559332
1781702995014
59564836000
1781702996022
59581689578
1781702997020
59598577243
1781702998020
59615485625
1781702999018
59632442217
1781703000019
59649611097
1781703001018
59666716880
1781703002020
59683665546
1781703003019
59700593574
1781703004019
59717567547
1781703005018
59734571798
1781703006021
59751569150
1781703007018
59768604873
1781703008018
59785558819
1781703009018
59802782931
1781703010021
59819779763
1781703011021
59836762105
1781703012019
59853987656
1781703013018
59870918360
1781703014016
59887903778
1781703015015
59904930092
1781703016020
59921797623
1781703017018
59938812217
1781703018020
59955664096
1781703019020
59972679578
1781703020021
59989755128
1781703021019
60006713373
1781703022019
60023612406
1781703023020
60040556452
1781703024019
60057257626
1781703025017
60074428097
1781703026024
60091551414
1781703027019
60109320635
1781703028019
60126239436
1781703029018
60143173139
1781703030019
60160349485
1781703031021
60177370689
1781703032023
60194260145
1781703033019
60211095194
1781703034022
60227689773
1781703035014
60244694025
1781703036020
60261873936
1781703037022
60278796072
1781703038022
60295755908
1781703039019
60312764826
1781703040021
60329686871
1781703041019
60346876590
1781703042019
60363794075
1781703043018
60380770435
1781703044019
60397713104
1781703045016
60414816285
1781703046020
60431702850
1781703047015
60448756153
1781703048021
60465668176
1781703049019
60482686672
1781703050020
60499646110
1781703051019
60516662587
1781703052022
60533554797
1781703053019
60550491483
1781703054019
60567431047
1781703055015
60584523717
1781703056023
60601376422
1781703057019
60618324141
1781703058019
60635293371
1781703059020
60652256572
1781703060019
60669294561
1781703061021
60686575497
1781703062022
60703503601
1781703063018
60720584016
1781703064019
60737507836
1781703065016
60754779792
1781703066022
60771652999
1781703067018
60788607556
1781703068019
60805608090
1781703069019
60822523035
1781703070019
60839438042
1781703071019
60856431309
1781703072020
60873350355
1781703073018
60890411951
1781703074019
60907286841
1781703075015
60924415206
1781703076022
60941572473
1781703077019
60958500531
1781703078019
60975439023
1781703079019
60992486650
1781703080020
61009438408
1781703081020
61026522801
1781703082019
61043552328
1781703083018
61060603107
1781703084019
61077461060
1781703085016
61094653395
1781703086019
61111913248
1781703087019
61129550140
1781703088020
61146428044
1781703089019
61163423697
1781703090019
61180368508
1781703091023
61197290783
1781703092021
61214395724
1781703093019
61231396594
1781703094021
61248459598
1781703095015
61265545766
1781703096022
61282420518
1781703097019
61299551133
1781703098022
61316503701
1781703099021
61333392545
1781703100019
61350356496
1781703101017
61367320876
1781703102019
61384274699
1781703103019
61401310560
1781703104021
61418130371
1781703105015
61435141232
1781703106019
61452154587
1781703107019
61469075607
1781703108018
61486015874
1781703109019
61503004581
1781703110019
61519994940
1781703111022
61536967551
1781703112020
61553863464
1781703113020
61570842073
1781703114022
61587671415
1781703115015
61604661529
1781703116020
61621642755
1781703117019
61638639739
1781703118021
61655547723
1781703119020
61672562027
1781703120022
61689436412
1781703121018
61706390128
1781703122020
61723507018
1781703123020
61740560230
1781703124022
61757420631
1781703125015
61774391223
1781703126018
61791318837
1781703127020
61808231992
1781703128020
61825204573
1781703129019
61842303348
1781703130019
61859319947
1781703131020
61876238365
1781703132019
61893391471
1781703133019
61910385181
1781703134022
61927341283
1781703135017
61944359213
1781703136019
61961334104
1781703137019
61978337530
1781703138021
61995182753
1781703139019
62012114223
1781703140021
62028999808
1781703141019
62045929701
1781703142020
62062837869
1781703143020
62079799969
1781703144021
62096635845
1781703145015
62113769136
1781703146021
62130976710
1781703147020
62148448040
1781703148021
62165305656
1781703149018
62182275422
1781703150018
62199130636
1781703151015
62216151825
1781703152022
62233066725
1781703153021
62249957221
1781703154019
62266915129
1781703155017
62283878040
1781703156019
62300899688
1781703157019
62317888288
1781703158023
62334760653
1781703159019
62352079060
1781703160018
62369127651
1781703161020
62386094953
1781703162020
62403375722
1781703163021
62420580603
1781703164019
62437596559
1781703165016
62454673608
1781703166020
62471619796
1781703167019
62488851987
1781703168021
62505860936
1781703169019
62522883027
1781703170023
62539813548
1781703171020
62556884309
1781703172019
62574105071
1781703173022
62591165964
1781703174022
62608050707
1781703175017
62625167643
1781703176023
62642156947
1781703177019
62659249571
1781703178021
62676358582
1781703179019
62693457449
1781703180024
62710419962
1781703181019
62727499429
1781703182020
62744519179
1781703183019
62762004907
1781703184023
62779016992
1781703185015
62796088610
1781703186020
62813278512
1781703187020
62830372804
1781703188022
62847336755
1781703189019
62864613974
1781703190019
62881644159
1781703191019
62898744786
1781703192020
62915883861
1781703193019
62932877510
1781703194019
62950039275
1781703195017
62967146404
1781703196019
62984032463
1781703197019
63001249614
1781703198019
63018274383
1781703199019
63035572808
1781703200023
63052575255
1781703201019
63069570556
1781703202019
63086899657
1781703203019
63103965751
1781703204020
63120926459
1781703205015
63138323997
1781703206020
63155575757
1781703207021
63173137357
1781703208018
63190212708
1781703209019
63207062583
1781703210023
63223690317
1781703211022
63240100393
1781703212020
63256526488
1781703213020
63273693884
1781703214020
63290622844
1781703215015
63307727112
1781703216019
63324766600
1781703217020
63341714700
1781703218020
63358717131
1781703219019
63375778728
1781703220026
63392605759
1781703221021
63409493716
1781703222020
63426458034
1781703223022
63443336612
1781703224019
63460212543
1781703225016
63477211439
1781703226020
63494357767
1781703227019
63511487157
1781703228019
63528475313
1781703229019
63545541362
1781703230020
63562486479
1781703231019
63579622861
1781703232021
63596597829
1781703233023
63613532649
1781703234022
63630431117
1781703235015
63647561349
1781703236024
63664352303
1781703237019
63681259828
1781703238019
63698136432
1781703239020
63715022659
1781703240018
63731935524
1781703241019
63748807293
1781703242019
63765757781
1781703243019
63782783667
1781703244019
63799782043
1781703245017
63816619356
1781703246020
63833452080
1781703247021
63850312527
1781703248018
63867274902
1781703249019
63884235886
1781703250021
63901171303
1781703251019
63918090517
1781703252019
63934963036
1781703253019
63951928624
1781703254019
63968780213
1781703255016
63985770817
1781703256021
64002627393
1781703257019
64019629747
1781703258020
64036602068
1781703259018
64053602449
1781703260019
64070478303
1781703261019
64087416474
1781703262020
64104340477
1781703263020
64121256983
1781703264021
64138444407
1781703265016
64155626949
1781703266021
64172882503
1781703267018
64190429905
1781703268020
64207325160
1781703269019
64224379320
1781703270021
64241397540
1781703271019
64258433830
1781703272024
64275286765
1781703273019
64292185921
1781703274019
64309215418
1781703275015
64326280273
1781703276018
64343392971
1781703277025
64360253632
1781703278019
64377377851
1781703279018
64394312396
1781703280018
64411300919
1781703281019
64428366585
1781703282021
64445348927
1781703283021
64462481148
1781703284021
64479403912
1781703285016
64496420740
1781703286020
64513492817
1781703287020
64530468167
1781703288019
64547451672
1781703289020
64564479363
1781703290022
64581464536
1781703291020
64598387575
1781703292019
64615402017
1781703293020
64632450072
1781703294019
64649464162
1781703295015
64666519332
1781703296021
64683625160
1781703297019
64700800787
1781703298021
64718131266
1781703299020
64735457949
1781703300019
64752413241
1781703301021
64769405161
1781703302019
64786319235
1781703303018
64803258140
1781703304021
64820301483
1781703305015
64837351528
1781703306019
64854335736
1781703307018
64871495773
1781703308022
64888386835
1781703309019
64905332289
1781703310019
64922304242
1781703311021
64939202985
1781703312020
64956319875
1781703313019
64973264931
1781703314019
64990147043
1781703315015
65007214147
1781703316019
65024148830
1781703317019
65041077729
1781703318018
65058099025
1781703319019
65075073029
1781703320019
65092056472
1781703321020
65109066064
1781703322021
65125947273
1781703323020
65142869409
1781703324019
65159803908
1781703325016
65176927929
1781703326021
65194118733
1781703327019
65211462522
1781703328020
65228410684
1781703329019
65245322478
1781703330020
65262240683
1781703331019
65279183245
1781703332019
65296315710
1781703333018
65313242529
1781703334019
65330266992
1781703335016
65347371367
1781703336020
65364480546
1781703337018
65381586374
1781703338020
65398519925
1781703339019
65415461049
1781703340022
65432303748
1781703341019
65449285340
1781703342020
65466180549
1781703343019
65483138013
1781703344019
65500200466
1781703345015
65517241912
1781703346018
65534154991
1781703347019
65551098777
1781703348021
65568145685
1781703349019
65585205659
1781703350018
65602191918
1781703351019
65619176815
1781703352018
65636078190
1781703353019
65653153403
1781703354019
65670059903
1781703355015
65687262351
1781703356019
65704183447
1781703357019
8097953
1781703358020
25284244
1781703359019
42214612
1781703360019
59137896
1781703361018
76031896
1781703362015
93048250
1781703363022
109963471
1781703364019
126882517
1781703365018
144145155
1781703366020
161091328
1781703367019
178033661
1781703368019
195097261
1781703369018
212097351
1781703370020
229007661
1781703371018
245986744
1781703372021
262912124
1781703373020
279846853
1781703374019
296763344
1781703375016
313748822
1781703376019
330631102
1781703377019
347628500
1781703378021
364624474
1781703379022
381707521
1781703380019
398715368
1781703381019
415646883
1781703382020
432642843
1781703383021
449535924
1781703384019
466404863
1781703385016
483581515
1781703386020
500608732
1781703387019
517980719
1781703388019
536327990
1781703389104
551840537
1781703390021
568689616
1781703391018
585702650
1781703392022
602591418
1781703393020
619582741
1781703394020
636449507
1781703395016
653583931
1781703396020
670694992
1781703397024
687621152
1781703398022
704726568
1781703399019
721765826
1781703400020
738862321
1781703401018
755922418
1781703402023
772778244
1781703403019
789792517
1781703404022
806669871
1781703405014
823660398
1781703406019
840646428
1781703407019
857645217
1781703408021
874487304
1781703409020
891480280
1781703410019
908523929
1781703411020
925567089
1781703412020
942390479
1781703413022
951240244
1781703414023
960884737
1781703415020
970442280
1781703416021
978994475
1781703417023
988202780
1781703418023
997551891
1781703419022
1005155149
1781703420024
1012881022
1781703421022
1020747471
1781703422022
1030279815
1781703423022
1042838927
1781703424023
1058404565
1781703425015
1075514601
1781703426022
1092481291
1781703427019
1109421130
1781703428020
1126381670
1781703429018
1143410554
1781703430020
1160407722
1781703431021
1177376876
1781703432019
1194285456
1781703433018
1211541087
1781703434019
1228547848
1781703435017
1245564554
1781703436022
1262767354
1781703437019
1279756290
1781703438021
1296606486
1781703439019
1313605062
1781703440019
1330528040
1781703441019
1347502533
1781703442020
1364477210
1781703443019
1381524516
1781703444021
1398431245
1781703445016
1415531535
1781703446020
1432761094
1781703447020
1450122494
1781703448018
1467115011
1781703449020
1484148317
1781703450020
1501144444
1781703451020
1518142943
1781703452025
1534943720
1781703453018
1551967954
1781703454021
1568810148
1781703455015
1586080757
1781703456021
1603105220
1781703457019
1620089704
1781703458019
1637082022
1781703459021
1654030781
1781703460020
1671259545
1781703461020
1688245605
1781703462022
1705149243
1781703463019
1722245479
1781703464019
1739158787
1781703465017
1756175034
1781703466018
1773231780
1781703467020
1790339368
1781703468020
1807298638
1781703469019
1824308199
1781703470019
1841321661
1781703471019
1858583549
1781703472022
1875495496
1781703473019
1892514007
1781703474019
1909418993
1781703475014
1926400264
1781703476019
1943408004
1781703477022
1960323806
1781703478020
1977225089
1781703479020
1994349354
1781703480019
2011323051
1781703481019
2028415339
1781703482020
2045411773
1781703483021
2062306966
1781703484019
2079242796
1781703485016
2096315592
1781703486020
2113331104
1781703487019
2130308627
1781703488020
2147385462
1781703489020
2164453163
1781703490020
2181403711
1781703491019
2198347635
1781703492020
2215279089
1781703493019
2232248534
1781703494022
2249077080
1781703495014
2266111733
1781703496020
2283083579
1781703497019
2300151861
1781703498021
2317044240
1781703499019
2333952254
1781703500019
2351252974
1781703501022
2368308114
1781703502021
2385285162
1781703503019
2402324512
1781703504020
2419279956
1781703505018
2436287176
1781703506019
2453692196
1781703507019
2471101164
1781703508019
2488091140
1781703509019
2505057081
1781703510019
2521888274
1781703511020
2538577866
1781703512020
2555156992
1781703513019
2572084851
1781703514020
2588938933
1781703515015
2605910489
1781703516019
2622846456
1781703517018
2639792507
1781703518019
2656615148
1781703519019
2673561366
1781703520020
2690453041
1781703521020
2707362631
1781703522020
2724369438
1781703523019
2741367065
1781703524021
2758211982
1781703525016
2775282529
1781703526022
2792120072
1781703527018
2809040923
1781703528022
2826047271
1781703529019
2843060932
1781703530020
2860010073
1781703531018
2876998704
1781703532020
2893893025
1781703533019
2910856166
1781703534020
2927959378
1781703535016
2945057296
1781703536021
2961969977
1781703537018
2978962524
1781703538020
2995924319
1781703539022
3012830069
1781703540022
3029683248
1781703541019
3046570333
1781703542020
3063465281
1781703543018
3080389774
1781703544020
3097160487
1781703545018
3113731932
1781703546022
3130583872
1781703547018
3147591276
1781703548019
3164516533
1781703549017
3181503236
1781703550019
3198454259
1781703551020
3215451228
1781703552021
3232427220
1781703553022
3249299632
1781703554022
3266145116
1781703555015
3283130334
1781703556019
3300052134
1781703557019
3316915825
1781703558020
3333808692
1781703559019
3350808186
1781703560019
3367786672
1781703561019
3384706086
1781703562019
3401814760
1781703563021
3418852916
1781703564019
3435795723
1781703565015
3453193797
1781703566023
3470257474
1781703567020
3487731604
1781703568022
3504919501
1781703569022
3521826093
1781703570021
3538753891
1781703571019
3555726043
1781703572021
3572563800
1781703573018
3589554251
1781703574022
3606372302
1781703575014
3623400605
1781703576019
3640383376
1781703577021
3657287565
1781703578020
3674292123
1781703579021
3691274297
1781703580019
3708263080
1781703581019
3725337834
1781703582020
3742274338
1781703583022
3759163289
1781703584018
3776197008
1781703585016
3793183267
1781703586022
3810046835
1781703587019
3826991218
1781703588020
3843846218
1781703589018
3860782094
1781703590023
3877475985
1781703591021
3894158448
1781703592018
3911084455
1781703593021
3928025487
1781703594022
3945008013
1781703595015
3962236012
1781703596019
3979311194
1781703597020
3996341762
1781703598022
4013282672
1781703599019
4030267492
1781703600020
4047243883
1781703601019
4064358509
1781703602020
4081208521
1781703603019
4098400718
1781703604019
4115342255
1781703605016
4132532815
1781703606019
4149545726
1781703607018
4166559342
1781703608019
4183659218
1781703609020
4200792418
1781703610020
4218078924
1781703611021
4235165750
1781703612019
4252138545
1781703613020
4269155909
1781703614020
4286172033
1781703615015
4303209731
1781703616020
4320285617
1781703617023
4337308458
1781703618022
4354163091
1781703619018
4371217665
1781703620016
4388204872
1781703621019
4405367097
1781703622024
4422449241
1781703623020
4439523719
1781703624022
4456692691
1781703625016
4473917660
1781703626019
4491259843
1781703627021
4509045955
1781703628020
4526098892
1781703629023
4543294531
1781703630019
4560288868
1781703631020
4577272786
1781703632019
4594499806
1781703633020
4611492537
1781703634020
4628409487
1781703635014
4645707667
1781703636023
4662483199
1781703637021
4679452521
1781703638020
4696641657
1781703639019
4713657721
1781703640019
4730624105
1781703641019
4747596900
1781703642018
4764565717
1781703643021
4781552649
1781703644021
4798425336
1781703645014
4815518343
1781703646019
4832451633
1781703647020
4849406068
1781703648021
4866435396
1781703649019
4883386710
1781703650019
4900283755
1781703651019
4917285819
1781703652021
4934319125
1781703653021
4951323086
1781703654020
4968451880
1781703655016
4985628930
1781703656024
5002679586
1781703657018
5019805381
1781703658021
5036741150
1781703659019
5053657717
1781703660019
5070621623
1781703661020
5087611768
1781703662019
5104690791
1781703663019
5121663907
1781703664020
5138707541
1781703665017
5155848911
1781703666019
5172961013
1781703667021
5190045008
1781703668021
5207059572
1781703669020
5224206511
1781703670018
5241357551
1781703671020
5258300083
1781703672020
5275415504
1781703673019
5292359443
1781703674019
5309282223
1781703675016
5326471176
1781703676022
5343366966
1781703677018
5360340618
1781703678019
5377306344
1781703679023
5394237003
1781703680020
5411338027
1781703681019
5428306109
1781703682020
5445259045
1781703683020
5462443791
1781703684018
5479399266
1781703685014
5496580508
1781703686019
5513994126
1781703687019
5531413697
1781703688020
5548386063
1781703689019
5565388662
1781703690018
5582313477
1781703691019
5599345039
1781703692020
5616294777
1781703693020
5633309509
1781703694023
5650443627
1781703695017
5667467738
1781703696020
5684628876
1781703697021
5701607485
1781703698021
5718513771
1781703699019
5735839123
1781703700018
5752951332
1781703701018
5769969629
1781703702019
5786984943
1781703703019
5804221815
1781703704018
5821155213
1781703705015
5838315831
1781703706020
5855237860
1781703707019
5872162292
1781703708018
5889162565
1781703709020
5906128644
1781703710020
5923073363
1781703711020
5939971341
1781703712018
5957046585
1781703713022
5974043982
1781703714022
5990877868
1781703715016
6007948002
1781703716019
6024841466
1781703717020
6041701638
1781703718020
6058808093
1781703719019
6075745270
1781703720023
6092612908
1781703721020
6109758455
1781703722020
6126591821
1781703723019
6143488376
1781703724019
6160397997
1781703725016
6177325122
1781703726020
6194232203
1781703727020
6211085046
1781703728019
6227976628
1781703729020
6244995461
1781703730021
6261943317
1781703731019
6279069066
1781703732019
6296035022
1781703733018
6313163708
1781703734022
6330234377
1781703735015
6347391078
1781703736022
6364363123
1781703737019
6381374245
1781703738019
6398034935
1781703739019
6414943347
1781703740020
6431916785
1781703741019
6448885219
1781703742023
6465798375
1781703743019
6482742804
1781703744020
6499593122
1781703745016
6516791638
1781703746020
6533980346
1781703747021
6551431037
1781703748020
6568420248
1781703749020
6585308113
1781703750019
6602233004
1781703751018
6619337608
1781703752019
6636254175
1781703753020
6653404190
1781703754022
6670346615
1781703755016
6687459634
1781703756021
6704292051
1781703757018
6721270232
1781703758024
6738128200
1781703759019
6755191663
1781703760020
6772118680
1781703761019
6789137329
1781703762020
6806115112
1781703763019
6823221354
1781703764022
6840193598
1781703765015
6857182442
1781703766018
6874086158
1781703767019
6891047615
1781703768020
6907933583
1781703769019
6924995883
1781703770019
6941996386
1781703771019
6959175302
1781703772020
6976200438
1781703773018
6993191945
1781703774018
7010158054
1781703775015
7027294957
1781703776020
7044222035
1781703777020
7061298916
1781703778019
7078349557
1781703779020
7095397108
1781703780020
7112279602
1781703781019
7129261577
1781703782022
7146207092
1781703783019
7163170172
1781703784019
7179985361
1781703785014
7197063925
1781703786019
7214105264
1781703787019
7231060035
1781703788021
7247868386
1781703789019
7264823234
1781703790020
7281751475
1781703791021
7298838133
1781703792019
7315828079
1781703793020
7332990502
1781703794019
7350112931
1781703795016
7367175047
1781703796020
7384105201
1781703797019
7401066720
1781703798021
7417955441
1781703799019
7435083684
1781703800022
7451977041
1781703801019
7469043457
1781703802022
7485983036
1781703803019
7502953428
1781703804020
7520146742
1781703805015
7537474405
1781703806020
7554619922
1781703807019
7572283940
1781703808020
7589299698
1781703809020
7606340562
1781703810020
7623594571
1781703811021
7640559272
1781703812021
7657480460
1781703813019
7674419427
1781703814020
7691272193
1781703815015
7708428955
1781703816020
7725393136
1781703817020
7742427850
1781703818024
7759337349
1781703819020
7776230462
1781703820021
7793171004
1781703821021
7810090494
1781703822022
7827126080
1781703823019
7844196642
1781703824022
7861103677
1781703825015
7878107455
1781703826021
7895107101
1781703827018
7912037867
1781703828021
7928884269
1781703829020
7945909359
1781703830022
7962754613
1781703831016
7979754244
1781703832019
7996633128
1781703833020
8013591036
1781703834019
8030673271
1781703835016
8047744461
1781703836024
8064612160
1781703837019
8081690387
1781703838021
8098837740
1781703839023
8116032048
1781703840020
8133090110
1781703841020
8150108131
1781703842019
8167399763
1781703843020
8184361710
1781703844019
8201305175
1781703845014
8218444633
1781703846020
8235415286
1781703847019
8252615270
1781703848020
8269609041
1781703849022
8286543081
1781703850020
8303592407
1781703851020
8320259294
1781703852020
8337069266
1781703853021
8353866172
1781703854020
8370670177
1781703855016
8387722930
1781703856022
8404633209
1781703857022
8421544177
1781703858022
8438574591
1781703859022
8455469341
1781703860022
8472336612
1781703861019
8489379710
1781703862019
8506276984
1781703863018
8523222423
1781703864020
8540166668
1781703865015
8557342907
1781703866021
8574564694
1781703867018
8592143247
1781703868020
8609238304
1781703869020
8626377777
1781703870019
8643329886
1781703871018
8660366115
1781703872020
8677505955
1781703873020
8694162927
1781703874019
8710927367
1781703875015
8728047547
1781703876022
8745044852
1781703877019
8762073416
1781703878020
8778957991
1781703879019
8795921697
1781703880021
8812829146
1781703881019
8829778318
1781703882022
8846682064
1781703883019
8863629399
1781703884020
8880513592
1781703885015
8897873278
1781703886019
8914809735
1781703887020
8931727267
1781703888019
8948604039
1781703889018
8965561748
1781703890020
8982452535
1781703891019
8999395434
1781703892020
9016279075
1781703893019
9033236616
1781703894019
9050048134
1781703895015
9067076590
1781703896020
9083969932
1781703897020
9100886591
1781703898020
9118081756
1781703899021
9135059172
1781703900020
9152056309
1781703901017
9169117217
1781703902021
9186076456
1781703903019
9203069294
1781703904019
9219995867
1781703905016
9237009605
1781703906020
9254217561
1781703907020
9271165478
1781703908023
9288098707
1781703909020
9305067631
1781703910020
9321962121
1781703911019
9338884318
1781703912020
9355744153
1781703913018
9372641366
1781703914022
9389711439
1781703915015
9406852227
1781703916021
9423809447
1781703917019
9440776290
1781703918020
9457763895
1781703919019
9474833325
1781703920020
9491906213
1781703921019
9508813891
1781703922018
9525751618
1781703923020
9542657139
1781703924019
9559482625
1781703925015
9576596394
1781703926020
9593735546
1781703927021
9611077744
1781703928019
9627997601
1781703929019
9644861215
1781703930019
9661831792
1781703931019
9678902048
1781703932019
9695819793
1781703933018
9712790538
1781703934020
9729704749
1781703935017
9746692813
1781703936020
9763540408
1781703937019
9780388263
1781703938019
9797237067
1781703939019
9814522931
1781703940020
9831381266
1781703941021
9848266713
1781703942020
9865123978
1781703943019
9881996374
1781703944022
9898762068
1781703945017
9915738505
1781703946020
9932625803
1781703947018
9949705331
1781703948021
9966519740
1781703949019
9983508187
1781703950023
10000251283
1781703951019
10017094166
1781703952019
10033999212
1781703953019
10050750157
1781703954020
10067413571
1781703955017
10084619079
1781703956022
10101519137
1781703957018
10118483257
1781703958020
10135356617
1781703959020
10152247557
1781703960019
10169426504
1781703961019
10186391496
1781703962021
10203478567
1781703963020
10220492136
1781703964020
10237379282
1781703965016
10254720546
1781703966021
10271785769
1781703967020
10288801480
1781703968019
10306196417
1781703969020
10323120895
1781703970020
10340009494
1781703971019
10357011986
1781703972021
10373935744
1781703973019
10391319910
1781703974021
10408260958
1781703975015
10425021098
1781703976019
10441844641
1781703977020
10458742665
1781703978019
10475668015
1781703979021
10492589386
1781703980018
10509508096
1781703981018
10526463923
1781703982020
10543337666
1781703983018
10560168614
1781703984020
10577263809
1781703985016
10594291500
1781703986019
10611364709
1781703987020
10628696106
1781703988021
10645512519
1781703989019
10662388557
1781703990020
10679248086
1781703991019
10696197273
1781703992020
10713181527
1781703993019
10730226324
1781703994019
10747206677
1781703995015
10764399960
1781703996021
10781264952
1781703997019
10798211813
1781703998020
10815190514
1781703999019
10832159774
1781704000022
10849088016
1781704001019
10866095618
1781704002019
10883056020
1781704003018
10900037352
1781704004020
10916858126
1781704005016
10933820196
1781704006019
10950915528
1781704007020
10968019276
1781704008024
10985045330
1781704009019
11002085063
1781704010019
11019012967
1781704011020
11035950190
1781704012018
11052835209
1781704013019
11069816464
1781704014020
11086767227
1781704015015
11103777691
1781704016019
11120760415
1781704017020
11137702733
1781704018019
11154563394
1781704019019
11171413513
1781704020019
11188320013
1781704021018
11205347230
1781704022022
11222308428
1781704023020
11238242735
1781704024020
11247068005
1781704025016
11258119485
1781704026022
11266765424
1781704027026
11274673519
1781704028022
11282982873
1781704029019
11292979434
1781704030023
11301218805
1781704031024
11308410142
1781704032023
11316064349
1781704033019
11324470475
1781704034025
11335733096
1781704035021
11350008531
1781704036024
11366261262
1781704037021
11382942715
1781704038014
11399730318
1781704039019
11416352361
1781704040023
11433238588
1781704041021
11450342061
1781704042018
11467246602
1781704043018
11484186150
1781704044019
11501154432
1781704045015
11518274305
1781704046020
11535406159
1781704047019
11552916688
1781704048019
11569904920
1781704049019
11586869973
1781704050016
11603858451
1781704051020
11620874178
1781704052019
11637910100
1781704053020
11654927235
1781704054023
11671875932
1781704055015
11688949615
1781704056022
11705930657
1781704057018
11722931573
1781704058018
11739904689
1781704059022
11756850235
1781704060022
11773729363
1781704061019
11790653473
1781704062019
11807662881
1781704063021
11824586288
1781704064019
11841489085
1781704065015
11858569623
1781704066023
11875471808
1781704067022
11892416527
1781704068020
11909442413
1781704069019
11926467152
1781704070021
11943507098
1781704071018
11960448452
1781704072020
11977409710
1781704073021
11994393812
1781704074019
12011331233
1781704075016
12028607550
1781704076020
12045509046
1781704077019
12062469295
1781704078019
12079522339
1781704079020
12096483628
1781704080021
12113311945
1781704081018
12130329355
1781704082019
12147354889
1781704083022
12164283696
1781704084019
12181254655
1781704085015
12198294617
1781704086020
12215318131
1781704087019
12232263463
1781704088019
12249262818
1781704089020
12266311134
1781704090020
12283278314
1781704091020
12300379445
1781704092019
12317558897
1781704093019
12334554673
1781704094019
12351620385
1781704095016
12368718119
1781704096023
12385558569
1781704097019
12402599709
1781704098020
12419612835
1781704099020
12436639379
1781704100019
12453550989
1781704101019
12470583224
1781704102019
12487574593
1781704103019
12504582410
1781704104019
12521515884
1781704105017
12538783188
1781704106024
12555894005
1781704107019
12573463347
1781704108020
12590485637
1781704109019
12607694098
1781704110019
12624676011
1781704111019
12641670854
1781704112019
12658690069
1781704113020
12675646064
1781704114021
12692493078
1781704115018
12709627670
1781704116022
12726882475
1781704117018
12744005210
1781704118022
12761129459
1781704119019
12778279382
1781704120021
12795270889
1781704121019
12812504748
1781704122020
12829477191
1781704123020
12846512685
1781704124020
12863507512
1781704125016
12880574739
1781704126020
12897897552
1781704127020
12915104498
1781704128020
12932120989
1781704129019
12949438554
1781704130020
12966564808
1781704131020
12983666322
1781704132022
13001160755
1781704133019
13018195546
1781704134019
13035368572
1781704135015
13052599860
1781704136022
13069548665
1781704137019
13086577335
1781704138022
13103641548
1781704139023
13120645371
1781704140023
13137751337
1781704141018
13154840764
1781704142024
13171896806
1781704143019
13189352683
1781704144022
13206267659
1781704145015
13223436034
1781704146019
13240601349
1781704147019
13257789507
1781704148024
13274791157
1781704149020
13291832542
1781704150019
13308940635
1781704151021
13326203548
1781704152021
13343251007
1781704153019
13360390633
1781704154019
13377495146
1781704155016
13394612052
1781704156020
13411738948
1781704157018
13428841227
1781704158019
13445906755
1781704159019
13463163870
1781704160022
13480157274
1781704161019
13497269880
1781704162019
13514521456
1781704163019
13531575265
1781704164019
13548814632
1781704165015
13566134094
1781704166022
13583411420
1781704167019
13601117008
1781704168020
13618103803
1781704169019
13635215415
1781704170022
13652259324
1781704171019
13669255849
1781704172023
13686505941
1781704173021
13703558112
1781704174019
13720671331
1781704175016
13737933326
1781704176022
13754859135
1781704177022
13772143468
1781704178019
13789471116
1781704179019
13806576562
1781704180019
13823846437
1781704181020
13840909747
1781704182019
13857924234
1781704183020
13874938553
1781704184020
13891819441
1781704185016
13908940279
1781704186020
13925982199
1781704187019
13942896456
1781704188019
13959873994
1781704189018
13976971744
1781704190019
13994741898
1781704191022
14012903488
1781704192019
14029909912
1781704193019
14047039731
1781704194019
14063985720
1781704195016
14081050713
1781704196022
14097989664
1781704197019
14115078709
1781704198019
14132119833
1781704199021
14149244527
1781704200020
14166250982
1781704201019
14183366449
1781704202022
14200522936
1781704203020
14217493053
1781704204020
14234605537
1781704205017
14251543295
1781704206016
14268509113
1781704207020
14285746062
1781704208022
14302768001
1781704209019
14319937768
1781704210020
14337206847
1781704211019
14354490661
1781704212019
14371449364
1781704213019
14388567800
1781704214022
14405508235
1781704215014
14422612733
1781704216020
14439650354
1781704217018
14456781458
1781704218022
14473925001
1781704219022
14490916706
1781704220019
14508166645
1781704221020
14525347184
1781704222020
14542306530
1781704223016
14559229890
1781704224019
14576139619
1781704225015
14593328725
1781704226019
14610625819
1781704227018
14628080135
1781704228019
14645070081
1781704229020
14662044116
1781704230020
14678972571
1781704231019
14696021269
1781704232019
14712967962
1781704233022
14729869597
1781704234020
14747033122
1781704235016
14764092239
1781704236021
14781019899
1781704237019
14798027578
1781704238020
14815013837
1781704239024
14831956353
1781704240021
14848944433
1781704241019
14866005524
1781704242019
14883211613
1781704243018
14900199173
1781704244019
14917139118
1781704245017
14934539380
1781704246023
14951439332
1781704247019
14968397469
1781704248021
14985349502
1781704249019
15002338913
1781704250021
15019412351
1781704251020
15036466970
1781704252018
15053572355
1781704253019
15070777511
1781704254022
15087643527
1781704255015
15104716369
1781704256023
15121695727
1781704257020
15138628528
1781704258020
15155631709
1781704259020
15172555850
1781704260018
15189619190
1781704261019
15206595014
1781704262020
15223508736
1781704263019
15240453838
1781704264019
15257323266
1781704265015
15274279491
1781704266019
15291332779
1781704267021
15308257119
1781704268019
15325302849
1781704269020
15342511539
1781704270019
15359544754
1781704271019
15376744738
1781704272020
15393817197
1781704273022
15410806042
1781704274022
15427551035
1781704275016
15444438318
1781704276021
15461294237
1781704277019
15478369037
1781704278020
15495346422
1781704279019
15512580066
1781704280020
15529636261
1781704281020
15546611489
1781704282019
15563630153
1781704283019
15580638857
1781704284019
15597698097
1781704285013
15615291705
1781704286020
15632449523
1781704287021
15649817394
1781704288022
15666747732
1781704289019
15683681925
1781704290020
15700636436
1781704291018
15717583190
1781704292020
15734549177
1781704293019
15751622569
1781704294022
15768462851
1781704295017
15785435385
1781704296020
15802369869
1781704297019
15819322958
1781704298020
15836485059
1781704299021
15853438500
1781704300020
15870384397
1781704301018
15887396697
1781704302020
15904421160
1781704303022
15921448713
1781704304022
15938416781
1781704305018
15955423863
1781704306022
15972363472
1781704307020
15989319269
1781704308022
16006188972
1781704309018
16023185727
1781704310019
16040083292
1781704311020
16056988338
1781704312019
16074194917
1781704313019
16091277704
1781704314019
16108245189
1781704315016
16125584710
1781704316022
16142488517
1781704317019
16159469130
1781704318020
16176313283
1781704319019
16193262409
1781704320019
16210178578
1781704321019
16227095054
1781704322020
16243948341
1781704323019
16260915826
1781704324021
16277780787
1781704325017
16294787747
1781704326020
16311701805
1781704327019
16328616903
1781704328022
16345518416
1781704329020
16362489160
1781704330019
16379523951
1781704331020
16396556569
1781704332019
16413483816
1781704333019
16430464123
1781704334021
16447360785
1781704335016
16464367974
1781704336019
16481380518
1781704337019
16498334112
1781704338021
16515264801
1781704339019
16532227100
1781704340021
16549088894
1781704341019
16566124526
1781704342020
16583075686
1781704343020
16600088322
1781704344018
16617083914
1781704345016
16634162754
1781704346021
16651683334
1781704347020
16669183704
1781704348020
16686127062
1781704349019
16703227657
1781704350020
16720099013
1781704351019
16737111435
1781704352021
16754037810
1781704353020
16770943774
1781704354020
16787783505
1781704355014
16804800548
1781704356020
16821775714
1781704357019
16838747117
1781704358022
16855656508
1781704359018
16872647526
1781704360021
16889639415
1781704361019
16906700001
1781704362020
16923651973
1781704363019
16940675931
1781704364020
16957514346
1781704365015
16974593598
1781704366020
16991546794
1781704367019
17008520889
1781704368021
17025431903
1781704369018
17042451194
1781704370020
17059428916
1781704371020
17076404755
1781704372019
17093412863
1781704373024
17110376906
1781704374022
17127373967
1781704375016
17144483880
1781704376020
17161531110
1781704377021
17178351899
1781704378020
17195266233
1781704379018
17212201787
1781704380020
17229098388
1781704381021
17246299704
1781704382019
17263260963
1781704383022
17280118962
1781704384021
17296949268
1781704385016
17313975230
1781704386021
17330880766
1781704387018
17347926481
1781704388019
17364866457
1781704389018
17381936376
1781704390021
17398943872
1781704391021
17415950480
1781704392020
17433023841
1781704393018
17450112090
1781704394019
17466963816
1781704395014
17484106059
1781704396022
17501157924
1781704397018
17518272534
1781704398022
17535256636
1781704399020
17552206374
1781704400018
17569170937
1781704401019
17586151749
1781704402019
17603109397
1781704403018
17620124864
1781704404015
17637229208
1781704405017
17654443024
1781704406020
17671785345
1781704407019
17689250233
1781704408019
17706263344
1781704409020
17723255218
1781704410019
17740275305
1781704411022
17757239501
1781704412022
17774212158
1781704413019
17791191762
1781704414019
17808252868
1781704415016
17825488502
1781704416022
17842456003
1781704417019
17859453783
1781704418019
17876443438
1781704419019
17893468161
1781704420020
17910398591
1781704421020
17927423849
1781704422021
17944476908
1781704423019
17961453099
1781704424019
17978436436
1781704425016
17995506417
1781704426022
18012396163
1781704427018
18029388986
1781704428019
18046332068
1781704429019
18063370209
1781704430023
18080294258
1781704431021
18097220388
1781704432022
18114203495
1781704433019
18131031552
1781704434015
18147445805
1781704435015
18164398955
1781704436024
18181056233
1781704437019
18198117217
1781704438019
18214984396
1781704439019
18232018070
1781704440021
18249083721
1781704441020
18266146357
1781704442022
18283018937
1781704443018
18299887753
1781704444018
18316821625
1781704445015
18333869604
1781704446018
18350801456
1781704447019
18367788021
1781704448019
18384954024
1781704449020
18402297538
1781704450019
18419336796
1781704451019
18436339992
1781704452019
18453491476
1781704453020
18470573161
1781704454022
18487553621
1781704455014
18504649290
1781704456019
18521647636
1781704457019
18538723614
1781704458018
18555665197
1781704459018
18572648197
1781704460018
18589569737
1781704461020
18606435921
1781704462020
18623263994
1781704463020
18640242725
1781704464021
18657082532
1781704465017
18674371456
1781704466019
18691745111
1781704467019
18709323189
1781704468019
18726513351
1781704469021
18743457596
1781704470019
18760472634
1781704471019
18777566773
1781704472021
18794567858
1781704473022
18811738023
1781704474022
18828630309
1781704475015
18845786031
1781704476022
18862834102
1781704477018
18879781483
1781704478020
18896748082
1781704479020
18913797361
1781704480020
18930803587
1781704481018
18947996946
1781704482020
18965047175
1781704483018
18982402776
1781704484021
18999357210
1781704485016
19016336952
1781704486020
19033351470
1781704487019
19050397429
1781704488020
19067355261
1781704489019
19084485982
1781704490019
19101463443
1781704491019
19118550024
1781704492019
19135704920
1781704493019
19152668535
1781704494022
19169520001
1781704495015
19186748244
1781704496022
19203705556
1781704497018
19220850078
1781704498021
19237888617
1781704499019
19255005109
1781704500019
19272090987
1781704501019
19289030703
1781704502020
19306006512
1781704503019
19322981847
1781704504020
19339890091
1781704505017
19357166254
1781704506022
19374119985
1781704507021
19391024741
1781704508019
19408013494
1781704509019
19425035769
1781704510023
19441909512
1781704511019
19459103315
1781704512019
19476179140
1781704513020
19493496736
1781704514021
19510473830
1781704515014
19527546427
1781704516020
19544984388
1781704517020
19562260184
1781704518020
19579217097
1781704519020
19596444362
1781704520022
19613490321
1781704521021
19630549332
1781704522018
19647609428
1781704523018
19664623304
1781704524022
19681499158
1781704525015
19698666829
1781704526020
19716026897
1781704527022
19733672219
1781704528018
19750646896
1781704529018
19767786828
1781704530019
19784802585
1781704531020
19801803058
1781704532022
19818722165
1781704533018
19835750147
1781704534020
19852836896
1781704535018
19869981051
1781704536020
19886937291
1781704537019
19904147848
1781704538019
19921193762
1781704539020
19938234504
1781704540022
19955331795
1781704541018
19972319477
1781704542020
19989233336
1781704543019
20006348880
1781704544022
20023274337
1781704545016
20040451356
1781704546019
20057555226
1781704547019
20074627486
1781704548022
20091591361
1781704549019
20108691972
1781704550022
20125679838
1781704551019
20142949208
1781704552022
20159865408
1781704553021
20176787484
1781704554019
20193753317
1781704555015
20210724643
1781704556018
20227742558
1781704557019
20244663424
1781704558019
20261748246
1781704559018
20278813116
1781704560020
20295742658
1781704561018
20312748792
1781704562019
20329706944
1781704563019
20346696309
1781704564023
20363616916
1781704565016
20380680027
1781704566023
20397593825
1781704567023
20414446897
1781704568020
20431333828
1781704569018
20448307388
1781704570021
20465175730
1781704571019
20482068047
1781704572019
20499071595
1781704573020
20516104412
1781704574023
20532904699
1781704575016
20549909471
1781704576019
20566886657
1781704577018
20583967944
1781704578022
20600916290
1781704579019
20617809616
1781704580019
20634718029
1781704581019
20651675463
1781704582021
20668553367
1781704583019
20685507542
1781704584019
20702395743
1781704585017
20719658228
1781704586022
20736906882
1781704587019
20754320975
1781704588021
20771387910
1781704589020
20788582632
1781704590024
20805597991
1781704591018
20822736546
1781704592019
20839645020
1781704593019
20856592279
1781704594019
20873536234
1781704595015
20890547141
1781704596021
20907467901
1781704597019
20924474371
1781704598022
20941339913
1781704599019
20958302763
1781704600019
20975279597
1781704601021
20992305299
1781704602021
21009271545
1781704603020
21026210956
1781704604021
21043133964
1781704605017
21060179939
1781704606020
21077101403
1781704607018
21094122270
1781704608021
21110975771
1781704609019
21127908036
1781704610022
21144839276
1781704611019
21161837943
1781704612021
21178822045
1781704613019
21195791306
1781704614019
21212660902
1781704615016
21229649242
1781704616019
21246578172
1781704617019
21263509947
1781704618022
21280432176
1781704619019
21297639550
1781704620019
21314638569
1781704621019
21331706821
1781704622020
21348633731
1781704623019
21365616471
1781704624020
21382456936
1781704625015
21399470781
1781704626020
21416417046
1781704627019
21433363846
1781704628018
21450335493
1781704629019
21467382768
1781704630020
21484316671
1781704631019
21501311819
1781704632022
21518192401
1781704633019
21535143439
1781704634018
21552092152
1781704635015
21569118849
1781704636020
21585928989
1781704637018
21596255831
1781704638019
21606251168
1781704639018
21615851184
1781704640022
21624319764
1781704641020
21632213142
1781704642020
21640336080
1781704643022
21647869800
1781704644024
21655072764
1781704645019
21662920655
1781704646027
21671396227
1781704647020
21683110887
1781704648023
21692276244
1781704649023
21700988294
1781704650023
21708863097
1781704651022
21717230131
1781704652024
21726064688
1781704653024
21735981153
1781704654023
21743293100
1781704655020
21752288720
1781704656019
21761668415
1781704657024
21768972696
1781704658021
21776596809
1781704659024
21784341470
1781704660022
21792766369
1781704661023
21800795059
1781704662021
21807947901
1781704663024
21815915529
1781704664112
21822523905
1781704665021
21829662640
1781704666022
21836950413
1781704667024
21844622934
1781704668024
21851893647
1781704669021
21859878396
1781704670023
21867349478
1781704671024
21874810477
1781704672024
21882369809
1781704673023
21889901678
1781704674026
21897577198
1781704675022
21905281758
1781704676022
21912731496
1781704677025
21920236208
1781704678024
21928295682
1781704679107
21935336604
1781704680023
21943319379
1781704681024
21951000009
1781704682024
21959153624
1781704683022
21966677812
1781704684024
21974058425
1781704685019
21981703560
1781704686025
21989158760
1781704687023
21997043615
1781704688026
22005808174
1781704689022
22013177725
1781704690024
22022088185
1781704691020
22029899585
1781704692019
22038514326
1781704693019
22046895850
1781704694020
22056209710
1781704695019
22063889407
1781704696022
22071691428
1781704697023
22079129477
1781704698024
22087038965
1781704699020
22094723910
1781704700024
22102222563
1781704701023
22109673663
1781704702024
22117193613
1781704703027
22124630300
1781704704024
22132135990
1781704705019
22139712183
1781704706022
22147846734
1781704707024
22158280554
1781704708021
22166281230
1781704709022
22174508376
1781704710022
22183211965
1781704711023
22192539962
1781704712024
22201190934
1781704713022
22208834401
1781704714022
22216330804
1781704715019
22224011572
1781704716023
22231503569
1781704717024
22239197327
1781704718024
22246959645
1781704719023
22254265456
1781704720024
22262212077
1781704721022
22270193551
1781704722024
22279508298
1781704723019
22292530572
1781704724020
22302787723
1781704725017
22310573541
1781704726020
22318338123
1781704727020
22326197610
1781704728021
22335005484
1781704729023
22344109274
1781704730024
22352182855
1781704731022
22359739815
1781704732027
22366910145
1781704733024
22374372934
1781704734023
22381875641
1781704735020
22389182064
1781704736024
22396690203
1781704737023
22404065124
1781704738022
22411364509
1781704739026
22418777359
1781704740023
22426602942
1781704741020
22434298291
1781704742021
22441766925
1781704743024
22449527865
1781704744023
22457023427
1781704745020
22464389230
1781704746023
22472002908
1781704747023
22479604376
1781704748024
22487105507
1781704749023
22494706455
1781704750026
22502252874
1781704751023
22509707310
1781704752024
22517444030
1781704753024
22525192531
1781704754024
22532471568
1781704755022
22540730553
1781704756024
22548083948
1781704757019
22561252719
1781704758023
22571733387
1781704759022
22580336470
1781704760020
22588255107
1781704761022
22596974317
1781704762022
22605304081
1781704763019
22613186978
1781704764023
22620976299
1781704765019
22628886828
1781704766023
22638330080
1781704767019
22649456178
1781704768024
22657296878
1781704769022
22664747886
1781704770023
22672117575
1781704771025
22680391279
1781704772023
22688034899
1781704773021
22696571014
1781704774025
22704248921
1781704775021
22711468257
1781704776023
22718934182
1781704777024
22726254131
1781704778023
22733764289
1781704779026
22744359477
1781704780024
22752244638
1781704781021
22759916410
1781704782024
22767689453
1781704783024
22775265829
1781704784021
22782631984
1781704785020
22790026673
1781704786024
22797521531
1781704787023
22805131123
1781704788023
22812415759
1781704789023
22820644696
1781704790023
22830761745
1781704791023
22843925895
1781704792020
22854174325
1781704793024
22862879091
1781704794023
22872074866
1781704795017
22880241608
1781704796020
22888418968
1781704797023
22896111303
1781704798024
22903709085
1781704799023
22911154019
1781704800028
22918471366
1781704801019
22926096289
1781704802023
22933927686
1781704803022
22941729646
1781704804023
22949657937
1781704805019
22957218616
1781704806023
22964784175
1781704807025
22972068245
1781704808023
22979636421
1781704809019
22987332719
1781704810022
22994598276
1781704811026
23002145414
1781704812026
23009668806
1781704813022
23016850473
1781704814024
23024225899
1781704815019
23031770314
1781704816024
23039349643
1781704817026
23046984818
1781704818023
23054310473
1781704819024
23062062616
1781704820024
23069475558
1781704821022
23076979412
1781704822021
23084713914
1781704823024
23092902887
1781704824022
23104138289
1781704825016
23117025112
1781704826020
23127994936
1781704827019
23138640141
1781704828023
23147184625
1781704829022
23155573140
1781704830023
23164060923
1781704831020
23171995747
1781704832024
23179835850
1781704833024
23187814127
1781704834026
23195314615
1781704835019
23203129427
1781704836023
23210521698
1781704837020
23217856931
1781704838024
23225476622
1781704839024
23233005492
1781704840023
23240396295
1781704841023
23247994473
1781704842024
23255253895
1781704843023
23262659585
1781704844024
23269989861
1781704845020
23277228566
1781704846024
23284693268
1781704847025
23292052277
1781704848022
23299352213
1781704849022
23307141718
1781704850024
23314571444
1781704851024
23322330212
1781704852024
23329996002
1781704853024
23337716841
1781704854023
23345425929
1781704855022
23353127383
1781704856023
23360917118
1781704857023
23368660249
1781704858019
23381754586
1781704859020
23391952128
1781704860025
23399998734
1781704861020
23407452588
1781704862022
23415248703
1781704863019
23423692360
1781704864019
23431733413
1781704865019
23439908356
1781704866024
23447066966
1781704867023
23454502567
1781704868025
23461874107
1781704869023
23469441380
1781704870025
23476856004
1781704871022
23484264081
1781704872022
23491477480
1781704873024
23498982681
1781704874024
23506177751
1781704875020
23513545435
1781704876024
23521029155
1781704877022
23528264571
1781704878023
23535564690
1781704879024
23542901193
1781704880024
23550373331
1781704881023
23557941996
1781704882021
23565323267
1781704883022
23572970727
1781704884023
23580840068
1781704885022
23588816141
1781704886020
23597584862
1781704887020
23608880194
1781704888022
23616735688
1781704889022
23625173669
1781704890023
23633118240
1781704891021
23641866367
1781704892022
23654962295
1781704893018
23664230392
1781704894022
23672876973
1781704895020
23681321165
1781704896023
23689556712
1781704897023
23697948945
1781704898025
23706000004
1781704899023
23714215584
1781704900022
23722515161
1781704901024
23729840739
1781704902024
23737101676
1781704903023
23745241352
1781704904110
23751667612
1781704905020
23759148578
1781704906027
23766324462
1781704907026
23773655961
1781704908024
23781166793
1781704909022
