17041930596
1781702168225
17046957702
1781702169021
17053216045
1781702170025
17059382924
1781702171024
17065491128
1781702172022
17071854780
1781702173021
17078062005
1781702174025
17084371404
1781702175022
17090647066
1781702176024
17096746442
1781702177025
17102957691
1781702178025
17109314397
1781702179024
17115512397
1781702180024
17121605974
1781702181022
17127703131
1781702182022
17134093895
1781702183025
17140493304
1781702184023
17147294536
1781702185087
17153289382
1781702186025
17159692248
1781702187023
17165988872
1781702188024
17172135555
1781702189023
17178910533
1781702190025
17185214561
1781702191021
17191635099
1781702192025
17198038287
1781702193021
17204315525
1781702194023
17210704086
1781702195022
17217106631
1781702196023
17223151951
1781702197025
17229028651
1781702198021
17235274248
1781702199023
17243667828
1781702200369
17248066471
1781702201022
17255681235
1781702202022
17266306841
1781702203021
17280782691
1781702204021
17296186654
1781702205019
17311770179
1781702206020
17327422584
1781702207020
17343089340
1781702208019
17358880332
1781702209017
17374768342
1781702210021
17390728231
1781702211023
17406533100
1781702212021
17422211530
1781702213021
17437881025
1781702214016
17453686889
1781702215019
17469543840
1781702216020
17485479693
1781702217020
17501335893
1781702218021
17517097709
1781702219021
17532973157
1781702220019
17548883994
1781702221021
17564647156
1781702222020
17580293150
1781702223019
17595974977
1781702224022
17611694824
1781702225020
17627506303
1781702226021
17643233969
1781702227019
17659022436
1781702228019
17674739973
1781702229019
17690484699
1781702230019
17706422984
1781702231021
17722083681
1781702232021
17737959742
1781702233018
17753852907
1781702234019
17769717569
1781702235019
17785526325
1781702236021
17801293220
1781702237021
17817131963
1781702238019
17832948461
1781702239017
17848745527
1781702240020
17864651897
1781702241023
17880268500
1781702242020
17896270785
1781702243020
17912239578
1781702244020
17928048105
1781702245021
17943929918
1781702246021
17960011243
1781702247020
17975982071
1781702248019
17991843704
1781702249021
18007740174
1781702250021
18023623915
1781702251019
18039376550
1781702252020
18055117251
1781702253019
18070859100
1781702254020
18086542258
1781702255019
18102362626
1781702256019
18118148172
1781702257021
18133767927
1781702258022
18149461519
1781702259020
18165120335
1781702260019
18180872847
1781702261021
18196540858
1781702262020
18212389761
1781702263022
18228122262
1781702264020
18243962382
1781702265020
18259693812
1781702266021
18275489761
1781702267023
18291346069
1781702268020
18307231524
1781702269019
18322904430
1781702270019
18338753073
1781702271021
18354712595
1781702272020
18370561452
1781702273019
18386345467
1781702274021
18402071848
1781702275020
18417961280
1781702276020
18433889208
1781702277021
18449671402
1781702278020
18465433615
1781702279021
18481219482
1781702280022
18496855562
1781702281020
18512629388
1781702282021
18528703430
1781702283021
18544650084
1781702284020
18560287143
1781702285020
18575960494
1781702286021
18591578244
1781702287019
18607303875
1781702288021
18623212479
1781702289019
18639990260
1781702290083
18654778658
1781702291020
18670807764
1781702292022
18686753868
1781702293019
18702910301
1781702294023
18718580087
1781702295019
18734333410
1781702296021
18750198546
1781702297023
18765962152
1781702298019
18781728297
1781702299020
18797563613
1781702300023
18813378917
1781702301020
18829311480
1781702302020
18845316872
1781702303022
18860975504
1781702304020
18876836585
1781702305022
18892656678
1781702306020
18908455749
1781702307019
18924155553
1781702308021
18939979119
1781702309020
18955849840
1781702310021
18971871388
1781702311022
18987713145
1781702312020
19003750238
1781702313019
19019620729
1781702314019
19035547632
1781702315019
19051363808
1781702316020
19067121369
1781702317020
19082932129
1781702318021
19098781598
1781702319020
19116822394
1781702320174
19129955930
1781702321019
19145787100
1781702322020
19161773198
1781702323020
19177583208
1781702324020
19193424935
1781702325019
19209285894
1781702326020
19225270309
1781702327020
19241072746
1781702328020
19257056824
1781702329019
19272944635
1781702330019
19288797760
1781702331020
19304552094
1781702332020
19320420535
1781702333023
19336261956
1781702334021
19352216260
1781702335019
19367965759
1781702336022
19384099242
1781702337023
19400054495
1781702338020
19415996835
1781702339022
19431718717
1781702340020
19447364864
1781702341019
19463057722
1781702342019
19478833858
1781702343019
19494702988
1781702344019
19510646215
1781702345021
19526478961
1781702346020
19542218163
1781702347019
19557976444
1781702348019
19573854111
1781702349020
19590839604
1781702350082
19605600356
1781702351019
19621422346
1781702352022
19637224079
1781702353023
19652920135
1781702354020
19668914770
1781702355022
19684655731
1781702356019
19700423651
1781702357019
19716199068
1781702358021
19732102179
1781702359020
19747888979
1781702360023
19763758246
1781702361020
19779707486
1781702362021
19795498234
1781702363021
19811339165
1781702364020
19827151287
1781702365020
19843028495
1781702366019
19858702794
1781702367020
19874451987
1781702368020
19890446591
1781702369020
19906481236
1781702370020
19922656182
1781702371021
19938357470
1781702372020
19954364927
1781702373023
19970058550
1781702374022
19985881198
1781702375021
20001908269
1781702376019
20017845774
1781702377020
20033622905
1781702378021
20049412383
1781702379021
20066189108
1781702380083
20080993327
1781702381021
20096926089
1781702382021
20112681585
1781702383021
20128553560
1781702384023
20144390116
1781702385023
20160396364
1781702386023
20176247225
1781702387019
20192126682
1781702388021
20207827420
1781702389021
20223574945
1781702390020
20239810846
1781702391020
20255827238
1781702392021
20271998557
1781702393022
20288282118
1781702394021
20303964909
1781702395019
20319944366
1781702396020
20336040395
1781702397022
20351932688
1781702398022
20367950901
1781702399024
20383569952
1781702400021
20399411602
1781702401020
20415448496
1781702402024
20431043388
1781702403022
20446849436
1781702404019
20462718596
1781702405021
20478538215
1781702406021
20494551195
1781702407020
20510457625
1781702408019
20526244533
1781702409019
20542068558
1781702410019
20557752312
1781702411020
20573641393
1781702412020
20589387801
1781702413021
20605041889
1781702414020
20621043317
1781702415022
20637131864
1781702416020
20653102142
1781702417020
20668953110
1781702418020
20684787264
1781702419020
20700817165
1781702420019
20716783450
1781702421020
20732569332
1781702422020
20748390633
1781702423023
20764253138
1781702424021
20780028738
1781702425020
20795988260
1781702426020
20811906243
1781702427021
20827772021
1781702428021
20843534525
1781702429020
20859369658
1781702430020
20875601994
1781702431025
20891491809
1781702432020
20907455309
1781702433021
20923618764
1781702434020
20939600440
1781702435021
20955503306
1781702436021
20971372206
1781702437021
20987157675
1781702438022
21003063295
1781702439022
21018994420
1781702440020
21035006436
1781702441020
21050797077
1781702442020
21066378979
1781702443019
21082033817
1781702444022
21098100607
1781702445020
21113957833
1781702446019
21129953677
1781702447021
21145909159
1781702448020
21161693741
1781702449020
21177748153
1781702450020
21193610581
1781702451020
21209455124
1781702452021
21225433403
1781702453023
21241299580
1781702454023
21257123375
1781702455020
21273482992
1781702456020
21289350622
1781702457020
21305642858
1781702458019
21321495448
1781702459021
21337285797
1781702460019
21353296452
1781702461021
21369549948
1781702462020
21385631564
1781702463020
21401597573
1781702464021
21417320021
1781702465020
21433384531
1781702466020
21449242170
1781702467020
21464934417
1781702468020
21480846937
1781702469020
21496860100
1781702470021
21512788089
1781702471020
21528714884
1781702472023
21544411292
1781702473019
21560408956
1781702474020
21576237250
1781702475020
21592012713
1781702476020
21607994068
1781702477021
21623834204
1781702478019
21639497517
1781702479021
21655383156
1781702480020
21671152835
1781702481021
21687271767
1781702482021
21703313986
1781702483021
21719328282
1781702484020
21735309851
1781702485020
21751184427
1781702486025
21767076690
1781702487021
21782950470
1781702488021
21799203217
1781702489019
21815040170
1781702490020
21830830459
1781702491019
21846673884
1781702492021
21862939681
1781702493020
21878768097
1781702494020
21894592260
1781702495020
21910543505
1781702496021
21926229478
1781702497019
21942173470
1781702498020
21957954579
1781702499020
21974735909
1781702500083
21989729374
1781702501024
22005651977
1781702502026
22021374180
1781702503019
22037294151
1781702504022
22053308539
1781702505020
22069260946
1781702506020
22085288951
1781702507019
22101444818
1781702508019
22117293093
1781702509024
22133048299
1781702510019
22148988971
1781702511021
22165131496
1781702512019
22181118879
1781702513020
22197087703
1781702514022
22214013803
1781702515083
22228883444
1781702516020
22244802222
1781702517020
22260803421
1781702518020
22276901010
1781702519021
22293023905
1781702520023
22308916214
1781702521020
22324888068
1781702522021
22340842541
1781702523020
22356815649
1781702524023
22372955864
1781702525019
22388930028
1781702526021
22404928595
1781702527020
22420837581
1781702528020
22436716135
1781702529021
22452650687
1781702530022
22468577559
1781702531020
22484414436
1781702532019
22500289701
1781702533019
22516129041
1781702534019
22532024502
1781702535020
22547947120
1781702536020
22564095979
1781702537021
22580063227
1781702538020
22595915022
1781702539019
22611828628
1781702540021
22627608008
1781702541019
22643505228
1781702542020
22659568606
1781702543019
22675408895
1781702544021
22691152274
1781702545020
22706984010
1781702546020
22722921439
1781702547019
22739063688
1781702548021
22754887346
1781702549020
22770915886
1781702550022
22786810184
1781702551020
22802985910
1781702552020
22819009432
1781702553020
22834806177
1781702554019
22850817428
1781702555019
22866537979
1781702556020
22882696508
1781702557020
22898737503
1781702558019
22914685886
1781702559020
22931635119
1781702560083
22946492123
1781702561020
22962425374
1781702562020
22978534500
1781702563020
22994202403
1781702564021
23010150879
1781702565019
23025953529
1781702566021
23041777493
1781702567019
23057535529
1781702568020
23073439818
1781702569021
23089514809
1781702570020
23105335330
1781702571021
23121212293
1781702572020
23136965969
1781702573019
23152918805
1781702574020
23169705781
1781702575085
23184433240
1781702576016
23200408888
1781702577021
23216368869
1781702578020
23232354599
1781702579020
23248200151
1781702580021
23264149239
1781702581021
23280116976
1781702582019
23295977201
1781702583020
23312033251
1781702584021
23328214776
1781702585023
23344110588
1781702586021
23360084339
1781702587021
23375956850
1781702588019
23391835037
1781702589020
23410160306
1781702590174
23423577824
1781702591019
23439340175
1781702592021
23455186676
1781702593021
23471102286
1781702594020
23487106943
1781702595021
23503041174
1781702596022
23519008805
1781702597023
23534605962
1781702598019
23550631182
1781702599019
23566984173
1781702600021
23583109685
1781702601020
23599359876
1781702602019
23615541661
1781702603022
23631737048
1781702604021
23648690947
1781702605082
23663791955
1781702606020
23679843981
1781702607021
23696249360
1781702608019
23712476142
1781702609021
23728713084
1781702610019
23745006635
1781702611020
23761425141
1781702612023
23777652673
1781702613019
23794034995
1781702614020
23810272029
1781702615019
23826589968
1781702616020
23843026039
1781702617020
23859387905
1781702618021
23875615529
1781702619021
23893108646
1781702620084
23908529592
1781702621020
23924846430
1781702622020
23940810206
1781702623019
23957033545
1781702624019
23973366678
1781702625023
23989728115
1781702626019
24005935895
1781702627020
24022193323
1781702628021
24038690701
1781702629023
24054802733
1781702630020
24070782558
1781702631015
24087253482
1781702632020
24103680695
1781702633021
24120058564
1781702634022
24136593963
1781702635020
24153019477
1781702636020
24169429874
1781702637021
24185616050
1781702638020
24201952090
1781702639019
24218218744
1781702640019
24234768478
1781702641021
24251149576
1781702642020
24267442516
1781702643020
24283983881
1781702644020
24300424404
1781702645019
24316816044
1781702646019
24333125706
1781702647019
24349311148
1781702648021
24365576043
1781702649021
24382784182
1781702650081
24397936828
1781702651021
24414059601
1781702652020
24430308614
1781702653020
24446495662
1781702654020
24462624662
1781702655020
24479068689
1781702656020
24495337148
1781702657019
24511444942
1781702658023
24527893712
1781702659020
24544320939
1781702660021
24560631290
1781702661021
24576973679
1781702662019
24593215960
1781702663020
24609590969
1781702664020
24626021914
1781702665023
24642356011
1781702666020
24658639112
1781702667020
24674947841
1781702668022
24691149180
1781702669021
24707251573
1781702670024
24723261477
1781702671019
24739569656
1781702672021
24755752098
1781702673019
24771639251
1781702674021
24787880293
1781702675020
24804123309
1781702676020
24820454850
1781702677020
24836601292
1781702678020
24852848821
1781702679020
24871152976
1781702680173
24884897027
1781702681020
24901128644
1781702682020
24917506055
1781702683020
24933925678
1781702684021
24949919763
1781702685019
24966017948
1781702686019
24982403575
1781702687019
24998577174
1781702688020
25014845634
1781702689020
25030914872
1781702690021
25047197010
1781702691022
25063297995
1781702692020
25079538042
1781702693019
25095993315
1781702694022
25113172629
1781702695080
25128523303
1781702696020
25144844761
1781702697019
25161171177
1781702698023
25177493232
1781702699023
25193650308
1781702700021
25209701767
1781702701021
25226065653
1781702702019
25242157917
1781702703019
25258201054
1781702704020
25274537889
1781702705019
25290769491
1781702706019
25307347867
1781702707022
25323560619
1781702708021
25339677731
1781702709021
25356912507
1781702710084
25372022787
1781702711020
25388206408
1781702712020
25404353784
1781702713020
25420568800
1781702714019
25436772357
1781702715019
25453281531
1781702716023
25469563225
1781702717020
25485995058
1781702718021
25502259891
1781702719022
25518555049
1781702720020
25534611022
1781702721020
25550830460
1781702722020
25567074715
1781702723022
25583412499
1781702724021
25599767877
1781702725020
25616013831
1781702726019
25632056952
1781702727020
25648602739
1781702728024
25665005364
1781702729023
25681297248
1781702730019
25697499733
1781702731020
25714059642
1781702732020
25730101019
1781702733021
25746059026
1781702734020
25762102652
1781702735020
25778341583
1781702736019
25794586526
1781702737021
25810891782
1781702738020
25827040503
1781702739020
25843099735
1781702740021
25859191480
1781702741021
25875308240
1781702742024
25891452861
1781702743021
25907868904
1781702744021
25924187700
1781702745019
25940078403
1781702746019
25956609502
1781702747020
25973174368
1781702748019
25989368317
1781702749022
26005500912
1781702750021
26021960147
1781702751022
26038200883
1781702752023
26054377573
1781702753019
26070978624
1781702754019
26087391240
1781702755019
26103783798
1781702756023
26120060901
1781702757019
26136651441
1781702758021
26153020085
1781702759021
26169427790
1781702760021
26186001392
1781702761022
26202319714
1781702762020
26218417487
1781702763019
26234612828
1781702764020
26250670943
1781702765022
26267016744
1781702766021
26283541585
1781702767019
26300068048
1781702768021
26316637489
1781702769020
26333725340
1781702770084
26349003079
1781702771021
26365348115
1781702772019
26381892204
1781702773021
26398302081
1781702774020
26414811087
1781702775022
26431091190
1781702776023
26447311071
1781702777021
26463529240
1781702778021
26479516975
1781702779019
26495807053
1781702780020
26512020861
1781702781019
26528558799
1781702782021
26544875499
1781702783021
26561388820
1781702784021
26577754067
1781702785020
26594193963
1781702786021
26610309836
1781702787015
26626687262
1781702788020
26643110710
1781702789020
26659145523
1781702790019
26675274645
1781702791022
26691753189
1781702792021
26708025948
1781702793019
26724440048
1781702794021
26741038023
1781702795024
26757456056
1781702796019
26773513008
1781702797019
26789710414
1781702798018
26806106705
1781702799019
26823200737
1781702800082
26838753034
1781702801021
26855072060
1781702802019
26871503648
1781702803018
26888060344
1781702804019
26898807141
1781702805022
26907674271
1781702806021
26917221440
1781702807021
26925345648
1781702808021
26935069609
1781702809021
26944074195
1781702810020
26952063166
1781702811024
26962171065
1781702812020
26977198221
1781702813022
26992957144
1781702814021
27009193688
1781702815019
27025600734
1781702816020
27042057720
1781702817021
27058207360
1781702818021
27074529783
1781702819022
27090833937
1781702820021
27107126769
1781702821021
27123188648
1781702822022
27139479935
1781702823020
27155522949
1781702824020
27171368532
1781702825017
27187682922
1781702826021
27203894281
1781702827020
27220084527
1781702828021
27236458694
1781702829019
27252419838
1781702830019
27268954074
1781702831021
27285186563
1781702832021
27301532012
1781702833021
27317714546
1781702834019
27333972586
1781702835019
27350332494
1781702836018
27366579135
1781702837021
27382965328
1781702838021
27399481755
1781702839021
27415756212
1781702840023
27432049809
1781702841019
27448281594
1781702842021
27464490828
1781702843020
27481059136
1781702844021
27498306780
1781702845082
27513376439
1781702846021
27529758623
1781702847020
27546280236
1781702848021
27562591413
1781702849020
27578811142
1781702850019
27595151542
1781702851020
27611702577
1781702852020
27627917166
1781702853020
27644056661
1781702854021
27660325411
1781702855021
27676934785
1781702856020
27693407041
1781702857020
27709801955
1781702858020
27726243855
1781702859023
27742585142
1781702860019
27759102273
1781702861019
27775594127
1781702862023
27791878483
1781702863020
27808199330
1781702864021
27824414239
1781702865020
27840465500
1781702866021
27856823189
1781702867020
27872848516
1781702868022
27889165155
1781702869020
27905600140
1781702870021
27921920910
1781702871021
27938368196
1781702872021
27954579357
1781702873020
27971031401
1781702874021
27988555852
1781702875081
28003964666
1781702876020
28020388971
1781702877019
28036825119
1781702878019
28053042063
1781702879020
28069208532
1781702880021
28085434794
1781702881021
28101822028
1781702882020
28118292019
1781702883021
28134663156
1781702884021
28151176554
1781702885021
28167401347
1781702886021
28183956115
1781702887019
28200165379
1781702888020
28216557661
1781702889022
28232812366
1781702890021
28249240878
1781702891019
28265434154
1781702892020
28281699094
1781702893020
28297855680
1781702894020
28314254312
1781702895020
28330588500
1781702896021
28347093207
1781702897021
28363299028
1781702898019
28379519721
1781702899021
28395571761
1781702900020
28411765587
1781702901019
28428267433
1781702902019
28444466583
1781702903019
28460840705
1781702904020
28477050091
1781702905020
28493172053
1781702906019
28509374952
1781702907019
28525546103
1781702908020
28541816964
1781702909019
28558298140
1781702910018
28574858829
1781702911019
28591157124
1781702912020
28607331595
1781702913021
28623674290
1781702914021
28639888006
1781702915020
28656368263
1781702916019
28672875693
1781702917020
28689376866
1781702918020
28705836422
1781702919019
28723079736
1781702920084
28738413611
1781702921021
28754987137
1781702922020
28771280505
1781702923020
28786943007
1781702924021
28802867844
1781702925020
28818932691
1781702926019
28835045840
1781702927020
28851218858
1781702928020
28867050365
1781702929020
28883116405
1781702930020
28899053865
1781702931020
28915139061
1781702932020
28931264557
1781702933020
28947082339
1781702934023
28963030539
1781702935021
28979025297
1781702936019
28994921446
1781702937021
29011131674
1781702938020
29027001537
1781702939021
29043189381
1781702940021
29059187949
1781702941020
29075084786
1781702942019
29091001392
1781702943021
29106918379
1781702944019
29122951448
1781702945021
29139110926
1781702946022
29154838989
1781702947020
29170871890
1781702948020
29186870748
1781702949020
29202926002
1781702950023
29218851864
1781702951021
29234897861
1781702952021
29250490718
1781702953020
29266310092
1781702954020
29282202554
1781702955020
29298274668
1781702956020
29314353974
1781702957019
29330640181
1781702958022
29346781528
1781702959020
29362792948
1781702960019
29378785013
1781702961020
29394837207
1781702962021
29410754301
1781702963022
29426628878
1781702964021
29442178849
1781702965020
29457896157
1781702966020
29473833034
1781702967021
29489911284
1781702968019
29505840787
1781702969020
29522066850
1781702970022
29537946001
1781702971019
29554081856
1781702972020
29570087706
1781702973020
29586037589
1781702974020
29601941893
1781702975021
29618151141
1781702976021
29634440776
1781702977020
29650573264
1781702978021
29666694629
1781702979023
29682526549
1781702980019
29698789455
1781702981021
29715076917
1781702982023
29731275761
1781702983019
29747377037
1781702984020
29763425758
1781702985021
29779308122
1781702986020
29795557074
1781702987020
29811552994
1781702988020
29827533401
1781702989020
29844002152
1781702990022
29860004392
1781702991020
29876044835
1781702992020
29891989501
1781702993021
29907940868
1781702994022
29924663033
1781702995081
29939332505
1781702996021
29955455614
1781702997021
29971513377
1781702998017
29987853640
1781702999019
30004193321
1781703000021
30020369490
1781703001019
30036817419
1781703002019
30053057405
1781703003020
30069404598
1781703004020
30085885773
1781703005020
30102036530
1781703006020
30118327373
1781703007021
30134634802
1781703008020
30150792795
1781703009019
30168036874
1781703010085
30183344723
1781703011021
30199543751
1781703012020
30215617411
1781703013021
30231761849
1781703014020
30247758932
1781703015021
30263909428
1781703016020
30280053591
1781703017020
30296253980
1781703018020
30312728531
1781703019021
30329123047
1781703020021
30345318326
1781703021020
30361481124
1781703022021
30377759544
1781703023017
30394098337
1781703024021
30411311954
1781703025084
30426678310
1781703026020
30443008000
1781703027019
30459449579
1781703028021
30475854162
1781703029020
30492226111
1781703030021
30508360925
1781703031020
30524597469
1781703032021
30540539043
1781703033020
30556929230
1781703034019
30572540998
1781703035021
30588503105
1781703036019
30604763165
1781703037020
30621196344
1781703038020
30637594961
1781703039020
30653739414
1781703040020
30670138550
1781703041023
30686401456
1781703042020
30702753300
1781703043019
30718887793
1781703044020
30735414394
1781703045020
30751527772
1781703046021
30767823864
1781703047021
30784011049
1781703048021
30800517623
1781703049022
30816709888
1781703050020
30832840280
1781703051019
30848945397
1781703052021
30865315601
1781703053020
30881628599
1781703054019
30897729676
1781703055019
30914058739
1781703056019
30930203574
1781703057020
30946278764
1781703058019
30962569011
1781703059020
30978827510
1781703060020
30995397410
1781703061020
31011802254
1781703062022
31027868860
1781703063019
31044092751
1781703064021
31060227779
1781703065021
31076684811
1781703066019
31092848037
1781703067020
31108959702
1781703068020
31125201998
1781703069020
31143907350
1781703070173
31157481173
1781703071022
31173859196
1781703072023
31190257506
1781703073019
31206741986
1781703074019
31222981529
1781703075019
31239007055
1781703076019
31255383012
1781703077022
31271658601
1781703078020
31288246800
1781703079021
31304645814
1781703080020
31320990009
1781703081019
31337266868
1781703082019
31353589673
1781703083020
31369697222
1781703084019
31386107375
1781703085019
31402531206
1781703086020
31419008602
1781703087021
31435168814
1781703088020
31451641482
1781703089022
31467989027
1781703090023
31484306584
1781703091023
31500411104
1781703092020
31516802698
1781703093021
31532992500
1781703094021
31549200479
1781703095021
31565569337
1781703096021
31581914908
1781703097021
31598192746
1781703098019
31614447176
1781703099021
31630967565
1781703100021
31647310382
1781703101020
31663802145
1781703102019
31680457404
1781703103020
31696724762
1781703104020
31712970057
1781703105022
31729431357
1781703106020
31745712256
1781703107021
31761805392
1781703108019
31778289903
1781703109019
31794528635
1781703110020
31810918025
1781703111021
31826911712
1781703112020
31843307972
1781703113019
31859756972
1781703114019
31876164126
1781703115020
31892550655
1781703116020
31908975251
1781703117023
31925123789
1781703118020
31941193700
1781703119020
31957630307
1781703120022
31973770261
1781703121021
31990113446
1781703122024
32006295766
1781703123020
32022640695
1781703124019
32038954993
1781703125019
32055286581
1781703126019
32071694056
1781703127019
32087837866
1781703128019
32104185794
1781703129020
32121266346
1781703130083
32136537521
1781703131019
32152750029
1781703132021
32169066943
1781703133019
32185268756
1781703134020
32201423077
1781703135020
32217841140
1781703136020
32234306939
1781703137019
32250782514
1781703138020
32267124062
1781703139022
32283440487
1781703140021
32299675561
1781703141023
32316013284
1781703142020
32332290051
1781703143020
32348665029
1781703144020
32364619716
1781703145020
32380901043
1781703146020
32397365556
1781703147022
32413795155
1781703148020
32429981729
1781703149020
32446165977
1781703150019
32462357294
1781703151022
32478575463
1781703152020
32494836425
1781703153020
32511052130
1781703154020
32527446952
1781703155019
32543840244
1781703156022
32560077415
1781703157019
32576640705
1781703158020
32592845991
1781703159021
32609089710
1781703160021
32625351759
1781703161021
32641552302
1781703162021
32657750840
1781703163020
32673344876
1781703164020
32689593032
1781703165019
32705871115
1781703166019
32722384818
1781703167020
32738619388
1781703168020
32754241820
1781703169020
32770131452
1781703170020
32786098654
1781703171021
32801933603
1781703172021
32817789865
1781703173020
32833892488
1781703174019
32849800556
1781703175020
32865964394
1781703176019
32882146592
1781703177020
32898182338
1781703178019
32914410651
1781703179019
32930493949
1781703180022
32946093738
1781703181021
32962100139
1781703182021
32978191026
1781703183020
32994194076
1781703184019
33010327712
1781703185020
33026512741
1781703186019
33042645351
1781703187019
33058884894
1781703188019
33074897170
1781703189021
33092192443
1781703190084
33107225320
1781703191021
33123109474
1781703192020
33139255518
1781703193020
33155160266
1781703194019
33171143228
1781703195021
33186973097
1781703196019
33202923164
1781703197019
33218833527
1781703198021
33234851097
1781703199020
33250701713
1781703200020
33266770002
1781703201021
33282977828
1781703202020
33298899008
1781703203021
33314920112
1781703204017
33330895821
1781703205019
33347120706
1781703206021
33363061975
1781703207020
33379117642
1781703208021
33394981998
1781703209015
33410851189
1781703210019
33426834211
1781703211019
33442977303
1781703212022
33458898345
1781703213020
33474865226
1781703214020
33490820295
1781703215020
33506600914
1781703216021
33522561293
1781703217021
33538566546
1781703218020
33554863755
1781703219020
33572024036
1781703220084
33586888536
1781703221021
33602839949
1781703222020
33618796074
1781703223021
33634834238
1781703224021
33650951472
1781703225020
33666709340
1781703226020
33682600823
1781703227021
33698429423
1781703228019
33714283635
1781703229021
33730219946
1781703230020
33746085098
1781703231024
33762122451
1781703232020
33777967635
1781703233021
33793993207
1781703234016
33810087109
1781703235019
33825958671
1781703236019
33841861017
1781703237021
33857940720
1781703238020
33874059423
1781703239024
33890044909
1781703240022
33905989085
1781703241021
33921957634
1781703242021
33937867706
1781703243019
33953712080
1781703244021
33969711718
1781703245020
33985812031
1781703246020
34001987267
1781703247021
34018375235
1781703248020
34034736183
1781703249022
34054726428
1781703250274
34066567068
1781703251020
34082553900
1781703252020
34098357653
1781703253019
34114389467
1781703254019
34130370608
1781703255021
34146349362
1781703256021
34162317650
1781703257022
34178151911
1781703258021
34193970856
1781703259015
34209900635
1781703260020
34225629004
1781703261019
34241545044
1781703262020
34257483941
1781703263020
34273576129
1781703264020
34289558876
1781703265023
34305583239
1781703266019
34321583107
1781703267023
34337576718
1781703268021
34353790587
1781703269021
34369717183
1781703270019
34385814313
1781703271020
34401572334
1781703272021
34417782990
1781703273023
34433742159
1781703274019
34449684851
1781703275021
34465657715
1781703276020
34481391072
1781703277021
34497357402
1781703278021
34513271927
1781703279021
34529303557
1781703280020
34545458231
1781703281022
34561210682
1781703282020
34577283960
1781703283019
34593381426
1781703284021
34609272083
1781703285021
34625369075
1781703286020
34641225108
1781703287020
34657162919
1781703288019
34673292378
1781703289020
34689243607
1781703290020
34705519119
1781703291020
34721427631
1781703292019
34737558696
1781703293022
34753333348
1781703294019
34769278947
1781703295021
34785294390
1781703296021
34801139484
1781703297021
34816952569
1781703298019
34832906996
1781703299020
34848791731
1781703300020
34864597672
1781703301020
34880602160
1781703302024
34896857355
1781703303023
34912911629
1781703304022
34928943352
1781703305019
34944914762
1781703306021
34961040181
1781703307020
34976690383
1781703308021
34992861305
1781703309020
35010181134
1781703310084
35024806619
1781703311021
35040683367
1781703312020
35056835118
1781703313021
35072953408
1781703314020
35089051533
1781703315019
35105240386
1781703316020
35121603277
1781703317020
35137554109
1781703318021
35153565773
1781703319021
35169587397
1781703320021
35185511240
1781703321020
35201435526
1781703322020
35217411495
1781703323019
35233520176
1781703324021
35249549068
1781703325021
35265492265
1781703326020
35281606439
1781703327021
35297713897
1781703328020
35314145469
1781703329021
35330177636
1781703330022
35346471279
1781703331021
35362830391
1781703332020
35379020040
1781703333020
35395452760
1781703334020
35411528592
1781703335021
35427534198
1781703336019
35443773557
1781703337021
35460097968
1781703338020
35476209725
1781703339019
35493199411
1781703340083
35508436390
1781703341019
35524610051
1781703342020
35541089176
1781703343020
35557546407
1781703344021
35573485641
1781703345020
35589683430
1781703346020
35605958009
1781703347020
35622150366
1781703348020
35638250021
1781703349019
35654720547
1781703350019
35671026874
1781703351019
35687156562
1781703352020
35703633285
1781703353019
35719860970
1781703354020
35735976981
1781703355021
35752196817
1781703356019
35768334996
1781703357020
35784750825
1781703358021
35800825648
1781703359021
35816903837
1781703360020
35833373552
1781703361021
35849511962
1781703362020
35865909568
1781703363020
35882192394
1781703364022
35898384706
1781703365020
35914376526
1781703366020
35930456505
1781703367022
35946720389
1781703368020
35963011080
1781703369021
35979377979
1781703370020
35995557530
1781703371020
36011759710
1781703372019
36028008891
1781703373021
36044028435
1781703374021
36059844183
1781703375020
36075882178
1781703376019
36091983531
1781703377020
36107969124
1781703378020
36123949041
1781703379021
36139947624
1781703380020
36156126364
1781703381020
36172328895
1781703382021
36188401132
1781703383020
36204509554
1781703384019
36220417545
1781703385017
36236549865
1781703386020
36252549932
1781703387020
36268466384
1781703388020
36284434000
1781703389019
36300513244
1781703390022
36316481701
1781703391021
36332539969
1781703392020
36348692041
1781703393019
36364786387
1781703394022
36380850530
1781703395021
36396955019
1781703396020
36413016057
1781703397021
36429386108
1781703398020
36445605011
1781703399019
36461756838
1781703400019
36477977653
1781703401020
36494196510
1781703402020
36510398522
1781703403020
36526441918
1781703404020
36542689447
1781703405019
36558989853
1781703406020
36575362903
1781703407019
36591545621
1781703408022
36607456137
1781703409021
36623306386
1781703410020
36639405429
1781703411022
36655641376
1781703412021
36671669778
1781703413020
36685202490
1781703414023
36700224214
1781703415019
36716316188
1781703416021
36726081474
1781703417022
36733355278
1781703418020
36740975458
1781703419020
36748603395
1781703420019
36755647760
1781703421024
36763102746
1781703422025
36772001334
1781703423021
36783941698
1781703424022
36799468521
1781703425021
36815447229
1781703426020
36831684675
1781703427021
36847787910
1781703428020
36863731979
1781703429022
36879655270
1781703430020
36895757571
1781703431022
36911653292
1781703432020
36927636774
1781703433021
36943901118
1781703434019
36960152135
1781703435021
36976341585
1781703436020
36992540108
1781703437019
37008520300
1781703438020
37024604471
1781703439019
37040777719
1781703440020
37057210699
1781703441021
37073371140
1781703442019
37089499085
1781703443019
37105526936
1781703444020
37121667687
1781703445020
37137723981
1781703446019
37153953532
1781703447020
37169963590
1781703448022
37186146522
1781703449021
37202200399
1781703450019
37218239343
1781703451020
37234178547
1781703452021
37250305420
1781703453020
37266204430
1781703454020
37282131134
1781703455020
37298100096
1781703456019
37314377949
1781703457023
37330325904
1781703458022
37346192081
1781703459020
37362333366
1781703460020
37378443303
1781703461020
37394555886
1781703462025
37410383261
1781703463020
37426433680
1781703464019
37442349383
1781703465019
37458563711
1781703466020
37474711010
1781703467020
37491022003
1781703468021
37507018811
1781703469019
37522956408
1781703470021
37539129533
1781703471021
37555209558
1781703472020
37571211491
1781703473021
37587362967
1781703474022
37603581900
1781703475020
37619558726
1781703476024
37635724170
1781703477022
37651824024
1781703478019
37668073098
1781703479019
37684378568
1781703480021
37700445481
1781703481020
37716772891
1781703482020
37732865859
1781703483020
37748979483
1781703484022
37764990979
1781703485019
37781081407
1781703486019
37797126930
1781703487019
37813082138
1781703488022
37829406182
1781703489027
37845196516
1781703490021
37861038167
1781703491020
37876942440
1781703492022
37892930971
1781703493022
37908856879
1781703494020
37925192628
1781703495021
37941242909
1781703496020
37957386857
1781703497019
37973582167
1781703498021
37989517729
1781703499019
38005465592
1781703500019
38021523279
1781703501019
38037893560
1781703502019
38053859110
1781703503020
38070112652
1781703504020
38085840914
1781703505019
38101804245
1781703506020
38118164107
1781703507020
38134267082
1781703508022
38150283122
1781703509019
38166135130
1781703510020
38181971992
1781703511021
38198056071
1781703512021
38214058005
1781703513021
38230226371
1781703514020
38246410773
1781703515021
38262557520
1781703516021
38278424936
1781703517021
38294342551
1781703518020
38310267893
1781703519020
38327170491
1781703520083
38342193623
1781703521020
38358367941
1781703522021
38374413816
1781703523020
38390317279
1781703524020
38406468387
1781703525019
38422742982
1781703526021
38438584785
1781703527020
38454574173
1781703528019
38470468012
1781703529020
38486496705
1781703530019
38502674359
1781703531021
38519201189
1781703532020
38535476212
1781703533020
38551662113
1781703534021
38567562852
1781703535021
38583425280
1781703536021
38599412923
1781703537020
38615443743
1781703538020
38631443351
1781703539020
38647548253
1781703540021
38663538237
1781703541019
38679475743
1781703542019
38695582588
1781703543022
38711739357
1781703544022
38727319608
1781703545021
38743158060
1781703546020
38759310117
1781703547019
38775137860
1781703548019
38791280661
1781703549020
38807354826
1781703550020
38823464991
1781703551020
38839610087
1781703552020
38855588519
1781703553019
38871642121
1781703554020
38887618977
1781703555020
38903533196
1781703556021
38919770933
1781703557022
38935957430
1781703558021
38952004499
1781703559020
38968094132
1781703560020
38984132586
1781703561020
39000300586
1781703562020
39016230426
1781703563021
39032470029
1781703564019
39048310303
1781703565019
39064318326
1781703566017
39080587994
1781703567020
39096648863
1781703568020
39112750980
1781703569020
39128780500
1781703570020
39145066585
1781703571020
39161405394
1781703572019
39177489870
1781703573018
39193574623
1781703574019
39209844566
1781703575022
39225792552
1781703576020
39242031987
1781703577022
39258329409
1781703578021
39274510185
1781703579019
39291491746
1781703580080
39306645891
1781703581020
39322784760
1781703582022
39338660790
1781703583021
39354590339
1781703584022
39370506684
1781703585023
39386356994
1781703586021
39402521658
1781703587019
39418544446
1781703588018
39434671548
1781703589020
39450939885
1781703590021
39466988239
1781703591021
39483024705
1781703592019
39499160651
1781703593022
39515294822
1781703594020
39531260739
1781703595021
39547321149
1781703596016
39563609499
1781703597020
39579760882
1781703598020
39595968631
1781703599020
39612262948
1781703600022
39628314270
1781703601020
39644709857
1781703602020
39660866427
1781703603021
39676851592
1781703604019
39692839694
1781703605019
39708926466
1781703606020
39725301321
1781703607023
39741572336
1781703608020
39757235925
1781703609019
39773121716
1781703610020
39788975913
1781703611020
39804980661
1781703612019
39820999088
1781703613019
39836923833
1781703614023
39852970641
1781703615021
39869034219
1781703616021
39885272032
1781703617021
39901444606
1781703618021
39917548560
1781703619019
39933790857
1781703620021
39950078778
1781703621020
39966178264
1781703622020
39982212419
1781703623021
39998212088
1781703624019
40014190413
1781703625019
40030152322
1781703626020
40046159014
1781703627020
40062255012
1781703628020
40078359057
1781703629020
40094634692
1781703630020
40110927968
1781703631018
40127109187
1781703632021
40143276009
1781703633019
40159684968
1781703634020
40175502858
1781703635019
40191674437
1781703636021
40207874490
1781703637021
40223945228
1781703638019
40240135856
1781703639020
40258563895
1781703640176
40272083281
1781703641020
40288451956
1781703642023
40304424620
1781703643021
40320438824
1781703644019
40336464442
1781703645019
40352386770
1781703646020
40368327243
1781703647020
40384294797
1781703648020
40400358237
1781703649019
40416299781
1781703650020
40432302143
1781703651020
40448435121
1781703652020
40464505843
1781703653024
40480657227
1781703654019
40496427594
1781703655019
40512314472
1781703656019
40528336142
1781703657019
40544558992
1781703658021
40560592811
1781703659022
40576665675
1781703660019
40593076149
1781703661020
40609225728
1781703662021
40625244231
1781703663020
40641585947
1781703664019
40658031534
1781703665021
40674172086
1781703666021
40690140420
1781703667025
40706013176
1781703668021
40722023080
1781703669019
40738054818
1781703670021
40753969052
1781703671020
40770042054
1781703672022
40786069997
1781703673019
40802210748
1781703674019
40818483981
1781703675019
40834624073
1781703676023
40850479264
1781703677020
40866662610
1781703678019
40882690385
1781703679021
40898667547
1781703680020
40914761694
1781703681021
40931065496
1781703682020
40947115059
1781703683021
40962751016
1781703684022
40978498633
1781703685020
40994897785
1781703686021
41011291291
1781703687019
41027468318
1781703688023
41043692269
1781703689021
41059925309
1781703690019
41076276312
1781703691023
41092614677
1781703692020
41108739531
1781703693023
41124950019
1781703694021
41141163398
1781703695023
41157186093
1781703696021
41173213287
1781703697020
41189641570
1781703698020
41205877227
1781703699021
41222098547
1781703700020
41238024271
1781703701019
41254413539
1781703702022
41270623369
1781703703019
41287107543
1781703704022
41303331739
1781703705020
41319652525
1781703706020
41336009739
1781703707019
41352291265
1781703708022
41368549703
1781703709020
41384968209
1781703710023
41401258074
1781703711019
41417234808
1781703712022
41433246793
1781703713020
41449103423
1781703714020
41465073058
1781703715020
41481204322
1781703716021
41497294674
1781703717019
41513541836
1781703718019
41529945792
1781703719020
41546007273
1781703720020
41561911700
1781703721020
41577962930
1781703722022
41594134509
1781703723020
41610306564
1781703724021
41626455270
1781703725019
41642573116
1781703726020
41658831768
1781703727021
41675071356
1781703728022
41690736108
1781703729019
41706658069
1781703730021
41723075198
1781703731020
41739505761
1781703732020
41755788648
1781703733022
41772042848
1781703734019
41788622494
1781703735022
41805011885
1781703736019
41821440489
1781703737020
41838013067
1781703738021
41854459068
1781703739021
41870836769
1781703740021
41887246509
1781703741021
41903560608
1781703742020
41919855536
1781703743019
41936153418
1781703744019
41952396724
1781703745021
41968715581
1781703746021
41985062392
1781703747024
42001254596
1781703748019
42017339609
1781703749020
42033636756
1781703750020
42049915298
1781703751021
42066231600
1781703752020
42082493236
1781703753019
42098845677
1781703754022
42115102325
1781703755019
42131258834
1781703756020
42147390068
1781703757021
42163649990
1781703758022
42180122765
1781703759021
42197611185
1781703760083
42212895426
1781703761022
42229305090
1781703762021
42245679456
1781703763021
42261803070
1781703764021
42278322434
1781703765023
42294553577
1781703766021
42310683846
1781703767020
42326888168
1781703768020
42343260545
1781703769019
42359542239
1781703770022
42375619892
1781703771021
42392102751
1781703772019
42408138742
1781703773020
42424520039
1781703774021
42440924699
1781703775021
42457376100
1781703776021
42473637889
1781703777023
42489918389
1781703778020
42506511408
1781703779020
42522764858
1781703780020
42539119930
1781703781021
42555289950
1781703782020
42571518155
1781703783020
42587847692
1781703784020
42604240234
1781703785021
42620537289
1781703786020
42636979893
1781703787020
42653059749
1781703788020
42669448819
1781703789021
42686844383
1781703790081
42702242992
1781703791021
42718283053
1781703792020
42734571938
1781703793023
42751130118
1781703794019
42767491923
1781703795020
42783986791
1781703796019
42800560562
1781703797019
42816936428
1781703798020
42833368031
1781703799019
42849611108
1781703800020
42865947621
1781703801022
42882271650
1781703802020
42898553329
1781703803020
42914723012
1781703804019
42931128222
1781703805021
42947335711
1781703806020
42963589161
1781703807020
42980116237
1781703808021
42996398114
1781703809019
43012541221
1781703810022
43028694517
1781703811021
43044719247
1781703812021
43060938762
1781703813019
43077137714
1781703814020
43093433315
1781703815020
43109851608
1781703816021
43126265952
1781703817018
43142717706
1781703818019
43159208979
1781703819020
43175357747
1781703820021
43191770730
1781703821021
43208298432
1781703822020
43224564933
1781703823020
43240976892
1781703824023
43257292322
1781703825021
43273733228
1781703826022
43290082043
1781703827019
43306481700
1781703828019
43322975084
1781703829019
43339212087
1781703830024
43355296518
1781703831021
43371573469
1781703832020
43387911497
1781703833019
43404318621
1781703834019
43420632643
1781703835021
43436929377
1781703836020
43453364561
1781703837022
43469552726
1781703838020
43486054020
1781703839021
43502269986
1781703840020
43518594642
1781703841019
43534206991
1781703842018
43549941022
1781703843020
43565951554
1781703844020
43582025321
1781703845021
43598394301
1781703846021
43614736063
1781703847021
43631144670
1781703848021
43647455924
1781703849020
43663434999
1781703850020
43679684731
1781703851022
43695793183
1781703852020
43711912161
1781703853020
43727987902
1781703854023
43744046078
1781703855020
43759926086
1781703856020
43776297147
1781703857021
43792569401
1781703858020
43808906817
1781703859020
43825177388
1781703860022
43841198569
1781703861019
43857266308
1781703862020
43873411587
1781703863019
43889865176
1781703864022
43905485864
1781703865020
43921117492
1781703866022
43937426037
1781703867019
43953424666
1781703868021
43969419729
1781703869025
43985518466
1781703870020
44001748981
1781703871025
44017941828
1781703872025
44034308315
1781703873020
44050414885
1781703874020
44066856464
1781703875021
44082979772
1781703876021
44099188072
1781703877019
44115336824
1781703878021
44131476610
1781703879019
44149869306
1781703880173
44163272152
1781703881022
44179295139
1781703882019
44195492101
1781703883021
44211599145
1781703884020
44227616593
1781703885021
44243768023
1781703886020
44259779901
1781703887020
44275808916
1781703888020
44291731610
1781703889021
44307962370
1781703890021
44323966890
1781703891021
44340090305
1781703892020
44356162511
1781703893022
44372609445
1781703894021
44388454737
1781703895021
44404413616
1781703896020
44420449761
1781703897021
44436331252
1781703898020
44452345043
1781703899020
44468269513
1781703900019
44484458841
1781703901021
44500647036
1781703902021
44516982984
1781703903021
44533185944
1781703904020
44549120940
1781703905022
44564636716
1781703906020
44580529728
1781703907019
44596235790
1781703908021
44611939802
1781703909023
44627622685
1781703910020
44643797386
1781703911023
44659627684
1781703912023
44675693143
1781703913020
44691647983
1781703914021
44707669148
1781703915020
44723478348
1781703916020
44739346727
1781703917022
44755518919
1781703918022
44771383474
1781703919021
44787410530
1781703920021
44803216623
1781703921021
44819190068
1781703922020
44834946727
1781703923019
44850821793
1781703924020
44867019903
1781703925023
44882792229
1781703926020
44898752562
1781703927021
44914668892
1781703928020
44930710804
1781703929019
44946785979
1781703930020
44962561380
1781703931020
44978416128
1781703932022
44994402684
1781703933020
45010257799
1781703934019
45026236859
1781703935019
45042091147
1781703936021
45058105642
1781703937022
45073880692
1781703938020
45089896028
1781703939020
45105934666
1781703940019
45122082714
1781703941021
45138253392
1781703942019
45154488191
1781703943022
45170313057
1781703944019
45186068064
1781703945019
45201828686
1781703946019
45217943901
1781703947023
45233819762
1781703948019
45249614304
1781703949022
45265862506
1781703950020
45281865281
1781703951021
45297961401
1781703952019
45314168875
1781703953019
45330091019
1781703954020
45346876542
1781703955084
45361913642
1781703956019
45377849479
1781703957023
45393539859
1781703958022
45409222389
1781703959020
45425027672
1781703960022
45441024143
1781703961021
45456835194
1781703962021
45472668597
1781703963021
45488675794
1781703964021
45504594113
1781703965020
45520477915
1781703966021
45536418786
1781703967020
45551912897
1781703968019
45567391050
1781703969019
45583891014
1781703970083
45598462153
1781703971020
45614084692
1781703972019
45629846859
1781703973019
45646075799
1781703974020
45662341779
1781703975020
45678915336
1781703976021
45695176253
1781703977019
45711507595
1781703978019
45727896159
1781703979019
45744171795
1781703980020
45760648043
1781703981023
45776978682
1781703982022
45793424055
1781703983024
45809784315
1781703984021
45825954288
1781703985019
45842429970
1781703986019
45858875267
1781703987020
45875146986
1781703988016
45891395861
1781703989022
45907876455
1781703990019
45924185826
1781703991020
45940679548
1781703992019
45957295761
1781703993021
45973188085
1781703994020
45989292146
1781703995020
46005788774
1781703996021
46022286458
1781703997022
46038483696
1781703998020
46054657571
1781703999020
46070616496
1781704000021
46087062604
1781704001020
46103637752
1781704002021
46120070151
1781704003021
46136424382
1781704004020
46152751302
1781704005020
46169106069
1781704006021
46185445765
1781704007020
46201405654
1781704008019
46217472796
1781704009019
46233922683
1781704010019
46250033216
1781704011020
46266267847
1781704012020
46282725873
1781704013021
46298975147
1781704014020
46315386661
1781704015019
46331898758
1781704016020
46348182578
1781704017020
46364373360
1781704018019
46380309182
1781704019021
46396467190
1781704020021
46412481104
1781704021021
46428778572
1781704022020
46445150735
1781704023016
46461603253
1781704024020
46477813878
1781704025020
46490580030
1781704026021
46498641707
1781704027017
46506872388
1781704028021
46513903381
1781704029022
46521839598
1781704030085
46528535949
1781704031024
46535185574
1781704032025
46542152214
1781704033021
46549662082
1781704034024
46560229394
1781704035024
46574974004
1781704036021
46590813314
1781704037023
46607015142
1781704038019
46623109609
1781704039020
46639236865
1781704040020
46655200763
1781704041020
46671296148
1781704042020
46687483686
1781704043019
46703661095
1781704044019
46719498906
1781704045021
46735493327
1781704046021
46751889357
1781704047021
46768174035
1781704048020
46784296792
1781704049021
46800382356
1781704050021
46816479394
1781704051021
46832711057
1781704052020
46849081873
1781704053017
46865220160
1781704054019
46881317305
1781704055020
46897570296
1781704056020
46913892795
1781704057023
46929917205
1781704058019
46946193696
1781704059020
46963347674
1781704060083
46978324569
1781704061020
46994465395
1781704062021
47010366226
1781704063020
47026522797
1781704064022
47042924718
1781704065021
47059133890
1781704066020
47075695620
1781704067021
47091748196
1781704068020
47107793184
1781704069021
47124143376
1781704070021
47140379338
1781704071021
47156529437
1781704072019
47172662124
1781704073021
47189012209
1781704074021
47206204360
1781704075085
47221333918
1781704076020
47237624577
1781704077021
47253708060
1781704078021
47269747953
1781704079019
47285867329
1781704080019
47302287136
1781704081020
47318562679
1781704082021
47334737089
1781704083019
47351163766
1781704084020
47367422709
1781704085022
47383380747
1781704086020
47399500245
1781704087019
47415551582
1781704088021
47431687482
1781704089021
47447717920
1781704090020
47463782583
1781704091021
47479934181
1781704092021
47496004888
1781704093021
47512042593
1781704094019
47528281294
1781704095020
47544387068
1781704096022
47560708144
1781704097022
47576906377
1781704098022
47593183022
1781704099019
47609343371
1781704100019
47625506934
1781704101021
47641726296
1781704102019
47658247557
1781704103021
47674390036
1781704104020
47690755253
1781704105020
47707112957
1781704106021
47723456325
1781704107020
47739678885
1781704108022
47756013287
1781704109021
47772300076
1781704110021
47788604934
1781704111020
47804940224
1781704112021
47821434817
1781704113020
47837254818
1781704114025
47852925966
1781704115019
47868787736
1781704116019
47884789195
1781704117020
47900916297
1781704118022
47917060888
1781704119019
47934276540
1781704120081
47949353741
1781704121019
47965291277
1781704122020
47981340778
1781704123019
47997359251
1781704124021
48013283430
1781704125021
48029240656
1781704126020
48045349246
1781704127021
48061513558
1781704128021
48077476507
1781704129020
48093747904
1781704130019
48109826873
1781704131021
48126023117
1781704132021
48142046531
1781704133020
48158311196
1781704134023
48174428905
1781704135020
48190354093
1781704136020
48206344766
1781704137021
48222360010
1781704138019
48238261928
1781704139019
48254157970
1781704140022
48270170353
1781704141021
48286059327
1781704142020
48301892440
1781704143019
48317983266
1781704144020
48334114270
1781704145019
48350175399
1781704146021
48366521078
1781704147020
48382326223
1781704148020
48398209275
1781704149023
48414163870
1781704150021
48430209286
1781704151020
48446104778
1781704152021
48462093262
1781704153020
48478081502
1781704154021
48493998230
1781704155020
48509932400
1781704156023
48525745057
1781704157021
48541615242
1781704158019
48557515262
1781704159019
48573432357
1781704160021
48589559016
1781704161024
48605594257
1781704162020
48621667229
1781704163020
48637550985
1781704164019
48653528484
1781704165021
48669508324
1781704166021
48685573217
1781704167019
48701770715
1781704168021
48717645827
1781704169017
48733711776
1781704170021
48749865393
1781704171023
48765676398
1781704172020
48781794581
1781704173020
48797850110
1781704174020
48813776676
1781704175021
48829713232
1781704176018
48845746836
1781704177021
48861727916
1781704178021
48877788035
1781704179020
48893574652
1781704180020
48909354460
1781704181021
48925521174
1781704182020
48942035168
1781704183020
48958304010
1781704184020
48974413946
1781704185021
48990408459
1781704186021
49006229760
1781704187021
49022370174
1781704188023
49038371098
1781704189021
49054597788
1781704190021
49071179515
1781704191021
49087917225
1781704192020
49103900600
1781704193021
49119713747
1781704194021
49138234045
1781704195173
49151773351
1781704196020
49167615277
1781704197019
49183788923
1781704198023
49199999732
1781704199019
49216230415
1781704200020
49232319115
1781704201021
49248633413
1781704202020
49264680390
1781704203019
49280835553
1781704204022
49297031735
1781704205020
49313228713
1781704206020
49329105523
1781704207017
49345186465
1781704208020
49361233733
1781704209021
49379670034
1781704210174
49393220463
1781704211018
49409219322
1781704212020
49425365718
1781704213019
49441579785
1781704214021
49457636585
1781704215021
49473452608
1781704216020
49489544107
1781704217019
49505659735
1781704218019
49521694349
1781704219019
49537795258
1781704220019
49553726200
1781704221021
49569687756
1781704222021
49585832469
1781704223021
49601461710
1781704224020
49617732250
1781704225020
49634047023
1781704226021
49650420823
1781704227021
49666979982
1781704228022
49683239522
1781704229021
49699512051
1781704230019
49715737196
1781704231020
49732015080
1781704232023
49748189796
1781704233019
49764428497
1781704234020
49780863666
1781704235019
49797260171
1781704236019
49813580558
1781704237021
49829772625
1781704238021
49846057027
1781704239021
49863309200
1781704240083
49878793503
1781704241021
49895119062
1781704242021
49911612508
1781704243020
49927967367
1781704244019
49944261653
1781704245019
49960567291
1781704246022
49976871813
1781704247019
49993112120
1781704248020
50009495834
1781704249019
50025524221
1781704250021
50042072212
1781704251021
50058447771
1781704252020
50074933077
1781704253019
50091499596
1781704254019
50107631319
1781704255020
50123921321
1781704256020
50140393623
1781704257021
50156871034
1781704258020
50172971362
1781704259021
50188989620
1781704260020
50205115377
1781704261023
50221193856
1781704262020
50237711904
1781704263020
50253961177
1781704264016
50270278566
1781704265020
50286817530
1781704266021
50303057806
1781704267020
50319414455
1781704268020
50335752621
1781704269020
50353016958
1781704270083
50368385456
1781704271021
50384824923
1781704272020
50401383838
1781704273022
50417958358
1781704274019
50434275426
1781704275019
50450609461
1781704276020
50467112286
1781704277020
50483522745
1781704278020
50499710298
1781704279021
50516229998
1781704280022
50532443148
1781704281021
50548754754
1781704282022
50565129364
1781704283022
50581616170
1781704284021
50597985288
1781704285021
50614557070
1781704286021
50630974903
1781704287019
50647512077
1781704288021
50664162393
1781704289021
50680288196
1781704290021
50696275043
1781704291021
50712289630
1781704292020
50728561623
1781704293021
50745081630
1781704294021
50761304434
1781704295021
50777421867
1781704296021
50793573879
1781704297020
50810096777
1781704298020
50826345209
1781704299020
50843423711
1781704300082
50858560812
1781704301021
50874781306
1781704302020
50891181147
1781704303020
50907611235
1781704304021
50924147230
1781704305020
50940552977
1781704306024
50956905051
1781704307021
50973193186
1781704308020
50989337317
1781704309020
51005751234
1781704310020
51022095459
1781704311021
51038568311
1781704312021
51055027668
1781704313020
51071223300
1781704314020
51089944548
1781704315173
51103724264
1781704316021
51120016836
1781704317019
51136254175
1781704318020
51152594422
1781704319020
51169060175
1781704320019
51185464085
1781704321023
51201650827
1781704322020
51217986943
1781704323019
51234428476
1781704324022
51250782539
1781704325020
51267266025
1781704326020
51283695150
1781704327019
51299992572
1781704328020
51316365867
1781704329021
51332692558
1781704330022
51349312336
1781704331022
51365604082
1781704332020
51381942386
1781704333019
51398453565
1781704334020
51414839191
1781704335021
51431114398
1781704336019
51447487555
1781704337021
51463734335
1781704338019
51479951677
1781704339019
51496393179
1781704340021
51512893005
1781704341021
51529182303
1781704342020
51545544705
1781704343020
51561981296
1781704344021
51579096105
1781704345081
51594244283
1781704346019
51610758552
1781704347019
51627129828
1781704348019
51643599865
1781704349020
51660043035
1781704350021
51676584156
1781704351021
51693214873
1781704352021
51709655702
1781704353021
51726170583
1781704354019
51742580400
1781704355021
51758759323
1781704356020
51775089365
1781704357021
51791579690
1781704358021
51808179180
1781704359020
51824523895
1781704360019
51840925403
1781704361021
51857428595
1781704362019
51873785442
1781704363019
51890199864
1781704364021
51906385260
1781704365020
51922979609
1781704366020
51939380719
1781704367019
51955965369
1781704368020
51972335451
1781704369020
51988963491
1781704370020
52005361495
1781704371022
52021826957
1781704372019
52038433960
1781704373020
52054862151
1781704374023
52071800292
1781704375083
52087069095
1781704376020
52103253879
1781704377020
52119658829
1781704378021
52136039453
1781704379020
52152174741
1781704380019
52168464299
1781704381021
52184807438
1781704382023
52200947898
1781704383019
52217443899
1781704384020
52233627948
1781704385020
52249922968
1781704386023
52266215647
1781704387016
52282708527
1781704388020
52299178794
1781704389021
52315546030
1781704390021
52331905723
1781704391022
52348308455
1781704392022
52364733174
1781704393021
52380967743
1781704394021
52397268853
1781704395021
52413341075
1781704396021
52429476592
1781704397021
52445769685
1781704398021
52462045060
1781704399022
52478428269
1781704400021
52494569999
1781704401020
52511091994
1781704402020
52527417859
1781704403020
52543510200
1781704404022
52559521834
1781704405021
52575939774
1781704406020
52592132667
1781704407020
52608478682
1781704408020
52624883862
1781704409020
52641134360
1781704410021
52657669896
1781704411025
52673910540
1781704412020
52690484250
1781704413022
52706963023
1781704414021
52722770707
1781704415019
52738402411
1781704416020
52754291951
1781704417021
52770507717
1781704418020
52786397379
1781704419019
52803976559
1781704420081
52819152201
1781704421021
52835257807
1781704422020
52851608595
1781704423019
52867947756
1781704424020
52884237574
1781704425019
52900751323
1781704426023
52917127112
1781704427020
52933312799
1781704428021
52949717642
1781704429020
52966345483
1781704430023
52982791576
1781704431027
52999234317
1781704432019
53015726845
1781704433020
53031400272
1781704434021
53048287066
1781704435084
53063347131
1781704436018
53079511092
1781704437019
53095660563
1781704438019
53111888370
1781704439019
53128012321
1781704440023
53144127352
1781704441020
53160385943
1781704442019
53176644978
1781704443020
53192875478
1781704444019
53208972486
1781704445020
53225056381
1781704446020
53241229935
1781704447020
53257697187
1781704448020
53273877396
1781704449021
53291037019
1781704450085
53306073752
1781704451021
53321951235
1781704452021
53337845151
1781704453018
53353760853
1781704454019
53369662327
1781704455022
53385710696
1781704456019
53401969960
1781704457021
53418302924
1781704458022
53434302868
1781704459021
53450337406
1781704460020
53466313207
1781704461023
53482423327
1781704462021
53498537868
1781704463021
53514596044
1781704464021
53530467958
1781704465021
53546364842
1781704466020
53562279229
1781704467019
53578246339
1781704468021
53594280999
1781704469021
53610315277
1781704470021
53626516233
1781704471024
53642845357
1781704472023
53658600241
1781704473021
53674550231
1781704474020
53690538869
1781704475019
53706471524
1781704476019
53722463742
1781704477019
53738251230
1781704478024
53754008425
1781704479020
53770810563
1781704480081
53785756935
1781704481021
53801847776
1781704482021
53817902541
1781704483018
53833836863
1781704484022
53849846584
1781704485021
53865825399
1781704486020
53881660838
1781704487021
53897418094
1781704488021
53913369675
1781704489022
53929244297
1781704490022
53945323985
1781704491021
53961154712
1781704492021
53977211327
1781704493022
53993003559
1781704494020
54008789303
1781704495020
54024599543
1781704496019
54040693230
1781704497020
54056876637
1781704498021
54072996855
1781704499022
54088840035
1781704500020
54104838618
1781704501023
54120820019
1781704502023
54136752169
1781704503019
54152645962
1781704504021
54168404610
1781704505021
54184430182
1781704506021
54200567826
1781704507022
54216565981
1781704508021
54232699632
1781704509024
54249506758
1781704510084
54264542895
1781704511020
54280519797
1781704512021
54296666484
1781704513022
54312852614
1781704514020
54329049821
1781704515020
54344806389
1781704516021
54360802141
1781704517020
54376821241
1781704518020
54392836577
1781704519019
54408824327
1781704520022
54424751872
1781704521020
54440867377
1781704522020
54457010698
1781704523020
54473047668
1781704524020
54489092243
1781704525020
54505142111
1781704526019
54521132845
1781704527020
54537412122
1781704528019
54553595559
1781704529020
54569793133
1781704530019
54585638731
1781704531019
54601622289
1781704532022
54617695674
1781704533020
54633758486
1781704534023
54649634868
1781704535020
54665507424
1781704536021
54681418889
1781704537021
54697356837
1781704538020
54713267736
1781704539020
54730067013
1781704540083
54745087360
1781704541020
54761292569
1781704542023
54777126769
1781704543021
54792960310
1781704544021
54808857791
1781704545021
54824706387
1781704546021
54840631989
1781704547021
54856579133
1781704548022
54872701049
1781704549021
54888957284
1781704550021
54905065231
1781704551021
54921094092
1781704552021
54936979822
1781704553020
54953036208
1781704554021
54970098080
1781704555085
54984990014
1781704556020
55001037587
1781704557020
55016972690
1781704558020
55032807838
1781704559021
55048680655
1781704560019
55064569185
1781704561022
55080384856
1781704562020
55096357184
1781704563020
55112229067
1781704564020
55128261080
1781704565020
55144195709
1781704566023
55160166843
1781704567019
55176037197
1781704568019
55191863808
1781704569019
55210246161
1781704570173
55223715608
1781704571021
55239731877
1781704572020
55255681745
1781704573020
55271835622
1781704574022
55287803238
1781704575021
55303731043
1781704576020
55320036620
1781704577021
55336329789
1781704578019
55352485977
1781704579019
55368573376
1781704580020
55384638131
1781704581021
55400653605
1781704582023
55416491018
1781704583020
55432473734
1781704584020
55448397316
1781704585021
55464526362
1781704586021
55480378860
1781704587020
55496209878
1781704588019
55512039946
1781704589021
55528090411
1781704590020
55544332233
1781704591018
55560642079
1781704592021
55576864179
1781704593021
55592809503
1781704594021
55608592401
1781704595021
55624503330
1781704596019
55640457283
1781704597024
55656280971
1781704598021
55672189238
1781704599021
55687965022
1781704600020
55703747538
1781704601020
55719588302
1781704602019
55735469625
1781704603019
55751542076
1781704604020
55767579720
1781704605022
55783734470
1781704606020
55799628722
1781704607019
55815546658
1781704608022
55831438080
1781704609019
55847451274
1781704610019
55863420878
1781704611020
55879355828
1781704612019
55895434598
1781704613020
55911537665
1781704614021
55927345869
1781704615020
55943274501
1781704616020
55959344381
1781704617019
55975317933
1781704618020
55991068778
1781704619021
56006903636
1781704620020
56022770638
1781704621021
56038677559
1781704622021
56054548356
1781704623021
56070353562
1781704624019
56085957848
1781704625020
56101526486
1781704626019
56117072403
1781704627019
56132867618
1781704628023
56148722212
1781704629022
56164715914
1781704630020
56180603862
1781704631020
56196444794
1781704632021
56212309089
1781704633019
56228196104
1781704634020
56244243080
1781704635019
56260357193
1781704636020
56272805533
1781704637020
56280512786
1781704638021
56289486527
1781704639021
56297376216
1781704640023
56304109257
1781704641019
56311528762
1781704642021
56318163944
1781704643021
56324957129
1781704644022
56332097287
1781704645088
56338092959
1781704646025
56344467383
1781704647025
56350907550
1781704648025
56357929348
1781704649025
56364251721
1781704650023
56370485997
1781704651023
56376904301
1781704652023
56383436544
1781704653023
56392334794
1781704654026
56398951402
1781704655022
56405649130
1781704656021
56412217313
1781704657022
56419044433
1781704658021
56425688259
1781704659025
56432183767
1781704660022
56438639433
1781704661021
56445116826
1781704662024
56451837122
1781704663026
56458318355
1781704664024
56465029638
1781704665023
56471662418
1781704666023
56478044354
1781704667022
56484373291
1781704668021
56490779691
1781704669023
56497077202
1781704670023
56503459031
1781704671025
56509675497
1781704672021
56516170393
1781704673021
56522475095
1781704674024
56529361793
1781704675085
56535346633
1781704676025
56541708480
1781704677024
56548040630
1781704678024
56554403808
1781704679024
56560652512
1781704680022
56567062447
1781704681024
56573494047
1781704682024
56580229979
1781704683025
56586582768
1781704684025
56593085850
1781704685024
56599934145
1781704686023
56606362027
1781704687022
56612675465
1781704688025
56619104188
1781704689024
56626717958
1781704690176
56632138457
1781704691023
56638537804
1781704692024
56645113270
1781704693022
56651482920
1781704694024
56658081397
1781704695025
56664677472
1781704696023
56671106471
1781704697023
56677693549
1781704698025
56684135415
1781704699025
56690712044
1781704700024
56697296674
1781704701025
56703830723
1781704702023
56710611086
1781704703023
56717208966
1781704704021
56724854728
1781704705174
56730315788
1781704706022
56736684153
1781704707021
56742991822
1781704708025
56749087251
1781704709024
56755291110
1781704710020
56761535973
1781704711023
56768009495
1781704712022
56774597323
1781704713021
56780889999
1781704714025
56787254585
1781704715023
56793685664
1781704716023
56800018701
1781704717021
56806397822
1781704718025
56812886950
1781704719025
56819192631
1781704720024
56825537327
1781704721023
56831857542
1781704722024
56838440046
1781704723024
56844871172
1781704724022
56851235880
1781704725021
56857556968
1781704726022
56863852030
1781704727022
56870213786
1781704728022
56876526076
1781704729022
56882871919
1781704730023
56889349832
1781704731027
56895808192
1781704732025
56902328623
1781704733025
56908954258
1781704734025
56915805827
1781704735086
56921702233
1781704736024
56928129870
1781704737024
56934494272
1781704738025
56940825244
1781704739023
56947274806
1781704740023
56953732385
1781704741024
56960290302
1781704742023
56966979691
1781704743021
56973476928
1781704744024
56979834231
1781704745023
56986273710
1781704746025
56992523913
1781704747021
56998787504
1781704748021
57005124993
1781704749024
57011405200
1781704750022
57017628735
1781704751022
57023940123
1781704752023
57030242621
1781704753022
57036761630
1781704754023
57043143367
1781704755023
57049416229
1781704756022
57055777969
1781704757023
57062092769
1781704758024
57068236530
1781704759022
57074341887
1781704760021
57080566111
1781704761023
57086954825
1781704762021
57093400103
1781704763025
57099564978
1781704764025
57107077523
1781704765174
57112393064
1781704766024
57118608368
1781704767021
57124927390
1781704768023
57131288564
1781704769023
57137634025
1781704770021
57143925140
1781704771021
57150431725
1781704772020
57157125031
1781704773021
57163525771
1781704774025
57170546559
1781704775023
57176910701
1781704776021
57183366184
1781704777023
57189842016
1781704778024
57196218872
1781704779025
57206244182
1781704780087
57212811233
1781704781025
57219230638
1781704782023
57225908813
1781704783025
57232349424
1781704784023
57238674169
1781704785021
57245032971
1781704786027
57251265610
1781704787022
57257471198
1781704788025
57263736671
1781704789025
57270148380
1781704790021
57276591991
1781704791023
57282989778
1781704792021
57289536648
1781704793022
57296041672
1781704794023
57302925387
1781704795085
57308831064
1781704796025
57315238276
1781704797025
57321428916
1781704798025
57327745383
1781704799025
57334058424
1781704800021
57340220131
1781704801024
57346473058
1781704802025
57352977792
1781704803020
57359234375
1781704804023
57365571987
1781704805022
57371868702
1781704806023
57378106772
1781704807021
57384449586
1781704808025
57390680434
1781704809023
57396749454
1781704810022
57402883133
1781704811021
57409112115
1781704812023
57415532255
1781704813022
57421702133
1781704814023
57427933501
1781704815026
57434209791
1781704816021
57440481337
1781704817024
57446892986
1781704818025
57453082371
1781704819025
57459425231
1781704820022
57465762292
1781704821021
57472238553
1781704822025
57478779180
1781704823024
57485213091
1781704824027
57491785863
1781704825023
57497995843
1781704826023
57504348678
1781704827021
57510915423
1781704828022
57517290336
1781704829022
57523637082
1781704830025
57529972552
1781704831025
57536464036
1781704832021
57542878836
1781704833021
57549208462
1781704834021
57555560257
1781704835022
57561664727
1781704836022
57567819902
1781704837022
57573779787
1781704838022
57579946269
1781704839022
57586594670
1781704840085
57592487465
1781704841021
57598745853
1781704842023
57605077926
1781704843022
57611235427
1781704844023
57617467071
1781704845022
57623676882
1781704846025
57629828354
1781704847021
57636036650
1781704848024
57642157308
1781704849023
57648302997
1781704850023
57654599987
1781704851021
57660818244
1781704852021
57667148573
1781704853023
57673551791
1781704854021
57680789058
1781704855173
57686141228
1781704856022
57692493589
1781704857021
57698708388
1781704858021
57705018368
1781704859021
57711212282
1781704860023
57717517856
1781704861023
57723883329
1781704862022
57730269473
1781704863024
57736574128
1781704864022
57743079275
1781704865021
57749588400
1781704866024
57755901517
1781704867021
57762182549
1781704868022
57768480305
1781704869021
57775112992
1781704870084
57780969771
1781704871022
57787146764
1781704872022
57793552323
1781704873022
57799872615
1781704874023
57806097772
1781704875021
57812229492
1781704876022
57818490940
1781704877023
57824716067
1781704878024
57830798704
1781704879023
57836876889
1781704880021
57843028147
1781704881023
57849240360
1781704882025
57855262119
1781704883025
57861495507
1781704884023
57868079663
1781704885085
57873932036
1781704886022
57880154821
1781704887021
57886426230
1781704888024
57892567023
1781704889024
57898868435
1781704890025
57905107897
1781704891022
57911363241
1781704892025
57917935647
1781704893021
57924227160
1781704894023
57930637752
1781704895022
57937014058
1781704896022
57943223288
1781704897024
57949556401
1781704898023
57955739499
1781704899023
57962507086
1781704900085
57968319510
1781704901023
57974634356
1781704902021
57980993939
1781704903022
57987405388
1781704904021
57993833301
1781704905022
58000196204
1781704906024
58006482561
1781704907023
58012666652
1781704908024
58018826233
1781704909021
58024857356
1781704910025
58030935724
1781704911025
58036879438
1781704912023
58043004624
1781704913025
58049034462
1781704914021
58055833506
1781704915085
58061957209
1781704916020
