174710982731
1781702168217
174743998210
1781702169012
174785679805
1781702170014
174830648013
1781702171014
174875058056
1781702172013
174916754604
1781702173012
174957617598
1781702174013
174999707578
1781702175013
175041436231
1781702176013
175081961395
1781702177013
175123094835
1781702178014
175164738649
1781702179013
175204795126
1781702180014
175246214210
1781702181013
175288846120
1781702182013
175331036869
1781702183013
175372459919
1781702184013
175417487209
1781702185077
175460368630
1781702186014
175502862295
1781702187013
175543455820
1781702188015
175584474819
1781702189013
175626232219
1781702190015
175666228943
1781702191013
175708513624
1781702192014
175750175139
1781702193012
175790923570
1781702194013
175832649964
1781702195012
175875150771
1781702196013
175914878086
1781702197013
175954885308
1781702198013
175995376171
1781702199013
176043444957
1781702200169
176082734590
1781702201012
176131870939
1781702202013
176187485787
1781702203012
176260527836
1781702204013
176352122756
1781702205010
176444590720
1781702206011
176538695093
1781702207013
176632680753
1781702208011
176726883027
1781702209009
176821374423
1781702210011
176915364661
1781702211013
177009511576
1781702212013
177103843060
1781702213013
177197842209
1781702214008
177290929068
1781702215012
177383781492
1781702216013
177477970704
1781702217011
177572205448
1781702218012
177666351508
1781702219013
177760525034
1781702220012
177854123000
1781702221011
177948140276
1781702222013
178042496480
1781702223012
178136179224
1781702224012
178230224454
1781702225013
178323809969
1781702226011
178417622534
1781702227012
178511325663
1781702228012
178605202315
1781702229012
178698329030
1781702230012
178792285820
1781702231012
178884570679
1781702232013
178978113836
1781702233010
179072136972
1781702234012
179166198010
1781702235012
179259673662
1781702236013
179353931477
1781702237012
179447679284
1781702238012
179541648465
1781702239008
179636467802
1781702240013
179730451509
1781702241012
179824252966
1781702242011
179918975197
1781702243012
180012613873
1781702244010
180107145736
1781702245013
180201328478
1781702246011
180295149038
1781702247012
180389203790
1781702248012
180483627072
1781702249013
180578083129
1781702250013
180672475709
1781702251012
180766645634
1781702252012
180861238898
1781702253013
180955883736
1781702254011
181050624888
1781702255012
181144708204
1781702256012
181239307327
1781702257012
181333845659
1781702258014
181428151326
1781702259013
181521820031
1781702260012
181615951687
1781702261012
181710223724
1781702262013
181804924592
1781702263013
181899294346
1781702264013
181993674658
1781702265010
182088298684
1781702266012
182182600811
1781702267013
182277177717
1781702268012
182371521042
1781702269012
182466351976
1781702270012
182560594594
1781702271012
182655310782
1781702272013
182750106133
1781702273012
182844884393
1781702274013
182939318295
1781702275012
183033493347
1781702276012
183128314088
1781702277013
183222825198
1781702278013
183316834479
1781702279012
183411340707
1781702280013
183505843212
1781702281013
183600250624
1781702282013
183694829971
1781702283013
183789481402
1781702284013
183883820882
1781702285012
183977961510
1781702286012
184072035427
1781702287011
184166483793
1781702288012
184260769074
1781702289012
184360663655
1781702290073
184448894020
1781702291013
184543024516
1781702292012
184637586530
1781702293011
184731824875
1781702294013
184826578173
1781702295012
184921039845
1781702296013
185015832571
1781702297013
185110442864
1781702298012
185204482235
1781702299012
185298847777
1781702300012
185392950014
1781702301012
185487632450
1781702302013
185582275335
1781702303013
185676738777
1781702304012
185771539316
1781702305013
185865394361
1781702306013
185959726029
1781702307011
186054211444
1781702308012
186148537740
1781702309013
186242820885
1781702310013
186337097011
1781702311013
186431429960
1781702312013
186525842255
1781702313011
186619881932
1781702314012
186714790258
1781702315012
186808454081
1781702316013
186902190474
1781702317011
186996198656
1781702318012
187090033377
1781702319013
187189027386
1781702320073
187275261357
1781702321012
187368185558
1781702322012
187462794813
1781702323013
187556735673
1781702324012
187650639181
1781702325011
187744748681
1781702326012
187839147426
1781702327013
187933477629
1781702328013
188027673127
1781702329012
188121969090
1781702330012
188216217811
1781702331013
188310593179
1781702332013
188405215496
1781702333013
188499486556
1781702334013
188593557543
1781702335011
188687062492
1781702336012
188780836666
1781702337013
188874530212
1781702338012
188968777041
1781702339013
189062515083
1781702340012
189156789866
1781702341013
189250830152
1781702342012
189345071427
1781702343011
189439237568
1781702344012
189533328147
1781702345011
189627345119
1781702346012
189721120452
1781702347012
189815019199
1781702348012
189908547707
1781702349012
190007812345
1781702350074
190095352771
1781702351009
190189279654
1781702352012
190283645807
1781702353012
190377727048
1781702354011
190471930420
1781702355012
190565594365
1781702356012
190659212472
1781702357012
190753206494
1781702358012
190846886674
1781702359013
190940946248
1781702360012
191035052208
1781702361012
191129256923
1781702362012
191223937650
1781702363013
191317670686
1781702364011
191411760533
1781702365013
191505359171
1781702366012
191599447492
1781702367012
191693381395
1781702368012
191787199209
1781702369011
191880844965
1781702370012
191974874509
1781702371012
192068884523
1781702372013
192163013371
1781702373013
192256897286
1781702374012
192350930004
1781702375013
192444533707
1781702376012
192538186300
1781702377012
192632161706
1781702378013
192726096890
1781702379013
192824861713
1781702380073
192912712196
1781702381013
193006453839
1781702382012
193100283249
1781702383013
193193902578
1781702384012
193288648124
1781702385012
193382462764
1781702386013
193476326232
1781702387012
193570027652
1781702388013
193663577584
1781702389013
193757815624
1781702390013
193851620865
1781702391012
193945732196
1781702392013
194039555747
1781702393012
194133433864
1781702394013
194227072296
1781702395010
194320801060
1781702396013
194414415322
1781702397012
194508368268
1781702398013
194602188035
1781702399013
194695980519
1781702400013
194789801507
1781702401011
194883870724
1781702402013
194977825867
1781702403013
195071502080
1781702404011
195165564828
1781702405011
195259616222
1781702406012
195353384903
1781702407012
195447478473
1781702408012
195541083336
1781702409012
195633747528
1781702410012
195727079625
1781702411012
195821167824
1781702412013
195915165753
1781702413013
196008788987
1781702414011
196102805775
1781702415013
196196317804
1781702416013
196289950621
1781702417012
196383518436
1781702418013
196476933297
1781702419011
196570725171
1781702420011
196664207170
1781702421012
196758462910
1781702422013
196852822898
1781702423012
196946727626
1781702424012
197040477142
1781702425013
197134474521
1781702426012
197228538123
1781702427013
197322442729
1781702428013
197416159591
1781702429013
197509794361
1781702430012
197603525810
1781702431013
197697227719
1781702432012
197791624694
1781702433012
197885612002
1781702434013
197979606635
1781702435011
198073287059
1781702436013
198166732010
1781702437013
198260524983
1781702438013
198353831141
1781702439013
198447010223
1781702440012
198540391210
1781702441012
198633959696
1781702442012
198726513231
1781702443012
198819119622
1781702444012
198913035947
1781702445013
199006700380
1781702446011
199100336493
1781702447013
199194004527
1781702448012
199287523147
1781702449012
199381115498
1781702450012
199474987511
1781702451012
199568525541
1781702452013
199662165804
1781702453012
199756188085
1781702454013
199849745646
1781702455012
199944310223
1781702456013
200038218247
1781702457009
200132327442
1781702458012
200225887017
1781702459012
200319361998
1781702460012
200413335695
1781702461013
200507159185
1781702462013
200601298349
1781702463012
200694709914
1781702464013
200788294208
1781702465011
200881681359
1781702466012
200975099577
1781702467013
201068563510
1781702468013
201161693459
1781702469010
201254633773
1781702470013
201347753957
1781702471013
201441154841
1781702472012
201535164000
1781702473012
201628598148
1781702474012
201722496650
1781702475012
201815819409
1781702476012
201909337419
1781702477013
202002736472
1781702478012
202096094693
1781702479010
202189633211
1781702480013
202283214392
1781702481013
202376705730
1781702482013
202470432357
1781702483011
202563855763
1781702484013
202657401972
1781702485013
202751450071
1781702486015
202844839846
1781702487011
202938294075
1781702488013
203031934094
1781702489012
203125309221
1781702490012
203218773337
1781702491012
203312241482
1781702492012
203406039948
1781702493013
203499920506
1781702494012
203593886391
1781702495012
203687555157
1781702496013
203781081529
1781702497011
203874842397
1781702498012
203968472956
1781702499013
204067015612
1781702500074
204154815863
1781702501016
204247976452
1781702502012
204341867447
1781702503012
204435402852
1781702504012
204529000818
1781702505013
204622083771
1781702506012
204715452977
1781702507012
204809100565
1781702508012
204902639083
1781702509013
204996330249
1781702510012
205090024467
1781702511011
205183500729
1781702512012
205277307740
1781702513012
205370838995
1781702514012
205469874264
1781702515074
205557752457
1781702516012
205651540059
1781702517013
205745163781
1781702518013
205838668364
1781702519013
205931891331
1781702520012
206025081705
1781702521013
206118814863
1781702522013
206212607470
1781702523012
206306328055
1781702524013
206400326350
1781702525012
206493627991
1781702526013
206587024358
1781702527013
206680154002
1781702528011
206773693192
1781702529013
206866461997
1781702530012
206959456937
1781702531013
207052794711
1781702532012
207146682471
1781702533012
207240157696
1781702534012
207333966599
1781702535013
207427029837
1781702536012
207520871027
1781702537013
207614412353
1781702538013
207708032719
1781702539012
207801475717
1781702540013
207895032667
1781702541011
207988885271
1781702542013
208083028402
1781702543012
208176486231
1781702544012
208270054473
1781702545013
208364021213
1781702546013
208457746559
1781702547012
208551116925
1781702548012
208644440234
1781702549012
208738031119
1781702550012
208830485595
1781702551013
208923164313
1781702552012
209017011790
1781702553012
209110236404
1781702554012
209204069965
1781702555012
209297269129
1781702556012
209390795073
1781702557013
209484302952
1781702558012
209577596109
1781702559012
209676208039
1781702560074
209763647451
1781702561012
209856919674
1781702562013
209950692871
1781702563013
210043716864
1781702564011
210137346324
1781702565012
210230423295
1781702566013
210323408042
1781702567012
210416618558
1781702568012
210509891818
1781702569012
210603449074
1781702570013
210697312908
1781702571013
210790353563
1781702572011
210884250418
1781702573011
210977782832
1781702574013
211076812608
1781702575074
211164238837
1781702576009
211257646679
1781702577013
211350958940
1781702578013
211444025901
1781702579012
211537295438
1781702580013
211630831026
1781702581013
211724059120
1781702582012
211817792156
1781702583013
211911226365
1781702584012
212004918874
1781702585013
212097932552
1781702586012
212191450990
1781702587011
212284602668
1781702588012
212377957653
1781702589012
212476644840
1781702590076
212563876001
1781702591012
212657263640
1781702592013
212751047213
1781702593013
212844376686
1781702594013
212938105450
1781702595012
213031070727
1781702596012
213124535637
1781702597012
213215885257
1781702598009
213308569651
1781702599010
213402425429
1781702600012
213496532915
1781702601012
213590033103
1781702602012
213683916773
1781702603012
213777470306
1781702604013
213876820821
1781702605073
213964269938
1781702606012
214058598920
1781702607013
214151971361
1781702608011
214245740164
1781702609011
214338887692
1781702610012
214432187380
1781702611012
214525673102
1781702612012
214619706248
1781702613011
214713715773
1781702614010
214807870317
1781702615011
214901284751
1781702616010
214995409266
1781702617013
215089068694
1781702618011
215183225252
1781702619013
215281980370
1781702620074
215370027935
1781702621013
215463803025
1781702622011
215557611989
1781702623011
215651381463
1781702624012
215745668697
1781702625012
215839362244
1781702626012
215933065496
1781702627013
216026492686
1781702628013
216120380080
1781702629015
216213647785
1781702630011
216307081323
1781702631008
216400675138
1781702632011
216494774324
1781702633013
216587326272
1781702634013
216680974897
1781702635012
216774454211
1781702636013
216868511099
1781702637013
216962612482
1781702638012
217056357054
1781702639011
217150042239
1781702640012
217244178106
1781702641011
217337835520
1781702642013
217431874464
1781702643011
217525817400
1781702644013
217619947835
1781702645012
217713715600
1781702646012
217807284269
1781702647012
217900974947
1781702648011
217995008886
1781702649013
218093805997
1781702650073
218181620713
1781702651012
218275064871
1781702652013
218369426263
1781702653013
218463289243
1781702654012
218557068178
1781702655012
218650687994
1781702656013
218744194224
1781702657012
218837810135
1781702658012
218931761432
1781702659011
219025184228
1781702660012
219118687345
1781702661013
219212486910
1781702662012
219306295691
1781702663011
219399884440
1781702664011
219493634933
1781702665012
219586882192
1781702666012
219680903557
1781702667013
219774628171
1781702668012
219868665101
1781702669013
219962734745
1781702670012
220056730598
1781702671012
220150562633
1781702672011
220244485855
1781702673012
220338362507
1781702674013
220432646689
1781702675013
220526032375
1781702676013
220619730683
1781702677011
220713802647
1781702678012
220807652016
1781702679013
220906514617
1781702680073
220994558520
1781702681013
221088285330
1781702682013
221182616083
1781702683013
221276132506
1781702684013
221369973208
1781702685012
221463818060
1781702686012
221557501964
1781702687011
221651078873
1781702688011
221745181964
1781702689012
221838998496
1781702690013
221933288599
1781702691013
222027211699
1781702692013
222121005770
1781702693012
222215177282
1781702694013
222314529200
1781702695073
222402587813
1781702696013
222496683458
1781702697012
222590683157
1781702698012
222684531976
1781702699012
222778221129
1781702700013
222871966616
1781702701013
222965854071
1781702702012
223059936228
1781702703012
223153643935
1781702704012
223248175431
1781702705012
223341616049
1781702706012
223435583887
1781702707012
223529241179
1781702708011
223623199068
1781702709013
223722553123
1781702710076
223810418865
1781702711012
223904396957
1781702712013
223999048387
1781702713011
224092845693
1781702714011
224187199211
1781702715012
224281028744
1781702716012
224374786866
1781702717013
224468604436
1781702718012
224562562813
1781702719013
224656049146
1781702720012
224750165421
1781702721012
224844170247
1781702722013
224938401084
1781702723013
225032371608
1781702724012
225126371856
1781702725013
225219980198
1781702726010
225314045936
1781702727012
225406698836
1781702728015
225499296194
1781702729013
225593243402
1781702730012
225687573056
1781702731013
225781695373
1781702732013
225875742679
1781702733013
225969733466
1781702734012
226064188791
1781702735013
226158330640
1781702736012
226252697708
1781702737013
226347036577
1781702738012
226441111471
1781702739013
226534769068
1781702740013
226628610319
1781702741013
226722743196
1781702742014
226817220127
1781702743013
226911324073
1781702744013
227005599894
1781702745012
227099419051
1781702746010
227193490282
1781702747012
227287197867
1781702748011
227381400873
1781702749013
227475513181
1781702750013
227569637940
1781702751013
227663924503
1781702752013
227758225226
1781702753012
227852219064
1781702754012
227946038832
1781702755012
228039921770
1781702756013
228134041829
1781702757010
228228378624
1781702758013
228322494045
1781702759012
228416193634
1781702760013
228510206516
1781702761013
228603876808
1781702762011
228698132487
1781702763012
228792334456
1781702764011
228886942124
1781702765013
228981086048
1781702766013
229075195914
1781702767012
229169251093
1781702768011
229263672543
1781702769013
229363132677
1781702770073
229451312566
1781702771013
229545531197
1781702772012
229640102000
1781702773013
229734375684
1781702774013
229828553116
1781702775012
229922349324
1781702776012
230016537865
1781702777012
230110619167
1781702778012
230204595489
1781702779012
230298588900
1781702780011
230392644690
1781702781011
230486790018
1781702782012
230581361004
1781702783012
230675215317
1781702784013
230769015003
1781702785013
230863012565
1781702786012
230957009456
1781702787008
231051479368
1781702788013
231145198183
1781702789012
231239008490
1781702790012
231333070688
1781702791012
231427330823
1781702792011
231521797622
1781702793012
231616423478
1781702794013
231710915729
1781702795013
231804789634
1781702796010
231899067835
1781702797012
231993422025
1781702798011
232087848907
1781702799011
232187142965
1781702800072
232275902503
1781702801013
232366779162
1781702802012
232450422747
1781702803009
232533427784
1781702804012
232600502563
1781702805013
232646536564
1781702806013
232699799367
1781702807013
232747541493
1781702808013
232802681489
1781702809013
232861779360
1781702810011
232915292651
1781702811014
232970717619
1781702812011
233049225291
1781702813012
233141257221
1781702814012
233234565698
1781702815012
233327319672
1781702816013
233421496250
1781702817012
233515875037
1781702818013
233609577067
1781702819011
233703359115
1781702820013
233797292712
1781702821013
233891113517
1781702822013
233985216120
1781702823013
234079065367
1781702824013
234173976990
1781702825009
234268065250
1781702826011
234362325629
1781702827013
234456073191
1781702828012
234550120741
1781702829011
234643555316
1781702830012
234737180687
1781702831013
234831180385
1781702832013
234925523711
1781702833013
235019363680
1781702834012
235113202002
1781702835011
235206666668
1781702836009
235300360031
1781702837011
235394122120
1781702838012
235487570429
1781702839011
235581550352
1781702840012
235675442995
1781702841011
235769413640
1781702842013
235864048469
1781702843013
235957706249
1781702844012
236056881898
1781702845072
236144700826
1781702846011
236239219933
1781702847012
236333392238
1781702848013
236427305511
1781702849013
236521221469
1781702850012
236615118934
1781702851012
236708991374
1781702852013
236803187544
1781702853010
236897203478
1781702854013
236991044790
1781702855013
237084520259
1781702856013
237178694945
1781702857012
237272496706
1781702858012
237366658208
1781702859012
237459802990
1781702860012
237553480484
1781702861012
237647371418
1781702862012
237741728049
1781702863011
237835385707
1781702864012
237929859159
1781702865012
238023583651
1781702866011
238117569372
1781702867013
238211381205
1781702868013
238305237654
1781702869013
238399365098
1781702870012
238493216726
1781702871012
238587295098
1781702872012
238682079402
1781702873012
238776220091
1781702874012
238875907824
1781702875073
238963655646
1781702876013
239057399669
1781702877011
239151640883
1781702878012
239245760820
1781702879012
239339573263
1781702880012
239433496484
1781702881011
239527643887
1781702882012
239621974578
1781702883012
239715649754
1781702884013
239809936438
1781702885013
239903934428
1781702886013
239997839278
1781702887012
240091899767
1781702888011
240185900076
1781702889012
240279517207
1781702890012
240373303771
1781702891012
240467345644
1781702892012
240561872197
1781702893011
240656199958
1781702894012
240749731152
1781702895013
240843077348
1781702896012
240937531452
1781702897012
241032099692
1781702898013
241126379907
1781702899012
241220577053
1781702900012
241314981475
1781702901011
241409419648
1781702902012
241504268466
1781702903012
241598885838
1781702904011
241693284339
1781702905012
241787049724
1781702906012
241880927780
1781702907011
241975540941
1781702908012
242069833180
1781702909012
242164014091
1781702910011
242257897030
1781702911011
242352206847
1781702912012
242446824219
1781702913012
242541172611
1781702914013
242635802251
1781702915013
242729676767
1781702916012
242823882031
1781702917012
242918528883
1781702918013
243012539629
1781702919011
243112192572
1781702920073
243200225367
1781702921012
243294508023
1781702922013
243389177276
1781702923012
243481015908
1781702924012
243574661664
1781702925013
243668480821
1781702926011
243762353383
1781702927012
243856463921
1781702928013
243950299069
1781702929012
244044107423
1781702930013
244137701360
1781702931012
244231152110
1781702932013
244325585584
1781702933013
244419436235
1781702934013
244513235006
1781702935013
244606569179
1781702936012
244700548125
1781702937012
244794484591
1781702938013
244888290931
1781702939012
244981840252
1781702940013
245075113939
1781702941012
245168864736
1781702942012
245262379267
1781702943013
245354471622
1781702944012
245448687872
1781702945013
245542170238
1781702946013
245635366228
1781702947011
245729049154
1781702948012
245822641810
1781702949013
245915625459
1781702950012
246008723060
1781702951013
246102173321
1781702952013
246194142751
1781702953013
246287060970
1781702954013
246380878601
1781702955013
246474180364
1781702956013
246567339306
1781702957011
246660659196
1781702958012
246754220968
1781702959013
246847650722
1781702960012
246941181854
1781702961013
247034550756
1781702962013
247128832070
1781702963011
247222282880
1781702964011
247314209037
1781702965012
247406880918
1781702966012
247500493167
1781702967011
247594380805
1781702968012
247688027538
1781702969012
247781663528
1781702970013
247874960287
1781702971012
247968500880
1781702972011
248061940765
1781702973013
248155538914
1781702974013
248249436440
1781702975011
248342911786
1781702976012
248436695726
1781702977012
248530232657
1781702978012
248623845454
1781702979013
248716676577
1781702980012
248810394476
1781702981013
248904037730
1781702982012
248998128249
1781702983012
249091686542
1781702984012
249185651939
1781702985013
249278986172
1781702986012
249372683869
1781702987013
249466392004
1781702988012
249559808879
1781702989012
249653658736
1781702990012
249747155872
1781702991012
249840707818
1781702992013
249935301570
1781702993013
250028681641
1781702994012
250127841970
1781702995073
250213860793
1781702996012
250306157432
1781702997011
250399801113
1781702998009
250493737701
1781702999012
250587370213
1781703000013
250680731119
1781703001012
250774458174
1781703002011
250868481127
1781703003013
250961835502
1781703004012
251056042841
1781703005013
251149783019
1781703006012
251243655337
1781703007013
251337301521
1781703008013
251430787182
1781703009012
251529548221
1781703010075
251617197777
1781703011013
251710618741
1781703012012
251804613862
1781703013013
251898113439
1781703014013
251992248330
1781703015011
252085912641
1781703016012
252179723803
1781703017013
252273190482
1781703018013
252366999019
1781703019012
252460688598
1781703020013
252553906988
1781703021012
252647397959
1781703022013
252741270705
1781703023009
252835342730
1781703024012
252934710578
1781703025074
253022606288
1781703026012
253116564971
1781703027012
253210357211
1781703028011
253304246620
1781703029013
253397812786
1781703030013
253491513901
1781703031012
253584967825
1781703032013
253679158074
1781703033013
253772770933
1781703034012
253864611518
1781703035012
253957173781
1781703036012
254050524616
1781703037013
254144140038
1781703038013
254237447050
1781703039012
254330415074
1781703040013
254423707438
1781703041013
254517374923
1781703042013
254611055591
1781703043011
254704829887
1781703044012
254798594479
1781703045013
254892138123
1781703046013
254985700689
1781703047012
255079501108
1781703048013
255173250014
1781703049013
255266707111
1781703050011
255360280541
1781703051012
255453791288
1781703052013
255547503511
1781703053013
255641390417
1781703054012
255734942973
1781703055011
255828195542
1781703056011
255921919056
1781703057010
256015393793
1781703058010
256109247373
1781703059012
256202356937
1781703060012
256295800790
1781703061013
256389281080
1781703062013
256483214250
1781703063011
256577012472
1781703064012
256671459008
1781703065013
256765059415
1781703066012
256858453219
1781703067010
256950956827
1781703068013
257044322921
1781703069013
257142956092
1781703070073
257230639156
1781703071013
257324105042
1781703072012
257418360294
1781703073012
257511736337
1781703074012
257605348646
1781703075013
257698815692
1781703076010
257792591880
1781703077011
257886392177
1781703078012
257979944244
1781703079012
258073514317
1781703080013
258166940775
1781703081012
258260523604
1781703082012
258354496264
1781703083012
258448256949
1781703084012
258541567196
1781703085011
258634869448
1781703086012
258728689154
1781703087013
258822203502
1781703088013
258915877273
1781703089013
259009185262
1781703090013
259102119900
1781703091012
259195203524
1781703092010
259288763098
1781703093012
259382171917
1781703094013
259475735520
1781703095013
259568757255
1781703096012
259662322750
1781703097013
259755529054
1781703098011
259849117987
1781703099012
259941820936
1781703100012
260035396380
1781703101013
260128754417
1781703102012
260222365811
1781703103013
260314671361
1781703104013
260406823102
1781703105013
260500699510
1781703106012
260594129813
1781703107012
260687649410
1781703108012
260781581909
1781703109012
260875469364
1781703110013
260968873421
1781703111012
261061948195
1781703112011
261156306108
1781703113012
261250319478
1781703114012
261344248437
1781703115012
261437310394
1781703116013
261530860935
1781703117012
261624849159
1781703118012
261718826702
1781703119012
261812254868
1781703120013
261906007802
1781703121011
262000104302
1781703122015
262093969296
1781703123012
44505501
1781703124012
138517955
1781703125012
232124894
1781703126011
325744100
1781703127012
419363733
1781703128012
512883208
1781703129012
611663290
1781703130073
699286112
1781703131011
792853011
1781703132012
887112841
1781703133011
980789725
1781703134012
1074806757
1781703135013
1168555419
1781703136012
1262309756
1781703137011
1356251899
1781703138013
1450185252
1781703139013
1544068190
1781703140013
1637892718
1781703141012
1731696006
1781703142012
1826145532
1781703143012
1919730864
1781703144013
2012205786
1781703145013
2105690837
1781703146013
2199194626
1781703147013
2292613515
1781703148013
2386015376
1781703149012
2479476257
1781703150011
2572838689
1781703151012
2666193858
1781703152013
2759883071
1781703153011
2853338032
1781703154012
2947211815
1781703155012
3040298491
1781703156012
3133454441
1781703157011
3226825052
1781703158011
3320424605
1781703159013
3413062490
1781703160012
3506068844
1781703161012
3599346803
1781703162013
3692327034
1781703163012
3783626666
1781703164012
3876705712
1781703165012
3970225187
1781703166011
4064097750
1781703167011
4156918008
1781703168013
4248103321
1781703169013
4341320795
1781703170013
4434562927
1781703171013
4527657720
1781703172011
4621537241
1781703173011
4715328382
1781703174012
4808706256
1781703175012
4901928552
1781703176012
4995085601
1781703177011
5088457066
1781703178012
5182200905
1781703179012
5275517744
1781703180012
5368962268
1781703181012
5462295525
1781703182012
5555874509
1781703183012
5648946537
1781703184012
5742110666
1781703185011
5835115494
1781703186012
5928343343
1781703187012
6021644923
1781703188012
6115012116
1781703189011
6213672325
1781703190073
6301033307
1781703191012
6394650438
1781703192013
6488269827
1781703193012
6581424374
1781703194012
6674951112
1781703195011
6767996711
1781703196012
6861146009
1781703197012
6954649920
1781703198013
7047883751
1781703199013
7140984038
1781703200013
7234156712
1781703201013
7327542337
1781703202013
7421180647
1781703203013
7514057668
1781703204011
7606691403
1781703205012
7699867129
1781703206011
7793237251
1781703207013
7886576856
1781703208012
7979843585
1781703209008
8073486656
1781703210012
8166853177
1781703211012
8260215181
1781703212012
8354239599
1781703213012
8447960611
1781703214013
8541439620
1781703215013
8634884327
1781703216013
8728285638
1781703217013
8821708495
1781703218012
8915570926
1781703219013
9014250849
1781703220074
9102029311
1781703221013
9195485187
1781703222013
9289312339
1781703223013
9382705533
1781703224013
9476694184
1781703225011
9570195043
1781703226012
9663778300
1781703227013
9757096970
1781703228011
9850744008
1781703229013
9944300226
1781703230013
10037803282
1781703231012
10131170292
1781703232011
10225066169
1781703233013
10318324293
1781703234009
10412737076
1781703235012
10506082967
1781703236011
10598275602
1781703237012
10691871371
1781703238013
10785733496
1781703239015
10879165569
1781703240013
10972773911
1781703241012
11066133474
1781703242012
11160216485
1781703243012
11253955442
1781703244013
11347838014
1781703245012
11441190681
1781703246012
11534809948
1781703247013
11628568985
1781703248013
11722120931
1781703249013
11820758374
1781703250073
11908320405
1781703251013
12001828772
1781703252013
12095498759
1781703253012
12189150558
1781703254012
12282983936
1781703255013
12376230951
1781703256012
12470005125
1781703257013
12563213626
1781703258011
12656365121
1781703259008
12750030348
1781703260012
12843544879
1781703261012
12937329429
1781703262012
13031202052
1781703263012
13125009795
1781703264013
13218948215
1781703265015
13311900674
1781703266011
13405500227
1781703267012
13499128589
1781703268012
13592957328
1781703269013
13686689144
1781703270012
13780133607
1781703271011
13873927129
1781703272013
13967988289
1781703273013
14061879223
1781703274012
14156047744
1781703275013
14249651448
1781703276013
14343077722
1781703277011
14437025296
1781703278013
14530719759
1781703279012
14624101966
1781703280013
14717590069
1781703281013
14811158128
1781703282013
14905444874
1781703283012
14998956780
1781703284012
15092779904
1781703285013
15186487794
1781703286013
15279832709
1781703287011
15373372143
1781703288012
15467276565
1781703289012
15560919758
1781703290013
15654170618
1781703291011
15747756743
1781703292012
15841689669
1781703293013
15935203651
1781703294012
16029479838
1781703295013
16122462266
1781703296013
16216178029
1781703297013
16309779596
1781703298012
16403401244
1781703299013
16496943668
1781703300012
16590386788
1781703301013
16683986585
1781703302013
16777995805
1781703303014
16871428977
1781703304012
16965336085
1781703305012
17058817596
1781703306013
17152438511
1781703307013
17244456708
1781703308013
17338103136
1781703309011
17437160194
1781703310075
17522958437
1781703311013
17616043098
1781703312013
17710156505
1781703313012
17803548050
1781703314012
17897663837
1781703315012
17990983178
1781703316011
18084585661
1781703317013
18178219210
1781703318013
18271814857
1781703319012
18365182294
1781703320013
18458802965
1781703321013
18552266959
1781703322013
18646202692
1781703323012
18739594848
1781703324013
18833295231
1781703325013
18926399912
1781703326011
19020328810
1781703327013
19113868060
1781703328013
19207538597
1781703329013
19301229397
1781703330012
19394885224
1781703331013
19488537328
1781703332013
19582408120
1781703333013
19676289594
1781703334013
19770490830
1781703335013
19863657461
1781703336012
19957671137
1781703337012
20051682981
1781703338013
20144873050
1781703339012
20243666559
1781703340073
20331022781
1781703341011
20424855854
1781703342012
20519067710
1781703343013
20610792573
1781703344012
20704206579
1781703345012
20797519512
1781703346013
20890647081
1781703347012
20984257193
1781703348013
21077646175
1781703349012
21171123108
1781703350012
21264563604
1781703351012
21357846263
1781703352012
21451530350
1781703353011
21545148274
1781703354012
21639286217
1781703355013
21732494169
1781703356012
21825816074
1781703357012
21919702735
1781703358013
22012924725
1781703359013
22106409593
1781703360013
22199796134
1781703361013
22293243649
1781703362013
22387263061
1781703363013
22480647832
1781703364012
22574382211
1781703365012
22667703139
1781703366012
22761155720
1781703367013
22854263697
1781703368011
22947776031
1781703369012
23040742163
1781703370013
23133713238
1781703371012
23226845446
1781703372012
23320620841
1781703373012
23413924740
1781703374012
23507777710
1781703375012
23600877997
1781703376012
23694149303
1781703377013
23786990130
1781703378012
23880301048
1781703379013
23973362395
1781703380012
24066401158
1781703381012
24159604227
1781703382013
24253548323
1781703383013
24346833423
1781703384011
24440430291
1781703385009
24534007017
1781703386013
24627058658
1781703387013
24720188364
1781703388012
24813486526
1781703389012
24907199909
1781703390013
25000486230
1781703391012
25093587737
1781703392012
25186251563
1781703393011
25279985820
1781703394012
25373810103
1781703395012
25467499012
1781703396013
25560907281
1781703397012
25654635007
1781703398013
25748027468
1781703399012
25841130013
1781703400012
25934834973
1781703401012
26028078204
1781703402011
26122379537
1781703403013
26215910182
1781703404012
26309688567
1781703405011
26403154758
1781703406011
26496566384
1781703407011
26590147016
1781703408012
26683865099
1781703409013
26777499198
1781703410013
26870273985
1781703411013
26952652985
1781703412011
27036034364
1781703413012
27092187357
1781703414013
27160449267
1781703415011
27243684955
1781703416011
27302469412
1781703417013
27346513122
1781703418012
27397521903
1781703419013
27448315718
1781703420011
27495222763
1781703421013
27541454212
1781703422014
27593438576
1781703423013
27648559224
1781703424013
27734917218
1781703425012
27829004502
1781703426013
27922950855
1781703427013
28016709771
1781703428013
28110572568
1781703429013
28204251893
1781703430013
28298019842
1781703431013
28391988961
1781703432013
28486221142
1781703433013
28580286880
1781703434011
28674999834
1781703435012
28769472858
1781703436013
28863550315
1781703437012
28957578517
1781703438012
29051643767
1781703439010
29145940583
1781703440011
29240230076
1781703441013
29334402442
1781703442012
29429072732
1781703443012
29523095746
1781703444013
29617032334
1781703445012
29711218983
1781703446012
29805126640
1781703447013
29899150386
1781703448012
29993226134
1781703449012
30087409853
1781703450012
30181700078
1781703451013
30275677804
1781703452012
30370130138
1781703453012
30464635633
1781703454013
30559168472
1781703455013
30653332538
1781703456012
30747342429
1781703457012
30841394495
1781703458012
30935818204
1781703459013
31029602753
1781703460012
31123670750
1781703461011
31218047278
1781703462013
31312246561
1781703463011
31406385419
1781703464012
31500962814
1781703465012
31594998584
1781703466011
31689139334
1781703467012
31782895503
1781703468012
31876554443
1781703469012
31970202335
1781703470013
32064176765
1781703471013
32156990553
1781703472013
32251097002
1781703473013
32345671406
1781703474013
32440133933
1781703475013
32533996058
1781703476012
32628461697
1781703477012
32722972320
1781703478012
32816930636
1781703479011
32910989539
1781703480013
33004889628
1781703481012
33099195966
1781703482013
33193753768
1781703483013
33287632556
1781703484013
33381644645
1781703485010
33475640437
1781703486011
33569816282
1781703487012
33664107423
1781703488013
33758218083
1781703489012
33851847848
1781703490013
33945081130
1781703491013
34038819964
1781703492013
34132924948
1781703493013
34226926600
1781703494012
34319944855
1781703495013
34413271948
1781703496013
34507233682
1781703497012
34601021101
1781703498013
34694691637
1781703499012
34788693716
1781703500012
34882350764
1781703501012
34976229857
1781703502012
35070351381
1781703503012
35164258734
1781703504011
35256426894
1781703505012
35348567283
1781703506012
35442043850
1781703507013
35535270174
1781703508012
35628503578
1781703509011
35721717817
1781703510010
35815216113
1781703511012
35908612541
1781703512013
36002230587
1781703513013
36095546144
1781703514013
36189044196
1781703515012
36282031629
1781703516013
36375310443
1781703517013
36468857933
1781703518013
36561941130
1781703519013
36660193198
1781703520073
36747943339
1781703521012
36841265976
1781703522011
36935337391
1781703523012
37028633294
1781703524013
37121998900
1781703525012
37215291447
1781703526012
37308867745
1781703527013
37402134780
1781703528012
37495281270
1781703529011
37588771204
1781703530012
37682118499
1781703531011
37775650425
1781703532013
37869367043
1781703533013
37962202254
1781703534011
38055656788
1781703535013
38148845514
1781703536013
38242525573
1781703537012
38335842655
1781703538013
38429146616
1781703539013
38522320877
1781703540012
38616216205
1781703541012
38709426843
1781703542012
38803296842
1781703543012
38896678927
1781703544013
38989155375
1781703545013
39081809862
1781703546012
39175367850
1781703547011
39268884822
1781703548011
39362433899
1781703549013
39455603461
1781703550013
39549210399
1781703551013
39642576432
1781703552012
39736593830
1781703553012
39829721277
1781703554011
39923887052
1781703555013
40017477327
1781703556013
40110961951
1781703557012
40204790935
1781703558013
40298284348
1781703559013
40391633840
1781703560012
40485186701
1781703561012
40578867126
1781703562013
40672852969
1781703563012
40766449287
1781703564012
40859575025
1781703565010
40953854203
1781703566010
41047869343
1781703567012
41141871788
1781703568013
41235935207
1781703569013
41329613800
1781703570012
41423839633
1781703571013
41517521827
1781703572012
41611457134
1781703573011
41705391830
1781703574011
41799351672
1781703575012
41892473992
1781703576012
41986192685
1781703577013
42079814638
1781703578011
42173544196
1781703579012
42272385007
1781703580073
42360194353
1781703581013
42453884970
1781703582013
42547943384
1781703583013
42641514250
1781703584013
42735069675
1781703585012
42828729347
1781703586011
42922420269
1781703587012
43016005967
1781703588011
43109451101
1781703589011
43203280268
1781703590013
43296562866
1781703591013
43389882757
1781703592012
43483791574
1781703593012
43577449903
1781703594012
43671074725
1781703595013
43764370262
1781703596009
43858338405
1781703597012
43952281891
1781703598013
44045993931
1781703599012
44139331644
1781703600012
44233191816
1781703601010
44327095506
1781703602012
44421008230
1781703603013
44514452265
1781703604012
44608080566
1781703605012
44701682316
1781703606013
44795222604
1781703607012
44889026319
1781703608011
44980470543
1781703609012
45073132232
1781703610012
45165856359
1781703611013
45258943707
1781703612012
45352578049
1781703613011
45445920157
1781703614012
45539460506
1781703615012
45632743775
1781703616012
45726094122
1781703617012
45819722605
1781703618013
45912997269
1781703619012
46006541341
1781703620013
46099835414
1781703621011
46193191742
1781703622013
46286917515
1781703623012
46379939067
1781703624012
46473334885
1781703625012
46566514456
1781703626011
46659926326
1781703627012
46753468323
1781703628013
46846499518
1781703629012
46939632031
1781703630013
47032901507
1781703631011
47126259422
1781703632013
47219353849
1781703633011
47312576023
1781703634012
47406125710
1781703635012
47499071822
1781703636013
47592105397
1781703637013
47685510676
1781703638012
47778809753
1781703639013
47877080010
1781703640073
47964499647
1781703641012
48057917071
1781703642013
48151687156
1781703643013
48244489347
1781703644011
48338158602
1781703645012
48431182290
1781703646012
48524186080
1781703647011
48617486744
1781703648013
48710717402
1781703649011
48803765259
1781703650011
48896840338
1781703651013
48989883496
1781703652012
49083686235
1781703653012
49176869590
1781703654011
49270349148
1781703655012
49363080295
1781703656012
49457174536
1781703657012
49550705669
1781703658013
49644280869
1781703659013
49736139215
1781703660012
49829027893
1781703661013
49922770451
1781703662012
50016488595
1781703663012
50109872755
1781703664012
50203598529
1781703665012
50296815026
1781703666012
50390333524
1781703667016
50483269077
1781703668012
50576452188
1781703669012
50669239854
1781703670012
50762420401
1781703671013
50855807430
1781703672013
50949651673
1781703673012
51042999578
1781703674011
51136747568
1781703675012
51230089675
1781703676012
51323647236
1781703677011
51417670189
1781703678012
51511450894
1781703679012
51604827119
1781703680013
51698230567
1781703681012
51791979533
1781703682013
51885959029
1781703683012
51977834953
1781703684013
52070337341
1781703685013
52163564031
1781703686013
52257753609
1781703687012
52351079237
1781703688012
52444688067
1781703689012
52538230858
1781703690012
52631983547
1781703691012
52725820893
1781703692012
52819677525
1781703693013
52913446938
1781703694013
53007201642
1781703695013
53100539355
1781703696012
53194107780
1781703697012
53288190669
1781703698013
53381434204
1781703699012
53474722967
1781703700013
53568480662
1781703701011
53662241042
1781703702012
53756212847
1781703703012
53849705833
1781703704012
53943543422
1781703705011
54037184845
1781703706011
54130942967
1781703707012
54224715066
1781703708013
54318386274
1781703709012
54412264146
1781703710012
54506210988
1781703711011
54600126092
1781703712012
54694105893
1781703713012
54788121949
1781703714012
54881939152
1781703715012
54975491159
1781703716011
55069503247
1781703717011
55163223100
1781703718011
55256918783
1781703719012
55350591578
1781703720012
55444651823
1781703721012
55538511019
1781703722012
55632571813
1781703723012
55726042704
1781703724013
55820376081
1781703725012
55913940478
1781703726012
56007453422
1781703727013
56101158626
1781703728013
56192547797
1781703729012
56284605056
1781703730012
56378018574
1781703731012
56471234583
1781703732013
56564832854
1781703733012
56658187901
1781703734011
56752341896
1781703735012
56845986859
1781703736012
56939227465
1781703737011
57032905753
1781703738013
57126546687
1781703739012
57220113403
1781703740013
57313831730
1781703741013
57407497994
1781703742013
57501338941
1781703743012
57594859636
1781703744012
57688542380
1781703745013
57781699429
1781703746011
57875690460
1781703747013
57968914770
1781703748012
58062591837
1781703749012
58156271224
1781703750012
58250127673
1781703751013
58343959098
1781703752013
58437795711
1781703753012
58531131715
1781703754012
58624877324
1781703755012
58717914562
1781703756011
58811517716
1781703757013
58905143208
1781703758013
58998275904
1781703759012
59097057634
1781703760073
59184864294
1781703761013
59278381938
1781703762011
59372629194
1781703763013
59466080676
1781703764012
59559828056
1781703765012
59653380795
1781703766011
59747110352
1781703767011
59840765630
1781703768013
59934419504
1781703769012
60027977309
1781703770012
60121528583
1781703771012
60214809716
1781703772012
60308687833
1781703773012
60402375337
1781703774013
60495846961
1781703775012
60589290264
1781703776013
60682980698
1781703777013
60776542409
1781703778012
60870057612
1781703779013
60963061036
1781703780012
61056613409
1781703781012
61150513193
1781703782013
61244076979
1781703783012
61337819537
1781703784012
61432185750
1781703785013
61525568568
1781703786012
61619335174
1781703787012
61713221225
1781703788013
61806693825
1781703789013
61905678252
1781703790073
61992932911
1781703791011
62086435235
1781703792013
62180781490
1781703793013
62274344239
1781703794012
62368576908
1781703795013
62461731088
1781703796012
62555319350
1781703797012
62648740619
1781703798012
62742053186
1781703799012
62835514738
1781703800011
62929252230
1781703801012
63022588356
1781703802012
63116697185
1781703803012
63210198594
1781703804012
63303665090
1781703805012
63397151728
1781703806011
63490509888
1781703807010
63584479740
1781703808013
63678031136
1781703809012
63771220839
1781703810012
63864578144
1781703811011
63958302696
1781703812012
64052052762
1781703813012
64145611970
1781703814012
64239530248
1781703815013
64332905192
1781703816013
64426299240
1781703817011
64520161854
1781703818012
64613563775
1781703819011
64706928893
1781703820013
64800286747
1781703821012
64894267036
1781703822013
64988425181
1781703823013
65081900833
1781703824013
65175720661
1781703825012
65269396264
1781703826013
65362853544
1781703827010
65456301425
1781703828010
65550031227
1781703829012
65643860271
1781703830013
65737472641
1781703831013
65831101918
1781703832012
65925712638
1781703833011
66019381771
1781703834011
66113322509
1781703835013
66206871891
1781703836013
66300485848
1781703837013
66394330762
1781703838013
66487944414
1781703839013
66581465110
1781703840012
66675322841
1781703841012
66766703588
1781703842010
66858703597
1781703843012
66952092945
1781703844012
67045880974
1781703845012
67139501523
1781703846013
67232800295
1781703847013
67326202217
1781703848013
67419698559
1781703849013
67512381672
1781703850012
67605517237
1781703851013
67698915130
1781703852012
67792675449
1781703853013
67886097756
1781703854013
67979506514
1781703855012
68072673755
1781703856013
68165964532
1781703857013
68259099731
1781703858012
68352422002
1781703859013
68445650340
1781703860013
68538643937
1781703861012
68632140097
1781703862013
68725887720
1781703863012
68819090912
1781703864013
68911435402
1781703865012
69002907580
1781703866013
69095986443
1781703867012
69189671445
1781703868011
69283224367
1781703869015
69376372505
1781703870012
69469864942
1781703871016
69563270281
1781703872015
69657375326
1781703873013
69750429226
1781703874012
69844174469
1781703875013
69937362891
1781703876012
70030537274
1781703877012
70123949388
1781703878010
70217608023
1781703879012
70316156538
1781703880073
70403877504
1781703881013
70497038032
1781703882012
70591048534
1781703883011
70684701981
1781703884013
70778182698
1781703885012
70871650660
1781703886013
70964962067
1781703887013
71058295324
1781703888012
71151859781
1781703889013
71245249862
1781703890013
71338585927
1781703891012
71431925898
1781703892013
71525687621
1781703893013
71619330386
1781703894013
71713273994
1781703895013
71806514111
1781703896012
71899981890
1781703897013
71993829977
1781703898013
72087313441
1781703899013
72180516084
1781703900011
72273989355
1781703901012
72367535441
1781703902013
72461594283
1781703903013
72554919788
1781703904013
72648724236
1781703905013
72740079531
1781703906011
72832799814
1781703907012
72926236220
1781703908011
73019706867
1781703909013
73112709559
1781703910012
73206064667
1781703911013
73299506200
1781703912013
73393350869
1781703913011
73486754134
1781703914011
73580647265
1781703915012
73673913200
1781703916011
73767257566
1781703917013
73860832644
1781703918012
73954214241
1781703919013
74047758252
1781703920013
74141303544
1781703921012
74234832175
1781703922012
74328859278
1781703923012
74422168365
1781703924013
74516110507
1781703925012
74609789467
1781703926012
74703449139
1781703927012
74797369919
1781703928013
74890829946
1781703929012
74984424128
1781703930012
75078132384
1781703931012
75171644230
1781703932012
75265644538
1781703933011
75358943250
1781703934012
75452808061
1781703935012
75546143515
1781703936013
75639517238
1781703937013
75732892427
1781703938011
75826436743
1781703939013
75919303204
1781703940011
76012934129
1781703941012
76106386649
1781703942012
76200610712
1781703943013
76293742614
1781703944012
76387953555
1781703945012
76481550117
1781703946011
76575182446
1781703947013
76668173113
1781703948011
76761989951
1781703949012
76855633815
1781703950012
76949150421
1781703951013
77042407446
1781703952012
77136637124
1781703953012
77230520062
1781703954013
77329748934
1781703955074
77417303581
1781703956012
77510746762
1781703957013
77604286684
1781703958012
77696309824
1781703959013
77789197221
1781703960013
77882391013
1781703961013
77975561978
1781703962013
78069274629
1781703963013
78162194984
1781703964013
78255613874
1781703965011
78349003588
1781703966013
78442371757
1781703967013
78534467042
1781703968012
78625686840
1781703969011
78722615242
1781703970073
78808337556
1781703971012
78899800030
1781703972012
78991547109
1781703973011
79085138605
1781703974011
79179233518
1781703975012
79272957155
1781703976013
79366876104
1781703977012
79460885141
1781703978012
79554489211
1781703979012
79647874409
1781703980012
79741787620
1781703981012
79835773464
1781703982012
79930618192
1781703983016
80024091768
1781703984013
80118021520
1781703985012
80211959879
1781703986012
80305702131
1781703987010
80399652147
1781703988009
80493466177
1781703989012
80587099299
1781703990011
80680596984
1781703991011
80774820193
1781703992012
80869172185
1781703993013
80962834482
1781703994011
81056988538
1781703995011
81150828935
1781703996013
81244511129
1781703997013
81338057887
1781703998012
81431653106
1781703999012
81524764745
1781704000012
81618241801
1781704001012
81712376997
1781704002013
81806826645
1781704003013
81900390676
1781704004013
81994754814
1781704005012
82088600399
1781704006013
82182347901
1781704007013
82276222233
1781704008012
82370273811
1781704009012
82464373485
1781704010012
82558002640
1781704011012
82651847309
1781704012013
82746106284
1781704013012
82839919460
1781704014013
82933501190
1781704015012
83027029637
1781704016012
83120854409
1781704017013
83214547102
1781704018012
83308454393
1781704019011
83402335012
1781704020013
83495922968
1781704021013
83589992063
1781704022012
83678951369
1781704023009
83762030563
1781704024012
83845508438
1781704025012
83916158831
1781704026013
83970335694
1781704027010
84028146459
1781704028012
84075808935
1781704029013
84125421845
1781704030075
84168923992
1781704031013
84211931572
1781704032014
84257708066
1781704033011
84303892885
1781704034014
84359822368
1781704035013
84435031587
1781704036012
84528036842
1781704037013
84621963481
1781704038011
84716184798
1781704039011
84810558030
1781704040011
84904612355
1781704041012
84998844231
1781704042013
85093284663
1781704043011
85187424986
1781704044012
85281655091
1781704045013
85375341008
1781704046012
85469288461
1781704047011
85563594189
1781704048013
85657492935
1781704049013
85751585407
1781704050012
85845814047
1781704051013
85938612149
1781704052013
86032807282
1781704053008
86127492342
1781704054012
86222122349
1781704055013
86316168617
1781704056012
86410096904
1781704057013
86504412398
1781704058012
86598447863
1781704059013
86697632667
1781704060073
86785716792
1781704061013
86879625976
1781704062013
86973738711
1781704063012
87067481269
1781704064013
87161650400
1781704065012
87255954175
1781704066012
87350047074
1781704067013
87443896382
1781704068013
87537674462
1781704069013
87631773586
1781704070013
87725769501
1781704071013
87819742160
1781704072012
87913979895
1781704073012
88007973734
1781704074012
88107898588
1781704075076
88195495105
1781704076013
88289488089
1781704077013
88383774835
1781704078012
88477948422
1781704079012
88571907654
1781704080012
88666242862
1781704081012
88760478277
1781704082013
88854942391
1781704083012
88948811413
1781704084011
89043664869
1781704085013
89138771926
1781704086013
89233108232
1781704087013
89327221700
1781704088011
89421668296
1781704089011
89515549953
1781704090013
89608974152
1781704091012
89703291965
1781704092013
89797540747
1781704093013
89891609842
1781704094012
89986233623
1781704095011
90080461776
1781704096013
90174621691
1781704097013
90268486868
1781704098011
90362513605
1781704099011
90456644345
1781704100012
90550794129
1781704101011
90645169437
1781704102012
90739679632
1781704103013
90833857125
1781704104013
90927657788
1781704105012
91021151750
1781704106012
91115379537
1781704107013
91209275903
1781704108013
91303991419
1781704109013
91398542569
1781704110013
91492481354
1781704111012
91586362340
1781704112012
91680832068
1781704113013
91773515913
1781704114014
91867256762
1781704115013
91960860343
1781704116012
92054806209
1781704117012
92148867247
1781704118012
92242666262
1781704119012
92341899224
1781704120073
92430117992
1781704121012
92524283461
1781704122012
92618729631
1781704123011
92712333395
1781704124012
92806884789
1781704125013
92900897060
1781704126013
92994114412
1781704127013
93087610144
1781704128013
93182016153
1781704129012
93276290508
1781704130011
93370608932
1781704131012
93464890428
1781704132013
93559261036
1781704133012
93653858023
1781704134013
93747984552
1781704135011
93841546141
1781704136013
93935433535
1781704137013
94029259894
1781704138012
94123475107
1781704139012
94217658643
1781704140013
94311858536
1781704141012
94406288775
1781704142013
94500608358
1781704143012
94595215904
1781704144011
94688825406
1781704145012
94781445469
1781704146012
94875659583
1781704147011
94969825785
1781704148011
95063759871
1781704149013
95157596056
1781704150012
95251764760
1781704151013
95345699701
1781704152013
95440042110
1781704153012
95533940796
1781704154012
95628448733
1781704155013
95722545599
1781704156012
95816836312
1781704157011
95910978100
1781704158012
96004815567
1781704159011
96098813617
1781704160011
96193151266
1781704161012
96287519555
1781704162013
96382187281
1781704163013
96476253264
1781704164010
96570405244
1781704165013
96664642308
1781704166011
96758647682
1781704167011
96853103984
1781704168012
96947226179
1781704169009
97041290880
1781704170013
97135477895
1781704171013
97229335625
1781704172012
97323685970
1781704173012
97418109007
1781704174013
97512153810
1781704175013
97605610541
1781704176010
97700108956
1781704177012
97794643810
1781704178013
97888252274
1781704179010
97981930562
1781704180012
98075653588
1781704181012
98169938137
1781704182012
98264819425
1781704183012
98358903107
1781704184010
98453829134
1781704185013
98547735937
1781704186013
98641682779
1781704187013
98735443098
1781704188013
98829575914
1781704189012
98923762318
1781704190013
99018341849
1781704191013
99113359855
1781704192013
99207488337
1781704193012
99301481139
1781704194013
99401034351
1781704195072
99488953193
1781704196012
99582989817
1781704197012
99677226759
1781704198012
99771442277
1781704199010
99865614216
1781704200012
99959786155
1781704201013
100054191797
1781704202013
100148214200
1781704203012
100242413117
1781704204012
100336940158
1781704205013
100430828223
1781704206013
100524899576
1781704207009
100619134076
1781704208012
100713231126
1781704209012
100812829076
1781704210073
100900901666
1781704211010
100995748469
1781704212013
101090391903
1781704213011
101184850035
1781704214011
101279633362
1781704215013
101373710514
1781704216013
101468072394
1781704217012
101562462777
1781704218012
101656467847
1781704219010
101750628372
1781704220012
101844613422
1781704221012
101939147238
1781704222013
102033709557
1781704223013
102126088959
1781704224012
102220324557
1781704225013
102313752358
1781704226013
102407860332
1781704227011
102502155623
1781704228013
102595820667
1781704229012
102689890982
1781704230012
102783458309
1781704231011
102877647155
1781704232013
102972004335
1781704233012
103066594547
1781704234013
103160910101
1781704235012
103254716380
1781704236012
103348600966
1781704237013
103442629595
1781704238011
103537185017
1781704239011
103636685128
1781704240075
103724531583
1781704241011
103818998993
1781704242012
103913649996
1781704243013
104007689550
1781704244012
104101753518
1781704245012
104195781658
1781704246012
104289851120
1781704247012
104383956592
1781704248012
104478096915
1781704249011
104572342645
1781704250011
104666601315
1781704251013
104760486145
1781704252013
104854818424
1781704253012
104949102484
1781704254011
105043495248
1781704255012
105137096143
1781704256012
105231332169
1781704257013
105325138814
1781704258013
105418802697
1781704259012
105512926175
1781704260013
105606847565
1781704261013
105700982761
1781704262012
105795358191
1781704263011
105889197550
1781704264009
105984231182
1781704265012
106078370467
1781704266013
106172530870
1781704267012
106266743764
1781704268011
106360925957
1781704269013
106460131086
1781704270073
106548263612
1781704271012
106642030279
1781704272012
106736432869
1781704273012
106830406200
1781704274012
106924879652
1781704275012
107018635821
1781704276010
107112750509
1781704277012
107206988549
1781704278013
107300836026
1781704279012
107394813020
1781704280012
107488544591
1781704281013
107582483255
1781704282012
107676973003
1781704283012
107770800033
1781704284013
107865265551
1781704285013
107959218496
1781704286013
108053174005
1781704287012
108147250608
1781704288013
108241421936
1781704289012
108335553348
1781704290013
108429599494
1781704291013
108523585216
1781704292013
108617891981
1781704293013
108712173966
1781704294011
108807210100
1781704295013
108900908651
1781704296012
108994872522
1781704297012
109089095975
1781704298012
109183424835
1781704299012
109282718160
1781704300073
109370715615
1781704301013
109464616010
1781704302011
109559092147
1781704303011
109653613329
1781704304013
109748024952
1781704305013
109842282218
1781704306013
109936790765
1781704307013
110030678037
1781704308012
110124644349
1781704309013
110218497869
1781704310011
110312930977
1781704311013
110407037974
1781704312011
110501763013
1781704313013
110595933060
1781704314013
110695920780
1781704315075
110783708397
1781704316013
110878046839
1781704317012
110971890715
1781704318010
111065987215
1781704319012
111160671909
1781704320012
111255178686
1781704321013
111349411172
1781704322013
111444048015
1781704323012
111538225386
1781704324012
111632928147
1781704325013
111726777211
1781704326011
111821013114
1781704327011
111914957698
1781704328012
112009047728
1781704329013
112102540653
1781704330012
112196710395
1781704331012
112289973218
1781704332011
112384201736
1781704333012
112478407061
1781704334013
112572443320
1781704335013
112666142848
1781704336012
112759989470
1781704337011
112853956881
1781704338011
112947983496
1781704339011
113041841105
1781704340011
113136289777
1781704341013
113230496139
1781704342013
113325115404
1781704343013
113418791800
1781704344011
113518736307
1781704345073
113606460875
1781704346012
113700310549
1781704347012
113794116279
1781704348012
113888404245
1781704349013
113982614392
1781704350013
114076764481
1781704351012
114171095355
1781704352013
114265795735
1781704353013
114359684106
1781704354012
114454068080
1781704355012
114547826935
1781704356013
114641712436
1781704357013
114735686500
1781704358013
114829573039
1781704359013
114922852525
1781704360012
115016497060
1781704361011
115110624017
1781704362011
115204938839
1781704363011
115298899292
1781704364012
115393257021
1781704365013
115487468145
1781704366011
115581398813
1781704367012
115675615979
1781704368013
115769475602
1781704369012
115863755695
1781704370013
115957985068
1781704371013
116051887476
1781704372011
116146446865
1781704373013
116240470673
1781704374012
116339969502
1781704375073
116427861367
1781704376012
116521793378
1781704377012
116615948898
1781704378012
116709801319
1781704379011
116803888420
1781704380011
116898099726
1781704381012
116992551084
1781704382012
117086718140
1781704383012
117180615055
1781704384011
117275268255
1781704385012
117369205271
1781704386012
117463166700
1781704387009
117557409257
1781704388012
117651367024
1781704389013
117744921350
1781704390013
117838443633
1781704391012
117932344943
1781704392013
118026840001
1781704393013
118120548501
1781704394013
118214906902
1781704395013
118308584519
1781704396012
118402625294
1781704397012
118496672721
1781704398012
118590474361
1781704399012
118684438293
1781704400013
118778481204
1781704401012
118872430976
1781704402012
118967321724
1781704403013
119061128003
1781704404012
119154078021
1781704405013
119246278102
1781704406013
119338466526
1781704407011
119432143166
1781704408011
119526107891
1781704409013
119619685594
1781704410013
119713692982
1781704411012
119807412957
1781704412012
119901159421
1781704413013
119994320804
1781704414012
120087121348
1781704415012
120178992206
1781704416011
120272674645
1781704417013
120365987455
1781704418013
120458062171
1781704419009
120557196316
1781704420073
120644977830
1781704421011
120739211841
1781704422012
120833537284
1781704423011
120927287288
1781704424012
121021281127
1781704425011
121115591310
1781704426011
121209771733
1781704427010
121303931038
1781704428013
121397790111
1781704429013
121491877761
1781704430016
121585569660
1781704431015
121679407127
1781704432011
121773948206
1781704433012
121865672153
1781704434013
121964366237
1781704435075
122051890610
1781704436009
122145653920
1781704437012
122239468010
1781704438011
122333129758
1781704439009
122426842653
1781704440012
122521061467
1781704441011
122614637643
1781704442012
122708742993
1781704443012
122802360185
1781704444012
122896376241
1781704445012
122990180017
1781704446011
123083905729
1781704447013
123178087190
1781704448013
123271906102
1781704449012
123370572903
1781704450074
123458714584
1781704451013
123551973562
1781704452012
123645983026
1781704453010
123739939267
1781704454011
123833686341
1781704455011
123927444463
1781704456012
124021115671
1781704457013
124114846876
1781704458013
124208505450
1781704459011
124302254417
1781704460013
124395255521
1781704461012
124488908846
1781704462013
124582869909
1781704463013
124676534037
1781704464013
124770415450
1781704465013
124863776600
1781704466013
124957493279
1781704467012
125051077085
1781704468011
125144788515
1781704469013
125238576116
1781704470013
125332656076
1781704471013
125426347425
1781704472014
125520284868
1781704473013
125613636863
1781704474012
125707595057
1781704475012
125801287017
1781704476012
125894395482
1781704477011
125988136514
1781704478012
126081616134
1781704479013
126180303625
1781704480073
126268228144
1781704481013
126361955626
1781704482013
126456323060
1781704483009
126550320561
1781704484012
126643861337
1781704485013
126737453871
1781704486013
126830978473
1781704487013
126924137536
1781704488012
127017704008
1781704489012
127111199496
1781704490013
127204640602
1781704491011
127298031538
1781704492013
127391675890
1781704493013
127485154777
1781704494013
127579071162
1781704495013
127672379090
1781704496012
127766024358
1781704497013
127859833688
1781704498012
127953432753
1781704499013
128046654072
1781704500013
128140225610
1781704501013
128233968900
1781704502012
128327942414
1781704503011
128421868199
1781704504013
128516297706
1781704505013
128610049602
1781704506013
128703480698
1781704507012
128797074514
1781704508011
128891225579
1781704509015
128990114120
1781704510073
129078134280
1781704511012
129171570992
1781704512013
129265969798
1781704513013
129359296097
1781704514012
129453139973
1781704515012
129546610925
1781704516012
129640172392
1781704517012
129733689548
1781704518011
129826965371
1781704519011
129920319075
1781704520013
130013766040
1781704521012
130107474236
1781704522013
130201284420
1781704523013
130294833497
1781704524013
130388142035
1781704525012
130481330517
1781704526012
130574746721
1781704527010
130668615987
1781704528012
130762299341
1781704529012
130855852630
1781704530011
130949658603
1781704531011
131043159645
1781704532012
131137371074
1781704533012
131231279525
1781704534012
131325442004
1781704535012
131419022575
1781704536012
131512436947
1781704537013
131606170960
1781704538013
131699852361
1781704539012
131798712643
1781704540075
131886254899
1781704541012
131979763266
1781704542012
132073801294
1781704543012
132167499235
1781704544012
132261457613
1781704545012
132354867042
1781704546012
132448423809
1781704547013
132541631944
1781704548012
132635283682
1781704549012
132729062617
1781704550013
132822816405
1781704551013
132916325077
1781704552012
133010438362
1781704553013
133104027050
1781704554012
133203535096
1781704555076
133291174581
1781704556013
133384715480
1781704557011
133478469329
1781704558011
133572252719
1781704559012
133665886024
1781704560012
133759906414
1781704561012
133853830734
1781704562013
133947929797
1781704563012
134041915152
1781704564013
134136096185
1781704565012
134229668883
1781704566012
134322950077
1781704567012
134416454660
1781704568011
134509977430
1781704569012
134608945378
1781704570075
134696682519
1781704571013
134790227812
1781704572013
134884267366
1781704573013
134977971716
1781704574013
135071863382
1781704575012
135165657576
1781704576011
135259553698
1781704577013
135353312369
1781704578011
135446910823
1781704579012
135540581115
1781704580013
135634149113
1781704581012
135727731515
1781704582012
135821941906
1781704583012
135915642533
1781704584013
136009087484
1781704585013
136102542201
1781704586013
136195947113
1781704587013
136289432042
1781704588012
136381928083
1781704589013
136474984790
1781704590013
136568852897
1781704591011
136663286127
1781704592013
136757299802
1781704593012
136851066835
1781704594013
136945263310
1781704595012
137038958627
1781704596012
137132640516
1781704597013
137226045856
1781704598013
137319399743
1781704599013
137412627348
1781704600013
137506138156
1781704601013
137599905799
1781704602012
137694230875
1781704603012
137787711410
1781704604013
137881867236
1781704605012
137975790274
1781704606013
138069757258
1781704607012
138163370299
1781704608013
138256890324
1781704609012
138350619332
1781704610010
138444316419
1781704611013
138537947343
1781704612012
138632151997
1781704613013
138726446922
1781704614013
138820118740
1781704615013
138913614045
1781704616013
139006289101
1781704617012
139098783371
1781704618011
139192522267
1781704619012
139286079278
1781704620013
139379756529
1781704621012
139473742677
1781704622013
139568033207
1781704623013
139661510629
1781704624011
139754181596
1781704625012
139845948695
1781704626012
139937712254
1781704627012
140030347515
1781704628013
140123887314
1781704629013
140216781363
1781704630012
140309983578
1781704631012
140403213076
1781704632013
140496812812
1781704633012
140587912249
1781704634010
140671214343
1781704635012
140753818319
1781704636013
140825003317
1781704637012
140874699540
1781704638011
140936312480
1781704639012
140992676655
1781704640012
141041679886
1781704641010
141089234086
1781704642011
141134889426
1781704643011
141177794406
1781704644012
141224435949
1781704645077
141267050647
1781704646014
141308358769
1781704647014
141347739039
1781704648014
141389000714
1781704649014
141429641723
1781704650013
141469644794
1781704651013
141511557407
1781704652013
141553343127
1781704653014
141598640863
1781704654016
141640198801
1781704655013
141683222006
1781704656012
141724144021
1781704657012
141764689083
1781704658012
141806118115
1781704659013
141848343044
1781704660013
141892217138
1781704661013
141934375111
1781704662013
141975980900
1781704663015
142016678855
1781704664015
142058366920
1781704665014
142100572928
1781704666013
142140756785
1781704667013
142181059782
1781704668012
142221240526
1781704669013
142262825930
1781704670014
142303067160
1781704671013
142343569498
1781704672013
142384505733
1781704673012
142424487199
1781704674014
142470208517
1781704675076
142512517430
1781704676013
142553872365
1781704677013
142593609629
1781704678013
142634002348
1781704679014
142675205368
1781704680013
142715870120
1781704681013
142757814958
1781704682014
142800384552
1781704683013
142840268666
1781704684013
142882112553
1781704685014
142925926161
1781704686012
142966939362
1781704687013
143006891408
1781704688014
143046990793
1781704689014
143090169210
1781704690073
143131835424
1781704691013
143172540459
1781704692013
143214308724
1781704693013
143254209989
1781704694013
143296478924
1781704695016
143337865659
1781704696013
143378435562
1781704697014
143418295812
1781704698013
143459245475
1781704699013
143499743479
1781704700013
143540994716
1781704701014
143582004316
1781704702013
143623811399
1781704703014
143663505328
1781704704013
143708973961
1781704705075
143748149215
1781704706013
143789025392
1781704707012
143829235983
1781704708014
143868142316
1781704709013
143909641050
1781704710010
143949147297
1781704711012
143991131320
1781704712013
144033077502
1781704713013
144072720650
1781704714014
144114072473
1781704715014
144155141887
1781704716014
144195814024
1781704717012
144235332782
1781704718013
144276262426
1781704719014
144317350639
1781704720014
144362290160
1781704721013
144404565870
1781704722014
144446540066
1781704723013
144486361315
1781704724013
144528557068
1781704725012
144569531146
1781704726013
144609656226
1781704727013
144650104975
1781704728013
144689665726
1781704729012
144728760657
1781704730014
144769828973
1781704731016
144810719005
1781704732014
144852334499
1781704733013
144892608871
1781704734015
144938044301
1781704735076
144980075200
1781704736013
145021522603
1781704737013
145061334940
1781704738015
145101205078
1781704739013
145141153828
1781704740013
145181265358
1781704741013
145223747855
1781704742013
145266841372
1781704743012
145307085044
1781704744014
145348769385
1781704745013
145389224848
1781704746014
145430348522
1781704747013
145470209992
1781704748013
145510994068
1781704749013
145551994085
1781704750013
145592248132
1781704751013
145634103188
1781704752014
145675378718
1781704753013
145716173474
1781704754013
145757765408
1781704755013
145798608505
1781704756013
145839277041
1781704757014
145880372150
1781704758013
145920967749
1781704759012
145960566708
1781704760012
146001493422
1781704761013
146042795135
1781704762013
146085255293
1781704763013
146125688661
1781704764013
146171070686
1781704765077
146213523519
1781704766013
146259076747
1781704767012
146301062724
1781704768013
146340748291
1781704769013
146381250324
1781704770012
146420910683
1781704771013
146463461112
1781704772011
146506574649
1781704773012
146546795859
1781704774014
146589328343
1781704775013
146631301197
1781704776012
146672852788
1781704777013
146712570459
1781704778014
146752444381
1781704779013
146802597267
1781704780077
146841764892
1781704781013
146882816056
1781704782013
146924559174
1781704783013
146964680043
1781704784013
147009501096
1781704785013
147050643202
1781704786016
147090576694
1781704787012
147130959891
1781704788013
147171361338
1781704789013
147211128509
1781704790012
147250936452
1781704791013
147292513066
1781704792012
147334247945
1781704793013
147374876686
1781704794014
147420370161
1781704795076
147462436643
1781704796015
147502716447
1781704797013
147542588171
1781704798013
147582284236
1781704799015
147623496472
1781704800013
147663142122
1781704801014
147703935597
1781704802014
147747247925
1781704803012
147788052569
1781704804013
147829246617
1781704805013
147869811210
1781704806013
147911879889
1781704807011
147951326932
1781704808014
147991593857
1781704809013
148033168031
1781704810013
148076527844
1781704811013
148118413174
1781704812013
148160106182
1781704813013
148200884459
1781704814013
148242970533
1781704815014
148283599580
1781704816013
148324483752
1781704817012
148364892889
1781704818013
148404737941
1781704819013
148445486494
1781704820013
148486030275
1781704821013
148526885700
1781704822013
148568293858
1781704823013
148608905632
1781704824015
148652165469
1781704825013
148697143565
1781704826014
148738395779
1781704827012
148778572372
1781704828013
148818020331
1781704829012
148858825829
1781704830015
148898604475
1781704831013
148940204588
1781704832013
148983383433
1781704833012
149023766569
1781704834013
149065129317
1781704835013
149106881041
1781704836013
149148928358
1781704837013
149187761205
1781704838013
149227809504
1781704839013
149271262884
1781704840074
149309145904
1781704841013
149350419297
1781704842013
149391774782
1781704843013
149432283895
1781704844013
149476953763
1781704845013
149520300149
1781704846013
149560993770
1781704847012
149601010147
1781704848013
149640819494
1781704849013
149680755915
1781704850013
149720603774
1781704851011
149761950348
1781704852013
149803255540
1781704853013
149843984928
1781704854012
149889102733
1781704855076
149930498501
1781704856013
149972942972
1781704857013
150012534790
1781704858013
150052876605
1781704859012
150093635534
1781704860014
150134442620
1781704861013
150175301951
1781704862013
150218326133
1781704863012
150259209634
1781704864013
150301488579
1781704865013
150343143440
1781704866013
150384691308
1781704867010
150425070477
1781704868013
150465388306
1781704869013
150508804454
1781704870074
150550593410
1781704871013
150595074131
1781704872013
150636530507
1781704873013
150676547189
1781704874013
150718534081
1781704875012
150759301921
1781704876012
150800106077
1781704877013
150841017959
1781704878014
150881639926
1781704879013
150922033926
1781704880013
150962667672
1781704881013
151004085291
1781704882014
151045545634
1781704883013
151086416257
1781704884014
151131701908
1781704885076
151173264911
1781704886013
151215190768
1781704887012
151255184196
1781704888014
151294616224
1781704889013
151335460724
1781704890013
151375816700
1781704891013
151417444157
1781704892014
151460301835
1781704893013
151500703587
1781704894013
151542592579
1781704895013
151584796695
1781704896013
151625394430
1781704897012
151666454384
1781704898013
151706306882
1781704899013
151750178107
1781704900076
151790970361
1781704901013
151834608128
1781704902012
151875779654
1781704903013
151915711375
1781704904012
151958116784
1781704905013
151998659100
1781704906014
152039443236
1781704907013
152080351151
1781704908013
152120542760
1781704909013
152160171015
1781704910012
152201058423
1781704911013
152242460539
1781704912014
152284083357
1781704913015
152323894168
1781704914013
152369626839
1781704915076
152413003742
1781704916010
