15190626175
1781741041853
15191556384
1781741042020
15196960390
1781741043022
15202372413
1781741044021
15207931041
1781741045023
15213388383
1781741046020
15218882123
1781741047025
15224220140
1781741048024
15229742813
1781741049023
15235263573
1781741050020
15240781686
1781741051024
15246277018
1781741052023
15251739317
1781741053025
15257184571
1781741054022
15262700803
1781741055024
15268154855
1781741056020
15273594984
1781741057022
15278968788
1781741058024
15284500197
1781741059024
15290054908
1781741060020
15296953662
1781741061249
15301283960
1781741062024
15306597099
1781741063020
15312279795
1781741064023
15317958879
1781741065024
15323540396
1781741066024
15329004913
1781741067022
15334417212
1781741068023
15340087560
1781741069024
15345919920
1781741070020
15351668253
1781741071025
15357141108
1781741072025
15362538612
1781741073020
15368080639
1781741074022
15373693291
1781741075023
15379241392
1781741076023
15384628981
1781741077024
15390469894
1781741078023
15399021110
1781741079026
15412339500
1781741080019
15427482767
1781741081021
15442976862
1781741082020
15458630690
1781741083018
15474235237
1781741084018
15489815793
1781741085018
15505353371
1781741086018
15520826736
1781741087018
15536458669
1781741088019
15551999491
1781741089019
15567434743
1781741090017
15583123853
1781741091019
15598631428
1781741092019
15614185760
1781741093020
15629765551
1781741094021
15645245219
1781741095019
15660944640
1781741096018
15676592578
1781741097020
15692102341
1781741098019
15707788100
1781741099017
15723342248
1781741100017
15738981984
1781741101018
15754718096
1781741102018
15770286504
1781741103021
15785813862
1781741104019
15801316082
1781741105018
15816856429
1781741106019
15832555086
1781741107019
15848050743
1781741108018
15863535291
1781741109018
15879197549
1781741110017
15894723852
1781741111018
15910344325
1781741112024
15925935668
1781741113018
15941468809
1781741114018
15957172026
1781741115018
15972599612
1781741116015
15988094901
1781741117020
16003772980
1781741118018
16019275751
1781741119018
16034928905
1781741120017
16050500526
1781741121019
16066108026
1781741122021
16081749629
1781741123019
16097328563
1781741124020
16112846343
1781741125015
16128653982
1781741126021
16144097741
1781741127019
16159735060
1781741128019
16175326693
1781741129018
16190901389
1781741130017
16206655080
1781741131019
16222192536
1781741132019
16237757685
1781741133019
16253299242
1781741134022
16268694821
1781741135019
16284224321
1781741136019
16299787266
1781741137020
16315276650
1781741138018
16330907359
1781741139019
16346444142
1781741140018
16362065182
1781741141019
16377713915
1781741142019
16393180746
1781741143019
16408813797
1781741144019
16424592595
1781741145020
16440138282
1781741146019
16455774255
1781741147018
16471354490
1781741148019
16486971995
1781741149019
16502618188
1781741150016
16518186290
1781741151022
16533748593
1781741152020
16549382011
1781741153018
16564946364
1781741154020
16580595342
1781741155020
16596138337
1781741156018
16611669367
1781741157019
16627333507
1781741158019
16642894586
1781741159019
16658476137
1781741160017
16674159325
1781741161019
16689783807
1781741162019
16705486809
1781741163019
16721114796
1781741164019
16736668592
1781741165021
16752331952
1781741166019
16767878251
1781741167020
16783434189
1781741168020
16798989791
1781741169019
16814507587
1781741170017
16830192091
1781741171020
16845707469
1781741172019
16861186755
1781741173019
16876866470
1781741174020
16892416197
1781741175018
16908030504
1781741176019
16923598897
1781741177019
16939106074
1781741178019
16954791818
1781741179019
16970322848
1781741180017
16985796120
1781741181019
17001449535
1781741182018
17016942728
1781741183018
17032464701
1781741184019
17048154300
1781741185018
17063680480
1781741186018
17079488134
1781741187021
17095059801
1781741188018
17110540295
1781741189018
17126092561
1781741190018
17141555980
1781741191018
17157057390
1781741192018
17172744740
1781741193018
17188265044
1781741194019
17203852011
1781741195018
17219515111
1781741196019
17235132555
1781741197022
17250719629
1781741198018
17266318989
1781741199020
17281934704
1781741200018
17297673279
1781741201020
17313195068
1781741202020
17328924967
1781741203020
17344448179
1781741204020
17359987180
1781741205019
17375609107
1781741206018
17391140581
1781741207018
17406728741
1781741208019
17422326709
1781741209019
17437861059
1781741210017
17453393604
1781741211020
17468883293
1781741212019
17484366006
1781741213020
17500139602
1781741214020
17515741991
1781741215019
17531323985
1781741216020
17547105384
1781741217020
17562525964
1781741218019
17578012777
1781741219019
17593660194
1781741220017
17609286482
1781741221020
17625031865
1781741222018
17640618097
1781741223019
17656285266
1781741224022
17671945933
1781741225020
17687038343
1781741226019
17702522295
1781741227019
17718132609
1781741228019
17733678113
1781741229019
17749384267
1781741230017
17764990864
1781741231019
17780628290
1781741232018
17796219877
1781741233019
17811694955
1781741234019
17827217907
1781741235019
17842790721
1781741236020
17858280319
1781741237020
17873868785
1781741238019
17889509883
1781741239019
17905085054
1781741240018
17920837888
1781741241019
17936354735
1781741242019
17951938014
1781741243020
17967637314
1781741244018
17983246052
1781741245020
17998899023
1781741246018
18014499990
1781741247019
18030072681
1781741248019
18045795420
1781741249019
18061399799
1781741250017
18077087271
1781741251020
18092707255
1781741252018
18108265856
1781741253021
18123917251
1781741254019
18139514178
1781741255019
18155175273
1781741256021
18170702723
1781741257020
18186263435
1781741258021
18201831660
1781741259019
18217367356
1781741260017
18232884356
1781741261019
18248599170
1781741262020
18264100686
1781741263019
18279653855
1781741264019
18295349421
1781741265019
18310924836
1781741266020
18326537415
1781741267019
18342177305
1781741268019
18357607737
1781741269018
18373327600
1781741270017
18388958034
1781741271021
18404531889
1781741272020
18420276966
1781741273019
18435795741
1781741274022
18451336012
1781741275018
18467259839
1781741276017
18483338303
1781741277021
18498951142
1781741278021
18514521401
1781741279020
18530141829
1781741280019
18545892934
1781741281022
18561457854
1781741282019
18577125910
1781741283019
18592944489
1781741284020
18608521725
1781741285019
18624199711
1781741286019
18639849821
1781741287020
18655467051
1781741288019
18671193692
1781741289021
18686715358
1781741290017
18702415744
1781741291020
18717469949
1781741292018
18732880323
1781741293020
18748608984
1781741294022
18764119772
1781741295020
18779713440
1781741296020
18795386898
1781741297018
18811018005
1781741298020
18826629436
1781741299019
18842254699
1781741300017
18857801197
1781741301018
18873376368
1781741302019
18889019440
1781741303021
18904549475
1781741304020
18920230935
1781741305019
18935865056
1781741306018
18951524805
1781741307021
18967173186
1781741308020
18982641807
1781741309018
18998343065
1781741310018
19014005339
1781741311019
19029648747
1781741312023
19045343992
1781741313020
19060878281
1781741314019
19076480012
1781741315021
19092128057
1781741316019
19107681165
1781741317019
19123271666
1781741318021
19138927620
1781741319022
19154482855
1781741320017
19170083071
1781741321019
19185689423
1781741322020
19201319123
1781741323020
19217077067
1781741324021
19232665595
1781741325019
19248254581
1781741326018
19263916503
1781741327018
19279487144
1781741328020
19295205217
1781741329019
19310738588
1781741330016
19326306873
1781741331020
19342008330
1781741332020
19357543476
1781741333023
19373187649
1781741334022
19388816630
1781741335019
19404410252
1781741336022
19420096730
1781741337019
19435740414
1781741338019
19451370068
1781741339020
19467061748
1781741340018
19482727617
1781741341018
19498445964
1781741342020
19513951658
1781741343019
19529406922
1781741344018
19545031053
1781741345019
19562512940
1781741346150
19576097595
1781741347019
19591891112
1781741348019
19607379547
1781741349018
19622861036
1781741350017
19638544194
1781741351019
19654129080
1781741352020
19669735080
1781741353019
19685357099
1781741354019
19700996958
1781741355020
19716736282
1781741356020
19732265537
1781741357019
19747937403
1781741358020
19763621066
1781741359018
19779189642
1781741360017
19794902895
1781741361019
19810525144
1781741362019
19826147943
1781741363019
19841888354
1781741364019
19857507175
1781741365021
19873141480
1781741366018
19888779320
1781741367019
19904359952
1781741368019
19920100608
1781741369019
19935734897
1781741370019
19951332039
1781741371020
19967033358
1781741372019
19982530223
1781741373020
19998072881
1781741374019
20013769395
1781741375020
20029430460
1781741376021
20045084319
1781741377019
20060694082
1781741378019
20076306493
1781741379019
20091818781
1781741380017
20107429233
1781741381018
20123106194
1781741382019
20138775506
1781741383020
20154393225
1781741384021
20170098630
1781741385020
20185690446
1781741386019
20201251725
1781741387019
20216817088
1781741388020
20232337117
1781741389022
20248005694
1781741390018
20263714250
1781741391019
20279398479
1781741392021
20295141980
1781741393021
20310783675
1781741394019
20326394265
1781741395019
20342105529
1781741396020
20357636482
1781741397020
20373406223
1781741398019
20389046602
1781741399019
20404594845
1781741400015
20420316543
1781741401020
20436011559
1781741402021
20451656956
1781741403019
20467331209
1781741404018
20482842992
1781741405019
20498485146
1781741406019
20514077391
1781741407019
20529603143
1781741408018
20545257797
1781741409021
20560780335
1781741410017
20576308229
1781741411019
20592061614
1781741412019
20607600339
1781741413019
20623157961
1781741414020
20638670111
1781741415019
20654172407
1781741416019
20669724031
1781741417019
20685189990
1781741418021
20700685295
1781741419019
20716280447
1781741420017
20731822600
1781741421019
20747406094
1781741422019
20763121366
1781741423019
20778622531
1781741424020
20794338278
1781741425019
20810003030
1781741426019
20825527664
1781741427020
20841142707
1781741428018
20856773401
1781741429020
20872412112
1781741430019
20888052292
1781741431019
20903708385
1781741432021
20919394434
1781741433020
20934969574
1781741434019
20950531005
1781741435020
20966277903
1781741436022
20981814273
1781741437019
20997388280
1781741438021
21012919509
1781741439018
21028381628
1781741440018
21043972053
1781741441020
21059612707
1781741442019
21075190463
1781741443019
21090785034
1781741444019
21106352539
1781741445021
21122003690
1781741446021
21137539554
1781741447018
21153059232
1781741448021
21168583086
1781741449019
21184113917
1781741450016
21199649629
1781741451019
21215271113
1781741452020
21230842642
1781741453019
21246489676
1781741454019
21262204628
1781741455019
21277675467
1781741456019
21293378928
1781741457018
21309107726
1781741458019
21324763115
1781741459020
21340483161
1781741460016
21356086392
1781741461019
21371704677
1781741462019
21387283245
1781741463018
21402761367
1781741464018
21418455618
1781741465018
21434138531
1781741466018
21449716042
1781741467019
21465465770
1781741468019
21480941124
1781741469019
21496487851
1781741470017
21512202925
1781741471019
21527774837
1781741472020
21543479598
1781741473020
21559141367
1781741474021
21574687207
1781741475019
21590463282
1781741476021
21606008296
1781741477021
21621609415
1781741478019
21637222759
1781741479019
21652788566
1781741480016
21669102727
1781741481056
21684100414
1781741482019
21699688069
1781741483019
21715341561
1781741484021
21730883958
1781741485019
21746601541
1781741486020
21762178701
1781741487016
21777750612
1781741488019
21793401870
1781741489019
21809072497
1781741490017
21824676141
1781741491019
21840409620
1781741492020
21856037148
1781741493019
21871723901
1781741494019
21887368947
1781741495019
21902954995
1781741496020
21918708885
1781741497023
21934363050
1781741498020
21949933140
1781741499019
21965711786
1781741500016
21981324701
1781741501021
21996778084
1781741502020
22012475241
1781741503021
22027984866
1781741504020
22043696375
1781741505019
22059357547
1781741506022
22074930117
1781741507019
22090685337
1781741508019
22106263767
1781741509019
22121853824
1781741510017
22137441112
1781741511019
22152975998
1781741512019
22168520324
1781741513018
22184096152
1781741514019
22199635796
1781741515019
22215268173
1781741516019
22230935847
1781741517021
22246530219
1781741518020
22262253203
1781741519020
22277845494
1781741520017
22293558304
1781741521020
22309230384
1781741522019
22324869738
1781741523021
22340570354
1781741524019
22356177287
1781741525019
22371826586
1781741526019
22387439517
1781741527021
22402961673
1781741528023
22418586094
1781741529019
22434186326
1781741530018
22449763975
1781741531018
22465450683
1781741532022
22481023359
1781741533020
22496607220
1781741534018
22512116631
1781741535019
22527654041
1781741536019
22543351933
1781741537020
22559046581
1781741538017
22574339253
1781741539018
22589887235
1781741540018
22605664473
1781741541020
22621394892
1781741542020
22636992967
1781741543018
22652612293
1781741544018
22668261087
1781741545018
22683995255
1781741546019
22699631259
1781741547022
22715441100
1781741548019
22731154476
1781741549019
22746929755
1781741550018
22762781825
1781741551018
22778440885
1781741552019
22794143138
1781741553018
22809864347
1781741554018
22825434468
1781741555019
22841173792
1781741556019
22856722218
1781741557018
22872276122
1781741558019
22887937875
1781741559022
22903546491
1781741560018
22919316048
1781741561021
22935027389
1781741562019
22950577452
1781741563020
22966460795
1781741564019
22982022471
1781741565019
22997708352
1781741566019
23013435880
1781741567019
23029053218
1781741568020
23044871169
1781741569022
23060602873
1781741570018
23076339994
1781741571020
23092151412
1781741572020
23107767633
1781741573019
23123363948
1781741574019
23138992775
1781741575019
23154518297
1781741576020
23170103994
1781741577019
23185907410
1781741578025
23201479383
1781741579019
23217366505
1781741580017
23233121894
1781741581022
23248652496
1781741582018
23264362505
1781741583023
23279805132
1781741584018
23295526662
1781741585019
23313298867
1781741586150
23326828412
1781741587021
23342507332
1781741588019
23358234339
1781741589020
23373841961
1781741590015
23389794613
1781741591019
23405501991
1781741592019
23421266361
1781741593020
23436955762
1781741594019
23452439867
1781741595018
23468212040
1781741596019
23483820870
1781741597019
23499514539
1781741598018
23515096855
1781741599019
23530568169
1781741600017
23546269488
1781741601021
23562008307
1781741602020
23577518881
1781741603019
23593289647
1781741604018
23608928251
1781741605019
23624575286
1781741606019
23640446129
1781741607019
23655968484
1781741608019
23671596103
1781741609019
23687349350
1781741610017
23703062419
1781741611019
23718902066
1781741612020
23734604043
1781741613019
23750292586
1781741614020
23766009037
1781741615020
23782208478
1781741616056
23797334364
1781741617020
23813088789
1781741618021
23828600159
1781741619019
23844222973
1781741620017
23859967698
1781741621020
23875489778
1781741622019
23891262012
1781741623021
23906934032
1781741624023
23922758241
1781741625025
23938430933
1781741626019
23953980247
1781741627020
23969664812
1781741628018
23985296883
1781741629019
24000970831
1781741630018
24016875257
1781741631019
24032548042
1781741632019
24048222555
1781741633018
24063920172
1781741634020
24079443903
1781741635019
24095114821
1781741636019
24110747811
1781741637019
24126313419
1781741638019
24141940028
1781741639018
24157553249
1781741640017
24173354278
1781741641020
24189090481
1781741642019
24204697216
1781741643020
24220385361
1781741644019
24236162370
1781741645019
24251842330
1781741646018
24267619246
1781741647019
24283369556
1781741648022
24299060593
1781741649019
24314913015
1781741650018
24330571586
1781741651022
24346288694
1781741652019
24361960071
1781741653021
24377462505
1781741654019
24393352688
1781741655021
24408921784
1781741656019
24424602219
1781741657018
24440500709
1781741658021
24456009156
1781741659018
24471725270
1781741660017
24487503227
1781741661019
24503087057
1781741662018
24518836525
1781741663019
24534512232
1781741664019
24550322013
1781741665019
24566054283
1781741666018
24581789217
1781741667018
24597598401
1781741668017
24613361654
1781741669019
24629016782
1781741670017
24644868898
1781741671019
24660490183
1781741672018
24676160382
1781741673020
24691953195
1781741674019
24707636658
1781741675021
24726905830
1781741676248
24739020217
1781741677019
24754624886
1781741678020
24770296217
1781741679019
24780875448
1781741680019
24788531844
1781741681019
24795110675
1781741682023
24802650622
1781741683024
24808799448
1781741684020
24815676033
1781741685024
24822148055
1781741686021
24827974127
1781741687020
24834029928
1781741688020
24843071218
1781741689023
24855866853
1781741690017
24870883711
1781741691018
24886377072
1781741692018
24901992910
1781741693020
24917473634
1781741694019
24933190146
1781741695018
24948811323
1781741696018
24964459123
1781741697020
24980214405
1781741698019
24995787357
1781741699020
25011472871
1781741700017
25027244524
1781741701019
25042793027
1781741702018
25058421090
1781741703019
25074024963
1781741704019
25089604830
1781741705018
25105358169
1781741706019
25120922798
1781741707022
25136569909
1781741708019
25152250696
1781741709020
25167802886
1781741710018
25183481622
1781741711021
25199082848
1781741712019
25214758127
1781741713019
25230512414
1781741714022
25246047988
1781741715019
25261741611
1781741716019
25277374417
1781741717021
25292802218
1781741718019
25308566007
1781741719019
25324108252
1781741720018
25339683269
1781741721020
25355266426
1781741722019
25370814669
1781741723020
25386282495
1781741724019
25401981962
1781741725019
25417437992
1781741726018
25432982088
1781741727021
25448610349
1781741728018
25464230242
1781741729018
25479974646
1781741730017
25495516952
1781741731019
25511217154
1781741732020
25526884369
1781741733019
25542568965
1781741734020
25558140173
1781741735019
25573774080
1781741736019
25589306778
1781741737018
25604935682
1781741738021
25620387718
1781741739020
25635941071
1781741740017
25651614008
1781741741018
25667145788
1781741742020
25682851835
1781741743019
25698385634
1781741744019
25713933922
1781741745020
25729560807
1781741746021
25745083085
1781741747021
25760630930
1781741748019
25776287451
1781741749019
25791807495
1781741750018
25810920148
1781741751248
25823005128
1781741752019
25838562811
1781741753019
25854188242
1781741754018
25869709970
1781741755018
25885358626
1781741756019
25900959669
1781741757019
25916499099
1781741758020
25932184108
1781741759019
25947723553
1781741760017
25963318644
1781741761019
25979089088
1781741762019
25994204693
1781741763019
26009260612
1781741764019
26024904877
1781741765018
26040459622
1781741766019
26056111231
1781741767019
26071705313
1781741768019
26087341882
1781741769019
26103044379
1781741770016
26118691735
1781741771019
26134384654
1781741772019
26150091696
1781741773018
26165669804
1781741774018
26181439024
1781741775020
26197128486
1781741776021
26212710097
1781741777018
26228483388
1781741778019
26244120814
1781741779019
26259760749
1781741780017
26275582999
1781741781019
26291202662
1781741782019
26306755051
1781741783019
26322442478
1781741784019
26338120372
1781741785020
26353941796
1781741786019
26369562790
1781741787020
26385276870
1781741788019
26401008054
1781741789020
26416547943
1781741790018
26432203959
1781741791019
26447928579
1781741792019
26463614338
1781741793022
26479444759
1781741794019
26495114284
1781741795023
26510758871
1781741796020
26526412316
1781741797021
26541870763
1781741798018
26557627086
1781741799018
26573270754
1781741800016
26588908976
1781741801019
26604579389
1781741802019
26620138173
1781741803019
26635703062
1781741804018
26651396639
1781741805019
26666999748
1781741806021
26682549030
1781741807018
26698216720
1781741808022
26713777034
1781741809020
26729534321
1781741810017
26745138209
1781741811019
26760749901
1781741812019
26776544535
1781741813022
26792043618
1781741814020
26807790011
1781741815020
26823485455
1781741816020
26839091332
1781741817019
26854943295
1781741818022
26870423208
1781741819018
26886077189
1781741820018
26901658969
1781741821018
26917139187
1781741822019
26932674991
1781741823019
26948300208
1781741824018
26963925715
1781741825019
26981648577
1781741826149
26995249512
1781741827019
27010801090
1781741828019
27026575360
1781741829019
27042110414
1781741830018
27057935372
1781741831020
27073601623
1781741832019
27089186050
1781741833019
27105006648
1781741834021
27120457460
1781741835018
27136009635
1781741836019
27151782405
1781741837020
27167313649
1781741838019
27183093013
1781741839019
27198811499
1781741840017
27214461027
1781741841021
27230059408
1781741842019
27245576331
1781741843019
27261241007
1781741844020
27276986665
1781741845019
27292562616
1781741846019
27308104188
1781741847019
27323756134
1781741848019
27339288923
1781741849019
27354945444
1781741850018
27370581355
1781741851019
27386142129
1781741852019
27401921080
1781741853019
27417469307
1781741854022
27433029392
1781741855020
27450711586
1781741856147
27464253509
1781741857019
27479938457
1781741858020
27495484252
1781741859019
27511176238
1781741860018
27526825965
1781741861019
27542414646
1781741862019
27558165674
1781741863019
27573819456
1781741864021
27589329755
1781741865020
27605007726
1781741866021
27620634151
1781741867019
27636210531
1781741868019
27652034678
1781741869018
27667599766
1781741870019
27683394445
1781741871018
27699138038
1781741872018
27714694390
1781741873019
27730537387
1781741874018
27746207769
1781741875020
27761924526
1781741876020
27777619679
1781741877019
27793168518
1781741878020
27808849060
1781741879015
27824613093
1781741880017
27840241049
1781741881019
27855914461
1781741882019
27871589234
1781741883020
27887195770
1781741884019
27903038966
1781741885020
27918559928
1781741886019
27934313986
1781741887022
27949970920
1781741888019
27965646795
1781741889022
27981417913
1781741890016
27997121022
1781741891021
28012794418
1781741892019
28028436037
1781741893019
28043986299
1781741894018
28059740847
1781741895020
28075357342
1781741896019
28090957559
1781741897019
28106655803
1781741898021
28122399518
1781741899022
28137983532
1781741900018
28153664685
1781741901018
28169314489
1781741902020
28185100142
1781741903020
28200799074
1781741904021
28216311591
1781741905019
28232209622
1781741906019
28247845840
1781741907019
28263593671
1781741908021
28279204047
1781741909018
28294732827
1781741910015
28310566629
1781741911021
28326209716
1781741912021
28341727389
1781741913019
28357389739
1781741914019
28372994959
1781741915019
28389103120
1781741916055
28404305001
1781741917019
28419944004
1781741918019
28435659230
1781741919019
28451273508
1781741920017
28466833822
1781741921021
28482497258
1781741922021
28498115789
1781741923018
28513698823
1781741924019
28529507548
1781741925019
28545030515
1781741926019
28560694869
1781741927021
28576401895
1781741928019
28591973256
1781741929019
28607750096
1781741930017
28628683862
1781741931350
28639064101
1781741932019
28654736166
1781741933020
28670255568
1781741934020
28685828138
1781741935019
28701431522
1781741936020
28716942019
1781741937019
28732769793
1781741938022
28748408718
1781741939018
28764034348
1781741940018
28779717169
1781741941019
28795338362
1781741942019
28811071643
1781741943020
28826818112
1781741944019
28842374724
1781741945018
28858059228
1781741946021
28873660271
1781741947019
28889224150
1781741948020
28904879906
1781741949019
28920462068
1781741950017
28936166493
1781741951018
28951877329
1781741952018
28967459094
1781741953018
28983114956
1781741954020
28998773236
1781741955019
29014350656
1781741956019
29030168377
1781741957020
29045798704
1781741958019
29061442251
1781741959019
29077217086
1781741960018
29092755032
1781741961018
29108434426
1781741962023
29123991741
1781741963019
29139541101
1781741964019
29155212630
1781741965021
29170784435
1781741966018
29186476956
1781741967021
29202086812
1781741968020
29217623687
1781741969020
29233359125
1781741970017
29248992925
1781741971021
29264584757
1781741972019
29280416508
1781741973019
29296021376
1781741974020
29311633986
1781741975019
29327307336
1781741976021
29342882706
1781741977019
29358616216
1781741978019
29374196114
1781741979018
29389749237
1781741980017
29405414953
1781741981019
29421054399
1781741982018
29436774078
1781741983018
29452562867
1781741984018
29468107254
1781741985019
29483875465
1781741986019
29499525207
1781741987019
29515200394
1781741988020
29530836244
1781741989019
29546448670
1781741990017
29562115075
1781741991020
29577880700
1781741992019
29593474597
1781741993019
29609246189
1781741994019
29624981413
1781741995020
29640650250
1781741996019
29656355379
1781741997018
29671966428
1781741998019
29687600274
1781741999019
29703339399
1781742000018
29719009032
1781742001020
29734823739
1781742002022
29750421844
1781742003021
29766003380
1781742004017
29781871897
1781742005019
29797562430
1781742006022
29813214024
1781742007019
29828863476
1781742008019
29844494598
1781742009019
29860289553
1781742010018
29875958038
1781742011019
29891520510
1781742012019
29907402415
1781742013019
29922922153
1781742014019
29938503658
1781742015020
29954062060
1781742016019
29969549546
1781742017019
29985284632
1781742018021
30000839148
1781742019020
30016319045
1781742020017
30031982910
1781742021019
30047548028
1781742022019
30063132623
1781742023019
30078699379
1781742024020
30094287126
1781742025019
30109955703
1781742026019
30125704192
1781742027018
30141288328
1781742028018
30156954748
1781742029019
30172530867
1781742030018
30188185353
1781742031018
30203917363
1781742032020
30219404544
1781742033018
30235128292
1781742034019
30250774776
1781742035019
30266311039
1781742036020
30281517831
1781742037023
30297002747
1781742038019
30312650210
1781742039022
30328251482
1781742040018
30343813296
1781742041019
30359570429
1781742042021
30375191255
1781742043019
30390815829
1781742044021
30406533948
1781742045020
30422083506
1781742046019
30437736431
1781742047020
30453334506
1781742048019
30468886359
1781742049022
30484553360
1781742050018
30500113383
1781742051020
30515573574
1781742052019
30531323012
1781742053019
30546866909
1781742054019
30562421348
1781742055018
30578187708
1781742056019
30593735721
1781742057019
30609338676
1781742058020
30625022033
1781742059019
30640583754
1781742060016
30656260349
1781742061019
30671891670
1781742062018
30687455274
1781742063019
30703065160
1781742064019
30718703106
1781742065020
30734533955
1781742066019
30750217939
1781742067019
30765736546
1781742068018
30781568282
1781742069019
30797165622
1781742070018
30812710835
1781742071019
30828469636
1781742072020
30843996887
1781742073018
30859715021
1781742074019
30875432512
1781742075019
30891060666
1781742076019
30906601963
1781742077019
30922190352
1781742078019
30937769118
1781742079021
30953538354
1781742080018
30969165086
1781742081019
30984789629
1781742082019
31000528678
1781742083020
31016108959
1781742084019
31031937543
1781742085019
31047479375
1781742086019
31063055999
1781742087019
31078860899
1781742088019
31094486988
1781742089018
31110230887
1781742090017
31125996374
1781742091018
31141654807
1781742092019
31157453342
1781742093019
31173004461
1781742094020
31188753302
1781742095019
31204564368
1781742096018
31220025462
1781742097020
31235621960
1781742098019
31251187461
1781742099018
31266771506
1781742100018
31282623683
1781742101020
31298326792
1781742102019
31313964019
1781742103019
31329801860
1781742104019
31345358257
1781742105019
31361065528
1781742106019
31376768071
1781742107020
31392380466
1781742108021
31408211193
1781742109021
31423867729
1781742110016
31439603090
1781742111017
31455510240
1781742112023
31471041561
1781742113018
31486826724
1781742114020
31502452843
1781742115019
31518029070
1781742116019
31533681566
1781742117019
31549332839
1781742118018
31565095220
1781742119019
31580838247
1781742120016
31596509104
1781742121020
31612210040
1781742122019
31627903005
1781742123018
31643568354
1781742124020
31659178669
1781742125019
31674829176
1781742126019
31690519388
1781742127020
31706161358
1781742128019
31721691914
1781742129019
31737401051
1781742130015
31753237331
1781742131021
31768926732
1781742132022
31784463698
1781742133019
31800052363
1781742134019
31815628069
1781742135019
31831479971
1781742136019
31847017977
1781742137020
31862629623
1781742138019
31878279993
1781742139021
31893830898
1781742140018
31909482278
1781742141015
31925222336
1781742142019
31940888878
1781742143019
31956709644
1781742144019
31972296734
1781742145019
31987981269
1781742146019
32003738601
1781742147019
32019422049
1781742148020
32035255101
1781742149021
32050812952
1781742150016
32066415342
1781742151019
32082127401
1781742152021
32097747630
1781742153018
32113527239
1781742154020
32129183469
1781742155019
32144818050
1781742156020
32160602937
1781742157020
32176231306
1781742158020
32191893946
1781742159020
32207586009
1781742160018
32223149613
1781742161019
32238914610
1781742162019
32254676043
1781742163020
32270449455
1781742164022
32286143446
1781742165020
32301860340
1781742166020
32317554040
1781742167020
32333215563
1781742168019
32348750939
1781742169020
32364355944
1781742170019
32380087083
1781742171018
32395639563
1781742172019
32411324144
1781742173019
32426834764
1781742174019
32442369680
1781742175019
32457925206
1781742176019
32473410840
1781742177018
32489117759
1781742178020
32504736015
1781742179020
32520257987
1781742180016
32536152621
1781742181019
32551875498
1781742182019
32567440203
1781742183019
32583114197
1781742184017
32598623286
1781742185019
32614733712
1781742186055
32629709612
1781742187019
32645237842
1781742188018
32660908026
1781742189020
32676485308
1781742190019
32692081240
1781742191020
32707915027
1781742192018
32723511281
1781742193018
32739337585
1781742194019
32755091429
1781742195018
32770640850
1781742196019
32786475141
1781742197019
32802189939
1781742198018
32817850545
1781742199019
32833542562
1781742200018
32849110082
1781742201019
32864737915
1781742202019
32880381385
1781742203019
32895927883
1781742204018
32911808901
1781742205022
32927472888
1781742206019
32943123457
1781742207020
32958804641
1781742208020
32974330607
1781742209020
32989956344
1781742210019
33005706898
1781742211020
33021314397
1781742212022
33036944954
1781742213019
33052570660
1781742214018
33068276233
1781742215019
33083950639
1781742216019
33099507694
1781742217020
33115091831
1781742218019
33130759107
1781742219019
33146381111
1781742220017
33162186302
1781742221019
33177782999
1781742222019
33193385985
1781742223020
33209214554
1781742224020
33224759813
1781742225020
33240482139
1781742226019
33256273269
1781742227019
33271905922
1781742228023
33287721868
1781742229022
33303203158
1781742230015
33319440222
1781742231055
33334705690
1781742232021
33350277816
1781742233023
33365899314
1781742234019
33381692326
1781742235019
33397374092
1781742236022
33413031974
1781742237020
33428738373
1781742238021
33444386417
1781742239019
33460049823
1781742240016
33475644118
1781742241019
33491412176
1781742242020
33507076086
1781742243020
33522599053
1781742244019
33538248903
1781742245020
33553790031
1781742246019
33569379186
1781742247020
33585050593
1781742248019
33600602875
1781742249019
33616161246
1781742250016
33631860729
1781742251020
33647396288
1781742252019
33663186286
1781742253019
33678740878
1781742254019
33694369047
1781742255019
33710062869
1781742256020
33725645078
1781742257021
33741269775
1781742258020
33756895619
1781742259020
33772423420
1781742260017
33788102294
1781742261019
33803640959
1781742262020
33819190471
1781742263020
33834872956
1781742264019
33850492053
1781742265019
33866133120
1781742266020
33881883751
1781742267019
33897540104
1781742268019
33913292494
1781742269020
33928951203
1781742270018
33944538185
1781742271017
33960195608
1781742272020
33975795717
1781742273019
33991532242
1781742274018
34007315691
1781742275020
34022954234
1781742276021
34038603855
1781742277022
34054223120
1781742278021
34069823336
1781742279019
34085487461
1781742280017
34101083960
1781742281019
34116688292
1781742282019
34132287223
1781742283019
34147798899
1781742284019
34163375538
1781742285019
34179111756
1781742286019
34194731863
1781742287019
34210356024
1781742288023
34225888110
1781742289020
34241540255
1781742290018
34257213819
1781742291019
34272532761
1781742292019
34280498323
1781742293021
34287009422
1781742294020
34293437640
1781742295024
34299841899
1781742296023
34306306011
1781742297019
34312822312
1781742298022
34321968346
1781742299022
34334799615
1781742300017
34350073191
1781742301019
34365716829
1781742302021
34381317933
1781742303019
34397005559
1781742304018
34412549594
1781742305018
34428169792
1781742306019
34443698022
1781742307020
34459282128
1781742308021
34474881366
1781742309020
34490424636
1781742310017
34506140459
1781742311020
34521769088
1781742312020
34537323986
1781742313020
34552921800
1781742314020
34568594172
1781742315019
34584234459
1781742316018
34600007673
1781742317020
34615709068
1781742318020
34631347351
1781742319018
34647176088
1781742320018
34664746670
1781742321149
34678309018
1781742322018
34693844822
1781742323019
34709435460
1781742324020
34725089686
1781742325019
34740690805
1781742326019
34756159564
1781742327018
34771805513
1781742328018
34787349135
1781742329019
34802908209
1781742330017
34818694352
1781742331019
34834254008
1781742332020
34850005327
1781742333022
34865482333
1781742334018
34881020906
1781742335019
34896656083
1781742336019
34912290633
1781742337019
34928117167
1781742338019
34943710024
1781742339019
34959173031
1781742340014
34974761053
1781742341020
34990321887
1781742342018
35005898251
1781742343020
35021731303
1781742344021
35037296881
1781742345018
35052921960
1781742346021
35068661070
1781742347019
35084239591
1781742348019
35099863890
1781742349022
35115467289
1781742350018
35131053858
1781742351020
35146785578
1781742352019
35162443047
1781742353020
35178138965
1781742354019
35193825810
1781742355022
35209348257
1781742356019
35225039723
1781742357019
35240655132
1781742358019
35256246123
1781742359019
35272025212
1781742360016
35287577662
1781742361020
35303164736
1781742362019
35318836801
1781742363019
35334434830
1781742364018
35350191489
1781742365019
35366412534
1781742366056
35381452801
1781742367020
35397117033
1781742368019
35412754474
1781742369019
35428558518
1781742370018
35444243098
1781742371022
35459839980
1781742372022
35475361110
1781742373018
35490958053
1781742374019
35506545219
1781742375019
35522206023
1781742376019
35537768464
1781742377019
35553373439
1781742378020
35569048779
1781742379021
35584491145
1781742380015
35600237232
1781742381021
35615892651
1781742382018
35631502889
1781742383020
35647340011
1781742384021
35662830633
1781742385020
35678433252
1781742386020
35694066762
1781742387022
35709624062
1781742388018
35725369429
1781742389019
35741133968
1781742390017
35756826000
1781742391018
35772627044
1781742392019
35788455124
1781742393021
35804070855
1781742394020
35819711096
1781742395018
35835173735
1781742396018
35850783560
1781742397019
35866474414
1781742398019
35882124462
1781742399018
35897763159
1781742400018
35913324789
1781742401020
35929016055
1781742402021
35944579384
1781742403018
35960178223
1781742404019
35975980737
1781742405020
35991559701
1781742406019
36007179257
1781742407021
36022841163
1781742408021
36038417420
1781742409019
36054096738
1781742410018
36069854040
1781742411021
36085393760
1781742412018
36101039616
1781742413019
36116755929
1781742414018
36132374889
1781742415020
36148033046
1781742416019
36163626271
1781742417019
36179357899
1781742418020
36195148096
1781742419019
36210767422
1781742420016
36226522735
1781742421019
36242211829
1781742422020
36257868900
1781742423019
36273686760
1781742424019
36289298268
1781742425019
36304869215
1781742426019
36320640471
1781742427019
36336266223
1781742428020
36352030073
1781742429018
36367743724
1781742430016
36383355905
1781742431019
36399150462
1781742432020
36414717570
1781742433019
36430273554
1781742434019
36445928774
1781742435019
36461557143
1781742436019
36477158231
1781742437019
36492920383
1781742438025
36508418931
1781742439019
36524226708
1781742440016
36539720972
1781742441019
36555250349
1781742442018
36570882788
1781742443019
36586495290
1781742444019
36602275312
1781742445021
36617800880
1781742446019
36633313673
1781742447019
36649016644
1781742448018
36664663296
1781742449018
36680327314
1781742450016
36696105990
1781742451019
36711595602
1781742452016
36727333091
1781742453019
36742975122
1781742454019
36758562854
1781742455021
36774210715
1781742456018
36789792755
1781742457019
36805308148
1781742458019
36820968157
1781742459018
36836536825
1781742460017
36852348702
1781742461019
36868044498
1781742462020
36883727074
1781742463021
36899487451
1781742464018
36915210756
1781742465019
36930895490
1781742466018
36946717373
1781742467019
36962267329
1781742468019
36977901665
1781742469019
36993586827
1781742470017
37009773860
1781742471055
37025027532
1781742472018
37040645114
1781742473018
37056426115
1781742474020
37072072247
1781742475018
37087628048
1781742476019
37103357182
1781742477019
37118964330
1781742478018
37134498267
1781742479018
37150150228
1781742480017
37165786002
1781742481021
37181375860
1781742482018
37197024608
1781742483018
37212565109
1781742484019
37228136378
1781742485018
37245862805
1781742486148
37259423929
1781742487019
37275047341
1781742488019
37290666988
1781742489019
37306402564
1781742490020
37322075991
1781742491020
37337572183
1781742492019
37353320626
1781742493019
37369013668
1781742494018
37384600176
1781742495018
37400371110
1781742496019
37416022902
1781742497018
37431298820
1781742498019
37446877341
1781742499019
37462440563
1781742500015
37478290261
1781742501021
37493929676
1781742502019
37509518403
1781742503019
37525419999
1781742504020
37541175556
1781742505021
37556726247
1781742506020
37572299030
1781742507018
37587860737
1781742508019
37603687210
1781742509021
37619237227
1781742510016
37634928540
1781742511023
37650534723
1781742512018
37666140708
1781742513018
37681782663
1781742514020
37697674161
1781742515021
37713234200
1781742516019
37728976003
1781742517020
37744726374
1781742518019
37760470196
1781742519019
37776264049
1781742520016
37791861588
1781742521019
37807573663
1781742522020
37823273223
1781742523022
37838885481
1781742524022
37854642889
1781742525021
37870267739
1781742526018
37885927258
1781742527019
37901765176
1781742528021
37917326025
1781742529019
37933037825
1781742530018
37948752975
1781742531019
37964287203
1781742532019
37979932845
1781742533019
37995626545
1781742534019
38011308402
1781742535019
38027176369
1781742536019
38042834129
1781742537019
38058596632
1781742538019
38074375568
1781742539019
38089899331
1781742540017
38105668811
1781742541021
38121307492
1781742542019
38136916414
1781742543019
38152702036
1781742544019
38168398811
1781742545022
38186063931
1781742546148
38199791367
1781742547020
38215359514
1781742548020
38230991739
1781742549019
38246549054
1781742550018
38262278295
1781742551020
38278188077
1781742552022
38293868664
1781742553020
38309660850
1781742554020
38325530286
1781742555022
38341162602
1781742556020
38356818770
1781742557021
38372397276
1781742558020
38388012410
1781742559019
38403902424
1781742560017
38419575714
1781742561019
38435285004
1781742562021
38450783613
1781742563019
38466452221
1781742564023
38482272773
1781742565020
38497888044
1781742566019
38513528883
1781742567019
38529211413
1781742568018
38544829852
1781742569019
38560644743
1781742570018
38576466810
1781742571022
38592002598
1781742572023
38607615238
1781742573020
38623378859
1781742574022
38638914509
1781742575019
38654576002
1781742576019
38670148985
1781742577020
38685913753
1781742578022
38701704317
1781742579020
38717235408
1781742580017
38732944821
1781742581020
38748602244
1781742582019
38764205154
1781742583020
38779795945
1781742584021
38795389262
1781742585021
38810951718
1781742586019
38826604016
1781742587019
38842240845
1781742588019
38858085005
1781742589020
38873714414
1781742590017
38889319940
1781742591018
38905014848
1781742592020
38920684312
1781742593019
38936344398
1781742594019
38951982926
1781742595019
38967526471
1781742596019
38983302362
1781742597019
38998891410
1781742598020
39014407048
1781742599019
39030072886
1781742600015
39045687867
1781742601019
39061307622
1781742602020
39076911251
1781742603019
39092432519
1781742604017
39108296294
1781742605021
39126041157
1781742606161
39139347200
1781742607018
39155180099
1781742608019
39170836359
1781742609019
39186641642
1781742610018
39202394782
1781742611018
39217984319
1781742612020
39233794131
1781742613020
39249441578
1781742614019
39265104096
1781742615018
39280940361
1781742616019
39296524406
1781742617019
39312150082
1781742618020
39327801538
1781742619019
39343266028
1781742620017
39359087529
1781742621019
39374767581
1781742622019
39390376962
1781742623020
39406003938
1781742624019
39421630655
1781742625019
39437359973
1781742626019
39453125751
1781742627019
39468711034
1781742628019
39484354825
1781742629018
39500009326
1781742630017
39515653959
1781742631018
39531315345
1781742632019
39546842626
1781742633019
39562519022
1781742634020
39578161359
1781742635021
39593627502
1781742636019
39609162770
1781742637019
39624857051
1781742638019
39640453274
1781742639021
39656322541
1781742640017
39671967373
1781742641021
39687463932
1781742642019
39703254159
1781742643022
39718868146
1781742644021
39734463466
1781742645018
39750162414
1781742646019
39765852992
1781742647020
39781704527
1781742648020
39797246404
1781742649019
39812826654
1781742650016
39828547098
1781742651019
39844114757
1781742652022
39859714040
1781742653020
39875335554
1781742654022
39890867670
1781742655019
39906602665
1781742656020
39922102743
1781742657019
39937755454
1781742658020
39953578270
1781742659019
39969098651
1781742660015
39984814000
1781742661019
40000525846
1781742662020
40016185120
1781742663018
40032031131
1781742664022
40047575166
1781742665023
40063096909
1781742666019
40078714338
1781742667020
40094311388
1781742668019
40109978251
1781742669019
40125521445
1781742670018
40141081790
1781742671019
40157047064
1781742672018
40172691681
1781742673022
40188412890
1781742674019
40204040341
1781742675019
40219638569
1781742676020
40235441510
1781742677019
40251132043
1781742678019
40266805852
1781742679018
40282731898
1781742680017
40298367090
1781742681019
40313939308
1781742682019
40329751139
1781742683021
40345330104
1781742684019
40360977153
1781742685020
40376571403
1781742686020
40392178137
1781742687019
40407880833
1781742688021
40423580821
1781742689019
40439276816
1781742690019
40454996663
1781742691020
40470528397
1781742692019
40486073411
1781742693019
40501741759
1781742694019
40517349824
1781742695019
40533181377
1781742696020
40548780507
1781742697021
40564489293
1781742698019
40580194467
1781742699019
40595715567
1781742700018
40611481422
1781742701021
40627229911
1781742702019
40642901364
1781742703019
40658602331
1781742704018
40674324382
1781742705021
40690024232
1781742706019
40705805754
1781742707021
40721401304
1781742708019
40737096304
1781742709019
40752766579
1781742710018
40768356912
1781742711019
40784223195
1781742712022
40799911203
1781742713022
40815602440
1781742714017
40831440143
1781742715021
40847043068
1781742716019
40862899406
1781742717021
40878383634
1781742718019
40893874838
1781742719020
40909604523
1781742720016
40925263430
1781742721020
40940985741
1781742722018
40956646836
1781742723019
40972126764
1781742724020
40987320858
1781742725019
41002985610
1781742726019
41018656160
1781742727021
41034488493
1781742728019
41050152495
1781742729019
41065853432
1781742730018
41081528022
1781742731019
41097081267
1781742732019
41112863523
1781742733018
41128651961
1781742734021
41144365887
1781742735019
41160160230
1781742736019
41175648053
1781742737019
41191253303
1781742738020
41207140517
1781742739021
41222690963
1781742740017
41238270937
1781742741020
41253892803
1781742742019
41269537696
1781742743019
41285197506
1781742744017
41300781551
1781742745018
41316544988
1781742746020
41332383486
1781742747019
41347906928
1781742748018
41363746865
1781742749020
41379346729
1781742750019
41394947634
1781742751019
41410719838
1781742752019
41426326404
1781742753022
41442030263
1781742754019
41457643929
1781742755019
41473262429
1781742756020
41489039988
1781742757018
41504684406
1781742758020
41520348209
1781742759018
41536010727
1781742760016
41551645369
1781742761021
41567311483
1781742762018
41583141857
1781742763020
41598699234
1781742764020
41614459488
1781742765019
41630045430
1781742766020
41645589802
1781742767020
41661379754
1781742768019
41676993587
1781742769020
41692614046
1781742770021
41708176686
1781742771018
41723724882
1781742772021
41739371580
1781742773022
41755082232
1781742774021
41770663278
1781742775019
41786422492
1781742776020
41802003752
1781742777019
41817646931
1781742778021
41833218353
1781742779020
41848742039
1781742780018
41864603121
1781742781023
41880270305
1781742782019
41895967692
1781742783021
41911630991
1781742784018
41927153376
1781742785018
41943484826
1781742786056
41958640516
1781742787023
41974324577
1781742788023
41989975268
1781742789019
42005520512
1781742790018
42021146799
1781742791022
42036924144
1781742792019
42052560362
1781742793019
42068311130
1781742794019
42084014454
1781742795022
42099571371
1781742796019
42115359334
1781742797018
42131099989
1781742798019
42146748447
1781742799019
42162427321
1781742800016
42178105215
1781742801021
42193769279
1781742802020
42209533986
1781742803020
42225064664
1781742804019
42240882033
1781742805019
42256531547
1781742806019
42272188358
1781742807018
42288015244
1781742808021
42303693644
1781742809018
42319346202
1781742810018
42335159211
1781742811019
42350800860
1781742812019
42366488225
1781742813019
42382106327
1781742814019
42397771492
1781742815018
42413607008
1781742816020
42428893559
1781742817018
42444140774
1781742818019
42459780159
1781742819019
42475295613
1781742820017
42491122591
1781742821019
42506797349
1781742822020
42522431302
1781742823022
42538065317
1781742824018
42553586555
1781742825018
42569269299
1781742826019
42584917788
1781742827020
42600399031
1781742828019
42615937665
1781742829019
42631566753
1781742830016
42647285346
1781742831019
42663030086
1781742832019
42678618675
1781742833020
42694363033
1781742834023
42709980401
1781742835022
42725473028
1781742836020
42741134414
1781742837022
42756762843
1781742838020
42772470527
1781742839020
42788209056
1781742840017
42803832024
1781742841019
42819631798
1781742842020
42835359571
1781742843022
42850939316
1781742844016
42866765973
1781742845021
42882353398
1781742846021
42897894358
1781742847019
42913549808
1781742848019
42929042955
1781742849019
42944624521
1781742850017
42960178516
1781742851019
42975676008
1781742852019
42991216463
1781742853020
43006741848
1781742854019
43022332609
1781742855019
43037995907
1781742856020
43053605487
1781742857020
43069212130
1781742858020
43084875061
1781742859020
43100456061
1781742860021
43115978324
1781742861021
43131531034
1781742862019
43147204767
1781742863021
43162859452
1781742864020
43178339089
1781742865019
43193866050
1781742866020
43209624392
1781742867022
43225179672
1781742868019
43240758300
1781742869020
43256344854
1781742870018
43272090390
1781742871021
43287751577
1781742872020
43303303905
1781742873021
43318900266
1781742874019
43334638718
1781742875019
43350251526
1781742876018
43365776605
1781742877019
43381341157
1781742878019
43396914690
1781742879019
43412707534
1781742880017
43428251340
1781742881019
43443770803
1781742882020
43459381117
1781742883019
43474963693
1781742884020
43490570519
1781742885018
43506121822
1781742886020
43521662705
1781742887019
43537328145
1781742888022
43552830978
1781742889020
43568415741
1781742890017
43584098624
1781742891018
43599630373
1781742892019
43615313041
1781742893022
43630837477
1781742894019
43646383287
1781742895019
43661888888
1781742896018
43677442990
1781742897019
43693160481
1781742898018
43708771683
1781742899018
43724237750
1781742900015
43739914619
1781742901018
43755527520
1781742902018
43769366339
1781742903022
43775708587
1781742904020
43782117145
1781742905021
43788243555
1781742906020
43794384593
1781742907020
43800378429
1781742908023
43807495821
1781742909023
43816859069
1781742910019
43829904293
1781742911021
43845048875
1781742912020
43860460810
1781742913019
43875991228
1781742914020
43891703747
1781742915020
43907323670
1781742916016
43922979318
1781742917019
43938639954
1781742918019
43954317084
1781742919021
43970081883
1781742920018
43985669324
1781742921019
44001396638
1781742922020
44017108238
1781742923020
44032746078
1781742924019
44048386931
1781742925017
44063961688
1781742926019
44079636661
1781742927020
44095430958
1781742928020
44110946688
1781742929019
44126654265
1781742930021
44142247229
1781742931019
44157576452
1781742932019
44173458036
1781742933022
44189245524
1781742934020
44204830303
1781742935019
44220521585
1781742936019
44236119522
1781742937020
44251888176
1781742938019
44267554826
1781742939020
44283226524
1781742940016
44299026604
1781742941021
44314753949
1781742942021
44330350279
1781742943019
44346051720
1781742944019
44361783471
1781742945022
44377521174
1781742946020
44393192780
1781742947019
44408893426
1781742948019
44424697653
1781742949019
44440346952
1781742950017
44456105936
1781742951020
44471988361
1781742952022
44487563991
1781742953021
44503360139
1781742954021
44519155997
1781742955020
44534808555
1781742956018
44550690337
1781742957018
44566347179
1781742958019
44582117899
1781742959019
44597997417
1781742960017
44613708314
1781742961018
44629386729
1781742962019
44645071019
1781742963020
44660664442
1781742964019
44676430572
1781742965019
44692214129
1781742966021
44707919181
1781742967022
44723640359
1781742968018
44739325108
1781742969019
44755040060
1781742970019
44770632167
1781742971019
44786216610
1781742972019
44802117792
1781742973019
44817658461
1781742974019
44833315472
1781742975018
44849192863
1781742976018
44864809542
1781742977020
44880530048
1781742978020
44896226165
1781742979019
44911809230
1781742980017
44927570066
1781742981020
44943199857
1781742982019
44958784606
1781742983018
44974491111
1781742984019
44990187642
1781742985018
45005956235
1781742986019
45021621752
1781742987019
45037308474
1781742988019
45053198488
1781742989020
45068805682
1781742990018
45084489146
1781742991018
45100286472
1781742992021
45115929192
1781742993020
45131678936
1781742994021
45147309003
1781742995019
45162832367
1781742996018
45178785708
1781742997022
45194381334
1781742998019
45210062825
1781742999019
45225905164
1781743000018
45241558777
1781743001020
45257282649
1781743002021
45273020213
1781743003019
45288652284
1781743004020
45304340476
1781743005019
45319900790
1781743006020
45335484100
1781743007020
45351208201
1781743008019
45366767857
1781743009019
45382477438
1781743010018
45398282369
1781743011020
45413938461
1781743012019
45429621328
1781743013020
45445167612
1781743014019
45460785684
1781743015019
45476474916
1781743016020
45492068676
1781743017020
45507800687
1781743018022
45523595122
1781743019020
45539164769
1781743020016
45555154845
1781743021020
45570849233
1781743022020
45586504285
1781743023019
45602285409
1781743024023
45617772053
1781743025016
45633496858
1781743026020
45649128424
1781743027020
45664683215
1781743028019
45680270962
1781743029018
45695918517
1781743030017
45711556647
1781743031019
45727141671
1781743032019
45742866200
1781743033022
45758512944
1781743034019
45774273428
1781743035020
45789813959
1781743036020
45805627595
1781743037019
45821301711
1781743038019
45837065102
1781743039024
45852908390
1781743040018
45868510412
1781743041019
45884158089
1781743042019
45899858352
1781743043019
45915535359
1781743044018
45931326658
1781743045021
45946911391
1781743046018
45962604616
1781743047020
45978403610
1781743048018
45994049268
1781743049018
46009857136
1781743050018
46025617467
1781743051019
46041259086
1781743052021
46057011185
1781743053020
46072641849
1781743054019
46088268075
1781743055020
46103854247
1781743056019
46119436394
1781743057020
46135049753
1781743058019
46150771635
1781743059019
46166367981
1781743060017
46182252609
1781743061019
46197866382
1781743062019
46213491124
1781743063019
46229367123
1781743064019
46245016193
1781743065018
46260837648
1781743066019
46276611351
1781743067022
46292103427
1781743068020
46308004763
1781743069019
46323744561
1781743070015
46339471860
1781743071019
46355196328
1781743072019
46370763313
1781743073020
46386425953
1781743074019
46402178956
1781743075021
46417827214
1781743076019
46433580018
1781743077019
46449230373
1781743078019
46464898552
1781743079022
46480647775
1781743080016
46496239393
1781743081018
46511822627
1781743082018
46527645550
1781743083019
46543374608
1781743084019
46559124810
1781743085021
46574785998
1781743086020
46590466937
1781743087021
46606194052
1781743088019
46621910625
1781743089019
46637478008
1781743090017
46653215924
1781743091020
46668767793
1781743092019
46684611677
1781743093019
46700314909
1781743094019
46715937142
1781743095019
46731610692
1781743096019
46747372782
1781743097019
46763256263
1781743098022
46779116274
1781743099019
46794679296
1781743100015
46814011182
1781743101248
46826226060
1781743102020
46841911283
1781743103022
46857755489
1781743104019
46873550000
1781743105019
46889379656
1781743106018
46905217910
1781743107018
46920733303
1781743108019
46936102979
1781743109019
46951737651
1781743110019
46967357268
1781743111019
46982861340
1781743112018
46998440748
1781743113018
47014144179
1781743114018
47029888812
1781743115019
47045540666
1781743116022
47061239461
1781743117020
47076888408
1781743118018
47092510090
1781743119023
47108236501
1781743120018
47123913876
1781743121019
47139596973
1781743122019
47155194144
1781743123019
47170786405
1781743124019
47186545283
1781743125019
47202301911
1781743126021
47217910023
1781743127019
47233724454
1781743128019
47249297039
1781743129019
47264849948
1781743130016
47280514486
1781743131019
47296058934
1781743132019
47311826915
1781743133020
47327667663
1781743134021
47343340233
1781743135019
47358966659
1781743136017
47374600168
1781743137018
47390331537
1781743138018
47406225574
1781743139023
47421749214
1781743140019
47437489242
1781743141019
47453169738
1781743142023
47468713207
1781743143019
47484296869
1781743144020
47499783774
1781743145018
47515411117
1781743146020
47531154573
1781743147019
47546685006
1781743148020
47562434229
1781743149019
47578204383
1781743150017
47593802779
1781743151019
47609505215
1781743152020
47625016171
1781743153019
47640658952
1781743154022
47656242492
1781743155019
47671762276
1781743156017
47687549306
1781743157021
47703081881
1781743158020
47718625090
1781743159021
47734445673
1781743160018
47750069650
1781743161018
47765669928
1781743162019
47781322929
1781743163019
47796848038
1781743164020
47812525489
1781743165019
47828263666
1781743166021
47843905606
1781743167019
47859607215
1781743168019
47875189164
1781743169020
47890785433
1781743170016
47906579761
1781743171018
47922185853
1781743172021
47937924917
1781743173019
47953748085
1781743174019
47969433293
1781743175019
47985921644
1781743176056
48000957903
1781743177018
48016668723
1781743178019
48032458399
1781743179019
48047996391
1781743180017
48063735440
1781743181018
48079433041
1781743182019
48095060874
1781743183020
48110965178
1781743184021
48126587075
1781743185019
48142385763
1781743186019
48158206146
1781743187020
48173814809
1781743188021
48189537594
1781743189019
48205287245
1781743190019
48220925972
1781743191019
48236692408
1781743192018
48252360403
1781743193018
48268074054
1781743194020
48283884279
1781743195020
48299466426
1781743196023
48315067407
1781743197019
48330650840
1781743198018
48346176071
1781743199019
48361930650
1781743200017
48377505193
1781743201019
48393072698
1781743202019
48408852246
1781743203019
48424388493
1781743204019
48440205036
1781743205021
48455797144
1781743206019
48471418750
1781743207021
48487172900
1781743208020
48502799050
1781743209021
48518362271
1781743210016
48534218334
1781743211020
48549887064
1781743212021
48565613062
1781743213020
48581371986
1781743214021
48596920106
1781743215019
48612723445
1781743216018
48628411209
1781743217021
48644114501
1781743218020
48659785159
1781743219019
48675366526
1781743220017
48691118473
1781743221019
48706713487
1781743222020
48722259374
1781743223019
48738081119
1781743224019
48753705448
1781743225019
48769393640
1781743226021
48785138442
1781743227019
48800774032
1781743228019
48816642167
1781743229019
48832270857
1781743230017
48847824622
1781743231018
48863475895
1781743232018
48879101464
1781743233021
48894669351
1781743234018
48910514246
1781743235019
48925962870
1781743236015
48941646380
1781743237019
48957279185
1781743238020
48972788397
1781743239019
48988427155
1781743240018
49003964244
1781743241018
49019601394
1781743242020
49035398354
1781743243019
49050934035
1781743244019
49066641198
1781743245020
49082302248
1781743246019
49097898150
1781743247023
49113687383
1781743248022
49129232504
1781743249022
49144791502
1781743250017
49160587896
1781743251020
49176073332
1781743252019
49191649405
1781743253020
49207316268
1781743254019
49222968887
1781743255020
49238749552
1781743256019
49254303670
1781743257019
49269831839
1781743258019
49285542491
1781743259019
49301144008
1781743260018
49316815507
1781743261018
49332460323
1781743262018
49348012023
1781743263019
49363688113
1781743264020
49379289813
1781743265019
49394881386
1781743266020
49410619241
1781743267020
49426186119
1781743268020
49441797994
1781743269018
49457550109
1781743270016
49473142140
1781743271019
49488955272
1781743272020
49504505365
1781743273018
49520142761
1781743274019
49535737913
1781743275020
49551367445
1781743276020
49566998659
1781743277021
49582477868
1781743278020
49598083516
1781743279025
49613681866
1781743280018
49629293894
1781743281022
49644822277
1781743282019
49660459520
1781743283019
49675962933
1781743284018
49691608270
1781743285020
49707202535
1781743286020
49722806224
1781743287019
49738468559
1781743288018
49753955586
1781743289019
49769239032
1781743290014
49785183513
1781743291019
49800776830
1781743292020
49816416352
1781743293018
49832029543
1781743294020
49847662272
1781743295019
49865478694
1781743296148
49879066960
1781743297019
49894815373
1781743298026
49910550734
1781743299021
49926057682
1781743300016
49941706981
1781743301019
49957365491
1781743302020
49972919746
1781743303024
49988543616
1781743304019
50004203228
1781743305019
50019871330
1781743306019
50035564892
1781743307020
50051161926
1781743308019
50066890434
1781743309019
50082685373
1781743310017
50101910190
1781743311250
50114035746
1781743312022
50129673678
1781743313019
50145280259
1781743314019
50161112577
1781743315018
50176713895
1781743316019
50192445171
1781743317019
50208088442
1781743318019
50223668891
1781743319020
50239331440
1781743320016
50255103781
1781743321022
50270731798
1781743322019
50286460734
1781743323020
50302117193
1781743324019
50317838004
1781743325019
50333562090
1781743326018
50349127453
1781743327018
50364847606
1781743328020
50380512389
1781743329021
50396017608
1781743330016
50411815592
1781743331021
50427371102
1781743332018
50443039878
1781743333022
50458772394
1781743334020
50474275042
1781743335019
50489980569
1781743336018
50505654531
1781743337020
50521230696
1781743338020
50537060887
1781743339019
50552577107
1781743340017
50568205215
1781743341019
50584049268
1781743342020
50599743442
1781743343022
50615530976
1781743344019
50631215924
1781743345019
50646905003
1781743346019
50662730941
1781743347016
50678384723
1781743348019
50694045206
1781743349020
50709739609
1781743350017
50725314290
1781743351019
50741151672
1781743352020
50756790659
1781743353019
50772376708
1781743354018
50788051757
1781743355020
50803617609
1781743356019
50819265440
1781743357019
50834894160
1781743358018
50850534493
1781743359018
50866212648
1781743360018
50881900228
1781743361020
50897560803
1781743362018
50913362949
1781743363022
50928918459
1781743364020
50944609802
1781743365018
50960529207
1781743366019
50976041220
1781743367019
50991777530
1781743368018
51007535596
1781743369020
51023043814
1781743370015
51038961169
1781743371019
51054614783
1781743372019
51070319009
1781743373019
51086197104
1781743374022
51101797152
1781743375018
51117636737
1781743376019
51133333527
1781743377019
51148894775
1781743378019
51164766995
1781743379018
51180463250
1781743380017
51196291069
1781743381021
51212057000
1781743382019
51227676342
1781743383018
51243454864
1781743384018
51259149069
1781743385019
51274729365
1781743386019
51290399502
1781743387019
51305998587
1781743388019
51321611946
1781743389018
51337424098
1781743390020
51353009612
1781743391018
51368986958
1781743392019
51384677016
1781743393018
51400249754
1781743394018
51416172846
1781743395021
51431688056
1781743396018
51447222819
1781743397018
51462783042
1781743398019
51478438476
1781743399019
51494222476
1781743400018
51509939845
1781743401019
51525602639
1781743402019
51541357125
1781743403019
51556994077
1781743404018
51572600322
1781743405019
51588494757
1781743406019
51604198479
1781743407020
51619977369
1781743408018
51635802924
1781743409018
51651528692
1781743410018
51667383975
1781743411020
51683112252
1781743412021
51698835267
1781743413018
51714466588
1781743414021
51730112001
1781743415020
51745978621
1781743416020
51761600946
1781743417018
51777281825
1781743418022
51793097067
1781743419020
51808739527
1781743420017
51824511073
1781743421020
51840178350
1781743422019
51855697737
1781743423018
51871411663
1781743424019
51887267236
1781743425020
51902888766
1781743426019
51918431546
1781743427019
51934048409
1781743428018
51949648305
1781743429018
51965294620
1781743430017
51980884111
1781743431019
51996532095
1781743432020
52012182985
1781743433019
52027839689
1781743434019
52043806524
1781743435018
52059447852
1781743436019
52075019809
1781743437018
52090688692
1781743438019
52106223762
1781743439020
52121859229
1781743440017
52137503709
1781743441018
52153099106
1781743442018
52168939777
1781743443022
52184558844
1781743444018
52200230220
1781743445021
52215825204
1781743446020
52231064693
1781743447019
52246880441
1781743448020
52262565419
1781743449019
52278248286
1781743450018
52293990717
1781743451020
52309779460
1781743452019
52325516122
1781743453021
52341391448
1781743454020
52357094450
1781743455020
52372910473
1781743456019
52388626770
1781743457019
52404170132
1781743458020
52420042062
1781743459019
52435618012
1781743460016
52451342113
1781743461019
52466992621
1781743462021
52482571983
1781743463020
52498302923
1781743464018
52514073735
1781743465019
52529827365
1781743466019
52545624538
1781743467018
52561194507
1781743468021
52576703749
1781743469019
52592428906
1781743470019
52608011283
1781743471019
52623783043
1781743472020
52639520776
1781743473019
52655204882
1781743474019
52670989770
1781743475020
52686684602
1781743476019
52702329708
1781743477019
52717975473
1781743478021
52733577771
1781743479019
52749310959
1781743480020
52765122469
1781743481018
52780818938
1781743482019
52796532344
1781743483019
52812199697
1781743484022
52827800985
1781743485021
52843678544
1781743486019
52859237940
1781743487020
52874893880
1781743488019
52890728630
1781743489020
52906370325
1781743490017
52922144196
1781743491019
52937905706
1781743492019
52953658111
1781743493020
52969411772
1781743494018
52985077044
1781743495018
53000923223
1781743496019
53016760100
1781743497022
53032390534
1781743498020
53048356926
1781743499019
53064151774
1781743500018
53080037993
1781743501019
53095924809
1781743502019
53111573573
1781743503020
53127252646
1781743504019
53142975584
1781743505019
53159246047
1781743506058
53174460015
1781743507020
53190217715
1781743508020
53205829575
1781743509019
53221738408
1781743510017
53231862372
1781743511020
53239414085
1781743512021
53247889367
1781743513022
53255776287
1781743514021
53263798398
1781743515022
53270975368
1781743516021
53277084551
1781743517022
53282934843
1781743518022
53288793075
1781743519026
53294672483
1781743520020
53300452884
1781743521023
53306003265
1781743522024
53311695905
1781743523023
53317321960
1781743524020
53322924591
1781743525023
53328592017
1781743526024
53334060604
1781743527022
53339655951
1781743528021
53345319935
1781743529024
53351177632
1781743530020
53357034533
1781743531026
53362572597
1781743532023
53368148606
1781743533024
53373870255
1781743534024
53379284940
1781743535024
53384984848
1781743536023
53390736088
1781743537023
53396366427
1781743538020
53402007200
1781743539024
53407828544
1781743540020
53413610230
1781743541024
53419295420
1781743542024
53425004355
1781743543023
53430798556
1781743544024
53436461270
1781743545025
53442154813
1781743546023
53447795801
1781743547024
53453441868
1781743548024
53459099624
1781743549024
53464944362
1781743550023
53470906665
1781743551023
53476518582
1781743552022
53482184800
1781743553023
53487952686
1781743554022
53493626859
1781743555020
53499298645
1781743556024
53504917800
1781743557024
53510624134
1781743558020
53516276596
1781743559023
53521957716
1781743560020
53527665243
1781743561020
53533173427
1781743562020
53538587898
1781743563024
53544085463
1781743564021
53549686977
1781743565023
53555427017
1781743566026
53560944304
1781743567023
53566422163
1781743568020
53572181664
1781743569024
53578097424
1781743570020
53583751754
1781743571024
53589403084
1781743572023
53594790642
1781743573023
53600478616
1781743574023
53606003140
1781743575023
53611631995
1781743576022
53617237609
1781743577020
53622681456
1781743578020
53628273820
1781743579021
53634117717
1781743580022
53639819705
1781743581024
53645640759
1781743582024
53651065175
1781743583022
53656449030
1781743584020
53662064788
1781743585021
53667530147
1781743586022
53673198170
1781743587022
53678815259
1781743588020
53684555712
1781743589024
53690580531
1781743590023
53696379307
1781743591024
53701897711
1781743592023
53707581829
1781743593023
53713028645
1781743594024
53718610482
1781743595024
53724499927
1781743596060
53729860328
1781743597023
53735330720
1781743598020
53741048055
1781743599020
53746668311
1781743600020
53752305412
1781743601023
53757867590
1781743602023
53763506114
1781743603023
53768919652
1781743604023
53774285285
1781743605026
53779792107
1781743606024
53785311842
1781743607023
53790829435
1781743608023
53796395300
1781743609022
53802105336
1781743610020
53807748940
1781743611023
53813341871
1781743612023
53818826921
1781743613024
53824390368
1781743614020
53830029657
1781743615024
53835485637
1781743616022
53841211494
1781743617023
53846784764
1781743618022
53852669740
1781743619024
53858428722
1781743620020
53864209046
1781743621021
53869909107
1781743622023
53875535238
1781743623022
53881080264
1781743624020
53886735450
1781743625022
53892935194
1781743626150
53897762421
1781743627020
53903291259
1781743628020
53908936286
1781743629024
53914716687
1781743630020
53920292849
1781743631023
53925796029
1781743632024
53931313989
1781743633021
53936763880
1781743634023
53942260803
1781743635020
53947845930
1781743636022
53953322489
1781743637022
53958901113
1781743638023
53964431788
1781743639020
53970195482
1781743640020
53975915616
1781743641027
53981231234
1781743642024
53986815321
1781743643023
53992339080
1781743644023
53997684104
1781743645022
54003144001
1781743646022
54008656285
1781743647022
54014103116
1781743648022
54019776157
1781743649024
54025425881
1781743650019
54031129246
1781743651022
54036637981
1781743652020
54042296426
1781743653025
54047928463
1781743654024
54053467200
1781743655022
54059099375
1781743656022
54064643820
1781743657021
54070024264
1781743658023
54075696616
1781743659024
54081509102
1781743660022
54087084743
1781743661020
54092778255
1781743662021
54098449032
1781743663023
54104072058
1781743664024
54109732415
1781743665023
54115182367
1781743666022
54120599622
1781743667020
54126097341
1781743668022
54131390085
1781743669026
54136999050
1781743670019
54142374996
1781743671023
54147890860
1781743672023
54153314618
1781743673022
54158797495
1781743674020
54164372586
1781743675020
54169844616
1781743676021
54175223055
1781743677022
54180695268
1781743678022
54186231497
1781743679020
54191925820
1781743680020
54197484540
1781743681025
54202940550
1781743682023
54208309642
1781743683024
54213837210
1781743684020
54219309057
1781743685023
54225762260
1781743686161
54230529725
1781743687022
54235831802
1781743688022
54241509984
1781743689022
54247177287
1781743690022
54252832213
1781743691023
54258460701
1781743692020
54264068977
1781743693023
54269862659
1781743694022
54275661588
1781743695023
54281208343
1781743696023
54286899530
1781743697022
54292472754
1781743698022
54297952510
1781743699021
54303744432
1781743700020
54309246924
1781743701023
54314688920
1781743702022
54320127366
1781743703023
54325480270
1781743704024
54330983252
1781743705024
54336224404
1781743706022
54341503180
1781743707020
54346897440
1781743708024
54352257993
1781743709024
54357889327
1781743710020
54363410883
1781743711024
54368581472
1781743712023
54373952016
1781743713024
54379448312
1781743714023
54384751965
1781743715022
54390950883
1781743716151
54395667337
1781743717023
54400983858
1781743718022
54406425364
1781743719023
54412066611
1781743720020
54417705228
1781743721023
54423053725
1781743722023
54428494374
1781743723022
54434003430
1781743724022
54439482544
1781743725022
54444982175
1781743726025
54450442454
1781743727020
54455807185
1781743728024
54461504844
1781743729022
54467161835
1781743730020
54472928328
1781743731023
54478548217
1781743732024
54483891452
1781743733020
54489501518
1781743734023
54495221515
1781743735024
54500567717
1781743736024
54506129206
1781743737024
54511433793
1781743738024
54516781372
1781743739023
54522588946
1781743740023
54528192510
1781743741024
54533725709
1781743742023
54539142276
1781743743024
54544374738
1781743744022
54549770161
1781743745020
54555346950
1781743746023
54560851599
1781743747023
54566153172
1781743748021
54571687809
1781743749024
54577327649
1781743750020
54582821634
1781743751024
54588195315
1781743752023
54593583516
1781743753024
54599036375
1781743754024
54604418242
1781743755024
54610004624
1781743756024
54615410405
1781743757022
54621015774
1781743758023
54626540374
1781743759024
54632216690
1781743760024
54637821646
1781743761024
54643169088
1781743762023
54648488393
1781743763024
54654118808
1781743764021
54659744817
1781743765023
54665297187
1781743766024
54670921803
1781743767023
54676474342
1781743768023
54682105537
1781743769020
54687825458
1781743770020
54693374431
1781743771024
54698932462
1781743772022
54704265966
1781743773022
54709778647
1781743774025
54715103323
1781743775022
54720509930
1781743776023
54726010601
1781743777024
54731384114
1781743778023
54736957414
1781743779020
