52195615463
1781741049388
52223423924
1781741050076
52264759451
1781741051014
52305836067
1781741052013
52347438316
1781741053013
52387562054
1781741054013
52428138793
1781741055013
52469202714
1781741056012
52509130957
1781741057013
52550978872
1781741058011
52592502142
1781741059013
52632333400
1781741060013
52672413681
1781741061013
52714102966
1781741062014
52755517350
1781741063013
52794842200
1781741064013
52839188339
1781741065076
52881190917
1781741066013
52920838460
1781741067014
52961291542
1781741068015
53001646358
1781741069013
53041749649
1781741070013
53080933021
1781741071013
53121467341
1781741072013
53163807442
1781741073014
53203200591
1781741074013
53244292405
1781741075012
53285442263
1781741076013
53325872762
1781741077013
53370488493
1781741078013
53421270284
1781741079013
53482670273
1781741080073
53562281398
1781741081012
53647002372
1781741082013
53734469311
1781741083012
53821566867
1781741084013
53908989678
1781741085011
53996572766
1781741086012
54083585361
1781741087013
54171230400
1781741088010
54258789930
1781741089013
54345524388
1781741090012
54432835321
1781741091013
54520247695
1781741092013
54608243015
1781741093012
54695555047
1781741094011
54783355970
1781741095012
54871016390
1781741096013
54958508536
1781741097011
55045715588
1781741098012
55133153841
1781741099013
55220122735
1781741100011
55307171218
1781741101011
55394216527
1781741102013
55481516658
1781741103013
55568084551
1781741104011
55655505898
1781741105012
55742340331
1781741106013
55829371053
1781741107013
55915976849
1781741108013
56002436772
1781741109012
56094443006
1781741110073
56175546497
1781741111011
56262551402
1781741112013
56349833588
1781741113013
56436531242
1781741114013
56522113481
1781741115013
56608235026
1781741116013
56694267215
1781741117013
56780618313
1781741118008
56867876573
1781741119011
56954060557
1781741120013
57040635042
1781741121011
57127332574
1781741122013
57214536452
1781741123013
57300769935
1781741124013
57387632017
1781741125013
57474196310
1781741126012
57560844526
1781741127013
57647333928
1781741128013
57733988431
1781741129013
57820620960
1781741130015
57906752576
1781741131012
57993524753
1781741132016
58080522822
1781741133013
58167164202
1781741134013
58254071084
1781741135012
58340401002
1781741136013
58426896508
1781741137011
58513447434
1781741138012
58600158210
1781741139011
58686973051
1781741140013
58773524283
1781741141013
58860391492
1781741142013
58947721163
1781741143013
59034723809
1781741144013
59122088820
1781741145013
59208985082
1781741146013
59295623898
1781741147012
59382956133
1781741148013
59470624122
1781741149012
59557632139
1781741150012
59644649494
1781741151013
59731771036
1781741152012
59819546446
1781741153013
59906297017
1781741154012
59992489424
1781741155013
60077106334
1781741156012
60161357766
1781741157013
60245698431
1781741158012
60330145237
1781741159013
60414511720
1781741160013
60499101957
1781741161013
60585048148
1781741162013
60672730297
1781741163013
60759818697
1781741164013
60847018791
1781741165012
60934320997
1781741166013
61021423740
1781741167013
61108293940
1781741168012
61195317765
1781741169013
61281907754
1781741170011
61369248717
1781741171012
61456422749
1781741172013
61544194375
1781741173013
61631083679
1781741174013
61718727375
1781741175013
61805553203
1781741176011
61892737428
1781741177012
61979954612
1781741178011
62067877848
1781741179013
62155183045
1781741180012
62242209800
1781741181013
62329245527
1781741182013
62416770998
1781741183011
62503808373
1781741184013
62591706280
1781741185013
62679080019
1781741186012
62766217675
1781741187011
62853345015
1781741188012
62940196660
1781741189013
63027141872
1781741190012
63113876269
1781741191013
63200706980
1781741192012
63288685758
1781741193012
63375164785
1781741194012
63462669139
1781741195012
63549720735
1781741196013
63636616691
1781741197013
63723455580
1781741198012
63810474706
1781741199012
63897267635
1781741200013
63984395830
1781741201013
64071358865
1781741202013
64158582274
1781741203011
64245839253
1781741204012
64333421060
1781741205013
64420491760
1781741206013
64507487875
1781741207013
64594309430
1781741208013
64682175294
1781741209013
64769223167
1781741210013
64856405927
1781741211013
64943777163
1781741212013
65031512840
1781741213012
65118357039
1781741214011
65205946170
1781741215012
65292987329
1781741216013
65380039596
1781741217013
65467009283
1781741218012
65553764066
1781741219012
65640730274
1781741220012
65727737742
1781741221013
65814865937
1781741222013
65902715504
1781741223012
65989875804
1781741224012
66077628814
1781741225012
66164726125
1781741226012
66251575634
1781741227013
66338728243
1781741228013
66425689568
1781741229013
66512450455
1781741230012
66599652929
1781741231012
66686926632
1781741232013
66774715347
1781741233013
66861699500
1781741234012
66949441096
1781741235011
67036558183
1781741236012
67123595985
1781741237012
67210973142
1781741238013
67298471209
1781741239013
67383309126
1781741240012
67470022771
1781741241012
67556799405
1781741242011
67644390245
1781741243011
67731083993
1781741244012
67824169509
1781741245074
67905948535
1781741246013
67992787363
1781741247012
68079582124
1781741248013
68166228631
1781741249011
68253261733
1781741250013
68340142553
1781741251013
68427148373
1781741252012
68514759050
1781741253011
68601899390
1781741254013
68689408688
1781741255011
68776323749
1781741256012
68863310647
1781741257013
68950265198
1781741258012
69037140220
1781741259012
69123879988
1781741260012
69211091862
1781741261013
69297951808
1781741262012
69385434982
1781741263010
69472773199
1781741264013
69560391382
1781741265011
69647221238
1781741266012
69733921334
1781741267012
69820626068
1781741268013
69908204091
1781741269010
69994958080
1781741270012
70082134432
1781741271013
70168688531
1781741272013
70256078749
1781741273012
70342978979
1781741274013
70429112730
1781741275013
70516407795
1781741276013
70603300944
1781741277009
70690421021
1781741278012
70777536338
1781741279012
70864807660
1781741280013
70951755679
1781741281013
71038062771
1781741282013
71126040390
1781741283012
71213503789
1781741284012
71301538292
1781741285012
71388958784
1781741286013
71476279361
1781741287012
71563550012
1781741288011
71651053450
1781741289011
71738505374
1781741290012
71826064171
1781741291012
71913842328
1781741292012
72002211792
1781741293011
72090116413
1781741294014
72178075599
1781741295012
72265563717
1781741296012
72352953508
1781741297013
72440600867
1781741298013
72528450374
1781741299009
72616857191
1781741300013
72704552523
1781741301013
72792095451
1781741302012
72880336863
1781741303013
72967650787
1781741304012
73055688831
1781741305013
73143445076
1781741306013
73231109341
1781741307013
73318571337
1781741308012
73408503907
1781741309013
73498319412
1781741310013
73586534579
1781741311013
73674160392
1781741312011
73762341807
1781741313012
73849887298
1781741314013
73937824756
1781741315012
74025420662
1781741316015
74112754850
1781741317013
74200188281
1781741318011
74287854073
1781741319013
74380693679
1781741320073
74462901476
1781741321012
74550406745
1781741322011
74638508448
1781741323012
74726191268
1781741324013
74814435183
1781741325013
74901731163
1781741326012
74989404462
1781741327013
75076791140
1781741328012
75164169029
1781741329013
75252525614
1781741330013
75340216918
1781741331012
75427833820
1781741332013
75516086341
1781741333013
75603566220
1781741334013
75696929262
1781741335073
75779348057
1781741336013
75866700067
1781741337011
75954557569
1781741338012
76042104892
1781741339012
76129548149
1781741340013
76217174451
1781741341012
76304883272
1781741342011
76393227406
1781741343013
76480692087
1781741344012
76568701078
1781741345012
76656715379
1781741346013
76744080695
1781741347011
76831689296
1781741348012
76919276841
1781741349012
77012178580
1781741350074
77094426539
1781741351011
77182128951
1781741352012
77270272036
1781741353010
77358128073
1781741354013
77446119303
1781741355013
77533558959
1781741356012
77621258625
1781741357013
77709069374
1781741358013
77796627317
1781741359013
77885092117
1781741360012
77972624120
1781741361012
78060488458
1781741362013
78148482678
1781741363012
78236039705
1781741364013
78324242909
1781741365012
78412154977
1781741366013
78499696928
1781741367013
78587378710
1781741368012
78674999336
1781741369013
78762519619
1781741370012
78847408806
1781741371013
78934484084
1781741372013
79022507052
1781741373012
79109963188
1781741374012
79197945018
1781741375013
79285357148
1781741376012
79372578604
1781741377011
79459862378
1781741378012
79547009371
1781741379013
79639517802
1781741380076
79721329299
1781741381011
79808930698
1781741382013
79896900199
1781741383013
79984011426
1781741384012
80071899446
1781741385011
80159309867
1781741386011
80246936779
1781741387011
80334327546
1781741388012
80421783682
1781741389011
80510201241
1781741390012
80597470916
1781741391012
80685065540
1781741392011
80773001716
1781741393012
80860343289
1781741394012
80948404099
1781741395011
81035906256
1781741396011
81123266567
1781741397010
81210961777
1781741398013
81298144171
1781741399012
81385772669
1781741400013
81473014634
1781741401013
81560444525
1781741402013
81648686425
1781741403013
81736151472
1781741404013
81824114260
1781741405013
81911300194
1781741406013
81998360579
1781741407013
82085560734
1781741408012
82172834619
1781741409011
82265334261
1781741410074
82347516789
1781741411013
82434922022
1781741412013
82522940474
1781741413013
82610248356
1781741414013
82698067528
1781741415012
82785423383
1781741416013
82872784915
1781741417013
82959893518
1781741418012
83047382674
1781741419012
83135874390
1781741420013
83223141135
1781741421012
83310575847
1781741422013
83398298706
1781741423012
83485785543
1781741424011
83579189845
1781741425072
83659397769
1781741426013
83746025966
1781741427013
83833204942
1781741428011
83920650335
1781741429012
84008169398
1781741430011
84095555527
1781741431012
84183409367
1781741432013
84271492028
1781741433013
84359024885
1781741434012
84447102174
1781741435013
84534446677
1781741436012
84621929241
1781741437013
84709494446
1781741438012
84796781637
1781741439013
84884232830
1781741440012
84971832642
1781741441013
85059194174
1781741442010
85147455300
1781741443011
85234982359
1781741444012
85322947710
1781741445013
85410449866
1781741446012
85498065914
1781741447013
85585680802
1781741448013
85672998938
1781741449012
85761370660
1781741450011
85848824110
1781741451012
85936591281
1781741452013
86024695608
1781741453013
86112309825
1781741454011
86200655607
1781741455013
86288301928
1781741456012
86376043464
1781741457012
86463632900
1781741458013
86551390610
1781741459013
86638817266
1781741460012
86726258387
1781741461012
86813861252
1781741462012
86901871158
1781741463012
86989364281
1781741464010
87077460674
1781741465011
87165101502
1781741466012
87252753316
1781741467012
87340199015
1781741468012
87427578430
1781741469012
87520580451
1781741470073
87602822977
1781741471013
87690483153
1781741472013
87778515825
1781741473011
87866245459
1781741474012
87954474054
1781741475013
88042082411
1781741476012
88129722690
1781741477013
88216943658
1781741478011
88304503187
1781741479013
88392030795
1781741480009
88479866935
1781741481013
88567170972
1781741482013
88655316315
1781741483013
88742724722
1781741484013
88830697397
1781741485012
88918551481
1781741486013
89005993396
1781741487013
89093619881
1781741488013
89181506252
1781741489015
89268753282
1781741490012
89356480963
1781741491013
89444178859
1781741492013
89532284712
1781741493012
89619831607
1781741494014
89707858787
1781741495013
89795458416
1781741496012
89883045777
1781741497011
89970417807
1781741498012
90058014507
1781741499013
90150683337
1781741500073
90232866781
1781741501013
90320337382
1781741502012
90408366942
1781741503012
90495763142
1781741504012
90584173865
1781741505015
90671253659
1781741506012
90758923357
1781741507013
90846495459
1781741508013
90933903622
1781741509013
91021152727
1781741510010
91109432164
1781741511012
91197015680
1781741512013
91285147596
1781741513013
91372346347
1781741514012
91460224418
1781741515011
91548009594
1781741516013
91635248079
1781741517011
91723067312
1781741518013
91810148205
1781741519012
91897545747
1781741520013
91984705497
1781741521011
92072268872
1781741522012
92160364532
1781741523012
92247819142
1781741524012
92335743844
1781741525012
92423289823
1781741526013
92510796680
1781741527012
92598153512
1781741528011
92685939359
1781741529013
92773262866
1781741530013
92860697883
1781741531013
92948202359
1781741532013
93036350571
1781741533013
93123895635
1781741534012
93211909081
1781741535012
93299505476
1781741536013
93387077395
1781741537012
93474286217
1781741538012
93561806257
1781741539012
93649577273
1781741540013
93737758138
1781741541013
93825559183
1781741542013
93913815915
1781741543013
94001349748
1781741544013
94094887107
1781741545073
94176860163
1781741546012
94264445938
1781741547012
94351924413
1781741548012
94439458307
1781741549012
94526955031
1781741550012
94614312962
1781741551013
94701710321
1781741552012
94789891736
1781741553012
94877148349
1781741554013
94964994193
1781741555011
95052800792
1781741556013
95140130586
1781741557012
95227962148
1781741558013
95315331675
1781741559012
95408215043
1781741560074
95490444874
1781741561013
95577956735
1781741562013
95666321438
1781741563013
95753900316
1781741564013
95841750616
1781741565012
95929421778
1781741566012
96016891952
1781741567012
96104584415
1781741568013
96192173425
1781741569013
96279607100
1781741570013
96368142090
1781741571013
96455703023
1781741572012
96543784219
1781741573013
96631340025
1781741574013
96719318315
1781741575013
96806739722
1781741576012
96894267941
1781741577011
96981858293
1781741578012
97069226599
1781741579012
97156694698
1781741580011
97244326493
1781741581012
97332002172
1781741582013
97420074212
1781741583012
97507519728
1781741584012
97595636934
1781741585013
97683226859
1781741586012
97770723033
1781741587011
97858291901
1781741588013
97945921560
1781741589016
98038468259
1781741590073
98120998382
1781741591013
98208232228
1781741592012
98296418221
1781741593012
98383927824
1781741594013
98471858629
1781741595013
98559475531
1781741596012
98646904506
1781741597012
98734420701
1781741598011
98822062993
1781741599012
98909467860
1781741600011
98998080304
1781741601012
99085527224
1781741602011
99173608358
1781741603010
99261423685
1781741604013
99353588488
1781741605073
99434881188
1781741606013
99522190840
1781741607013
99609316227
1781741608012
99696729089
1781741609012
99784220442
1781741610013
99871612858
1781741611012
99959241174
1781741612013
100047088239
1781741613013
100133975345
1781741614011
100221820396
1781741615012
100308920820
1781741616011
100396386356
1781741617013
100483770959
1781741618013
100570907271
1781741619013
100663355216
1781741620073
100745227015
1781741621012
100832819565
1781741622013
100920793277
1781741623013
101008054407
1781741624012
101096076398
1781741625013
101183154178
1781741626013
101270347802
1781741627012
101357654891
1781741628012
101444872319
1781741629013
101532072657
1781741630013
101620259565
1781741631013
101707497562
1781741632013
101795270592
1781741633012
101882767255
1781741634013
101970195437
1781741635012
102057851707
1781741636013
102144976484
1781741637013
102232217410
1781741638012
102319354272
1781741639011
102406616683
1781741640011
102493736882
1781741641012
102581074000
1781741642012
102669209822
1781741643013
102756518741
1781741644012
102844277611
1781741645012
102931530439
1781741646012
103018901920
1781741647013
103106142114
1781741648012
103193436263
1781741649012
103280533757
1781741650012
103367613124
1781741651012
103455412155
1781741652013
103543029851
1781741653012
103630284327
1781741654011
103718202010
1781741655012
103805449528
1781741656012
103892882287
1781741657015
103979909408
1781741658012
104067147588
1781741659012
104154187283
1781741660011
104242088608
1781741661008
104329744084
1781741662012
104417483728
1781741663011
104504723372
1781741664013
104597678274
1781741665073
104679818261
1781741666013
104766910079
1781741667012
104854297490
1781741668013
104941715052
1781741669013
105028935715
1781741670013
105116405278
1781741671013
105203952539
1781741672013
105291989118
1781741673012
105379273441
1781741674013
105466777062
1781741675011
105554361616
1781741676013
105641717959
1781741677012
105728910851
1781741678012
105812776481
1781741679012
105901142344
1781741680075
105979058526
1781741681011
106031045332
1781741682015
106080911293
1781741683013
106126401045
1781741684013
106170467826
1781741685013
106215695250
1781741686014
106256819900
1781741687011
106302615254
1781741688013
106354102671
1781741689014
106424753736
1781741690012
106509722573
1781741691010
106597316831
1781741692012
106685268327
1781741693013
106771804239
1781741694013
106859039733
1781741695013
106945996847
1781741696013
107032699506
1781741697013
107119471928
1781741698012
107206304591
1781741699013
107293016833
1781741700011
107380032113
1781741701012
107466850860
1781741702011
107554597523
1781741703013
107641479747
1781741704012
107728790070
1781741705011
107816045340
1781741706013
107902971326
1781741707013
107989725620
1781741708011
108076884211
1781741709013
108169015750
1781741710075
108251020545
1781741711015
108337957395
1781741712013
108425480547
1781741713013
108512385720
1781741714013
108599816283
1781741715011
108686785481
1781741716011
108773706035
1781741717011
108862204893
1781741718012
108949085286
1781741719012
109036424357
1781741720013
109123123048
1781741721012
109211192464
1781741722013
109299002542
1781741723013
109386224120
1781741724012
109473822346
1781741725012
109560823405
1781741726012
109647916871
1781741727013
109734789879
1781741728013
109821245224
1781741729012
109906084911
1781741730013
109992449863
1781741731012
110079158015
1781741732012
110166974014
1781741733013
110253533668
1781741734012
110340775144
1781741735013
110427481159
1781741736012
110514284343
1781741737012
110601161318
1781741738012
110687995629
1781741739012
110774757553
1781741740012
110862071111
1781741741013
110948690763
1781741742012
111036270311
1781741743010
111123407967
1781741744012
111210610380
1781741745011
111297317617
1781741746012
111383837903
1781741747011
111470716770
1781741748012
111557576777
1781741749012
111644361467
1781741750012
111731430763
1781741751013
111819758235
1781741752013
111907312210
1781741753012
111994325964
1781741754011
112087262006
1781741755073
112169273270
1781741756013
112256201026
1781741757013
112343034483
1781741758013
112429948995
1781741759013
112516925273
1781741760012
112603786989
1781741761012
112690880639
1781741762013
112778322797
1781741763011
112865170598
1781741764013
112952755456
1781741765013
113039516343
1781741766013
113126361396
1781741767013
113213327726
1781741768013
113300152638
1781741769012
113392575375
1781741770073
113474286775
1781741771013
113561168450
1781741772013
113648874341
1781741773013
113735763340
1781741774012
113823344231
1781741775011
113910380996
1781741776012
113997154699
1781741777013
114084013608
1781741778013
114170522969
1781741779011
114257422344
1781741780012
114344397951
1781741781012
114432509725
1781741782012
114520268961
1781741783011
114607479797
1781741784012
114695148945
1781741785012
114782066997
1781741786012
114869106080
1781741787013
114956122886
1781741788012
115043159102
1781741789013
115130455997
1781741790013
115217475794
1781741791012
115304437424
1781741792013
115392110845
1781741793012
115478840420
1781741794012
115566231310
1781741795013
115652978768
1781741796013
115739693329
1781741797013
115826707022
1781741798013
115913478651
1781741799012
116005489341
1781741800073
116085644775
1781741801013
116172351218
1781741802013
116260502665
1781741803012
116348056030
1781741804012
116436040057
1781741805013
116523608742
1781741806013
116609013125
1781741807012
116695822656
1781741808013
116783051925
1781741809012
116870221014
1781741810013
116957426052
1781741811012
117045601058
1781741812012
117133812746
1781741813013
117221280418
1781741814011
117309139995
1781741815012
117396697205
1781741816013
117484036520
1781741817013
117571352764
1781741818012
117658725221
1781741819012
117746058615
1781741820013
117833339215
1781741821013
117920857423
1781741822013
118008839315
1781741823014
118096282633
1781741824013
118184477537
1781741825013
118271637409
1781741826012
118359138528
1781741827012
118446644285
1781741828013
118533942768
1781741829013
118621174051
1781741830013
118708582030
1781741831012
118796352679
1781741832013
118884352149
1781741833012
118971662838
1781741834012
119059704239
1781741835013
119146787024
1781741836011
119234160458
1781741837012
119321788163
1781741838013
119409182043
1781741839013
119496308956
1781741840011
119583536577
1781741841011
119672035435
1781741842012
119760206718
1781741843012
119847622754
1781741844011
119935764863
1781741845013
120023238088
1781741846013
120110500865
1781741847011
120198206818
1781741848013
120285643545
1781741849012
120372985301
1781741850013
120460652252
1781741851015
120548178822
1781741852012
120636076852
1781741853010
120723854703
1781741854012
120809952200
1781741855011
120896281141
1781741856013
120982969274
1781741857013
121068059510
1781741858013
121154531762
1781741859013
121241093918
1781741860013
121327864387
1781741861012
121415082181
1781741862012
121502539660
1781741863013
121589270273
1781741864011
121677005156
1781741865013
121763492789
1781741866012
121850295179
1781741867011
121937271030
1781741868013
122024032954
1781741869012
122110858354
1781741870012
122197752785
1781741871013
122284916442
1781741872008
122373093340
1781741873011
122459767556
1781741874013
122552405137
1781741875073
122633901632
1781741876013
122720592267
1781741877012
122807400822
1781741878013
122894172450
1781741879013
122981040209
1781741880012
123067799569
1781741881012
123154637909
1781741882012
123242193166
1781741883013
123329106884
1781741884012
123416314424
1781741885013
123503123711
1781741886012
123589649185
1781741887012
123676370521
1781741888012
123762985900
1781741889011
123854883797
1781741890073
123936408674
1781741891013
124023336552
1781741892012
124110742456
1781741893012
124195822438
1781741894013
124281130386
1781741895013
124367146585
1781741896012
124453318666
1781741897012
124539470667
1781741898013
124625394215
1781741899012
124711486279
1781741900011
124797480505
1781741901011
124884065305
1781741902011
124972108476
1781741903011
125058407388
1781741904013
125145714721
1781741905013
125232361899
1781741906013
125317868516
1781741907011
125403656199
1781741908011
125489883029
1781741909012
125576347774
1781741910013
125662494709
1781741911011
125748830303
1781741912012
125836116457
1781741913013
125922267115
1781741914012
126009218675
1781741915012
126095595590
1781741916013
126182047395
1781741917013
126268321771
1781741918011
126354552752
1781741919011
126440693095
1781741920012
126527293398
1781741921013
126613595301
1781741922012
126700658128
1781741923011
126787216012
1781741924015
126873845978
1781741925012
126959945550
1781741926011
127046238786
1781741927012
127132441752
1781741928013
127218665469
1781741929013
127304698635
1781741930012
127390681935
1781741931012
127477313305
1781741932016
127565235016
1781741933012
127651483453
1781741934012
127738676650
1781741935012
127825129737
1781741936012
127911437560
1781741937012
127997716514
1781741938012
128083749009
1781741939012
128170024972
1781741940012
128255906893
1781741941013
128342137934
1781741942012
128429225541
1781741943012
128515526773
1781741944012
128602764648
1781741945011
128688959129
1781741946012
128775122483
1781741947012
128861115122
1781741948011
128947213900
1781741949013
129033324397
1781741950012
129119720844
1781741951012
129206021526
1781741952012
129293815125
1781741953013
129383636367
1781741954012
129470434118
1781741955013
129556642577
1781741956013
129642807395
1781741957013
129729027878
1781741958012
129815332344
1781741959011
129901345674
1781741960011
129987395869
1781741961012
130073572223
1781741962012
130161536780
1781741963012
130247876037
1781741964013
130339907295
1781741965073
130420950545
1781741966012
130507026618
1781741967012
130593178253
1781741968012
130679286920
1781741969012
130765194598
1781741970011
130851166851
1781741971012
130937384831
1781741972011
131024410792
1781741973013
131110440845
1781741974013
131197163768
1781741975012
131283399753
1781741976013
131369295163
1781741977011
131455568990
1781741978012
131542024884
1781741979013
131633486564
1781741980073
131714435759
1781741981011
131800937430
1781741982013
131887653272
1781741983012
131973796423
1781741984012
132060471433
1781741985011
132146644369
1781741986012
132232586959
1781741987012
132318642891
1781741988011
132404733674
1781741989013
132490891047
1781741990013
132576937701
1781741991012
132662940777
1781741992012
132751036865
1781741993012
132837310509
1781741994013
132924297164
1781741995012
133010659919
1781741996013
133096698395
1781741997012
133182909539
1781741998013
133269008745
1781741999011
133355005045
1781742000012
133441135989
1781742001012
133527524135
1781742002013
133614364672
1781742003012
133700522105
1781742004011
133787338350
1781742005012
133873579157
1781742006012
133959575702
1781742007012
134045518170
1781742008011
134131760930
1781742009012
134218117094
1781742010013
134304360769
1781742011012
134390722182
1781742012013
134477602208
1781742013012
134563609556
1781742014012
134650450154
1781742015013
134736602339
1781742016013
134822877020
1781742017013
134909142790
1781742018013
134995148308
1781742019012
135081280533
1781742020013
135167080240
1781742021011
135253496767
1781742022013
135341434652
1781742023012
135427625045
1781742024012
135519937125
1781742025073
135601239224
1781742026012
135687116019
1781742027011
135773498366
1781742028013
135859411903
1781742029012
135945685486
1781742030013
136031824548
1781742031013
136118129808
1781742032012
136205210334
1781742033013
136291871245
1781742034013
136378628469
1781742035012
136464654799
1781742036009
136551066321
1781742037013
136637012818
1781742038013
136723109033
1781742039012
136814660007
1781742040076
136895623484
1781742041013
136981841708
1781742042012
137068433039
1781742043011
137154494586
1781742044012
137241532877
1781742045013
137327467410
1781742046011
137413440029
1781742047011
137499641835
1781742048012
137585686353
1781742049012
137671643897
1781742050012
137757637085
1781742051012
137844080528
1781742052013
137931710126
1781742053009
138018023870
1781742054012
138104949306
1781742055013
138191192189
1781742056013
138277607251
1781742057012
138363731908
1781742058013
138449818785
1781742059013
138535947104
1781742060011
138622282516
1781742061013
138708521492
1781742062013
138795575773
1781742063012
138881569450
1781742064012
138968421583
1781742065012
139054896215
1781742066013
139139919008
1781742067012
139226325098
1781742068013
139312766954
1781742069013
139399227548
1781742070015
139485762178
1781742071013
139570749570
1781742072012
139656659262
1781742073009
139743640424
1781742074012
139830981204
1781742075012
139917715723
1781742076012
140004240770
1781742077011
140091217781
1781742078013
140177650482
1781742079012
140264163322
1781742080011
140350742080
1781742081012
140437889318
1781742082013
140525657465
1781742083011
140613204482
1781742084012
140705899374
1781742085073
140787400447
1781742086013
140873789813
1781742087012
140960442301
1781742088012
141046953616
1781742089011
141133654443
1781742090012
141220350633
1781742091012
141307108345
1781742092013
141394325590
1781742093013
141480859853
1781742094013
141568345958
1781742095015
141654850680
1781742096012
141741307002
1781742097012
141827820757
1781742098012
141914228617
1781742099011
142000955019
1781742100015
142087704735
1781742101015
142173945848
1781742102012
142261625250
1781742103013
142348287809
1781742104012
142435176746
1781742105011
142522077952
1781742106012
142608666598
1781742107012
142695193232
1781742108012
142782016923
1781742109013
142868581704
1781742110013
142955048035
1781742111011
143042012961
1781742112012
143129495526
1781742113012
143217325257
1781742114013
143309877815
1781742115075
143391000166
1781742116013
143477556158
1781742117012
143564062223
1781742118013
143650592580
1781742119013
143737374096
1781742120012
143823970249
1781742121012
143910561519
1781742122013
143997960954
1781742123013
144084555581
1781742124012
144171753722
1781742125011
144258408102
1781742126011
144345352032
1781742127013
144432038334
1781742128013
144518478359
1781742129011
144610319188
1781742130073
144691700755
1781742131013
144778269259
1781742132011
144865792594
1781742133011
144952638014
1781742134013
145040175266
1781742135013
145126886469
1781742136012
145213302447
1781742137012
145300421548
1781742138012
145386861085
1781742139012
145473510948
1781742140012
145560278853
1781742141012
145647035284
1781742142012
145734634975
1781742143013
145822722334
1781742144013
145910209110
1781742145013
145996855495
1781742146012
146083713549
1781742147013
146170467477
1781742148013
146257077790
1781742149013
146343745537
1781742150013
146430166031
1781742151012
146517292456
1781742152013
146604768367
1781742153011
146691581011
1781742154013
146779095313
1781742155013
146865804869
1781742156011
146952691854
1781742157013
147039344098
1781742158012
147125829899
1781742159012
147212598903
1781742160013
147299211841
1781742161012
147385856638
1781742162013
147473327911
1781742163009
147560039786
1781742164011
147647453442
1781742165012
147734066624
1781742166011
147820676570
1781742167012
147907571673
1781742168012
147994060892
1781742169012
148080728456
1781742170013
148167423058
1781742171013
148253984482
1781742172013
148341703984
1781742173012
148429486657
1781742174012
148516613998
1781742175012
148603560125
1781742176012
148690298917
1781742177012
148776700795
1781742178013
148863297619
1781742179012
148949944126
1781742180012
149036446041
1781742181013
149122976947
1781742182013
149210152200
1781742183012
149296781861
1781742184011
149383783348
1781742185012
149470265670
1781742186012
149557010809
1781742187012
149643530913
1781742188012
149730160085
1781742189012
149821968749
1781742190074
149903369359
1781742191012
149990264888
1781742192013
150077589738
1781742193013
150164134255
1781742194011
150251687559
1781742195012
150338229574
1781742196012
150424599164
1781742197013
150511380803
1781742198013
150597583280
1781742199012
150684467152
1781742200013
150770790478
1781742201011
150857636752
1781742202012
150944829156
1781742203013
151032451734
1781742204011
151119699070
1781742205013
151206451960
1781742206013
151292967730
1781742207013
151379343852
1781742208012
151465825198
1781742209011
151552374048
1781742210011
151639251756
1781742211012
151726032722
1781742212013
151813780606
1781742213013
151900314015
1781742214012
151987718088
1781742215012
152074480805
1781742216013
152161072441
1781742217013
152247360428
1781742218013
152333769021
1781742219013
152425660143
1781742220073
152507314536
1781742221012
152594129987
1781742222012
152681598819
1781742223013
152768297327
1781742224013
152855846847
1781742225011
152942287665
1781742226012
153029053801
1781742227012
153115725088
1781742228013
153202179578
1781742229011
153288803746
1781742230012
153375505795
1781742231013
153462310321
1781742232013
153549614236
1781742233012
153637015806
1781742234010
153724712725
1781742235013
153811209391
1781742236011
153897892397
1781742237012
153984499963
1781742238011
154071238022
1781742239013
154157859627
1781742240012
154244536041
1781742241013
154331352042
1781742242012
154418943675
1781742243013
154505602023
1781742244012
154592951897
1781742245013
154678495501
1781742246011
154765125711
1781742247013
154852367187
1781742248013
154939485495
1781742249013
155031698820
1781742250074
155113858400
1781742251013
155200990501
1781742252013
155288505475
1781742253011
155375643436
1781742254012
155463186058
1781742255012
155550351729
1781742256013
155637359807
1781742257013
155724334132
1781742258012
155811401414
1781742259012
155898717597
1781742260013
155985839200
1781742261012
156073194323
1781742262013
156160979743
1781742263012
156248649929
1781742264010
156336910994
1781742265013
156424022160
1781742266012
156511211573
1781742267013
156598092638
1781742268012
156685185371
1781742269013
156772240507
1781742270012
156859297474
1781742271012
156946453623
1781742272013
157034383513
1781742273012
157121697559
1781742274012
157209306283
1781742275013
157296197906
1781742276011
157383193777
1781742277013
157470020398
1781742278011
157557119907
1781742279012
157649411235
1781742280074
157731420974
1781742281013
157818419348
1781742282011
157906593988
1781742283012
157993682937
1781742284012
158081240879
1781742285011
158168669550
1781742286013
158255553116
1781742287013
158342611914
1781742288012
158425926703
1781742289012
158508782326
1781742290013
158591554026
1781742291011
158657199061
1781742292013
158706750997
1781742293013
158760242620
1781742294009
158808708194
1781742295076
158851909561
1781742296013
158896152673
1781742297013
158945892413
1781742298009
158997282968
1781742299013
159047867494
1781742300014
159118939700
1781742301012
159205238246
1781742302012
159292129381
1781742303012
159378198802
1781742304013
159464924532
1781742305012
159551019160
1781742306011
159637197956
1781742307012
159723113629
1781742308012
159809144964
1781742309013
159900533890
1781742310073
159981463737
1781742311012
160067317460
1781742312011
160154289527
1781742313012
160240426697
1781742314012
160327165245
1781742315012
160413209885
1781742316012
160499347543
1781742317013
160587031767
1781742318012
160673539419
1781742319013
160759690993
1781742320013
160845768653
1781742321013
160931808838
1781742322012
161018891989
1781742323012
161104765183
1781742324011
161192958560
1781742325012
161279358791
1781742326012
161366185107
1781742327012
161452184825
1781742328013
161538145055
1781742329013
161624366391
1781742330012
161710594503
1781742331012
161797018537
1781742332012
161883688848
1781742333012
161970087369
1781742334015
162056862416
1781742335013
162141674821
1781742336011
162226525372
1781742337012
162312845891
1781742338012
162398999845
1781742339012
162485078727
1781742340013
162571187515
1781742341012
162657447914
1781742342011
162744241698
1781742343011
162830529747
1781742344012
162917486677
1781742345013
163003643195
1781742346013
163088630038
1781742347013
163175139094
1781742348013
163262051469
1781742349012
163349164222
1781742350013
163436268491
1781742351012
163523576312
1781742352013
163611325111
1781742353012
163698478208
1781742354012
163787343520
1781742355013
163874532933
1781742356013
163961735530
1781742357013
164048674577
1781742358012
164135606056
1781742359012
164222779539
1781742360013
164309752034
1781742361013
164397000102
1781742362013
164484763732
1781742363012
164571867086
1781742364013
164659150004
1781742365010
164746439270
1781742366015
164833441977
1781742367012
164920344648
1781742368012
165007903384
1781742369012
165100326060
1781742370075
165182022384
1781742371013
165269796817
1781742372013
165357469383
1781742373012
165444776350
1781742374012
165531416997
1781742375012
165617235869
1781742376012
165704475819
1781742377012
165791725291
1781742378012
165879379363
1781742379014
165966863209
1781742380013
166053935374
1781742381012
166141634918
1781742382013
166229437183
1781742383013
166316817575
1781742384013
166405449306
1781742385009
166493221115
1781742386012
166580851872
1781742387012
166668508630
1781742388013
166755911299
1781742389012
166843540774
1781742390013
166931096031
1781742391012
167018714642
1781742392012
167106878418
1781742393012
167194576497
1781742394012
167282291238
1781742395012
167369656249
1781742396012
167457310504
1781742397013
167544597024
1781742398012
167632081236
1781742399012
167724574286
1781742400073
167806942544
1781742401013
167894609617
1781742402013
167982522478
1781742403012
168070369055
1781742404012
168158462640
1781742405013
168245809218
1781742406011
168333475681
1781742407012
168421031365
1781742408012
168508633375
1781742409012
168596344759
1781742410013
168684118643
1781742411012
168771617687
1781742412012
168859769194
1781742413012
168947496082
1781742414013
169036093267
1781742415013
169123974268
1781742416012
169211632979
1781742417012
169299317569
1781742418012
169386791405
1781742419012
169474522748
1781742420013
169561855349
1781742421012
169649264488
1781742422011
169737803995
1781742423012
169825110473
1781742424012
169913191424
1781742425012
170001142554
1781742426013
170088710384
1781742427011
170176347367
1781742428013
170263746496
1781742429011
170351124691
1781742430013
170436157859
1781742431012
170522473190
1781742432013
170609992070
1781742433013
170696869533
1781742434013
170784175096
1781742435013
170870831734
1781742436012
170957497833
1781742437012
171043963615
1781742438013
171130514846
1781742439012
171217280310
1781742440013
171303810972
1781742441013
171390436361
1781742442011
171477837016
1781742443012
171564288882
1781742444012
171651871055
1781742445009
171739460309
1781742446011
171826349552
1781742447013
171912685817
1781742448013
171998809315
1781742449011
172085335095
1781742450013
172171853428
1781742451012
172258754756
1781742452012
172346591323
1781742453013
172432626991
1781742454012
172520340024
1781742455013
172606683797
1781742456012
172692750166
1781742457012
172779322637
1781742458011
172865782743
1781742459012
172957553748
1781742460073
173038960034
1781742461012
173125507969
1781742462011
173213228570
1781742463012
173300127273
1781742464013
173387075903
1781742465012
173474019162
1781742466012
173560708210
1781742467013
173647045330
1781742468011
173733770145
1781742469013
173820355433
1781742470013
173906960314
1781742471013
173993695993
1781742472011
174081034331
1781742473011
174167890371
1781742474012
174260533384
1781742475073
174342895172
1781742476012
174429795646
1781742477013
174516256972
1781742478013
174602435157
1781742479012
174689014953
1781742480012
174775605063
1781742481013
174862489728
1781742482013
174949781924
1781742483011
175036443324
1781742484012
175123957443
1781742485012
175210664313
1781742486013
175297211638
1781742487012
175383563223
1781742488013
175469778091
1781742489012
175561583825
1781742490073
175643210264
1781742491013
175730084492
1781742492012
175817496195
1781742493013
175903954103
1781742494011
175991370444
1781742495011
176078154158
1781742496013
176164654058
1781742497011
176251282499
1781742498011
176338105274
1781742499012
176424817943
1781742500012
176511382114
1781742501013
176598143122
1781742502013
176685421829
1781742503011
176771995704
1781742504012
176859218503
1781742505012
176947353776
1781742506011
177033957619
1781742507013
177120108827
1781742508011
177206485864
1781742509012
177293354721
1781742510012
177379768807
1781742511012
177466445037
1781742512010
177553911610
1781742513012
177640471813
1781742514011
177728080476
1781742515015
177814729119
1781742516012
177901428726
1781742517011
177988237525
1781742518015
178074487853
1781742519012
178160833457
1781742520012
178247940717
1781742521015
178334546880
1781742522012
178422208154
1781742523012
178508855699
1781742524012
178596097663
1781742525013
178682695769
1781742526011
178769470449
1781742527013
178856168042
1781742528012
178942634251
1781742529012
179029243099
1781742530012
179115971393
1781742531015
179202281658
1781742532012
179289631105
1781742533013
179376177819
1781742534012
179463567549
1781742535013
179551671389
1781742536013
179638327722
1781742537013
179724981858
1781742538011
179811717415
1781742539012
179898361480
1781742540013
179984973868
1781742541011
180071695631
1781742542012
180159139926
1781742543013
180245818965
1781742544013
180332870072
1781742545013
180419345559
1781742546011
180506093933
1781742547012
180592592491
1781742548011
180679184615
1781742549012
180765797675
1781742550015
180852042754
1781742551012
180939053701
1781742552013
181026425975
1781742553013
181113419405
1781742554015
181200437492
1781742555013
181286689408
1781742556013
181373386207
1781742557013
181460192748
1781742558013
181546622946
1781742559011
181633436079
1781742560012
181720034673
1781742561012
181806567288
1781742562011
181894200060
1781742563013
181980875863
1781742564012
182073514603
1781742565073
182156115405
1781742566012
182242652659
1781742567011
182329535127
1781742568011
182416353691
1781742569012
182503161819
1781742570013
182589735083
1781742571013
182676637876
1781742572013
182764262407
1781742573012
182851116860
1781742574012
182937090578
1781742575011
183022879421
1781742576012
183109976244
1781742577012
183196764657
1781742578013
183283768280
1781742579013
183375701699
1781742580073
183457311109
1781742581012
183544400242
1781742582013
183631939019
1781742583012
183718978164
1781742584012
183806483983
1781742585013
183893345088
1781742586013
183980200457
1781742587013
184067177895
1781742588013
184154124389
1781742589012
184241182210
1781742590012
184327763532
1781742591010
184414953616
1781742592012
184502670555
1781742593012
184589574263
1781742594012
184677279117
1781742595012
184764622094
1781742596009
184851683455
1781742597015
184937942756
1781742598013
185024649016
1781742599013
185111407705
1781742600013
185198388622
1781742601012
185285062473
1781742602011
185373249930
1781742603015
185459997267
1781742604012
185547699496
1781742605012
185634540948
1781742606012
185721351151
1781742607012
185807935158
1781742608011
185894724974
1781742609012
185981301047
1781742610010
186068458905
1781742611012
186155364078
1781742612010
186243294395
1781742613012
186330120710
1781742614012
186417374454
1781742615013
186503980922
1781742616013
186590709948
1781742617012
186677398264
1781742618013
186763975679
1781742619012
186850328546
1781742620011
186937271866
1781742621012
187024144202
1781742622012
187111740231
1781742623012
187198655963
1781742624013
187291844872
1781742625076
187373278807
1781742626008
187461050127
1781742627012
187547986123
1781742628012
187634608399
1781742629012
187721354576
1781742630013
187807981063
1781742631011
187895152348
1781742632013
187982956689
1781742633012
188069710556
1781742634012
188157102789
1781742635013
188243884061
1781742636012
188330749073
1781742637012
188417609934
1781742638012
188504657502
1781742639016
188591482536
1781742640013
188678450026
1781742641011
188765571385
1781742642013
188853473626
1781742643013
188940613661
1781742644012
189028188022
1781742645012
189115196283
1781742646011
189201903032
1781742647013
189288610390
1781742648013
189375213196
1781742649012
189461862876
1781742650011
189548933454
1781742651012
189635984928
1781742652013
189723549218
1781742653012
189810438217
1781742654012
189897960698
1781742655012
189984979091
1781742656013
190072898971
1781742657012
190159567633
1781742658011
190246487149
1781742659012
190333417103
1781742660012
190420261912
1781742661012
190507373200
1781742662011
190595048269
1781742663012
190682016003
1781742664011
190769564546
1781742665012
190856215203
1781742666013
190942853653
1781742667013
191029574561
1781742668011
191116399046
1781742669012
191208474555
1781742670073
191290089153
1781742671012
191377142519
1781742672012
191464701743
1781742673012
191551540510
1781742674013
191638755680
1781742675012
191725521876
1781742676013
191812042040
1781742677013
191898949106
1781742678013
191985655976
1781742679013
192072206963
1781742680012
192158929275
1781742681012
192245649390
1781742682012
192331483948
1781742683012
192418488120
1781742684013
192506100688
1781742685012
192593224794
1781742686013
192681294942
1781742687013
192768140728
1781742688012
192855154727
1781742689013
192941871423
1781742690012
193028715256
1781742691012
193116055914
1781742692013
193203870875
1781742693013
193290925767
1781742694013
193378303534
1781742695012
193465349515
1781742696013
193552295337
1781742697013
193639240915
1781742698012
193726262848
1781742699013
193818381570
1781742700073
193900293836
1781742701013
193986933018
1781742702013
194074409296
1781742703013
194161608413
1781742704013
194249200108
1781742705011
194336313777
1781742706013
194423273210
1781742707013
194510358619
1781742708012
194597000304
1781742709013
194683920186
1781742710013
194770966595
1781742711012
194858296449
1781742712013
194946009848
1781742713012
195033112896
1781742714013
195119866153
1781742715013
195205629117
1781742716012
195293437669
1781742717013
195379901315
1781742718011
195466801849
1781742719013
195553501395
1781742720012
195640408461
1781742721012
195727270360
1781742722013
195814868280
1781742723011
195902101516
1781742724012
195989455907
1781742725011
196076064145
1781742726011
196162883197
1781742727011
196249772074
1781742728012
196336603089
1781742729013
196428454722
1781742730074
196509920761
1781742731013
196596762091
1781742732013
196684073025
1781742733013
196771103381
1781742734013
196858322396
1781742735012
196945099517
1781742736013
197031618705
1781742737012
197118413832
1781742738013
197204930334
1781742739011
197291713559
1781742740012
197378359761
1781742741013
197465178997
1781742742013
197552521791
1781742743011
197639524070
1781742744013
197726932538
1781742745012
197813733524
1781742746013
197901427758
1781742747012
197988543807
1781742748011
198075487249
1781742749012
198162400722
1781742750012
198249362902
1781742751011
198336263437
1781742752012
198423860991
1781742753012
198510717030
1781742754013
198598294992
1781742755013
198685124482
1781742756013
198771817009
1781742757012
198858708754
1781742758013
198945578039
1781742759011
199037608931
1781742760073
199119123188
1781742761013
199206126139
1781742762016
199293390747
1781742763013
199380040550
1781742764012
199466359482
1781742765012
199551648265
1781742766013
199638298800
1781742767011
199724977899
1781742768013
199811613236
1781742769013
199898181008
1781742770013
199984572693
1781742771012
200071213890
1781742772013
200158324568
1781742773012
200244565924
1781742774012
200331846646
1781742775012
200418401661
1781742776012
200506042855
1781742777011
200592633026
1781742778013
200679197807
1781742779012
200765693374
1781742780011
200852184730
1781742781012
200939013121
1781742782013
201026175801
1781742783013
201112511639
1781742784013
201199785220
1781742785013
201286356836
1781742786011
201372995836
1781742787012
201459614633
1781742788012
201546019929
1781742789012
201637718059
1781742790073
201719046036
1781742791012
201804329204
1781742792011
201891399294
1781742793012
201978353722
1781742794012
202065559248
1781742795012
202152665532
1781742796012
202239444973
1781742797011
202326228503
1781742798012
202412975107
1781742799011
202499905915
1781742800012
202586888541
1781742801013
202673806288
1781742802012
202761504000
1781742803011
202848466119
1781742804012
202935969923
1781742805013
203022794225
1781742806012
203110116816
1781742807009
203197358536
1781742808013
203284345801
1781742809012
203371527951
1781742810011
203458453815
1781742811012
203545633829
1781742812012
203633254881
1781742813013
203718097010
1781742814013
203804884141
1781742815013
203891699105
1781742816013
203978672454
1781742817013
204065476065
1781742818012
204152329724
1781742819012
204239114658
1781742820013
204325996089
1781742821012
204412634050
1781742822013
204500005043
1781742823012
204586912901
1781742824012
204674695696
1781742825013
204761814370
1781742826013
204848567932
1781742827013
204935378501
1781742828011
205022281416
1781742829012
205109200932
1781742830013
205196389246
1781742831013
205283347947
1781742832012
205371012701
1781742833012
205457816494
1781742834011
205545398301
1781742835013
205632350105
1781742836012
205719434294
1781742837010
205807365831
1781742838013
205894350472
1781742839012
205981194732
1781742840013
206067942069
1781742841013
206154992993
1781742842011
206242338778
1781742843012
206328772089
1781742844012
206416017533
1781742845012
206502647682
1781742846012
206589145568
1781742847013
206675395958
1781742848013
206761951278
1781742849012
206853849298
1781742850074
206935642484
1781742851013
207022779590
1781742852013
207110432259
1781742853013
207197489043
1781742854013
207285319140
1781742855013
207372491036
1781742856013
207459149872
1781742857012
207546230582
1781742858012
207633247266
1781742859012
207720373874
1781742860013
207807462396
1781742861012
207894464248
1781742862011
207982227634
1781742863012
208069345331
1781742864011
208157254652
1781742865012
208244417881
1781742866013
208331179683
1781742867012
208418541032
1781742868012
208505506568
1781742869012
208592201537
1781742870011
208679063558
1781742871012
208765664105
1781742872013
208853304689
1781742873012
208940580039
1781742874013
209028329204
1781742875013
209115546572
1781742876012
209202741966
1781742877012
209289706343
1781742878012
209376610539
1781742879012
209463310330
1781742880012
209550378649
1781742881013
209637494515
1781742882013
209725068815
1781742883012
209811842763
1781742884013
209899327524
1781742885012
209986244538
1781742886013
210072661187
1781742887013
210159390030
1781742888011
210246390661
1781742889012
210333105344
1781742890011
210420115131
1781742891012
210507463052
1781742892013
210595278867
1781742893013
210682116658
1781742894013
210768345197
1781742895012
210854545293
1781742896011
210940776640
1781742897012
211028312671
1781742898013
211111352803
1781742899013
211193945304
1781742900012
211267004565
1781742901013
211316307234
1781742902013
211367581212
1781742903011
211413047343
1781742904013
211460402080
1781742905012
211506091111
1781742906013
211547884034
1781742907013
211590320693
1781742908012
211635444662
1781742909014
211690189578
1781742910076
211738844604
1781742911013
211822249847
1781742912013
211909714833
1781742913012
211996652782
1781742914012
212084071321
1781742915012
212171127738
1781742916013
212258040968
1781742917012
212346440522
1781742918012
212433622001
1781742919013
212520729077
1781742920013
212607527439
1781742921012
212694706354
1781742922012
212782670423
1781742923012
212869840122
1781742924013
212957755363
1781742925013
213045206494
1781742926013
213132294040
1781742927012
213220464225
1781742928012
213307791088
1781742929013
213395219209
1781742930013
213482182305
1781742931013
213569306898
1781742932012
213657381319
1781742933012
213744362053
1781742934010
213832217907
1781742935013
213919573458
1781742936012
214006675163
1781742937011
214094085523
1781742938012
214181217502
1781742939012
214268177180
1781742940011
214355590957
1781742941013
214442709203
1781742942011
214530467402
1781742943011
214618014541
1781742944012
214705864963
1781742945013
214793186395
1781742946011
214880475844
1781742947012
214967822849
1781742948013
215055174005
1781742949012
215142436477
1781742950013
215229178504
1781742951012
215316774959
1781742952013
215404423599
1781742953013
215491703649
1781742954012
215585155375
1781742955076
215667076675
1781742956013
215754468724
1781742957013
215842681999
1781742958013
215929880628
1781742959012
216017200351
1781742960013
216104419000
1781742961012
216191697585
1781742962012
216279498447
1781742963012
216366891228
1781742964013
216454549512
1781742965013
216541927951
1781742966012
216629104302
1781742967012
216716608900
1781742968013
216803845859
1781742969013
216896431560
1781742970073
216978666945
1781742971013
217065683140
1781742972012
217154145805
1781742973013
217241514355
1781742974013
217329174043
1781742975013
217416520133
1781742976013
217503614759
1781742977012
217590905673
1781742978012
217678101861
1781742979013
217765240554
1781742980012
217852643528
1781742981011
217940020075
1781742982012
218027845167
1781742983012
218115198215
1781742984013
218208548684
1781742985075
218290400220
1781742986011
218377595492
1781742987013
218465181572
1781742988009
218552734509
1781742989013
218639688877
1781742990012
218727112664
1781742991013
218814399306
1781742992013
218902390597
1781742993013
218989273370
1781742994013
219076931166
1781742995012
219164168247
1781742996013
219251110163
1781742997012
219338523880
1781742998013
219425420386
1781742999012
219512639706
1781743000013
219599868364
1781743001013
219687280921
1781743002013
219775293880
1781743003013
219862297441
1781743004011
219950233129
1781743005013
220037517635
1781743006013
220124689103
1781743007013
220211892799
1781743008011
220299056638
1781743009012
220386023700
1781743010012
220473475869
1781743011012
220560892332
1781743012013
220648776995
1781743013013
220736035683
1781743014012
220824129513
1781743015015
220911037249
1781743016012
220998241982
1781743017011
221085780881
1781743018009
221173402483
1781743019012
221260792884
1781743020013
221347907591
1781743021012
221435535967
1781743022013
221523291663
1781743023013
221610740597
1781743024013
221698772964
1781743025013
221785814306
1781743026012
221873249691
1781743027012
221960201616
1781743028011
222047520790
1781743029013
222134726560
1781743030013
222221770283
1781743031011
222309371438
1781743032012
222397168271
1781743033011
222484335284
1781743034012
222572261756
1781743035013
222659459226
1781743036013
222746676043
1781743037012
222833886269
1781743038013
222920737182
1781743039011
223008178060
1781743040012
223095404765
1781743041012
223182543153
1781743042013
223270403584
1781743043012
223357678141
1781743044012
223445437743
1781743045013
223532649251
1781743046013
223619896708
1781743047012
223707235413
1781743048013
223795424762
1781743049012
223882633462
1781743050012
223969946410
1781743051013
224057037130
1781743052011
224144730387
1781743053012
224231823181
1781743054013
224319649128
1781743055013
224406836649
1781743056013
224493942383
1781743057013
224580768882
1781743058012
224668171674
1781743059013
224755058475
1781743060013
224842295312
1781743061013
224929613082
1781743062012
225017528873
1781743063011
225105051964
1781743064013
225192995281
1781743065012
225279986086
1781743066011
225367075097
1781743067012
225454169845
1781743068011
225541452092
1781743069013
225628512904
1781743070012
225715468004
1781743071012
225802864326
1781743072013
225890852565
1781743073013
225977487353
1781743074012
226065319525
1781743075012
226152612576
1781743076013
226239878221
1781743077012
226327293891
1781743078013
226415393031
1781743079012
226502798996
1781743080013
226589886481
1781743081012
226676933682
1781743082012
226764703477
1781743083012
226851911506
1781743084012
226939665492
1781743085012
227027114915
1781743086011
227114228949
1781743087012
227201281461
1781743088013
227288511828
1781743089012
227375660470
1781743090012
227462949858
1781743091013
227550294728
1781743092011
227638139901
1781743093011
227725802701
1781743094013
227813703904
1781743095013
227900791633
1781743096012
227988023587
1781743097012
228075269580
1781743098013
228162300424
1781743099012
228249583404
1781743100012
228336888173
1781743101012
228424461557
1781743102013
228512185209
1781743103012
228599381764
1781743104013
228692809259
1781743105073
228774636076
1781743106013
228861465931
1781743107013
228948603282
1781743108012
229036445525
1781743109012
229123505117
1781743110010
229211130136
1781743111013
229298398163
1781743112013
229386212147
1781743113013
229473253855
1781743114012
229561006316
1781743115013
229648330677
1781743116013
229735562937
1781743117013
229822706269
1781743118012
229910019705
1781743119012
230002228514
1781743120073
230084402498
1781743121013
230171559013
1781743122013
230259280590
1781743123013
230346642000
1781743124012
230434374564
1781743125013
230521563305
1781743126013
230608674715
1781743127012
230696064384
1781743128013
230782871291
1781743129011
230869844335
1781743130012
230956876400
1781743131012
231044202897
1781743132013
231131904943
1781743133013
231219155575
1781743134012
231306673478
1781743135013
231394006750
1781743136013
231480765439
1781743137012
231568130084
1781743138012
231656160864
1781743139013
231743152646
1781743140013
231830145160
1781743141013
231917202616
1781743142013
232005143003
1781743143013
232092055623
1781743144012
232179829690
1781743145013
232267028441
1781743146013
232354158650
1781743147012
232441767435
1781743148013
232529119811
1781743149013
232616421895
1781743150015
232703510295
1781743151012
232790619691
1781743152013
232878283346
1781743153012
232965711345
1781743154013
233053352722
1781743155012
233140644735
1781743156011
233227704021
1781743157011
233314847292
1781743158013
233401916039
1781743159012
233488953841
1781743160013
233576099797
1781743161012
233663175563
1781743162013
233750660629
1781743163013
233837779425
1781743164012
233925474391
1781743165012
234012547593
1781743166013
234099580024
1781743167012
234186715849
1781743168013
234274811143
1781743169010
234361978706
1781743170012
234449296597
1781743171013
234536942613
1781743172013
234624810857
1781743173012
234712229823
1781743174013
234800067550
1781743175012
234887021978
1781743176011
234974371486
1781743177012
235061631944
1781743178011
235148882331
1781743179011
235236100186
1781743180013
235323424548
1781743181013
235410472970
1781743182011
235498436429
1781743183013
235585563159
1781743184013
235673250861
1781743185013
235760552396
1781743186013
235847535205
1781743187013
235934769845
1781743188012
236021819610
1781743189012
236108911794
1781743190011
236196233715
1781743191013
236283324739
1781743192011
236371048941
1781743193012
236458285290
1781743194013
236545764314
1781743195011
236633201041
1781743196012
236720391003
1781743197012
236807714327
1781743198013
236895316153
1781743199008
236983193919
1781743200012
237070611786
1781743201012
237157998647
1781743202011
237245686533
1781743203012
237333069122
1781743204013
237420858326
1781743205013
237507983835
1781743206012
237595281830
1781743207013
237682395498
1781743208013
237769266309
1781743209012
237861686848
1781743210074
237943798760
1781743211013
238031335950
1781743212013
238119172761
1781743213013
238206010064
1781743214012
238293740369
1781743215012
238381278231
1781743216013
238468377373
1781743217012
238555602247
1781743218012
238642667271
1781743219013
238729774470
1781743220013
238816870988
1781743221012
238904211584
1781743222012
238992127558
1781743223012
239079445511
1781743224011
239167219883
1781743225013
239254676385
1781743226013
239341690140
1781743227011
239428923376
1781743228012
239515944698
1781743229009
239604173965
1781743230012
239691280797
1781743231011
239778923090
1781743232013
239866675612
1781743233012
239954110691
1781743234013
240041650994
1781743235013
240128785781
1781743236013
240215753881
1781743237011
240303022334
1781743238013
240390220170
1781743239013
240482443872
1781743240073
240564605344
1781743241013
240652084185
1781743242013
240739564735
1781743243011
240826923703
1781743244013
240914760087
1781743245013
241001824623
1781743246013
241088865171
1781743247011
241176216754
1781743248015
241263146830
1781743249012
241350222046
1781743250011
241437276267
1781743251013
241524510968
1781743252013
241612427185
1781743253013
241699329490
1781743254012
241792549161
1781743255073
241874471253
1781743256012
241961748069
1781743257013
242048687055
1781743258012
242135821170
1781743259013
242223839194
1781743260012
242311020002
1781743261013
242398254092
1781743262013
242486138511
1781743263012
242573156171
1781743264012
242660491031
1781743265011
242747739587
1781743266013
242835088057
1781743267011
242922300175
1781743268012
243009528406
1781743269012
243101863680
1781743270073
243182351206
1781743271013
243268207004
1781743272012
243355953545
1781743273013
243443025832
1781743274011
243530747470
1781743275013
243617869683
1781743276013
243704994888
1781743277013
243791976476
1781743278013
243878984493
1781743279013
243965852862
1781743280012
244052741312
1781743281012
244139876343
1781743282012
244227662068
1781743283013
244314922037
1781743284013
244407815720
1781743285073
244489679463
1781743286012
244576875468
1781743287013
244663996888
1781743288013
244750815452
1781743289011
244839261515
1781743290013
244926436463
1781743291012
245013464316
1781743292013
245101528605
1781743293012
245188501893
1781743294013
245276350362
1781743295012
245363429485
1781743296012
245450665773
1781743297012
245537782676
1781743298012
245625036664
1781743299012
245717538502
1781743300073
245799606896
1781743301012
245886350021
1781743302012
245974334903
1781743303013
246061485559
1781743304012
246149186751
1781743305013
246236191044
1781743306011
246323287928
1781743307011
246410433213
1781743308013
246497408393
1781743309012
246584482023
1781743310012
246671566212
1781743311012
246758733347
1781743312012
246846152312
1781743313012
246933412831
1781743314013
247027095819
1781743315077
247108503570
1781743316013
247195499685
1781743317013
247282407848
1781743318013
247369340792
1781743319013
247457594107
1781743320013
247544725292
1781743321013
247631903536
1781743322013
247719392753
1781743323012
247806408887
1781743324013
247894257784
1781743325013
247981516838
1781743326012
248068590040
1781743327012
248155848056
1781743328013
248242833063
1781743329012
248329980423
1781743330013
248416835608
1781743331011
248504402279
1781743332013
248592069962
1781743333012
248679177466
1781743334012
248766902400
1781743335012
248854485855
1781743336013
248941487769
1781743337013
249028801937
1781743338013
249115829913
1781743339013
249203041237
1781743340013
249290522520
1781743341011
249377959674
1781743342012
249465781959
1781743343012
249553183896
1781743344013
249640967667
1781743345012
249728478430
1781743346013
249815933711
1781743347013
249903054948
1781743348013
249990320960
1781743349013
250078253047
1781743350013
250165458207
1781743351013
250253017187
1781743352012
250340607112
1781743353012
250427739396
1781743354012
250515828770
1781743355013
250602882502
1781743356013
250689926347
1781743357012
250777059058
1781743358010
250864387631
1781743359013
250956909794
1781743360073
251038625650
1781743361012
251125754882
1781743362011
251213771014
1781743363012
251300986794
1781743364011
251388744016
1781743365012
251476177447
1781743366013
251563306008
1781743367013
251650104858
1781743368012
251737374959
1781743369012
251824508098
1781743370013
251911762208
1781743371011
251999090842
1781743372013
252086819682
1781743373012
252174040040
1781743374012
252267116279
1781743375073
252348991924
1781743376012
252436159914
1781743377012
252523030785
1781743378011
252610072860
1781743379012
252697539371
1781743380009
252785021203
1781743381013
252872026107
1781743382013
252959582280
1781743383011
253046798914
1781743384012
253134366683
1781743385012
253221334539
1781743386012
253308470608
1781743387013
253395441088
1781743388012
253482602120
1781743389012
253575207840
1781743390076
253656957142
1781743391012
253744451364
1781743392013
253832295011
1781743393013
253919623279
1781743394012
254007448005
1781743395012
254094631193
1781743396013
254181605763
1781743397012
254268812876
1781743398012
254355834076
1781743399012
254442943228
1781743400013
254529922315
1781743401012
254617105319
1781743402012
254705167228
1781743403014
254792132398
1781743404012
254884349569
1781743405075
254964289672
1781743406013
255049088405
1781743407013
255133554498
1781743408011
255219701067
1781743409013
255306199075
1781743410010
255393923765
1781743411012
255480615621
1781743412011
255567847636
1781743413012
255654639650
1781743414013
255741872276
1781743415013
255828807906
1781743416011
255915924260
1781743417013
256002473599
1781743418012
256089226489
1781743419012
256181088925
1781743420073
256262681612
1781743421013
256349711113
1781743422013
256437130323
1781743423013
256523804967
1781743424012
256611234797
1781743425013
256697586748
1781743426013
256784092325
1781743427013
256870628908
1781743428012
256957337976
1781743429012
257043789842
1781743430012
257130248605
1781743431012
257217147308
1781743432013
257304334768
1781743433013
257390795484
1781743434013
257478068881
1781743435013
257564728083
1781743436012
257651012713
1781743437011
257737662699
1781743438012
257824272463
1781743439013
257910986779
1781743440012
257998420699
1781743441012
258085117864
1781743442013
258172601283
1781743443013
258259387438
1781743444013
258346787910
1781743445011
258433662932
1781743446013
258520221731
1781743447011
258606829236
1781743448011
258693840854
1781743449013
258780491878
1781743450012
258867345781
1781743451011
258954651588
1781743452012
259042000241
1781743453012
259129062763
1781743454015
259216302835
1781743455013
259302976502
1781743456013
259389775230
1781743457013
259476157455
1781743458013
259562497200
1781743459010
259649624113
1781743460016
259736295156
1781743461012
259822963513
1781743462011
259910659150
1781743463013
259997308831
1781743464013
260084594435
1781743465011
260171489721
1781743466013
260258227536
1781743467013
260345120441
1781743468013
260431803751
1781743469012
260518237551
1781743470012
260605366967
1781743471013
260690635730
1781743472013
260777790842
1781743473013
260864928192
1781743474013
260952587391
1781743475011
261039809519
1781743476012
261126872223
1781743477012
261213949942
1781743478012
261301095349
1781743479013
261387777806
1781743480012
261475278009
1781743481012
261562472976
1781743482013
261650150303
1781743483012
261737224848
1781743484010
261824864516
1781743485011
261912045323
1781743486013
261998886532
1781743487013
262086086199
1781743488013
29674362
1781743489012
116708990
1781743490013
203772061
1781743491013
291266710
1781743492013
378936835
1781743493012
466650172
1781743494013
553645677
1781743495013
639900522
1781743496012
726983917
1781743497012
813920767
1781743498013
900779005
1781743499012
987757664
1781743500013
1075699272
1781743501012
1162837599
1781743502012
1250703035
1781743503012
1338013115
1781743504012
1426108409
1781743505013
1513152132
1781743506012
1600246940
1781743507013
1687441297
1781743508013
1774208409
1781743509012
1862584831
1781743510072
1941086095
1781743511013
2024089056
1781743512013
2108045262
1781743513013
2174035999
1781743514013
2224907084
1781743515013
2278203091
1781743516014
2324277985
1781743517013
2367491619
1781743518013
2412168202
1781743519013
2453663213
1781743520013
2499874581
1781743521014
2542213889
1781743522013
2584500585
1781743523012
2624797174
1781743524013
2669940125
1781743525076
2712215651
1781743526013
2754512113
1781743527013
2794122851
1781743528013
2834831793
1781743529013
2875079309
1781743530013
2917168923
1781743531013
2958087214
1781743532013
3000725228
1781743533015
3040854581
1781743534013
3082399152
1781743535012
3122693727
1781743536014
3162759603
1781743537013
3202696879
1781743538012
3242630736
1781743539014
3283511979
1781743540014
3326813199
1781743541015
3369225017
1781743542015
3411342646
1781743543014
3451788953
1781743544013
3493038970
1781743545013
3534199143
1781743546014
3574290349
1781743547013
3614485619
1781743548014
3654296003
1781743549013
3694361330
1781743550013
3734711935
1781743551013
3775806434
1781743552014
3816817316
1781743553013
3857586865
1781743554013
3900399011
1781743555014
3945404511
1781743556014
3986667650
1781743557014
4026540046
1781743558014
4067421777
1781743559013
4107548322
1781743560013
4149555111
1781743561010
4190866285
1781743562013
4232354399
1781743563015
4272069080
1781743564013
4313751896
1781743565014
4354865865
1781743566014
4395349648
1781743567015
4434419983
1781743568013
4474450947
1781743569013
4517514436
1781743570076
4558812059
1781743571014
4600401430
1781743572013
4641591511
1781743573014
4681498940
1781743574013
4723125115
1781743575014
4763100721
1781743576013
4803782502
1781743577013
4844913988
1781743578011
4886937501
1781743579013
4928024615
1781743580013
4969448032
1781743581013
5011402942
1781743582013
5053504274
1781743583014
5094138692
1781743584013
5138688871
1781743585076
5180766644
1781743586014
5223831719
1781743587013
5263143203
1781743588013
5303100498
1781743589015
5343474662
1781743590014
5384452646
1781743591010
5427177451
1781743592013
5469539830
1781743593015
5509826226
1781743594013
5551457467
1781743595013
5592346035
1781743596015
5633323957
1781743597013
5673115481
1781743598013
5713190940
1781743599013
5756274265
1781743600076
5797303762
1781743601013
5839987368
1781743602014
5881280109
1781743603013
5922352392
1781743604013
5964202444
1781743605014
6004378671
1781743606014
6045134854
1781743607016
6085293015
1781743608013
6124932257
1781743609013
6163815153
1781743610013
6203831713
1781743611013
6245097232
1781743612014
6286769184
1781743613012
6326010966
1781743614014
6368138116
1781743615013
6412461672
1781743616014
6455258682
1781743617014
6494667211
1781743618013
6534560786
1781743619014
6574908522
1781743620013
6614301670
1781743621013
6656449390
1781743622012
6698844118
1781743623013
6738658164
1781743624013
6780363318
1781743625013
6821220757
1781743626013
6861273633
1781743627014
6901187288
1781743628015
6940928154
1781743629013
6984575564
1781743630076
7026044940
1781743631015
7067853427
1781743632013
7108917225
1781743633013
7149008126
1781743634013
7189663112
1781743635013
7230138717
1781743636013
7269974980
1781743637014
7310477500
1781743638014
7350394635
1781743639014
7391023071
1781743640014
7431053791
1781743641013
7472007605
1781743642013
7513395011
1781743643015
7553305614
1781743644013
7595719446
1781743645013
7640645601
1781743646013
7683402937
1781743647013
7722775700
1781743648013
7763196495
1781743649014
7802798872
1781743650014
7842096867
1781743651013
7884718523
1781743652013
7926530062
1781743653013
7967005727
1781743654014
8007881233
1781743655013
8048961572
1781743656015
8088668379
1781743657013
8128337284
1781743658013
8168771629
1781743659013
8212357638
1781743660075
8253744800
1781743661013
8297450560
1781743662015
8338492569
1781743663013
8379476900
1781743664013
8420137440
1781743665013
8460327401
1781743666014
8500705288
1781743667013
8540821214
1781743668013
8580550360
1781743669013
8620075283
1781743670013
8660531539
1781743671013
8701795045
1781743672013
8743430131
1781743673014
8784331088
1781743674013
8829188029
1781743675076
8870613338
1781743676012
8912541636
1781743677013
8952423309
1781743678013
8992344960
1781743679013
9033164252
1781743680012
9073575099
1781743681013
9116028909
1781743682013
9158499320
1781743683015
9198428417
1781743684014
9239503751
1781743685013
9280198898
1781743686014
9321677552
1781743687012
9361323935
1781743688014
9401224956
1781743689013
9446331225
1781743690076
9487179875
1781743691015
9527955100
1781743692013
9569718909
1781743693014
9609535275
1781743694013
9650254042
1781743695012
9690349765
1781743696013
9730401359
1781743697013
9770329113
1781743698014
9810646027
1781743699014
9850783192
1781743700013
9891798224
1781743701013
9932478662
1781743702015
9973968485
1781743703013
10014312375
1781743704013
10059801639
1781743705076
10101549762
1781743706014
10142959690
1781743707014
10182901482
1781743708013
10222587599
1781743709013
10262810458
1781743710013
10302982352
1781743711015
10345561527
1781743712012
10389137588
1781743713013
10429565341
1781743714014
10471284594
1781743715014
10512401188
1781743716015
10554044697
1781743717015
10594057046
1781743718013
10634178403
1781743719013
10675081741
1781743720013
10719799705
1781743721013
10761350868
1781743722013
10802872735
1781743723014
10842999158
1781743724013
10884192534
1781743725013
10923925464
1781743726013
10963600473
1781743727013
11003542631
1781743728013
11043505969
1781743729013
11082938485
1781743730014
11123596157
1781743731013
11164545942
1781743732014
11205712035
1781743733014
11246242144
1781743734013
11291422876
1781743735076
11332954874
1781743736013
11374871820
1781743737013
11414513686
1781743738013
11454402561
1781743739012
11495791005
1781743740012
11535865243
1781743741014
11579106587
1781743742011
11621495639
1781743743014
11661114373
1781743744014
11702494943
1781743745014
11743833522
1781743746014
11783811386
1781743747013
11824274112
1781743748013
11864692709
1781743749013
11908904388
1781743750076
11949873033
1781743751014
11992606811
1781743752016
12033589189
1781743753012
12073436010
1781743754014
12114916251
1781743755014
12155896126
1781743756013
12196015592
1781743757013
12236455002
1781743758012
12276574040
1781743759013
12315857082
1781743760016
12356126327
1781743761013
12397146424
1781743762014
12439042496
1781743763013
12478800695
1781743764013
12524179058
1781743765075
12566846368
1781743766013
12609192940
1781743767014
12649491665
1781743768013
12689483017
1781743769015
12729203314
1781743770013
12769365076
1781743771014
12810933634
1781743772010
12854875355
1781743773014
12895088997
1781743774014
12937788107
1781743775014
12978467385
1781743776013
13018771603
1781743777013
13058237322
1781743778013
13098994908
1781743779014
13140431326
1781743780013
13181355659
1781743781013
13222039149
1781743782014
13263430401
1781743783014
13303240296
1781743784013
13346732128
1781743785013
13387134613
1781743786013
13427133534
1781743787013
13467765693
1781743788013
13507096159
1781743789014
13547346666
1781743790013
13587528204
1781743791013
13632514295
1781743792010
