221958424765
1781743813260
221992810664
1781743814013
222038422913
1781743815013
222084229436
1781743816013
222129402843
1781743817013
222174927385
1781743818014
222219810144
1781743819012
222265277923
1781743820012
222310525732
1781743821012
222355785748
1781743822014
222400665271
1781743823013
222443572693
1781743824012
222481832117
1781743825012
222520117358
1781743826012
222559254038
1781743827012
222598209993
1781743828012
222638214407
1781743829013
222679841254
1781743830011
222720046900
1781743831012
222759942916
1781743832013
222798993170
1781743833014
222838818874
1781743834012
222876766592
1781743835013
222918179328
1781743836050
222958183314
1781743837014
223002747165
1781743838013
223043676138
1781743839013
223085137091
1781743840012
223125516993
1781743841013
223165749495
1781743842013
223205125370
1781743843013
223243444364
1781743844013
223282935352
1781743845014
223322355173
1781743846013
223361049165
1781743847013
223404596661
1781743848012
223450172778
1781743849012
223501358254
1781743850011
223568625416
1781743851012
223654585523
1781743852012
223741750095
1781743853012
223828706354
1781743854010
223916083694
1781743855012
224003243200
1781743856011
224090268307
1781743857012
224177410906
1781743858011
224264783607
1781743859010
224353279047
1781743860010
224438632222
1781743861012
224523573350
1781743862012
224610711249
1781743863012
224698028897
1781743864012
224785250598
1781743865012
224872454598
1781743866011
224959861723
1781743867011
225047034962
1781743868012
225134462533
1781743869011
225223222438
1781743870010
225310829819
1781743871012
225398312871
1781743872012
225485615138
1781743873012
225572923935
1781743874012
225660470342
1781743875012
225747864771
1781743876012
225835153305
1781743877012
225922518011
1781743878011
226009891383
1781743879012
226097996871
1781743880009
226185825808
1781743881012
226273375023
1781743882011
226360221236
1781743883012
226445131846
1781743884012
226532582001
1781743885012
226619691702
1781743886012
226706539746
1781743887010
226794017306
1781743888012
226881424980
1781743889012
226969814524
1781743890009
227056366671
1781743891012
227143687065
1781743892012
227231023450
1781743893012
227318500643
1781743894012
227405804680
1781743895012
227493221265
1781743896012
227580452976
1781743897011
227667622186
1781743898012
227755024916
1781743899012
227843418306
1781743900009
227931043692
1781743901012
228018472301
1781743902012
228105669282
1781743903011
228193260001
1781743904011
228280602306
1781743905011
228368055146
1781743906011
228455354727
1781743907012
228542520093
1781743908011
228629888766
1781743909012
228718074331
1781743910010
228805098278
1781743911014
228890857458
1781743912011
228978447810
1781743913012
229066201613
1781743914011
229153712498
1781743915012
229240883783
1781743916010
229328415298
1781743917011
229415981541
1781743918011
229503425226
1781743919012
229592330882
1781743920009
229680179778
1781743921012
229767511280
1781743922011
229855050790
1781743923011
229942328094
1781743924012
230029607716
1781743925010
230117280038
1781743926011
230204413910
1781743927012
230291706594
1781743928012
230379022838
1781743929012
230467643643
1781743930009
230555382799
1781743931012
230642774909
1781743932012
230729813199
1781743933011
230817330187
1781743934012
230904622078
1781743935012
230992063504
1781743936012
231079151477
1781743937011
231166508309
1781743938012
231254106962
1781743939013
231341857287
1781743940009
231432713622
1781743941048
231516886319
1781743942012
231604018237
1781743943012
231691190560
1781743944012
231778383879
1781743945011
231865778187
1781743946012
231953033701
1781743947012
232040408050
1781743948011
232127776967
1781743949011
232216205329
1781743950009
232304172572
1781743951012
232391611252
1781743952011
232478703009
1781743953012
232565883999
1781743954011
232653408006
1781743955012
232740629402
1781743956012
232827939542
1781743957012
232915054920
1781743958011
233002185800
1781743959011
233090849208
1781743960008
233178524826
1781743961012
233265554694
1781743962012
233352972439
1781743963011
233440056993
1781743964011
233527557685
1781743965011
233614886075
1781743966012
233701871448
1781743967010
233789514290
1781743968012
233876966153
1781743969012
233964767442
1781743970009
234052442572
1781743971011
234139956447
1781743972012
234227180528
1781743973011
234314659003
1781743974012
234401758145
1781743975012
234489238023
1781743976011
234576692939
1781743977014
234663664945
1781743978011
234751349413
1781743979013
234839527959
1781743980010
234927681908
1781743981012
235013720323
1781743982012
235098654066
1781743983012
235185751865
1781743984009
235273305291
1781743985012
235358375142
1781743986012
235444970989
1781743987011
235532108095
1781743988011
235619444847
1781743989012
235707339580
1781743990009
235795159729
1781743991011
235882743184
1781743992012
235970134867
1781743993012
236057239014
1781743994011
236144636251
1781743995012
236231970745
1781743996011
236319226442
1781743997012
236406734335
1781743998011
236493986065
1781743999012
236582035156
1781744000010
236681703175
1781744001148
236757221414
1781744002012
236844477905
1781744003011
236931493246
1781744004009
237019055216
1781744005011
237106370972
1781744006011
237193528281
1781744007011
237280906780
1781744008012
237368353028
1781744009012
237456182027
1781744010009
237544544777
1781744011012
237631828733
1781744012012
237718948749
1781744013011
237806603554
1781744014011
237893743224
1781744015011
237981075154
1781744016012
238068720986
1781744017012
238155796508
1781744018011
238243341572
1781744019012
238331515663
1781744020009
238419724238
1781744021011
238507113724
1781744022012
238594398474
1781744023012
238679341371
1781744024012
238765526331
1781744025010
238853111679
1781744026012
238940441411
1781744027012
239027584376
1781744028011
239115163498
1781744029012
239203462527
1781744030009
239291251975
1781744031011
239378744366
1781744032012
239466045046
1781744033012
239553116356
1781744034011
239640659650
1781744035012
239727971621
1781744036012
239815130883
1781744037012
239902445235
1781744038012
239989692814
1781744039011
240078137229
1781744040011
240166119120
1781744041012
240253492737
1781744042012
240340687155
1781744043011
240428290141
1781744044011
240515481568
1781744045011
240606396131
1781744046050
240690369854
1781744047012
240777757142
1781744048012
240865417318
1781744049011
240953634560
1781744050010
241041919491
1781744051012
241129262102
1781744052012
241216507056
1781744053011
241303975888
1781744054011
241391301287
1781744055012
241478686073
1781744056011
241566395382
1781744057012
241653505999
1781744058010
241741168433
1781744059011
241829371149
1781744060008
241917219862
1781744061012
242004713962
1781744062011
242091987298
1781744063011
242179274367
1781744064012
242266802952
1781744065011
242354101495
1781744066011
242441558364
1781744067011
242528824803
1781744068012
242615981623
1781744069011
242704450940
1781744070009
242792889618
1781744071012
242880290944
1781744072012
242967699900
1781744073012
243054896820
1781744074012
243142218069
1781744075012
243229516979
1781744076012
243316705171
1781744077012
243404023551
1781744078011
243491303845
1781744079012
243579389191
1781744080010
243667836230
1781744081012
243755151253
1781744082012
243842562590
1781744083012
243929779102
1781744084011
244017198861
1781744085012
244104605437
1781744086012
244191787587
1781744087012
244279102305
1781744088012
244366624908
1781744089012
244454920824
1781744090009
244542615119
1781744091010
244630283901
1781744092012
244717506761
1781744093012
244804779242
1781744094012
244892132901
1781744095011
244979585130
1781744096012
245067108832
1781744097012
245154358731
1781744098012
245241664049
1781744099011
245329991704
1781744100009
245417005397
1781744101012
245503212025
1781744102011
245590355356
1781744103011
245677723297
1781744104008
245765169179
1781744105010
245855831911
1781744106048
245940040374
1781744107012
246027230825
1781744108011
246114563304
1781744109012
246202861174
1781744110011
246291113755
1781744111012
246378481146
1781744112011
246465975246
1781744113011
246553201158
1781744114012
246640611640
1781744115012
246728252651
1781744116012
246815431444
1781744117012
246902608101
1781744118009
246990225003
1781744119012
247080709329
1781744120010
247169569453
1781744121011
247257063065
1781744122012
247344558019
1781744123012
247432072504
1781744124012
247519231522
1781744125011
247606635961
1781744126011
247693775265
1781744127010
247780881487
1781744128012
247868356117
1781744129011
247956618464
1781744130011
248044591810
1781744131010
248132117221
1781744132012
248219329217
1781744133012
248306739150
1781744134012
248394199863
1781744135012
248481396722
1781744136011
248566733662
1781744137012
248653002118
1781744138012
248740316897
1781744139012
248828579916
1781744140010
248916716470
1781744141011
249004171507
1781744142012
249091438923
1781744143011
249178435771
1781744144011
249265925048
1781744145011
249353239949
1781744146012
249440469157
1781744147011
249527879029
1781744148011
249615230673
1781744149012
249703216226
1781744150010
249790856566
1781744151011
249878278400
1781744152012
249965397501
1781744153011
250052771484
1781744154012
250139949605
1781744155011
250227514567
1781744156011
250314937195
1781744157012
250402054464
1781744158012
250489377910
1781744159011
250577651671
1781744160011
250665661944
1781744161008
250753293189
1781744162012
250840528500
1781744163012
250927979204
1781744164011
251015279274
1781744165012
251102686460
1781744166012
251190117937
1781744167012
251277238015
1781744168011
251365002866
1781744169012
251453277847
1781744170012
251540697301
1781744171009
251628578729
1781744172012
251715818069
1781744173012
251803222020
1781744174012
251888877684
1781744175012
251975546225
1781744176012
252062681011
1781744177010
252150101686
1781744178011
252237395286
1781744179012
252325465251
1781744180010
252412471925
1781744181012
252498150539
1781744182012
252585611863
1781744183012
252672793524
1781744184012
252760278347
1781744185012
252847601731
1781744186012
252934743354
1781744187012
253022104459
1781744188012
253109614183
1781744189012
253197555059
1781744190009
253285451319
1781744191012
253373229597
1781744192012
253460633426
1781744193012
253547865869
1781744194011
253635041549
1781744195011
253722528447
1781744196012
253809759791
1781744197012
253897131210
1781744198012
253984717595
1781744199012
254072990196
1781744200010
254160742291
1781744201012
254248731750
1781744202012
254335933737
1781744203012
254423224163
1781744204010
254510810303
1781744205012
254598261495
1781744206012
254685743510
1781744207012
254772912660
1781744208010
254860696798
1781744209011
254948849709
1781744210009
255036431028
1781744211012
255124100603
1781744212012
255211486915
1781744213012
255298936032
1781744214012
255386364519
1781744215013
255473566567
1781744216011
255560627257
1781744217010
255648190082
1781744218012
255735764687
1781744219011
255823931697
1781744220011
255911900283
1781744221012
255999595188
1781744222011
256087244378
1781744223012
256174317641
1781744224009
256262013950
1781744225012
256349365777
1781744226011
256436794875
1781744227012
256524402255
1781744228012
256611826897
1781744229012
256699952404
1781744230009
256787766449
1781744231012
256875616688
1781744232012
256962994211
1781744233012
257050384063
1781744234012
257137876149
1781744235012
257225270029
1781744236012
257312654632
1781744237011
257400138722
1781744238011
257487526316
1781744239011
257575429655
1781744240008
257662993640
1781744241012
257750672737
1781744242012
257838349514
1781744243014
257925659593
1781744244012
258012893928
1781744245011
258100420987
1781744246012
258187974596
1781744247012
258275367805
1781744248012
258362591519
1781744249011
258450909714
1781744250009
258538627995
1781744251012
258626566368
1781744252012
258713673018
1781744253010
258801258060
1781744254012
258888650719
1781744255012
258976159407
1781744256011
259063431949
1781744257012
259150769311
1781744258012
259238190718
1781744259012
259326400758
1781744260010
259414047018
1781744261012
259501951762
1781744262012
259589484497
1781744263012
259676824727
1781744264012
259764164774
1781744265011
259851692810
1781744266012
259938933126
1781744267012
260026396281
1781744268012
260113875610
1781744269012
260202192401
1781744270011
260289792457
1781744271011
260377277035
1781744272011
260464504229
1781744273012
260551743752
1781744274011
260638937498
1781744275013
260726469013
1781744276011
260813786355
1781744277012
260901239866
1781744278012
260988674640
1781744279012
261076796424
1781744280009
261164342587
1781744281011
261252338150
1781744282011
261339401648
1781744283012
261426487606
1781744284009
261513983232
1781744285012
261601389624
1781744286011
261688869137
1781744287012
261776064775
1781744288012
261863387550
1781744289012
261951733088
1781744290010
262039591506
1781744291012
262127574984
1781744292011
71581359
1781744293012
158790487
1781744294012
246190104
1781744295012
333743713
1781744296012
420930807
1781744297011
508519938
1781744298012
596003234
1781744299012
684232196
1781744300009
772007789
1781744301012
859474423
1781744302012
947233842
1781744303014
1034306434
1781744304012
1121360898
1781744305011
1208767657
1781744306011
1295988137
1781744307011
1383623594
1781744308014
1470907733
1781744309012
1559184362
1781744310009
1646796931
1781744311011
1734693679
1781744312011
1821882970
1781744313010
1909284479
1781744314010
1996745071
1781744315013
2084196873
1781744316012
2171644526
1781744317012
2258681290
1781744318012
2346170812
1781744319011
2434283868
1781744320009
2522246961
1781744321012
2610412750
1781744322011
2697737417
1781744323012
2785081554
1781744324012
2872576020
1781744325012
2960001821
1781744326012
3047212108
1781744327012
3134583284
1781744328012
3222084402
1781744329012
3310307077
1781744330009
3409916502
1781744331148
3485549426
1781744332012
3572782906
1781744333011
3660087981
1781744334012
3747459400
1781744335012
3834741892
1781744336012
3922106597
1781744337012
4009615650
1781744338011
4096882517
1781744339012
4185076871
1781744340009
4272715929
1781744341012
4360606390
1781744342012
4447951747
1781744343011
4535434434
1781744344011
4622761175
1781744345012
4710203090
1781744346012
4797279405
1781744347011
4884650398
1781744348012
4972016995
1781744349011
5060073899
1781744350009
5145182018
1781744351011
5230969335
1781744352011
5316351380
1781744353012
5403562827
1781744354011
5491028301
1781744355012
5578363160
1781744356012
5665675376
1781744357012
5752798566
1781744358012
5840175051
1781744359012
5928181357
1781744360009
6019070101
1781744361048
6103257202
1781744362010
6190537618
1781744363011
6277584149
1781744364010
6365318970
1781744365012
6452614645
1781744366012
6539760601
1781744367011
6627012636
1781744368011
6714046959
1781744369012
6802017559
1781744370008
6889916687
1781744371012
6977490011
1781744372009
7065104777
1781744373012
7152305298
1781744374012
7239528463
1781744375012
7326877788
1781744376012
7414104555
1781744377012
7501123802
1781744378011
7588451886
1781744379012
7676112062
1781744380009
7764006430
1781744381012
7851148541
1781744382008
7938928467
1781744383010
8026112814
1781744384011
8113307782
1781744385012
8200651857
1781744386012
8287922569
1781744387012
8375029219
1781744388011
8462435245
1781744389011
8550552329
1781744390010
8638239665
1781744391011
8725720948
1781744392011
8812955221
1781744393012
8900176190
1781744394011
8987644655
1781744395012
9074852073
1781744396012
9162405438
1781744397012
9249515261
1781744398011
9336741356
1781744399011
9424902691
1781744400010
9512546204
1781744401012
9599910971
1781744402012
9687646036
1781744403012
9774764222
1781744404010
9862169393
1781744405011
9952822665
1781744406048
10036816224
1781744407012
10124103781
1781744408011
10211281598
1781744409011
10299424622
1781744410009
10387325825
1781744411012
10474377604
1781744412011
10562516966
1781744413012
10649640705
1781744414012
10737044046
1781744415012
10824373046
1781744416012
10911659321
1781744417012
10998921305
1781744418012
11086301575
1781744419012
11174546283
1781744420011
11274080818
1781744421148
11349407346
1781744422012
11436638141
1781744423012
11524073830
1781744424012
11611123229
1781744425012
11698524311
1781744426011
11785577128
1781744427012
11872993958
1781744428013
11960464864
1781744429011
12048327310
1781744430010
12136007689
1781744431012
12223592303
1781744432012
12311184059
1781744433012
12398444028
1781744434012
12485581745
1781744435011
12572880899
1781744436012
12660155334
1781744437011
12747517598
1781744438012
12834841288
1781744439012
12923007871
1781744440009
13010597369
1781744441012
13097826515
1781744442012
13185452329
1781744443010
13272779681
1781744444012
13360326149
1781744445012
13447568357
1781744446012
13534777423
1781744447012
13621991311
1781744448012
13708307985
1781744449012
13792321136
1781744450010
13876065246
1781744451012
13929020799
1781744452013
13975379017
1781744453012
14024325486
1781744454012
14067547177
1781744455012
14109996287
1781744456013
14152701073
1781744457012
14205326183
1781744458011
14252675976
1781744459014
14303742801
1781744460012
14354495173
1781744461012
14431366620
1781744462012
14519183778
1781744463012
14606446921
1781744464009
14693809368
1781744465012
14784497490
1781744466048
14868711508
1781744467011
14956083477
1781744468012
15043527284
1781744469012
15131700642
1781744470009
15219430215
1781744471012
15307091795
1781744472012
15394971941
1781744473012
15482300147
1781744474010
15570086849
1781744475012
15657679032
1781744476012
15746733858
1781744477012
15834059379
1781744478012
15921439709
1781744479012
16009662567
1781744480010
16100404705
1781744481048
16184610666
1781744482012
16271855743
1781744483011
16359077627
1781744484012
16446681407
1781744485014
16533765656
1781744486012
16620886832
1781744487012
16708435802
1781744488013
16795790987
1781744489011
16884447925
1781744490011
16972368049
1781744491012
17059913479
1781744492012
17147986191
1781744493011
17235301641
1781744494012
17322577663
1781744495012
17409973191
1781744496012
17497331183
1781744497012
17584628384
1781744498011
17672428330
1781744499012
17760521244
1781744500010
17848138512
1781744501012
17935698469
1781744502011
18023625551
1781744503012
18111161337
1781744504012
18198629986
1781744505012
18286113282
1781744506012
18373672872
1781744507012
18461046916
1781744508012
18548632691
1781744509012
18636875690
1781744510008
18724586037
1781744511012
18812134580
1781744512011
18899502093
1781744513012
18987330786
1781744514011
19074840206
1781744515012
19162016496
1781744516012
19249380408
1781744517012
19336783810
1781744518012
19424131731
1781744519011
19512738133
1781744520009
19600574212
1781744521011
19688158826
1781744522012
19776146089
1781744523010
19863502616
1781744524010
19951083995
1781744525011
20038487336
1781744526012
20125878775
1781744527012
20213098644
1781744528011
20300739655
1781744529012
20388721486
1781744530008
20476711678
1781744531012
20564189298
1781744532012
20652203905
1781744533010
20739799994
1781744534012
20827093044
1781744535012
20914452379
1781744536011
21001947516
1781744537012
21089237149
1781744538010
21177139084
1781744539012
21265120182
1781744540011
21353141441
1781744541012
21440818036
1781744542011
21528304079
1781744543012
21615606223
1781744544011
21703095929
1781744545012
21790481081
1781744546012
21877825035
1781744547011
21965694988
1781744548012
22053238160
1781744549011
22141741412
1781744550010
22229453346
1781744551010
22317389156
1781744552012
22405533095
1781744553012
22493200290
1781744554011
22580835686
1781744555012
22668203138
1781744556011
22755737033
1781744557011
22843272087
1781744558012
22930848157
1781744559012
23018952057
1781744560008
23107003712
1781744561012
23194556710
1781744562012
23282196073
1781744563009
23369959398
1781744564011
23457614630
1781744565011
23545317897
1781744566011
23632528489
1781744567012
23720009894
1781744568012
23807426601
1781744569011
23895574325
1781744570009
23983610537
1781744571011
24071228416
1781744572010
24158729352
1781744573010
24246860657
1781744574013
24334205099
1781744575015
24421564799
1781744576011
24508879151
1781744577010
24596442404
1781744578011
24684191508
1781744579012
24772592099
1781744580009
24860451554
1781744581012
24947898169
1781744582012
25035490230
1781744583008
25123166092
1781744584011
25210697179
1781744585012
25297838313
1781744586010
25385681411
1781744587012
25473093419
1781744588013
25560742974
1781744589013
25649033764
1781744590010
25736933747
1781744591011
25824547780
1781744592012
25912004221
1781744593012
25999909453
1781744594012
26087706286
1781744595012
26175234016
1781744596012
26262599393
1781744597012
26349997668
1781744598012
26437579048
1781744599012
26525767237
1781744600009
26616822729
1781744601048
26701216861
1781744602012
26788625573
1781744603012
26876037276
1781744604012
26963472538
1781744605012
27051184471
1781744606014
27138446089
1781744607012
27225994449
1781744608012
27313759971
1781744609011
27402071452
1781744610010
27489932189
1781744611012
27577414875
1781744612010
27665165260
1781744613012
27753316402
1781744614012
27840868119
1781744615012
27928396703
1781744616011
28016003168
1781744617012
28103368240
1781744618011
28190945531
1781744619012
28279002617
1781744620009
28366825940
1781744621011
28454651887
1781744622012
28542181448
1781744623012
28630242563
1781744624011
28717887053
1781744625011
28805252857
1781744626011
28892669992
1781744627012
28980028533
1781744628012
29067764453
1781744629012
29155947638
1781744630009
29243698573
1781744631012
29331901960
1781744632015
29419222782
1781744633012
29506630700
1781744634014
29594022200
1781744635010
29681519413
1781744636010
29769019005
1781744637011
29856615522
1781744638010
29944182864
1781744639012
30032424215
1781744640009
30120280618
1781744641012
30207545166
1781744642011
30295291157
1781744643012
30383289650
1781744644009
30471117367
1781744645014
30558649247
1781744646012
30646293310
1781744647014
30733480282
1781744648011
30821096940
1781744649010
30909467868
1781744650009
30997309745
1781744651012
31084795849
1781744652012
31172282686
1781744653012
31260416494
1781744654012
31347669627
1781744655011
31435409027
1781744656012
31522927907
1781744657012
31610159312
1781744658012
31697730377
1781744659012
31785948046
1781744660010
31873755439
1781744661012
31961437282
1781744662012
32048619493
1781744663011
32135967597
1781744664012
32223341153
1781744665011
32310891466
1781744666010
32398576910
1781744667011
32485924892
1781744668012
32573227586
1781744669012
32661552494
1781744670010
32747351530
1781744671012
32834978259
1781744672012
32922634040
1781744673012
33010466335
1781744674012
33097866990
1781744675012
33188768246
1781744676049
33272860744
1781744677012
33360403915
1781744678011
33447908696
1781744679011
33536330650
1781744680011
33624267742
1781744681012
33712000000
1781744682012
33799434103
1781744683012
33887608865
1781744684012
33975041990
1781744685012
34062587970
1781744686011
34150119606
1781744687012
34237625730
1781744688011
34325263872
1781744689012
34413285681
1781744690010
34500414242
1781744691012
34588099747
1781744692012
34675357703
1781744693012
34762830196
1781744694012
34850446305
1781744695012
34937844457
1781744696012
35025499934
1781744697012
35112895157
1781744698011
35200388707
1781744699012
35288721306
1781744700008
35376681347
1781744701012
35464407623
1781744702012
35551671682
1781744703011
35639803171
1781744704011
35727327177
1781744705011
35814781665
1781744706012
35902314706
1781744707012
35989612334
1781744708010
36077280139
1781744709012
36165522406
1781744710009
36253258631
1781744711012
36340821212
1781744712012
36427074287
1781744713012
36514822415
1781744714010
36602653062
1781744715012
36690078802
1781744716011
36775054354
1781744717012
36862229790
1781744718011
36950055432
1781744719012
37038089203
1781744720009
37126025928
1781744721012
37213499459
1781744722012
37300835173
1781744723012
37388153553
1781744724011
37475637887
1781744725012
37563034758
1781744726011
37650349903
1781744727011
37737698007
1781744728012
37825152129
1781744729012
37913365588
1781744730010
38001155707
1781744731011
38088818324
1781744732012
38175939744
1781744733012
38263983464
1781744734011
38351414576
1781744735011
38438746078
1781744736012
38526462468
1781744737012
38613876123
1781744738012
38701218795
1781744739011
38789713503
1781744740010
38877340598
1781744741012
38965044048
1781744742011
39052433289
1781744743011
39140386311
1781744744011
39227876749
1781744745010
39315541258
1781744746012
39402799091
1781744747011
39490379861
1781744748011
39577682128
1781744749010
39666078935
1781744750008
39765765631
1781744751148
39841408076
1781744752011
39929020706
1781744753011
40016358007
1781744754012
40103772639
1781744755012
40191209121
1781744756012
40278295019
1781744757011
40365949702
1781744758012
40453332657
1781744759011
40542072481
1781744760011
40629977468
1781744761012
40717569590
1781744762012
40804918488
1781744763012
40893038624
1781744764012
40980070688
1781744765010
41067785430
1781744766012
41155204334
1781744767012
41242445505
1781744768011
41330057097
1781744769012
41418225206
1781744770010
41506113470
1781744771012
41593787318
1781744772012
41681086411
1781744773011
41768261053
1781744774009
41856372644
1781744775012
41943732711
1781744776012
42031125859
1781744777012
42118517725
1781744778011
42205883896
1781744779010
42294276736
1781744780009
42382139243
1781744781012
42469799419
1781744782010
42557384522
1781744783012
42644697836
1781744784012
42732042949
1781744785011
42819305848
1781744786011
42906436790
1781744787010
42994165935
1781744788012
43081700074
1781744789012
43170145892
1781744790009
43258126319
1781744791011
43345855770
1781744792013
43433508255
1781744793012
43520821936
1781744794008
43608648127
1781744795012
43696373183
1781744796012
43783934970
1781744797012
43871367486
1781744798012
43958765822
1781744799012
44046905245
1781744800010
44134712088
1781744801011
44222087169
1781744802011
44309790375
1781744803012
44397365712
1781744804011
44485340035
1781744805011
44572800749
1781744806011
44660322131
1781744807012
44747556588
1781744808012
44834898100
1781744809012
44923206102
1781744810009
45011008428
1781744811012
45098694239
1781744812012
45186124069
1781744813011
45273620122
1781744814012
45361204919
1781744815012
45448419906
1781744816011
45535814153
1781744817011
45623259424
1781744818011
45710652816
1781744819012
45799274904
1781744820011
45887129659
1781744821012
45974853922
1781744822012
46062163330
1781744823011
46149406088
1781744824011
46237311502
1781744825012
46324738097
1781744826012
46412080342
1781744827011
46499608194
1781744828012
46587025024
1781744829012
46675288469
1781744830010
46763089087
1781744831012
46850602657
1781744832012
46938070634
1781744833011
47025597509
1781744834010
47113619867
1781744835012
47201289076
1781744836012
47288723728
1781744837012
47375919793
1781744838011
47463573744
1781744839012
47551475191
1781744840008
47639347342
1781744841011
47726869273
1781744842011
47814260041
1781744843012
47901716787
1781744844012
47988835034
1781744845011
48076281038
1781744846012
48163433586
1781744847011
48250951489
1781744848011
48338544282
1781744849011
48426839405
1781744850010
48514570626
1781744851012
48602015226
1781744852011
48689494861
1781744853012
48777121468
1781744854012
48865352077
1781744855011
48956143775
1781744856048
49040497502
1781744857012
49127874964
1781744858012
49215397140
1781744859015
49303500735
1781744860010
49389105680
1781744861011
49475567006
1781744862011
49562967417
1781744863010
49650372284
1781744864012
49738718188
1781744865011
49826185799
1781744866012
49913329619
1781744867011
50001032458
1781744868011
50088584785
1781744869012
50176933802
1781744870011
50268199316
1781744871048
50352646548
1781744872012
50440417319
1781744873012
50527969402
1781744874012
50615272707
1781744875012
50702918173
1781744876011
50790450420
1781744877011
50877920960
1781744878011
50965670430
1781744879010
51054236122
1781744880010
51142140865
1781744881011
51229694901
1781744882012
51317316686
1781744883012
51404749873
1781744884010
51492961683
1781744885011
51580494052
1781744886012
51668113762
1781744887012
51755576306
1781744888011
51843125032
1781744889010
51931806873
1781744890010
52019477242
1781744891013
52107183438
1781744892012
52194650072
1781744893012
52282135871
1781744894011
52370485621
1781744895012
52458159774
1781744896012
52545615665
1781744897012
52633302087
1781744898012
52720751326
1781744899012
52809107789
1781744900010
52900505260
1781744901048
52984965188
1781744902012
53072557310
1781744903012
53159821369
1781744904012
53247253823
1781744905011
53334900388
1781744906010
53422439043
1781744907012
53509981422
1781744908012
53597682247
1781744909012
53685957473
1781744910010
53773921664
1781744911012
53861287102
1781744912011
53948838453
1781744913012
54036268649
1781744914010
54124397512
1781744915012
54215182192
1781744916048
54299558258
1781744917012
54386875478
1781744918011
54474474497
1781744919012
54562732938
1781744920010
54650416796
1781744921012
54738131293
1781744922012
54825492580
1781744923012
54913133469
1781744924012
55001392277
1781744925012
55088728967
1781744926012
55176377607
1781744927012
55264058230
1781744928012
55351785362
1781744929013
55440285501
1781744930011
55528186521
1781744931012
55616146806
1781744932015
55703510718
1781744933012
55790957028
1781744934011
55878587846
1781744935011
55966250036
1781744936014
56053855708
1781744937014
56141274246
1781744938012
56228965733
1781744939012
56317307609
1781744940010
56405330821
1781744941012
56492842926
1781744942012
56580523732
1781744943011
56668270028
1781744944014
56756275968
1781744945012
56843986925
1781744946012
56931464911
1781744947012
57018727688
1781744948010
57106801010
1781744949012
57195372622
1781744950009
57283242087
1781744951012
57371010905
1781744952011
57458590759
1781744953014
57545903646
1781744954011
57633666422
1781744955009
57721550474
1781744956012
57809028400
1781744957012
57894102034
1781744958012
57981528568
1781744959012
58069602256
1781744960009
58157440288
1781744961012
58245041688
1781744962012
58332185324
1781744963011
58419349957
1781744964011
58506695010
1781744965012
58593684350
1781744966010
58681221113
1781744967011
58768554874
1781744968012
58855833947
1781744969011
58944251324
1781744970010
59031891541
1781744971012
59119404684
1781744972012
59206871013
1781744973012
59293971498
1781744974011
59381743307
1781744975012
59469084086
1781744976012
59556456055
1781744977013
59643864279
1781744978011
59731345134
1781744979012
59819333190
1781744980009
59907153461
1781744981011
59994423257
1781744982012
60081929930
1781744983012
60169188556
1781744984012
60256534707
1781744985012
60344639340
1781744986011
60431849993
1781744987012
60519119667
1781744988012
60606571409
1781744989012
60694851334
1781744990010
60782607335
1781744991012
60870016413
1781744992012
60957466323
1781744993012
61044836644
1781744994012
61131864498
1781744995010
61219230668
1781744996012
61306599097
1781744997011
61393771420
1781744998011
61481115618
1781744999012
61569057287
1781745000008
61656877802
1781745001012
61744322097
1781745002011
61831652623
1781745003011
61918955439
1781745004011
62006809035
1781745005009
62094345981
1781745006012
62181839715
1781745007012
62269102065
1781745008012
62356470493
1781745009012
62444704887
1781745010008
62532419384
1781745011011
62620019013
1781745012011
62707755483
1781745013012
62794875560
1781745014011
62882342866
1781745015011
62970629505
1781745016012
63057805551
1781745017012
63145282439
1781745018011
63232823536
1781745019012
63320945991
1781745020009
63408576687
1781745021012
63496100755
1781745022012
63583365424
1781745023011
63670792385
1781745024012
63758177232
1781745025012
63845705573
1781745026012
63932807828
1781745027012
64020170458
1781745028012
64107689033
1781745029012
64195997462
1781745030011
64283600570
1781745031011
64371119694
1781745032012
64458380030
1781745033011
64545616623
1781745034011
64632998662
1781745035012
64720604883
1781745036012
64808071273
1781745037011
64895514958
1781745038012
64982857935
1781745039012
65071055158
1781745040009
65158844545
1781745041014
65246416586
1781745042012
65333873943
1781745043014
65420760623
1781745044011
65508380637
1781745045012
65596296184
1781745046011
65683627808
1781745047011
65771282064
1781745048010
65858876200
1781745049012
65947232236
1781745050009
66034959673
1781745051012
66122380530
1781745052012
66209630368
1781745053011
66296894915
1781745054011
66384281654
1781745055010
66471697812
1781745056012
66558941791
1781745057012
66646215798
1781745058012
66732660951
1781745059012
66817308073
1781745060010
66901487667
1781745061011
66985107509
1781745062012
67068634639
1781745063011
67127807095
1781745064011
67172229955
1781745065010
67224948142
1781745066048
67271922143
1781745067013
67311601607
1781745068013
67358619614
1781745069011
67407890118
1781745070012
67458836094
1781745071013
67509412624
1781745072013
67588075875
1781745073012
67675639371
1781745074011
67763107959
1781745075010
67851198370
1781745076011
67940124717
1781745077012
68027379560
1781745078013
68114810122
1781745079012
68203042623
1781745080009
68290780863
1781745081012
68378521788
1781745082012
68465788655
1781745083012
68553158487
1781745084012
68640721557
1781745085012
68728209004
1781745086012
68815600442
1781745087012
68903248289
1781745088014
68990525715
1781745089012
69078831885
1781745090009
69166877558
1781745091012
69254302566
1781745092012
69341851476
1781745093012
69429121028
1781745094012
69516598587
1781745095012
69604683078
1781745096012
69692137078
1781745097012
69779566786
1781745098011
69866970737
1781745099011
69955333487
1781745100010
70043165781
1781745101012
70130739104
1781745102011
70218501026
1781745103012
70306008614
1781745104012
70393404020
1781745105012
70481548509
1781745106012
70568941474
1781745107012
70656305630
1781745108012
70743771593
1781745109010
70832070500
1781745110008
70919957482
1781745111012
71007596418
1781745112012
71094905398
1781745113013
71182337059
1781745114011
71269681501
1781745115012
71357204593
1781745116014
71444686852
1781745117014
71531767866
1781745118011
71619325565
1781745119012
71707525290
1781745120011
71795286357
1781745121012
71882904663
1781745122011
71970212606
1781745123012
72057501811
1781745124011
72144997986
1781745125012
72232979816
1781745126010
72320454080
1781745127012
72407892149
1781745128012
72495477313
1781745129012
72583823584
1781745130011
72671499446
1781745131012
72759092788
1781745132012
72846601903
1781745133012
72933916804
1781745134012
73021388992
1781745135012
73109459689
1781745136010
73196952568
1781745137012
73284433668
1781745138011
73371931002
1781745139011
73459950430
1781745140009
73551089174
1781745141047
73635604339
1781745142012
73723009388
1781745143012
73810602853
1781745144012
73897809112
1781745145012
73985072255
1781745146012
74072709665
1781745147012
74159917877
1781745148011
74247480214
1781745149011
74335929938
1781745150009
74423574794
1781745151012
74511183518
1781745152012
74598568182
1781745153012
74685966335
1781745154012
74773376328
1781745155011
74861370976
1781745156012
74948787317
1781745157012
75036264144
1781745158012
75124031681
1781745159011
75212377157
1781745160010
75300133097
1781745161012
75387819885
1781745162012
75475135884
1781745163011
75562473490
1781745164010
75650125549
1781745165012
75737959247
1781745166015
75825314919
1781745167011
75912826902
1781745168011
76000520648
1781745169012
76088681494
1781745170008
76176577692
1781745171012
76264116714
1781745172011
76351758335
1781745173011
76439213983
1781745174012
76526582533
1781745175013
76614122898
1781745176012
76701379571
1781745177012
76788677321
1781745178011
76876307102
1781745179011
76964685660
1781745180011
77052569590
1781745181012
77140108551
1781745182012
77227418996
1781745183011
77314983103
1781745184010
77402437896
1781745185011
77493714396
1781745186048
77578048958
1781745187012
77665177885
1781745188011
77752986193
1781745189011
77841221075
1781745190011
77928876185
1781745191012
78016574874
1781745192012
78103768925
1781745193011
78191246485
1781745194012
78278967757
1781745195012
78366464786
1781745196012
78454740988
1781745197015
78542126141
1781745198014
78629474001
1781745199012
78717965961
1781745200013
78805435952
1781745201014
78892827880
1781745202011
78980286457
1781745203012
79067726663
1781745204012
79155073424
1781745205011
79242701679
1781745206012
79329895486
1781745207011
79417135741
1781745208011
79504712605
1781745209010
79593052772
1781745210010
79681103388
1781745211012
79768455948
1781745212012
79855840002
1781745213010
79943452265
1781745214012
80030720047
1781745215012
80118511937
1781745216010
80206344170
1781745217012
80293675123
1781745218012
80381347079
1781745219013
80469540640
1781745220011
80557300242
1781745221012
80644890106
1781745222013
80732204640
1781745223012
80819652048
1781745224012
80906950653
1781745225011
80994542836
1781745226012
81082644539
1781745227012
81169967497
1781745228012
81257523486
1781745229013
81345616339
1781745230009
81433334071
1781745231012
81521308272
1781745232012
81608601994
1781745233012
81696020716
1781745234014
81783254196
1781745235012
81870645452
1781745236012
81958173365
1781745237012
82045607223
1781745238012
82133200138
1781745239012
82221570396
1781745240008
82309508647
1781745241012
82396745179
1781745242011
82484410421
1781745243012
82571572124
1781745244010
82659042481
1781745245011
82746636068
1781745246012
82834663308
1781745247012
82922153502
1781745248012
83009865924
1781745249012
83098379125
1781745250010
83186125421
1781745251011
83273650771
1781745252013
83361076145
1781745253011
83448571771
1781745254011
83535979567
1781745255012
83623387119
1781745256011
83711210686
1781745257010
83798539503
1781745258012
83886160311
1781745259012
83974132376
1781745260008
84062154368
1781745261012
84149917815
1781745262012
84237487110
1781745263012
84325021310
1781745264012
84412434294
1781745265012
84499692737
1781745266012
84587276375
1781745267012
84674578093
1781745268011
84762096912
1781745269012
84850330756
1781745270010
84937930446
1781745271010
85025718368
1781745272012
85113061406
1781745273012
85200221278
1781745274012
85287583848
1781745275010
85375105963
1781745276011
85463232934
1781745277012
85550926863
1781745278011
85638494387
1781745279012
85726602255
1781745280010
85814310832
1781745281012
85901805115
1781745282011
85989317647
1781745283011
86076717509
1781745284012
86164164673
1781745285011
86251694783
1781745286012
86339372049
1781745287010
86426958189
1781745288012
86514615680
1781745289012
86602656531
1781745290008
86690631281
1781745291012
86778185623
1781745292012
86865574254
1781745293011
86953024164
1781745294011
87040433670
1781745295012
87127907078
1781745296012
87215320185
1781745297012
87302574539
1781745298012
87390286351
1781745299013
87478488273
1781745300009
87566340343
1781745301012
87653892853
1781745302011
87741408682
1781745303011
87828590404
1781745304011
87916303742
1781745305012
88006746931
1781745306047
88091722299
1781745307012
88179154937
1781745308011
88266783985
1781745309012
88354984381
1781745310009
88442841212
1781745311013
88530330917
1781745312012
88617814885
1781745313012
88705161402
1781745314012
88792710739
1781745315012
88880171208
1781745316011
88968085473
1781745317010
89055907270
1781745318012
89143521303
1781745319012
89232012471
1781745320011
89319485819
1781745321010
89407152586
1781745322012
89494427326
1781745323012
89581804239
1781745324013
89669225341
1781745325012
89756886066
1781745326012
89844383828
1781745327015
89931743345
1781745328012
90019297321
1781745329012
90107612097
1781745330010
90195470820
1781745331012
90282791092
1781745332012
90370382359
1781745333012
90457993158
1781745334012
90545304092
1781745335012
90635931484
1781745336048
90720815117
1781745337012
90807961866
1781745338012
90895618441
1781745339011
90983815298
1781745340010
91071591380
1781745341012
91159461028
1781745342014
91246594716
1781745343011
91334099558
1781745344012
91421626982
1781745345012
91508978199
1781745346011
91596546518
1781745347010
91684204191
1781745348010
91771935473
1781745349012
91860218450
1781745350009
91951223222
1781745351048
92035691451
1781745352010
92123702273
1781745353014
92210893578
1781745354012
92298452191
1781745355012
92386062319
1781745356012
92473422325
1781745357010
92561298687
1781745358012
92649030396
1781745359012
92737483233
1781745360010
92825469458
1781745361011
92912860042
1781745362010
93000458756
1781745363011
93088181066
1781745364011
93175634943
1781745365012
93266202400
1781745366048
93351281955
1781745367012
93438557427
1781745368012
93526235425
1781745369012
93614637115
1781745370009
93702437672
1781745371012
93789927316
1781745372011
93877350371
1781745373012
93964813709
1781745374012
94052229928
1781745375011
94139529998
1781745376011
94227118763
1781745377012
94314995308
1781745378012
94402819363
1781745379012
94491035995
1781745380010
94578813114
1781745381012
94666580650
1781745382012
94753737776
1781745383012
94840971745
1781745384012
94928670861
1781745385012
95015950850
1781745386012
95103333744
1781745387011
95190845788
1781745388012
95278546308
1781745389012
95367091675
1781745390010
95454872089
1781745391012
95542375955
1781745392011
95630163450
1781745393012
95717492877
1781745394011
95804759316
1781745395011
95892304075
1781745396012
95979958270
1781745397009
96067654212
1781745398012
96155154782
1781745399011
96243375137
1781745400010
96331088413
1781745401012
96418532647
1781745402012
96505969679
1781745403011
96593384922
1781745404012
96680628717
1781745405012
96768345289
1781745406012
96855740574
1781745407012
96943534172
1781745408011
97031278332
1781745409012
97119138886
1781745410008
97207037587
1781745411012
97294973641
1781745412012
97382333037
1781745413012
97469654224
1781745414011
97557101571
1781745415012
97644685209
1781745416012
97732201953
1781745417011
97819422555
1781745418011
97905576387
1781745419012
97993717275
1781745420009
98081695626
1781745421012
98169444974
1781745422012
98256866137
1781745423012
98344410774
1781745424012
98432236538
1781745425013
98520089218
1781745426012
98607605779
1781745427012
98695818382
1781745428012
98783438153
1781745429010
98871937927
1781745430011
98959617756
1781745431012
99047091226
1781745432012
99134765806
1781745433012
99222044147
1781745434012
99309568276
1781745435012
99397144529
1781745436011
99484840838
1781745437012
99573191686
1781745438011
99660848627
1781745439012
99749117444
1781745440009
99837158417
1781745441012
99924797536
1781745442012
100012194102
1781745443011
100099652191
1781745444011
100187080129
1781745445011
100274678537
1781745446012
100362281829
1781745447012
100449587147
1781745448012
100536989511
1781745449012
100625475491
1781745450009
100713386521
1781745451011
100801118657
1781745452011
100888616541
1781745453012
100976010604
1781745454011
101063771610
1781745455012
101151258691
1781745456012
101238904401
1781745457011
101326761965
1781745458012
101414290183
1781745459011
101502854653
1781745460008
101590814572
1781745461012
101678447588
1781745462012
101765912696
1781745463011
101853274411
1781745464012
101940833452
1781745465011
102028371863
1781745466012
102116013179
1781745467012
102204168654
1781745468011
102291699680
1781745469012
102379966788
1781745470011
102467703441
1781745471012
102555372711
1781745472012
102642952199
1781745473012
102730243479
1781745474011
102817797881
1781745475012
102905258961
1781745476011
102992591257
1781745477010
103080243316
1781745478012
103167969409
1781745479012
103256130255
1781745480010
103344139185
1781745481012
103431666549
1781745482011
103519296940
1781745483011
103606746362
1781745484010
103694236067
1781745485012
103781797916
1781745486012
103869326256
1781745487012
103957280499
1781745488012
104045057191
1781745489014
104133195698
1781745490011
104220925027
1781745491012
104308690000
1781745492012
104395977557
1781745493012
104483394875
1781745494012
104571119443
1781745495012
104658543230
1781745496011
104745931373
1781745497011
104833867610
1781745498010
104921575943
1781745499012
105010134737
1781745500009
105097830619
1781745501012
105185481334
1781745502012
105273100434
1781745503013
105360393789
1781745504011
105447971141
1781745505011
105535489777
1781745506012
105622784231
1781745507012
105710476755
1781745508014
105797847687
1781745509012
105886191394
1781745510010
105974145087
1781745511012
106061509914
1781745512011
106149220872
1781745513011
106235723946
1781745514013
106321042331
1781745515011
106408658257
1781745516012
106496058485
1781745517011
106584207368
1781745518012
106671741629
1781745519011
106759663218
1781745520008
106847654386
1781745521012
106935214587
1781745522012
107022479378
1781745523012
107110111844
1781745524012
107197542773
1781745525011
107285081611
1781745526011
107372503995
1781745527011
107460150499
1781745528010
107547883246
1781745529011
107636636436
1781745530010
107724243634
1781745531011
107811978089
1781745532012
107899306235
1781745533012
107986590008
1781745534011
108074136720
1781745535011
108161689108
1781745536011
108248897137
1781745537011
108336914917
1781745538014
108424459310
1781745539013
108513078406
1781745540009
108601114497
1781745541012
108688837295
1781745542011
108776731235
1781745543013
108863685419
1781745544011
108951261001
1781745545011
109038997653
1781745546011
109126428887
1781745547012
109211859149
1781745548012
109298813456
1781745549012
109387193661
1781745550011
109474874467
1781745551012
109562462500
1781745552014
109649814266
1781745553014
109736945818
1781745554012
109824376319
1781745555012
109911882321
1781745556011
109999141558
1781745557012
110086363930
1781745558011
110174300533
1781745559012
110262457046
1781745560011
110349978001
1781745561012
110437489801
1781745562011
110524647354
1781745563012
110612094945
1781745564012
110699298213
1781745565012
110786482010
1781745566012
110873897253
1781745567011
110960976254
1781745568011
111048331682
1781745569010
111136620213
1781745570009
111224308587
1781745571012
111311675490
1781745572010
111399294040
1781745573012
111486561944
1781745574012
111573998183
1781745575012
111664562587
1781745576050
111748720087
1781745577012
111836559156
1781745578011
111923974521
1781745579012
112012355886
1781745580009
112097420610
1781745581012
112184111611
1781745582012
112271649046
1781745583012
112359041339
1781745584012
112446474770
1781745585013
112534054929
1781745586011
112621198505
1781745587012
112708511331
1781745588012
112794638369
1781745589010
112880388759
1781745590008
112971203407
1781745591048
113055333380
1781745592011
113142769069
1781745593012
113230108811
1781745594012
113317464606
1781745595013
113404642788
1781745596012
113491853319
1781745597012
113579147285
1781745598012
113666492399
1781745599012
113754521409
1781745600009
113842253118
1781745601012
113930078577
1781745602013
114017269333
1781745603012
114104970829
1781745604012
114192332239
1781745605012
114291546707
1781745606148
114367205998
1781745607012
114454607202
1781745608008
114542509260
1781745609011
114630993042
1781745610010
114718744100
1781745611011
114806225992
1781745612012
114893690307
1781745613011
114980941243
1781745614011
115068535013
1781745615012
115154374393
1781745616010
115241983605
1781745617011
115329321943
1781745618011
115417503358
1781745619013
115505569173
1781745620010
115593463235
1781745621012
115680742919
1781745622011
115768293048
1781745623012
115855615396
1781745624012
115942898742
1781745625011
116030416950
1781745626012
116115076523
1781745627012
116201867256
1781745628011
116289377896
1781745629012
116377630417
1781745630010
116465338627
1781745631011
116552612940
1781745632010
116639872909
1781745633011
116727392644
1781745634012
116814760523
1781745635012
116901998825
1781745636012
116989693974
1781745637012
117076866969
1781745638012
117164728866
1781745639012
117252709048
1781745640008
117340444602
1781745641012
117427866070
1781745642012
117515144961
1781745643012
117602338158
1781745644011
117690010175
1781745645012
117777124210
1781745646010
117864675987
1781745647012
117951968427
1781745648012
118039847841
1781745649011
118128065999
1781745650008
118218890840
1781745651048
118303350707
1781745652012
118390758930
1781745653012
118477865763
1781745654011
118565222107
1781745655012
118652492696
1781745656012
118739861552
1781745657012
118827296631
1781745658012
118914513143
1781745659012
119002888894
1781745660009
119090666867
1781745661013
119177916278
1781745662011
119265490822
1781745663012
119352970090
1781745664011
119440316485
1781745665012
119527594582
1781745666011
119615114866
1781745667012
119702495257
1781745668012
119790530371
1781745669012
119877955684
1781745670011
119962055506
1781745671012
120045477167
1781745672012
120095813647
1781745673012
120138613831
1781745674010
120185692384
1781745675013
120234166931
1781745676012
120280364566
1781745677011
120332241143
1781745678012
120381229115
1781745679013
120428482901
1781745680012
120480549723
1781745681012
120566021123
1781745682012
120651848723
1781745683012
120739254993
1781745684012
120826638253
1781745685011
120913871367
1781745686011
121001483265
1781745687011
121089031075
1781745688012
121176504423
1781745689012
121264794114
1781745690008
121352597844
1781745691012
121439794521
1781745692011
121527302414
1781745693012
121614743291
1781745694012
121702499536
1781745695012
121789966170
1781745696012
121877603519
1781745697012
121964899011
1781745698012
122052884992
1781745699011
122141430114
1781745700012
122229251545
1781745701010
122316956704
1781745702012
122404564145
1781745703012
122492184649
1781745704012
122579522682
1781745705012
122667143429
1781745706012
122754482500
1781745707012
122841730873
1781745708011
122929398190
1781745709009
123017889174
1781745710008
123105764621
1781745711011
123193768729
1781745712014
123280929639
1781745713012
123368273898
1781745714012
123455791557
1781745715012
123543424084
1781745716012
123631001313
1781745717012
123718397086
1781745718012
123806081248
1781745719012
123894434782
1781745720008
123982197375
1781745721011
124069978888
1781745722011
124157465176
1781745723012
124244814561
1781745724010
124332524725
1781745725012
124420146571
1781745726012
124507724411
1781745727012
124595257878
1781745728011
124683537010
1781745729011
124771946024
1781745730010
124859857848
1781745731011
124947459979
1781745732013
125034893471
1781745733012
125122174376
1781745734011
125209602375
1781745735011
125297154030
1781745736011
125384520384
1781745737012
125471989276
1781745738012
125559571205
1781745739012
125648234247
1781745740010
125739308233
1781745741048
125824149691
1781745742014
125911476554
1781745743011
125998989209
1781745744010
126086590059
1781745745011
126174083731
1781745746012
126261589184
1781745747012
126349051545
1781745748012
126436858754
1781745749012
126525244148
1781745750011
126613152370
1781745751012
126700856248
1781745752012
126788293951
1781745753012
126875881861
1781745754012
126963785079
1781745755015
127054103939
1781745756048
127138704248
1781745757012
127225865157
1781745758012
127313950625
1781745759011
127400675257
1781745760011
127487531419
1781745761012
127575187444
1781745762012
127662697413
1781745763012
127750116440
1781745764011
127837664494
1781745765012
127925067591
1781745766011
128012590255
1781745767012
128100181645
1781745768012
128187915185
1781745769012
128277114480
1781745770010
128364905027
1781745771012
128452696795
1781745772012
128540192115
1781745773012
128627477536
1781745774011
128714690875
1781745775011
128802383460
1781745776012
128889673154
1781745777011
128977089922
1781745778012
129064768409
1781745779012
129152917109
1781745780010
129240953810
1781745781012
129328520053
1781745782012
129415963555
1781745783012
129503501478
1781745784011
129590787753
1781745785012
129678585624
1781745786014
129766036816
1781745787012
129853443636
1781745788012
129941594838
1781745789012
130029972908
1781745790010
130117756375
1781745791012
130205570115
1781745792014
130292710700
1781745793011
130380361904
1781745794012
130468122482
1781745795012
130555741582
1781745796011
130643194239
1781745797012
130730670699
1781745798011
130818470157
1781745799012
130907667988
1781745800011
130995408181
1781745801012
131083331540
1781745802012
131170793840
1781745803011
131258201209
1781745804012
131345716488
1781745805012
131433069109
1781745806011
131520699255
1781745807012
131608213802
1781745808011
131695706437
1781745809012
131784092563
1781745810010
131872245902
1781745811012
131959639355
1781745812012
132047313264
1781745813013
132134693228
1781745814012
132222075206
1781745815011
132309625092
1781745816012
132397095205
1781745817012
132484490367
1781745818012
132572229034
1781745819008
132660679796
1781745820009
132748450568
1781745821011
132836036525
1781745822012
132923442429
1781745823013
133010869574
1781745824011
133098451686
1781745825012
133185996567
1781745826011
133273297125
1781745827012
133360629787
1781745828012
133448350632
1781745829012
133537418214
1781745830010
133624991964
1781745831012
133712901590
1781745832012
133800131225
1781745833012
133887584248
1781745834013
133974880351
1781745835010
134062405639
1781745836012
134149644735
1781745837012
134237203165
1781745838012
134324814635
1781745839012
134413325456
1781745840009
134501017370
1781745841012
134588488338
1781745842011
134675965104
1781745843010
134763434179
1781745844012
134851030573
1781745845012
134938532913
1781745846012
135025774389
1781745847011
135113441034
1781745848012
135199952349
1781745849012
135287565039
1781745850011
135375237239
1781745851012
135462566606
1781745852012
135550054663
1781745853012
135637355404
1781745854012
135724898087
1781745855012
135812734777
1781745856012
135899938350
1781745857012
135987389908
1781745858012
136075345738
1781745859012
136164228384
1781745860009
136255163698
1781745861048
136339421661
1781745862012
136426687734
1781745863012
136514276865
1781745864014
136601448211
1781745865012
136688707998
1781745866012
136776136912
1781745867012
136863387849
1781745868012
136951184255
1781745869012
137039602302
1781745870011
137127242642
1781745871011
137214722948
1781745872010
137302197333
1781745873012
137389580471
1781745874012
137476903551
1781745875012
137567335631
1781745876048
137651640286
1781745877012
137738750110
1781745878011
137826245796
1781745879011
137915214563
1781745880011
138002825178
1781745881011
138090335696
1781745882012
138177629357
1781745883012
138264727340
1781745884009
138352235722
1781745885011
138439594202
1781745886012
138526862472
1781745887011
138614283696
1781745888010
138701986840
1781745889012
138790472576
1781745890009
138881527702
1781745891049
138965796407
1781745892012
139052962321
1781745893012
139140778503
1781745894012
139228073873
1781745895011
139315497538
1781745896012
139402829529
1781745897012
139490126546
1781745898012
139577707377
1781745899012
139665812681
1781745900010
139753539629
1781745901012
139840997169
1781745902011
139928277646
1781745903012
140015759600
1781745904012
140103048805
1781745905011
140190463560
1781745906011
140277980120
1781745907012
140365318398
1781745908012
140452559263
1781745909011
140541502029
1781745910009
140629039158
1781745911012
140716367853
1781745912011
140803967421
1781745913012
140891306553
1781745914011
140978678522
1781745915012
141066024490
1781745916011
141153381688
1781745917012
141240740107
1781745918012
141328076370
1781745919012
141416241489
1781745920008
141504388663
1781745921012
141591915477
1781745922011
141679303559
1781745923010
141766718985
1781745924012
141854199535
1781745925012
141941504792
1781745926012
142028869925
1781745927012
142116328625
1781745928012
142203855012
1781745929012
142291922963
1781745930010
142379872872
1781745931012
142467158049
1781745932011
142554488270
1781745933012
142641976144
1781745934012
142729354643
1781745935012
142819910991
1781745936048
142904276559
1781745937012
142991465850
1781745938011
143079033924
1781745939012
143167769414
1781745940010
143255622400
1781745941012
143343237410
1781745942012
143430464360
1781745943011
143517855127
1781745944012
143605357833
1781745945011
143692715519
1781745946012
143780233972
1781745947012
143867385543
1781745948011
143954998112
1781745949012
144043192405
1781745950009
144131167278
1781745951012
144218948059
1781745952012
144306375752
1781745953012
144393515178
1781745954012
144481012390
1781745955012
144568283773
1781745956012
144655682475
1781745957012
144743208680
1781745958012
144830374411
1781745959012
144918670694
1781745960008
145006496824
1781745961012
145092319663
1781745962012
145178041673
1781745963011
145265370063
1781745964010
145352897487
1781745965012
145440369126
1781745966012
145527680853
1781745967012
145615059780
1781745968012
145702527818
1781745969011
145790991092
1781745970008
145879064109
1781745971011
145966493573
1781745972012
146053637637
1781745973010
146141294883
1781745974012
146228659161
1781745975011
146315911318
1781745976011
146403463707
1781745977011
146490800885
1781745978012
146578264101
1781745979012
146666700765
1781745980010
146755042091
1781745981012
146842676510
1781745982012
146929897296
1781745983012
147017156655
1781745984011
147104489500
1781745985012
147191958514
1781745986012
147279379128
1781745987012
147366688108
1781745988011
147454306781
1781745989012
147542747533
1781745990010
147630613458
1781745991012
147718103469
1781745992012
147805579075
1781745993012
147892921503
1781745994014
147980387648
1781745995012
148067663792
1781745996012
148154993891
1781745997012
148242614150
1781745998012
148329954197
1781745999012
148418547049
1781746000009
148506269298
1781746001011
148594054107
1781746002012
148681481007
1781746003012
148768669505
1781746004010
148856381683
1781746005012
148943900318
1781746006012
149031243601
1781746007012
149118707671
1781746008012
149206452197
1781746009012
149294583930
1781746010009
149383116967
1781746011012
149470570479
1781746012010
149558076175
1781746013012
149645337121
1781746014013
149732595016
1781746015011
149820067997
1781746016012
149907479211
1781746017012
149994750350
1781746018012
150082338627
1781746019011
150170718650
1781746020010
150258246624
1781746021011
150345934388
1781746022012
150433104026
1781746023011
150520491070
1781746024012
150608083863
1781746025011
150695481161
1781746026012
150782810345
1781746027012
150870347779
1781746028012
150957606833
1781746029012
151045948221
1781746030008
151132051089
1781746031014
151218207423
1781746032010
151305862167
1781746033012
151393237188
1781746034012
151480616481
1781746035011
151568278732
1781746036011
151655474004
1781746037012
151742980616
1781746038011
151830511703
1781746039011
151918840639
1781746040011
152010556591
1781746041048
152095038736
1781746042012
152182472228
1781746043012
152269822102
1781746044012
152357044718
1781746045012
152444460266
1781746046011
152531712056
1781746047011
152619053569
1781746048011
152706682006
1781746049012
152794885089
1781746050010
152882673743
1781746051011
152970392696
1781746052012
153057604143
1781746053012
153145043494
1781746054012
153232480892
1781746055012
153319676531
1781746056012
153407219581
1781746057012
153494275266
1781746058012
153581937029
1781746059011
153670177587
1781746060010
153758391472
1781746061013
153845810987
1781746062012
153931657691
1781746063011
154018111938
1781746064012
154105746845
1781746065013
154193212991
1781746066012
154280488097
1781746067012
154368174091
1781746068014
154455218546
1781746069012
154543419675
1781746070009
154631763199
1781746071011
154719093542
1781746072011
154806661433
1781746073011
154894034744
1781746074011
154981442479
1781746075012
155068866938
1781746076011
155156286331
1781746077011
155243452307
1781746078010
155331115595
1781746079012
155419513196
1781746080013
155507109774
1781746081012
155594701407
1781746082011
155682279552
1781746083012
155769570894
1781746084009
155857084769
1781746085012
155944531017
1781746086012
156031948152
1781746087011
156119136161
1781746088012
156206750683
1781746089012
156295005767
1781746090011
156383199816
1781746091012
156470745979
1781746092012
156558006253
1781746093012
156645425768
1781746094012
156732810127
1781746095012
156819968107
1781746096011
156907340259
1781746097011
156994756661
1781746098012
157082222929
1781746099011
157170640916
1781746100010
157258373723
1781746101008
157345000271
1781746102012
157432260119
1781746103010
157519669136
1781746104012
157607143948
1781746105012
157694644335
1781746106012
157781882454
1781746107012
157869304288
1781746108012
157956831225
1781746109012
158044896551
1781746110010
158132542567
1781746111010
158220129989
1781746112010
158307524724
1781746113011
158395222253
1781746114012
158482683394
1781746115011
158570111332
1781746116012
158657295618
1781746117012
158744593063
1781746118012
158831962712
1781746119011
158920035912
1781746120009
159008453471
1781746121012
159096028626
1781746122012
159183597188
1781746123012
159271081950
1781746124012
159358575073
1781746125012
159446097371
1781746126012
159533526834
1781746127011
159620718200
1781746128012
159708446919
1781746129012
159796605446
1781746130008
159884536861
1781746131012
159972695571
1781746132012
160059881078
1781746133011
160147432489
1781746134012
160234808914
1781746135012
160322153905
1781746136011
160409657221
1781746137012
160497098953
1781746138011
160584687290
1781746139012
160673002799
1781746140010
160760700451
1781746141011
160848399567
1781746142012
160935963308
1781746143012
161023382945
1781746144012
161110666046
1781746145012
161198120412
1781746146012
161285314037
1781746147012
161372817231
1781746148011
161459992850
1781746149012
161548156870
1781746150010
161636570157
1781746151012
161724116746
1781746152012
161811443427
1781746153011
161898832669
1781746154012
161986082384
1781746155011
162074036566
1781746156011
162161391323
1781746157011
162248668016
1781746158012
162336287176
1781746159012
162424228480
1781746160010
162511885787
1781746161012
162600331422
1781746162011
162687589683
1781746163012
162775068585
1781746164012
162862487673
1781746165012
162949913718
1781746166012
163037343365
1781746167012
163122374947
1781746168012
163209733793
1781746169012
163297954026
1781746170008
163385761907
1781746171012
163473253077
1781746172012
163560681503
1781746173012
163647899541
1781746174011
163735295253
1781746175012
163821810778
1781746176012
163908185862
1781746177012
163995475190
1781746178012
164083019338
1781746179011
164171250313
1781746180009
164259562099
1781746181010
164347244553
1781746182012
164434592046
1781746183011
164521903774
1781746184010
164609455918
1781746185012
164696919195
1781746186012
164784148647
1781746187012
164871540940
1781746188011
164959088140
1781746189011
165047277917
1781746190012
165135041730
1781746191010
165223147279
1781746192011
165310532431
1781746193012
165397853252
1781746194011
165485191896
1781746195012
165572685690
1781746196012
165659991009
1781746197012
165747159914
1781746198011
165834723655
1781746199012
165922900065
1781746200010
166010794127
1781746201012
166098341388
1781746202012
166185505411
1781746203011
166272901244
1781746204012
166360164570
1781746205012
166447525492
1781746206012
166535034484
1781746207012
166622409199
1781746208012
166709923746
1781746209012
166798062314
1781746210010
166886122514
1781746211010
166973583227
1781746212012
167061225886
1781746213012
167148564102
1781746214012
167235987829
1781746215012
167323329524
1781746216012
167410717667
1781746217012
167497861060
1781746218011
167585251400
1781746219012
167673678420
1781746220012
167761231235
1781746221012
167849279228
1781746222012
167936491040
1781746223011
168023944613
1781746224012
168111230339
1781746225012
168198684034
1781746226012
168286028293
1781746227012
168373555351
1781746228012
168460919996
1781746229012
168549012910
1781746230011
168636920583
1781746231012
168724435740
1781746232011
168811823150
1781746233012
168899062368
1781746234012
168986276927
1781746235011
169073897736
1781746236012
169160997366
1781746237011
169248490550
1781746238012
169336101105
1781746239012
169424366443
1781746240011
169512021431
1781746241008
169600027675
1781746242011
169687230211
1781746243011
169774721015
1781746244012
169862205471
1781746245012
169949795396
1781746246012
170036945624
1781746247010
170124300442
1781746248012
170211676866
1781746249012
170299880315
1781746250009
170387498316
1781746251011
170475774579
1781746252012
170563113284
1781746253012
170650331749
1781746254012
170737625898
1781746255011
170824954227
1781746256012
170912328271
1781746257011
170999843001
1781746258012
171087392398
1781746259015
171175398642
1781746260010
171263318339
1781746261012
171350989440
1781746262012
171438370198
1781746263012
171525738688
1781746264011
171613221496
1781746265012
171704027111
1781746266048
171788573281
1781746267011
171876095518
1781746268011
171963558368
1781746269011
172051464210
1781746270009
172139304683
1781746271012
172227392775
1781746272012
172314871677
1781746273011
172402356561
1781746274010
172489918410
1781746275011
172577419833
1781746276010
172664962517
1781746277012
172752233778
1781746278011
172839837863
1781746279011
172926707819
1781746280009
173011009910
1781746281011
173095875354
1781746282009
173153138941
1781746283012
173209921815
1781746284012
173255692145
1781746285012
173298316853
1781746286012
173346424457
1781746287012
173392153404
1781746288013
173435328526
1781746289013
173476243765
1781746290012
173516101451
1781746291012
173556882536
1781746292013
173595778982
1781746293013
173634438551
1781746294012
173672991553
1781746295012
173712883785
1781746296012
173753324477
1781746297014
173791819679
1781746298012
173831304868
1781746299013
173872173782
1781746300011
173913834625
1781746301013
173957477885
1781746302012
173996084476
1781746303012
174034028409
1781746304012
174072988087
1781746305014
174112182994
1781746306012
174150460118
1781746307015
174188473754
1781746308012
174227717733
1781746309014
174267982095
1781746310013
174310403434
1781746311051
174352270026
1781746312013
174396209977
1781746313012
174435914221
1781746314012
174474221374
1781746315013
174512486352
1781746316012
174551554245
1781746317013
174590675117
1781746318013
174630365262
1781746319013
174671124007
1781746320012
174711131717
1781746321013
174751273033
1781746322012
174789929306
1781746323012
174828200632
1781746324013
174866913118
1781746325013
174906442436
1781746326014
174948784002
1781746327012
174989490990
1781746328013
175028356369
1781746329013
175068134221
1781746330012
175108703392
1781746331013
175149377849
1781746332012
175188578188
1781746333014
175226703518
1781746334012
175265246937
1781746335014
175304100353
1781746336013
175343251437
1781746337012
175384681141
1781746338012
175424176279
1781746339012
175464578275
1781746340012
175507186564
1781746341051
175547985166
1781746342016
175592699834
1781746343014
175631948757
1781746344014
175670240895
1781746345013
175708775648
1781746346014
175747830052
1781746347012
175787215510
1781746348013
175826938309
1781746349014
175867700351
1781746350012
175908106375
1781746351013
175948155955
1781746352014
175987448152
1781746353013
176026167780
1781746354012
176064611529
1781746355012
176103869485
1781746356013
176145189753
1781746357011
176187811592
1781746358012
176226738067
1781746359013
176266689503
1781746360013
176307300483
1781746361013
176348347008
1781746362013
176387820540
1781746363013
176426803595
1781746364014
176466273037
1781746365012
176505917894
1781746366014
176544591745
1781746367012
176582895297
1781746368014
176621912592
1781746369014
176662572461
1781746370011
176703398346
1781746371012
176745400680
1781746372013
176787327086
1781746373012
176825646202
1781746374012
176864036057
1781746375013
176902668160
1781746376012
176942105071
1781746377012
176979885797
1781746378012
177018726030
1781746379014
177059176243
1781746380012
177099479851
1781746381014
177139115187
1781746382012
177178000707
1781746383012
177216476012
1781746384012
177254470726
1781746385012
177293888533
1781746386013
177335888121
1781746387013
177378572704
1781746388013
177418173676
1781746389012
177457882559
1781746390012
177498205027
1781746391013
177539208218
1781746392012
177578007740
1781746393012
177616245130
1781746394012
177654878515
1781746395013
177694380550
1781746396014
177733139728
1781746397014
177771420819
1781746398013
177811020693
1781746399012
177851660970
1781746400012
177891776651
1781746401012
177933439508
1781746402014
177976688787
1781746403014
178014940703
1781746404013
178054703175
1781746405013
178094055430
1781746406012
178132668674
1781746407013
178170745602
1781746408012
178211455337
1781746409012
178251590183
1781746410012
178291929191
1781746411013
178331925732
1781746412012
178371395662
1781746413012
178409859736
1781746414013
178448057331
1781746415013
178488837806
1781746416051
178528219114
1781746417012
178569832105
1781746418013
178609134556
1781746419012
178650115896
1781746420012
178690573007
1781746421013
178731686915
1781746422012
178770660021
1781746423012
178809048656
1781746424012
178847813083
1781746425012
178886808222
1781746426012
178925723528
1781746427012
178963990398
1781746428013
179003483827
1781746429012
179044444110
1781746430012
179085189184
1781746431014
179127694263
1781746432014
179170234072
1781746433012
179208669093
1781746434013
179248645553
1781746435012
179286893197
1781746436012
179325692780
1781746437012
179364113275
1781746438013
179402895158
1781746439013
179443838962
1781746440012
179484807912
1781746441013
179525245919
1781746442012
179564205292
1781746443013
179601934443
1781746444014
179641239580
1781746445012
179681361791
1781746446013
179722870657
1781746447015
179765555057
1781746448012
179805749046
1781746449012
179846156841
1781746450011
179887340512
1781746451013
179926926776
1781746452012
179967586461
1781746453013
180006362424
1781746454012
180044643210
1781746455012
180084290203
1781746456013
180122600042
1781746457012
180161600857
1781746458013
180202017258
1781746459013
180242348942
1781746460012
180282934104
1781746461014
180325935703
1781746462012
180368731553
1781746463010
180407281930
1781746464012
180446287934
1781746465013
180485396476
1781746466013
180524019607
1781746467014
180562460854
1781746468013
180601445373
1781746469013
180642589372
1781746470012
180682751135
1781746471015
180723493706
1781746472012
180762920607
1781746473012
180801392066
1781746474012
180839639649
1781746475013
180879173056
1781746476013
180919563395
1781746477014
180958262453
1781746478013
180997579979
1781746479015
181037735028
1781746480011
181077721498
1781746481014
181117573386
1781746482012
181157967569
1781746483012
181196219974
1781746484012
181235062587
1781746485013
181274417222
1781746486013
181313660103
1781746487012
181352221406
1781746488013
181391362968
1781746489013
181431366650
1781746490012
181471512299
1781746491014
181513101426
1781746492013
181557432245
1781746493012
181596622269
1781746494013
181635537636
1781746495013
181674956969
1781746496012
181714582661
1781746497012
181753292950
1781746498013
181792700503
1781746499012
181834255877
1781746500012
181874633887
1781746501012
181915326043
1781746502011
181955294630
1781746503014
181993626502
1781746504013
182032274779
1781746505012
182071654867
1781746506013
182111322062
1781746507014
182150543398
1781746508014
182189659691
1781746509013
182230020184
1781746510011
182271477658
1781746511014
182315929998
1781746512013
182356413781
1781746513014
182394468188
1781746514013
182433104625
1781746515012
182473904325
1781746516013
182512677968
1781746517012
182551073317
1781746518012
182590321446
1781746519012
182631088615
1781746520013
182671546641
1781746521014
182713929895
1781746522013
182758521822
1781746523014
182798837636
1781746524012
182837504407
1781746525013
182877069858
1781746526013
182915357113
1781746527012
182954497943
1781746528014
182993890421
1781746529012
183034620419
1781746530012
183075226577
1781746531014
183113964576
1781746532013
183153612851
1781746533013
183191705405
1781746534013
183230123397
1781746535012
183270320560
1781746536012
183311887531
1781746537014
183352946630
1781746538014
183392954463
1781746539012
183433037429
1781746540012
183473405551
1781746541013
183513033257
1781746542012
183553367443
1781746543012
183591065833
1781746544012
183629578796
1781746545013
183668914388
1781746546013
183707099410
1781746547014
183745490181
1781746548012
183784579437
1781746549012
183824804858
1781746550011
183866231266
1781746551010
