37103163010
1781743817072
37114259075
1781743818020
37126026549
1781743819022
37133876628
1781743820022
37141863166
1781743821020
37149532995
1781743822022
37157035993
1781743823027
37166772882
1781743824020
37174736303
1781743825022
37182483580
1781743826025
37190774543
1781743827024
37199616367
1781743828025
37207358121
1781743829022
37215042347
1781743830023
37222925229
1781743831023
37230444949
1781743832023
37238352417
1781743833024
37246040958
1781743834023
37253634792
1781743835022
37261561997
1781743836024
37269787032
1781743837024
37277685153
1781743838025
37285478376
1781743839023
37293061056
1781743840024
37300571841
1781743841024
37308132290
1781743842022
37315643917
1781743843020
37323405791
1781743844022
37330960166
1781743845020
37338532457
1781743846025
37345975846
1781743847024
37353718854
1781743848020
37362625749
1781743849021
37375234893
1781743850024
37390802214
1781743851018
37407736071
1781743852019
37424762920
1781743853021
37441833559
1781743854022
37459449045
1781743855016
37476525865
1781743856019
37493547314
1781743857019
37510571777
1781743858020
37527531781
1781743859019
37544617505
1781743860020
37561683064
1781743861018
37578806411
1781743862022
37596071681
1781743863019
37613089626
1781743864019
37630317258
1781743865016
37647431700
1781743866022
37664341627
1781743867019
37681478622
1781743868019
37698413243
1781743869019
37715452256
1781743870020
37732516147
1781743871019
37749530788
1781743872023
37766591114
1781743873021
37783615577
1781743874021
37800564764
1781743875018
37817918070
1781743876019
37834928136
1781743877019
37852001712
1781743878020
37869004479
1781743879019
37886080197
1781743880026
37903207369
1781743881019
37920337264
1781743882020
37937444439
1781743883019
37954570464
1781743884020
37971513561
1781743885015
37989128023
1781743886020
38006694198
1781743887018
38024300581
1781743888018
38041345913
1781743889020
38058460110
1781743890021
38075488766
1781743891019
38092584282
1781743892020
38109624259
1781743893017
38126705424
1781743894018
38143780989
1781743895017
38160837444
1781743896020
38178067203
1781743897020
38195179488
1781743898019
38212204976
1781743899020
38229323901
1781743900019
38246348563
1781743901019
38263435740
1781743902018
38280554145
1781743903018
38297559116
1781743904020
38314575333
1781743905015
38331779265
1781743906022
38348730961
1781743907020
38365848432
1781743908019
38382917526
1781743909021
38399947236
1781743910020
38417012734
1781743911019
38434135989
1781743912019
38451224835
1781743913019
38468430970
1781743914019
38485446130
1781743915016
38502618177
1781743916021
38520031612
1781743917018
38537353782
1781743918020
38554616864
1781743919019
38571678996
1781743920023
38588762853
1781743921019
38605998288
1781743922023
38622893711
1781743923020
38640057878
1781743924018
38657080184
1781743925015
38674234345
1781743926021
38691337618
1781743927018
38708347286
1781743928019
38725484939
1781743929021
38742798159
1781743930021
38759832490
1781743931021
38776929659
1781743932020
38793991775
1781743933023
38810890594
1781743934023
38827882989
1781743935016
38845065317
1781743936022
38862188266
1781743937018
38879361445
1781743938021
38896329069
1781743939021
38913353455
1781743940018
38930328989
1781743941019
38947329721
1781743942018
38964420801
1781743943019
38981421304
1781743944020
38998414080
1781743945017
39015851689
1781743946020
39033118902
1781743947018
39050899415
1781743948021
39068230689
1781743949020
39085260139
1781743950020
39102772994
1781743951020
39119770896
1781743952019
39136909007
1781743953023
39154127949
1781743954020
39171023494
1781743955015
39188129322
1781743956020
39205478344
1781743957020
39222507305
1781743958021
39239593947
1781743959018
39256732717
1781743960020
39273921915
1781743961020
39291063300
1781743962021
39308098458
1781743963019
39325089980
1781743964019
39342119064
1781743965015
39359195195
1781743966023
39376216629
1781743967020
39393211716
1781743968021
39410177427
1781743969020
39427270112
1781743970022
39444200419
1781743971020
39461260500
1781743972021
39478578861
1781743973019
39495629273
1781743974019
39512728599
1781743975016
39529843118
1781743976019
39546910405
1781743977022
39563931456
1781743978019
39581316403
1781743979020
39598365881
1781743980019
39615529819
1781743981019
39632536626
1781743982019
39649730506
1781743983019
39666979160
1781743984019
39684081071
1781743985017
39701507297
1781743986023
39718540879
1781743987020
39735621799
1781743988022
39752634083
1781743989019
39769811225
1781743990020
39786913458
1781743991020
39803988548
1781743992020
39820993687
1781743993019
39838121685
1781743994020
39855125738
1781743995018
39872158524
1781743996019
39889267413
1781743997019
39906320701
1781743998019
39923419537
1781743999020
39940513218
1781744000023
39957443953
1781744001019
39974977034
1781744002019
39992092868
1781744003020
40009161717
1781744004021
40026201816
1781744005019
40043402091
1781744006022
40060841093
1781744007020
40078439260
1781744008018
40095491508
1781744009021
40112982116
1781744010019
40129942915
1781744011019
40147054650
1781744012021
40164258536
1781744013018
40181455766
1781744014022
40198591001
1781744015015
40215740894
1781744016022
40232614881
1781744017020
40249891320
1781744018020
40267036775
1781744019019
40284300377
1781744020019
40301898284
1781744021021
40318872961
1781744022019
40335949337
1781744023018
40353133700
1781744024020
40370138013
1781744025016
40387472255
1781744026022
40404415062
1781744027019
40421497374
1781744028020
40438584307
1781744029018
40455740228
1781744030025
40472835637
1781744031018
40489944786
1781744032020
40507026945
1781744033020
40524256367
1781744034022
40541228121
1781744035016
40558439841
1781744036020
40575506532
1781744037019
40592491934
1781744038020
40609509726
1781744039019
40626596246
1781744040020
40643887403
1781744041023
40661122394
1781744042019
40678144241
1781744043019
40695287600
1781744044021
40712375283
1781744045016
40729488838
1781744046020
40746633329
1781744047019
40763694375
1781744048019
40780638941
1781744049019
40797783540
1781744050019
40814862608
1781744051019
40832216465
1781744052021
40849268116
1781744053018
40866358078
1781744054019
40883573424
1781744055015
40900924343
1781744056022
40917901422
1781744057019
40935089672
1781744058022
40952216981
1781744059018
40969329220
1781744060018
40986668664
1781744061019
41003738844
1781744062019
41020889608
1781744063019
41038074186
1781744064021
41055014606
1781744065017
41072541567
1781744066021
41089848590
1781744067019
41107452495
1781744068022
41124485006
1781744069019
41141667349
1781744070021
41158769904
1781744071019
41176356075
1781744072020
41193392075
1781744073019
41210667136
1781744074020
41227742426
1781744075015
41244901192
1781744076023
41262259073
1781744077020
41279334592
1781744078022
41296407250
1781744079019
41313649738
1781744080019
41330626037
1781744081019
41347815311
1781744082020
41365111120
1781744083019
41382250562
1781744084022
41399288076
1781744085016
41416742806
1781744086021
41433984988
1781744087019
41451184758
1781744088019
41468208165
1781744089019
41485333195
1781744090020
41502441548
1781744091020
41519423707
1781744092020
41536797178
1781744093019
41554049045
1781744094021
41571069316
1781744095018
41588479706
1781744096020
41605532091
1781744097019
41622642173
1781744098019
41639830071
1781744099019
41656867845
1781744100020
41674041223
1781744101019
41691109214
1781744102020
41708661175
1781744103020
41725857182
1781744104020
41742994207
1781744105016
41760370907
1781744106020
41777550894
1781744107020
41794596655
1781744108020
41811937767
1781744109019
41828945889
1781744110019
41846001579
1781744111018
41863432701
1781744112020
41880558634
1781744113020
41897766850
1781744114019
41914993762
1781744115018
41931984764
1781744116020
41949357884
1781744117019
41966602009
1781744118020
41983912184
1781744119020
42001348064
1781744120021
42018511283
1781744121019
42035838701
1781744122020
42052950236
1781744123019
42070066775
1781744124019
42087378801
1781744125019
42104648370
1781744126021
42121874870
1781744127019
42139638736
1781744128015
42156792545
1781744129020
42174004005
1781744130020
42191326450
1781744131018
42208420697
1781744132020
42225856148
1781744133019
42243535467
1781744134022
42260765470
1781744135016
42278227023
1781744136020
42295280985
1781744137020
42312468316
1781744138021
42329753399
1781744139019
42346811109
1781744140019
42363994356
1781744141019
42381146069
1781744142019
42398223913
1781744143018
42415457573
1781744144018
42432508000
1781744145016
42449640588
1781744146019
42466829373
1781744147020
42483839546
1781744148019
42501202506
1781744149019
42518485647
1781744150020
42535528821
1781744151019
42552999800
1781744152019
42570198438
1781744153019
42587711246
1781744154016
42604991127
1781744155018
42622123027
1781744156021
42639524528
1781744157023
42656589429
1781744158019
42673582741
1781744159019
42690741737
1781744160020
42707913983
1781744161019
42725100564
1781744162019
42742260891
1781744163019
42759327797
1781744164019
42776952769
1781744165014
42794414919
1781744166019
42811472568
1781744167019
42828629147
1781744168020
42845717120
1781744169021
42862800779
1781744170019
42880022107
1781744171018
42897064578
1781744172019
42914275104
1781744173023
42931407509
1781744174020
42948565587
1781744175015
42965866597
1781744176020
42983105933
1781744177021
43000215005
1781744178019
43017247899
1781744179019
43034362938
1781744180019
43051674153
1781744181021
43068623952
1781744182019
43085627041
1781744183019
43102951920
1781744184019
43120209616
1781744185016
43137507551
1781744186020
43155172870
1781744187019
43172810771
1781744188019
43189946358
1781744189022
43207149754
1781744190022
43224128287
1781744191019
43241305245
1781744192019
43258274536
1781744193019
43275253420
1781744194019
43292463381
1781744195016
43310147916
1781744196021
43327289562
1781744197019
43344322807
1781744198019
43361239084
1781744199019
43378664300
1781744200021
43395982492
1781744201020
43413101983
1781744202019
43430633733
1781744203019
43447839379
1781744204019
43465155200
1781744205017
43482771069
1781744206018
43500023379
1781744207020
43517566620
1781744208019
43535045064
1781744209019
43552300863
1781744210020
43569832399
1781744211019
43587207278
1781744212020
43604631331
1781744213020
43622251209
1781744214020
43639525031
1781744215017
43657108418
1781744216024
43674429426
1781744217019
43691762582
1781744218019
43709077668
1781744219019
43726271533
1781744220019
43743993615
1781744221023
43761361593
1781744222021
43778441320
1781744223020
43795855780
1781744224021
43812963306
1781744225016
43830618971
1781744226018
43848049175
1781744227019
43865372003
1781744228021
43882619892
1781744229018
43900070276
1781744230022
43917199560
1781744231019
43934773660
1781744232021
43952092587
1781744233018
43969185762
1781744234020
43986887036
1781744235017
44004471142
1781744236021
44021784622
1781744237018
44039131808
1781744238020
44056508599
1781744239020
44074130175
1781744240018
44091482456
1781744241021
44108519878
1781744242019
44125727192
1781744243022
44142860881
1781744244020
44160060789
1781744245015
44177766699
1781744246019
44195190354
1781744247020
44212926512
1781744248019
44230072564
1781744249019
44247258993
1781744250019
44264410278
1781744251019
44281596278
1781744252020
44298697119
1781744253019
44316171310
1781744254024
44333452614
1781744255016
44350855997
1781744256023
44368432025
1781744257019
44385932196
1781744258019
44403205681
1781744259019
44420451642
1781744260019
44437615718
1781744261019
44454796394
1781744262020
44471888406
1781744263019
44489140365
1781744264020
44506818046
1781744265015
44524115676
1781744266020
44541602811
1781744267020
44559010768
1781744268019
44576220575
1781744269020
44593658169
1781744270022
44610899004
1781744271019
44628356473
1781744272020
44645937091
1781744273019
44663236158
1781744274020
44680564265
1781744275016
44697949028
1781744276019
44715174318
1781744277019
44732600697
1781744278020
44749713946
1781744279018
44767156405
1781744280018
44784630979
1781744281019
44801870269
1781744282021
44819123023
1781744283018
44836336059
1781744284018
44853590129
1781744285017
44871236797
1781744286022
44888392917
1781744287020
44906319452
1781744288019
44924108181
1781744289019
44941492699
1781744290022
44958878165
1781744291019
44976168603
1781744292021
44993227583
1781744293020
45010678136
1781744294019
45028028535
1781744295016
45045399466
1781744296020
45062950953
1781744297019
45080282043
1781744298019
45097735396
1781744299021
45114951675
1781744300020
45131997512
1781744301019
45149237996
1781744302020
45166743675
1781744303019
45184058424
1781744304020
45201299153
1781744305016
45218603805
1781744306020
45236475567
1781744307019
45254455346
1781744308023
45271566836
1781744309017
45288839924
1781744310020
45306254430
1781744311019
45323455409
1781744312021
45340695372
1781744313019
45357908117
1781744314020
45375145785
1781744315015
45392710614
1781744316019
45409986349
1781744317022
45427691509
1781744318019
45445387825
1781744319019
45462821625
1781744320019
45480095294
1781744321018
45497553451
1781744322021
45514911821
1781744323018
45532432738
1781744324020
45549680597
1781744325018
45567158001
1781744326020
45584455875
1781744327023
45601669155
1781744328019
45619132040
1781744329019
45636313680
1781744330020
45653677497
1781744331019
45671155574
1781744332022
45688311648
1781744333018
45705533496
1781744334020
45722756232
1781744335016
45740000693
1781744336019
45757570923
1781744337018
45774923463
1781744338020
45792152946
1781744339020
45809476234
1781744340018
45826665524
1781744341020
45843900622
1781744342023
45861138428
1781744343018
45878323158
1781744344019
45895366073
1781744345015
45912746873
1781744346019
45930076173
1781744347019
45947526787
1781744348019
45965090529
1781744349018
45982597600
1781744350022
45999875141
1781744351019
46017056214
1781744352021
46034305220
1781744353019
46051570092
1781744354019
46068847571
1781744355018
46086654798
1781744356022
46103869057
1781744357019
46121398542
1781744358022
46138885708
1781744359018
46156102155
1781744360019
46173582252
1781744361019
46190791738
1781744362020
46208069967
1781744363019
46225437716
1781744364020
46242679317
1781744365016
46260353907
1781744366019
46277923295
1781744367019
46295940361
1781744368021
46313041202
1781744369020
46330240284
1781744370020
46347484118
1781744371019
46364993989
1781744372019
46382381138
1781744373019
46399783695
1781744374020
46417058634
1781744375016
46434425848
1781744376024
46451765093
1781744377019
46469010870
1781744378021
46486201384
1781744379020
46504053363
1781744380020
46521110614
1781744381018
46538379020
1781744382019
46555664960
1781744383018
46572736624
1781744384020
46589871553
1781744385017
46607205183
1781744386019
46624373175
1781744387019
46641820209
1781744388019
46659017623
1781744389018
46676697875
1781744390021
46694001134
1781744391020
46711127572
1781744392020
46728506505
1781744393019
46745767323
1781744394020
46762950906
1781744395015
46780405635
1781744396022
46797509061
1781744397019
46815043428
1781744398021
46832400635
1781744399019
46849535334
1781744400020
46866575694
1781744401015
46883906769
1781744402020
46901241853
1781744403019
46918813291
1781744404020
46935845450
1781744405017
46953058791
1781744406020
46970388520
1781744407019
46987442879
1781744408020
47004817268
1781744409018
47022573454
1781744410019
47039879666
1781744411019
47057387441
1781744412022
47074540470
1781744413018
47091801517
1781744414022
47109156934
1781744415016
47126367017
1781744416020
47143696393
1781744417019
47160965748
1781744418020
47178100555
1781744419019
47195826110
1781744420020
47213011911
1781744421020
47230343277
1781744422020
47247914042
1781744423019
47265165205
1781744424022
47282583719
1781744425016
47300125414
1781744426020
47317542230
1781744427019
47335460366
1781744428019
47352670097
1781744429021
47369985199
1781744430019
47387463659
1781744431020
47404689577
1781744432018
47422161687
1781744433019
47439548347
1781744434020
47456784348
1781744435015
47474262777
1781744436019
47491491648
1781744437020
47509004304
1781744438019
47526473476
1781744439020
47543461969
1781744440023
47561183179
1781744441019
47578561577
1781744442021
47595649030
1781744443019
47612959511
1781744444020
47630092879
1781744445017
47647314284
1781744446020
47664709833
1781744447019
47681929539
1781744448022
47699229785
1781744449019
47716607999
1781744450019
47733761487
1781744451022
47745650153
1781744452021
47754183407
1781744453021
47763100476
1781744454024
47771370325
1781744455019
47779428101
1781744456024
47787909350
1781744457020
47796105132
1781744458020
47808584133
1781744459019
47824334381
1781744460019
47838503283
1781744461024
47854339946
1781744462021
47871499707
1781744463019
47888538322
1781744464021
47905493063
1781744465016
47922719211
1781744466019
47939684340
1781744467021
47956836757
1781744468021
47973903907
1781744469019
47990998062
1781744470020
48008661101
1781744471018
48025765460
1781744472018
48043022070
1781744473020
48060182458
1781744474020
48077142845
1781744475016
48094353891
1781744476019
48111533481
1781744477020
48128626320
1781744478019
48145984308
1781744479019
48163026672
1781744480020
48180178385
1781744481019
48197376916
1781744482020
48214402970
1781744483021
48231664889
1781744484021
48248727327
1781744485016
48266113635
1781744486022
48283599989
1781744487019
48301260045
1781744488021
48318436559
1781744489022
48335682658
1781744490018
48352823202
1781744491019
48370052440
1781744492019
48387209126
1781744493018
48404293779
1781744494019
48421506340
1781744495015
48438634981
1781744496020
48455807961
1781744497018
48473095554
1781744498021
48490061066
1781744499020
48507250141
1781744500018
48524408449
1781744501018
48542072987
1781744502020
48559443965
1781744503020
48576541715
1781744504021
48593672849
1781744505016
48610943122
1781744506019
48628039679
1781744507022
48645251964
1781744508019
48662302376
1781744509019
48679256169
1781744510020
48696469326
1781744511019
48713678583
1781744512020
48730753643
1781744513018
48748003001
1781744514020
48764947812
1781744515017
48782135480
1781744516019
48799274892
1781744517019
48816368373
1781744518019
48832112349
1781744519024
48849169905
1781744520021
48866187407
1781744521021
48883421052
1781744522019
48900475503
1781744523019
48917990239
1781744524019
48935080844
1781744525015
48952171204
1781744526021
48969355383
1781744527018
48986452430
1781744528021
49003522548
1781744529021
49020513764
1781744530020
49037492465
1781744531021
49054819103
1781744532021
49072256115
1781744533019
49089288289
1781744534020
49106267969
1781744535015
49123480132
1781744536022
49140523200
1781744537023
49157700571
1781744538022
49174695949
1781744539021
49191952345
1781744540020
49209033877
1781744541019
49226232393
1781744542020
49243366113
1781744543022
49260396007
1781744544020
49277376223
1781744545016
49294752020
1781744546020
49312035833
1781744547019
49329602574
1781744548021
49346830114
1781744549021
49363928568
1781744550020
49381035283
1781744551019
49398022078
1781744552019
49414977538
1781744553019
49432242777
1781744554019
49449245621
1781744555017
49466370727
1781744556019
49483622304
1781744557019
49500911839
1781744558017
49518155551
1781744559020
49535318800
1781744560022
49552322256
1781744561018
49569595023
1781744562020
49586695114
1781744563021
49604203241
1781744564020
49621351833
1781744565015
49638416045
1781744566022
49655482200
1781744567020
49672533484
1781744568019
49689595417
1781744569021
49706843092
1781744570020
49723886297
1781744571018
49741145799
1781744572021
49758522927
1781744573019
49775546426
1781744574021
49792643426
1781744575016
49809818992
1781744576020
49826915717
1781744577020
49844080466
1781744578018
49861193822
1781744579020
49878418883
1781744580019
49895659458
1781744581019
49912734457
1781744582021
49929910543
1781744583019
49946939046
1781744584019
49963895469
1781744585016
49981096234
1781744586019
49998136319
1781744587019
50015269549
1781744588024
50032348802
1781744589020
50049347867
1781744590019
50066700178
1781744591019
50083860321
1781744592022
50100886345
1781744593019
50118819919
1781744594022
50135889869
1781744595015
50153109468
1781744596024
50170026984
1781744597019
50186995158
1781744598021
50203911664
1781744599019
50220930160
1781744600020
50237876012
1781744601018
50255051991
1781744602019
50272202985
1781744603018
50289557010
1781744604020
50306717230
1781744605017
50323930173
1781744606020
50341341604
1781744607019
50358948660
1781744608020
50375921318
1781744609019
50393079809
1781744610021
50410117690
1781744611020
50427161645
1781744612022
50444143375
1781744613019
50461171434
1781744614019
50478263706
1781744615015
50495507495
1781744616021
50512416779
1781744617019
50529427610
1781744618019
50546532444
1781744619022
50563566056
1781744620019
50580815292
1781744621019
50597885915
1781744622020
50615044008
1781744623019
50632526430
1781744624026
50649596809
1781744625015
50667242559
1781744626022
50684324014
1781744627019
50701373325
1781744628020
50718596336
1781744629019
50735726598
1781744630023
50752760440
1781744631020
50769738315
1781744632019
50786703337
1781744633019
50803913802
1781744634018
50820979269
1781744635016
50838050122
1781744636020
50855284807
1781744637020
50872320148
1781744638021
50889253500
1781744639019
50906450577
1781744640022
50923468094
1781744641017
50940920039
1781744642019
50957922516
1781744643020
50974923799
1781744644022
50992000634
1781744645015
51009090183
1781744646019
51026187842
1781744647020
51043325678
1781744648019
51060368026
1781744649019
51077388833
1781744650022
51094452800
1781744651019
51111496801
1781744652019
51128613141
1781744653020
51145669780
1781744654022
51162726296
1781744655015
51180473271
1781744656020
51197547321
1781744657020
51214973501
1781744658019
51232052677
1781744659019
51249179359
1781744660022
51266468512
1781744661018
51283610877
1781744662022
51300700977
1781744663020
51317913753
1781744664022
51334916153
1781744665016
51352148298
1781744666022
51369516338
1781744667020
51387080447
1781744668020
51404313832
1781744669020
51421404727
1781744670020
51438433872
1781744671017
51455781425
1781744672020
51472757953
1781744673019
51489844825
1781744674021
51506849383
1781744675015
51523955364
1781744676021
51541075957
1781744677019
51558143367
1781744678020
51575209875
1781744679020
51592248934
1781744680020
51609239293
1781744681020
51626381551
1781744682019
51643463940
1781744683020
51660582436
1781744684022
51677619231
1781744685018
51694714717
1781744686019
51712210297
1781744687020
51729404652
1781744688020
51746454222
1781744689018
51763696496
1781744690019
51781132177
1781744691019
51798219584
1781744692020
51815468819
1781744693019
51832540789
1781744694020
51849538217
1781744695017
51866801819
1781744696020
51883809513
1781744697019
51900979311
1781744698019
51918076449
1781744699020
51935078466
1781744700021
51951988241
1781744701017
51969217999
1781744702019
51986361374
1781744703020
52003425112
1781744704022
52020391481
1781744705015
52037611325
1781744706020
52054736615
1781744707023
52071671603
1781744708020
52088894584
1781744709019
52106044032
1781744710021
52123051344
1781744711019
52140304221
1781744712021
52157337160
1781744713021
52174489424
1781744714022
52191565632
1781744715016
52208635291
1781744716020
52225848250
1781744717021
52243564762
1781744718019
52260635110
1781744719019
52277631314
1781744720019
52294602961
1781744721019
52311746933
1781744722021
52328915782
1781744723021
52345918993
1781744724022
52363136160
1781744725015
52380694853
1781744726023
52398107415
1781744727020
52415784286
1781744728018
52432817577
1781744729019
52449885905
1781744730020
52467036777
1781744731019
52484079477
1781744732019
52501242329
1781744733019
52518299488
1781744734021
52535200709
1781744735017
52552417325
1781744736018
52569469649
1781744737019
52586661326
1781744738021
52603684397
1781744739020
52620698196
1781744740020
52637753182
1781744741019
52654859163
1781744742021
52671769641
1781744743019
52688829708
1781744744019
52705839590
1781744745017
52722937936
1781744746020
52740043336
1781744747021
52757254827
1781744748020
52774846415
1781744749023
52791764986
1781744750021
52808789143
1781744751019
52826046182
1781744752021
52843120064
1781744753020
52860278004
1781744754022
52877294281
1781744755015
52894426701
1781744756020
52911761724
1781744757019
52928871775
1781744758023
52946058096
1781744759019
52963098150
1781744760019
52980119538
1781744761020
52997168772
1781744762019
53014560710
1781744763020
53031701055
1781744764019
53048754848
1781744765014
53065977691
1781744766019
53082957998
1781744767019
53100172625
1781744768019
53117333748
1781744769020
53134398603
1781744770020
53151624949
1781744771019
53168659250
1781744772022
53185619009
1781744773020
53202628601
1781744774019
53219596515
1781744775016
53236913238
1781744776017
53254121852
1781744777019
53271205572
1781744778019
53288963119
1781744779021
53306069958
1781744780021
53323137521
1781744781019
53340370293
1781744782019
53357359520
1781744783018
53374459183
1781744784021
53391477969
1781744785015
53408805464
1781744786021
53426302299
1781744787020
53443971642
1781744788019
53460981142
1781744789019
53478111144
1781744790021
53495088223
1781744791020
53512211570
1781744792019
53529644849
1781744793017
53546807563
1781744794021
53563813329
1781744795016
53580962043
1781744796019
53598097447
1781744797019
53615345458
1781744798019
53632344661
1781744799020
53649305675
1781744800020
53666297503
1781744801021
53683296124
1781744802021
53700271520
1781744803018
53717334325
1781744804021
53734280299
1781744805018
53751815185
1781744806024
53768877317
1781744807019
53786206632
1781744808021
53803215045
1781744809019
53820715644
1781744810018
53837922024
1781744811018
53854907304
1781744812020
53871907853
1781744813019
53889097923
1781744814019
53906068913
1781744815016
53923310942
1781744816022
53940444999
1781744817020
53957540331
1781744818019
53974680921
1781744819019
53991735174
1781744820020
54008785585
1781744821019
54026046449
1781744822019
54043031943
1781744823019
54060342255
1781744824021
54077560432
1781744825015
54094825197
1781744826020
54112053884
1781744827020
54129193602
1781744828021
54146287114
1781744829019
54163579067
1781744830022
54180546751
1781744831018
54197702687
1781744832020
54214851310
1781744833019
54231854200
1781744834019
54248827331
1781744835017
54266067555
1781744836020
54283229121
1781744837020
54300251090
1781744838020
54317230388
1781744839017
54334438573
1781744840020
54352015978
1781744841020
54368986264
1781744842020
54385996743
1781744843019
54403221467
1781744844020
54420305034
1781744845016
54437677343
1781744846023
54454828260
1781744847018
54472333587
1781744848018
54489502222
1781744849019
54506536752
1781744850020
54523698655
1781744851020
54540634776
1781744852017
54557617715
1781744853020
54574823880
1781744854019
54591941551
1781744855018
54609076358
1781744856020
54626297273
1781744857020
54643341044
1781744858022
54660500484
1781744859019
54677804432
1781744860022
54694713334
1781744861019
54711890935
1781744862020
54728963011
1781744863019
54746063439
1781744864022
54763099101
1781744865015
54780177910
1781744866020
54797376319
1781744867022
54814562258
1781744868021
54831583171
1781744869019
54848867535
1781744870022
54866224330
1781744871019
54883387380
1781744872022
54900542949
1781744873019
54917602235
1781744874019
54934729330
1781744875016
54951805920
1781744876020
54968785218
1781744877019
54985945208
1781744878020
55003042208
1781744879019
55020133777
1781744880023
55037150376
1781744881019
55054159615
1781744882018
55071372421
1781744883021
55088412490
1781744884020
55105483374
1781744885017
55122857564
1781744886020
55139940504
1781744887020
55157049912
1781744888022
55174194205
1781744889021
55191274237
1781744890021
55208350032
1781744891019
55225369400
1781744892021
55242310769
1781744893020
55259723760
1781744894021
55276686855
1781744895015
55293826909
1781744896021
55310993616
1781744897020
55328125806
1781744898021
55345294350
1781744899017
55362395022
1781744900018
55379522622
1781744901019
55397087007
1781744902019
55414116305
1781744903020
55431158837
1781744904019
55448283148
1781744905016
55465509510
1781744906019
55482930243
1781744907019
55500589242
1781744908022
55517551695
1781744909020
55534965237
1781744910019
55552042836
1781744911020
55569128760
1781744912020
55586182797
1781744913020
55603190951
1781744914019
55620278572
1781744915016
55637532198
1781744916020
55654452453
1781744917019
55671606859
1781744918018
55688633586
1781744919020
55705626837
1781744920021
55722838328
1781744921019
55739905799
1781744922020
55756981379
1781744923019
55774114610
1781744924020
55791080765
1781744925015
55808515880
1781744926021
55825753992
1781744927020
55842856806
1781744928020
55860042286
1781744929018
55877111456
1781744930020
55894365863
1781744931020
55911733306
1781744932022
55928916323
1781744933020
55945948237
1781744934020
55963009343
1781744935017
55980085153
1781744936019
55997299550
1781744937019
56014304521
1781744938019
56031408391
1781744939020
56048546961
1781744940021
56065696992
1781744941018
56082852453
1781744942021
56100065932
1781744943019
56117184781
1781744944020
56134339003
1781744945017
56151477757
1781744946019
56168572187
1781744947019
56185810024
1781744948021
56202842871
1781744949020
56219927326
1781744950019
56236935785
1781744951021
56253858488
1781744952019
56270993983
1781744953022
56288080074
1781744954022
56305031694
1781744955016
56322421689
1781744956019
56339461161
1781744957019
56356723310
1781744958019
56373962692
1781744959020
56391056908
1781744960019
56408474168
1781744961018
56425691013
1781744962020
56442868323
1781744963019
56460586641
1781744964021
56477530106
1781744965016
56494992363
1781744966021
56512192806
1781744967020
56529688295
1781744968021
56546739472
1781744969020
56563677306
1781744970020
56580664330
1781744971021
56598195177
1781744972022
56615143385
1781744973019
56632135183
1781744974020
56649117647
1781744975016
56666114754
1781744976019
56683303462
1781744977019
56700456032
1781744978022
56717471866
1781744979019
56734662242
1781744980020
56751613357
1781744981018
56768782298
1781744982022
56785813049
1781744983019
56802829679
1781744984023
56819839760
1781744985016
56836958302
1781744986020
56853990645
1781744987018
56871224152
1781744988019
56888258560
1781744989019
56905338087
1781744990020
56922453876
1781744991019
56939458510
1781744992021
56956630787
1781744993022
56973658463
1781744994022
56991356631
1781744995016
57008852991
1781744996020
57025918581
1781744997020
57043129444
1781744998020
57060178479
1781744999019
57077151794
1781745000019
57094261539
1781745001020
57111326011
1781745002018
57128398470
1781745003019
57145527111
1781745004021
57162440282
1781745005016
57179608045
1781745006023
57196631682
1781745007019
57213794074
1781745008020
57230935475
1781745009022
57247943567
1781745010018
57264939878
1781745011019
57282087812
1781745012020
57299094894
1781745013020
57316054439
1781745014019
57333129331
1781745015016
57350139519
1781745016019
57367295348
1781745017021
57384440757
1781745018019
57401489043
1781745019019
57418692699
1781745020020
57435696446
1781745021020
57452728452
1781745022019
57469946842
1781745023019
57486903282
1781745024019
57503971411
1781745025016
57521844963
1781745026020
57539078240
1781745027019
57557113023
1781745028018
57574267460
1781745029019
57591406688
1781745030019
57608735361
1781745031020
57625731198
1781745032018
57642864275
1781745033016
57660043284
1781745034021
57676916705
1781745035015
57694143128
1781745036019
57711176832
1781745037022
57728258884
1781745038020
57745347378
1781745039019
57762442359
1781745040019
57779745098
1781745041019
57796827517
1781745042020
57813822757
1781745043020
57830967876
1781745044019
57848093579
1781745045018
57865285868
1781745046019
57882431415
1781745047019
57899434060
1781745048019
57916543438
1781745049020
57933779776
1781745050022
57950791173
1781745051016
57968029912
1781745052020
57985136934
1781745053022
58002174509
1781745054018
58019318006
1781745055017
58036413430
1781745056019
58054015453
1781745057021
58071110373
1781745058020
58088077568
1781745059019
58105216306
1781745060019
58119415686
1781745061024
58132310877
1781745062022
58145641370
1781745063021
58158875380
1781745064019
58167891043
1781745065019
58175929280
1781745066023
58183486792
1781745067024
58191481853
1781745068024
58200563887
1781745069020
58209933989
1781745070024
58221913690
1781745071023
58237715989
1781745072020
58254654482
1781745073019
58271848805
1781745074021
58288777551
1781745075015
58305981851
1781745076020
58323095207
1781745077019
58340178513
1781745078020
58357287279
1781745079019
58374321121
1781745080019
58391403311
1781745081019
58408572971
1781745082019
58425557868
1781745083020
58442709413
1781745084019
58459761233
1781745085017
58476976380
1781745086020
58494885213
1781745087019
58512597090
1781745088019
58529745957
1781745089019
58546756849
1781745090020
58563714482
1781745091019
58580887798
1781745092021
58597971457
1781745093020
58615236574
1781745094019
58632490154
1781745095016
58649593397
1781745096019
58666566437
1781745097019
58683773153
1781745098019
58700918425
1781745099022
58718058984
1781745100024
58735112043
1781745101019
58752147446
1781745102019
58769198638
1781745103020
58786234193
1781745104019
58803295499
1781745105017
58820733245
1781745106021
58837700899
1781745107018
58855104542
1781745108024
58872202047
1781745109022
58889198389
1781745110020
58906442331
1781745111020
58923525132
1781745112019
58940697271
1781745113020
58957837739
1781745114020
58974837033
1781745115017
58992047927
1781745116022
59009139633
1781745117019
59026592863
1781745118021
59043692602
1781745119021
59060799670
1781745120021
59077824072
1781745121019
59095029748
1781745122022
59112082944
1781745123023
59129124559
1781745124021
59146414737
1781745125015
59163498747
1781745126020
59180626899
1781745127019
59197677096
1781745128019
59214990148
1781745129020
59232300935
1781745130020
59249375108
1781745131021
59266516004
1781745132020
59283627677
1781745133018
59300717685
1781745134023
59317771922
1781745135016
59334895039
1781745136019
59351925316
1781745137019
59369088474
1781745138021
59386090721
1781745139020
59403197544
1781745140019
59420477440
1781745141019
59437581295
1781745142018
59454791577
1781745143020
59471882656
1781745144022
59488873734
1781745145015
59506420539
1781745146020
59523616928
1781745147020
59541526512
1781745148021
59558761487
1781745149022
59575825149
1781745150021
59592980503
1781745151020
59609987157
1781745152021
59626890735
1781745153018
59643878095
1781745154020
59660874146
1781745155016
59678256369
1781745156020
59695415962
1781745157020
59712423228
1781745158021
59729640318
1781745159017
59746902604
1781745160020
59764034167
1781745161018
59781242459
1781745162020
59798520091
1781745163019
59815653552
1781745164019
59832637929
1781745165015
59849666431
1781745166020
59866714333
1781745167021
59883856805
1781745168022
59900786240
1781745169018
59917939177
1781745170019
59935020051
1781745171021
59952057596
1781745172018
59969318535
1781745173020
59986371946
1781745174020
60003472603
1781745175019
60020729136
1781745176023
60037719037
1781745177022
60054853247
1781745178021
60072270828
1781745179019
60089365395
1781745180021
60106514768
1781745181018
60123553888
1781745182019
60140682468
1781745183020
60157793972
1781745184020
60174737284
1781745185017
60192191448
1781745186022
60209203793
1781745187019
60226280215
1781745188021
60243387497
1781745189019
60260454907
1781745190020
60277672609
1781745191019
60294858426
1781745192022
60311799702
1781745193020
60329046367
1781745194020
60346086666
1781745195018
60363142494
1781745196020
60380532520
1781745197019
60397591224
1781745198022
60414578416
1781745199019
60431748092
1781745200022
60448695565
1781745201019
60465839613
1781745202020
60482996069
1781745203021
60500013004
1781745204018
60517160877
1781745205016
60534492273
1781745206022
60551928918
1781745207019
60569541865
1781745208020
60586608572
1781745209021
60604199211
1781745210019
60621319835
1781745211021
60638331461
1781745212020
60655542140
1781745213020
60672615563
1781745214018
60689816022
1781745215017
60707038146
1781745216019
60724100905
1781745217020
60741259212
1781745218022
60758340453
1781745219018
60775353747
1781745220019
60792636658
1781745221018
60809631944
1781745222019
60826746493
1781745223019
60843895437
1781745224020
60860803743
1781745225016
60877972224
1781745226020
60895079445
1781745227022
60912171136
1781745228022
60929511835
1781745229019
60946594040
1781745230020
60963898600
1781745231020
60981226799
1781745232022
60998206861
1781745233018
61015514665
1781745234020
61032653618
1781745235016
61049805193
1781745236019
61067272561
1781745237019
61084367817
1781745238019
61101460273
1781745239020
61118976034
1781745240019
61136264958
1781745241019
61153429676
1781745242020
61170512830
1781745243019
61187511757
1781745244018
61204663378
1781745245016
61221756661
1781745246021
61238732684
1781745247019
61256007746
1781745248019
61273027450
1781745249020
61290205571
1781745250023
61307329071
1781745251019
61324395058
1781745252020
61341600015
1781745253021
61358591951
1781745254019
61375595024
1781745255017
61392773176
1781745256020
61409734939
1781745257018
61426818093
1781745258019
61443973631
1781745259021
61461124044
1781745260019
61478288808
1781745261019
61495399655
1781745262022
61512499730
1781745263019
61529746762
1781745264022
61546984094
1781745265016
61564392419
1781745266023
61581767604
1781745267021
61599406270
1781745268018
61616528148
1781745269019
61633659237
1781745270020
61651282098
1781745271020
61668520073
1781745272021
61685527017
1781745273018
61702645590
1781745274018
61719716076
1781745275014
61736785857
1781745276020
61753892481
1781745277019
61770960672
1781745278020
61788343446
1781745279020
61805441027
1781745280021
61822524196
1781745281022
61839685793
1781745282019
61856850267
1781745283019
61873871532
1781745284022
61891123169
1781745285015
61908311648
1781745286021
61925405175
1781745287020
61942543960
1781745288019
61959560345
1781745289019
61976656947
1781745290021
61993736414
1781745291018
62010752997
1781745292020
62027913232
1781745293019
62045014119
1781745294020
62062037710
1781745295016
62079180243
1781745296022
62096224014
1781745297019
62113702168
1781745298019
62130819747
1781745299019
62147882583
1781745300019
62164981113
1781745301017
62182573466
1781745302019
62199636561
1781745303020
62216818079
1781745304019
62233823463
1781745305017
62250985442
1781745306022
62268112553
1781745307022
62285048383
1781745308020
62302383513
1781745309021
62319547542
1781745310021
62336505787
1781745311019
62353850525
1781745312019
62370924177
1781745313019
62388016052
1781745314020
62405172386
1781745315017
62422255723
1781745316019
62439429851
1781745317020
62456535159
1781745318019
62473589487
1781745319018
62490886841
1781745320022
62507952369
1781745321019
62525102002
1781745322023
62542265802
1781745323019
62559336195
1781745324019
62576610783
1781745325017
62594097704
1781745326021
62611411627
1781745327018
62629256798
1781745328022
62646338253
1781745329019
62663468424
1781745330022
62680744908
1781745331020
62697757789
1781745332020
62715603908
1781745333019
62732725236
1781745334020
62749714631
1781745335017
62767048766
1781745336020
62784116191
1781745337019
62801277253
1781745338020
62818369525
1781745339020
62835295854
1781745340020
62852207128
1781745341019
62869278470
1781745342022
62886301587
1781745343018
62903325866
1781745344019
62920298401
1781745345015
62937405147
1781745346022
62954546257
1781745347019
62971592309
1781745348020
62988736219
1781745349018
63005890104
1781745350019
63022877587
1781745351019
63040018070
1781745352020
63057060847
1781745353019
63074151529
1781745354020
63091311948
1781745355015
63108339608
1781745356019
63125403912
1781745357019
63142794275
1781745358019
63159968127
1781745359019
63177330338
1781745360022
63194626636
1781745361019
63211906731
1781745362022
63229457835
1781745363019
63247073169
1781745364020
63264377959
1781745365016
63281868031
1781745366023
63299257598
1781745367020
63316679188
1781745368018
63334144031
1781745369019
63351524326
1781745370020
63369342140
1781745371019
63386508266
1781745372020
63403871700
1781745373019
63420891543
1781745374020
63437896223
1781745375015
63455309397
1781745376020
63472637428
1781745377020
63489916146
1781745378020
63507319391
1781745379020
63524306966
1781745380023
63541207774
1781745381021
63558360528
1781745382019
63575379100
1781745383024
63592523286
1781745384022
63609523575
1781745385017
63626868573
1781745386024
63644289964
1781745387019
63661809917
1781745388022
63678830555
1781745389018
63695980708
1781745390022
63712960541
1781745391021
63730023850
1781745392019
63747227813
1781745393020
63764340450
1781745394019
63781824846
1781745395016
63798959117
1781745396020
63816010983
1781745397019
63833238645
1781745398023
63850218891
1781745399020
63867549905
1781745400019
63884675026
1781745401019
63901787250
1781745402020
63919185201
1781745403018
63937695096
1781745404105
63953218368
1781745405015
63970292403
1781745406022
63987204901
1781745407020
64004291696
1781745408020
64021266847
1781745409021
64038263082
1781745410023
64055458002
1781745411019
64072512989
1781745412018
64089581225
1781745413019
64106778639
1781745414021
64123702153
1781745415017
64140897777
1781745416020
64158077198
1781745417022
64175068506
1781745418020
64192193230
1781745419020
64209327363
1781745420020
64226364740
1781745421020
64243582839
1781745422023
64260533755
1781745423020
64277604608
1781745424020
64295085654
1781745425015
64312164110
1781745426021
64329230740
1781745427018
64346274420
1781745428020
64363284424
1781745429018
64380500780
1781745430022
64397425089
1781745431018
64414550364
1781745432019
64431798849
1781745433019
64449195699
1781745434019
64466504176
1781745435016
64483728564
1781745436021
64500864993
1781745437019
64518257099
1781745438020
64535313111
1781745439019
64552593987
1781745440023
64569887561
1781745441021
64587102861
1781745442021
64604299755
1781745443018
64621550260
1781745444018
64638648561
1781745445017
64656093346
1781745446020
64673522387
1781745447019
64691304291
1781745448018
64708566180
1781745449020
64725689909
1781745450018
64743086422
1781745451019
64760589775
1781745452021
64777722165
1781745453019
64795134161
1781745454020
64812361410
1781745455015
64830238680
1781745456018
64847766636
1781745457020
64864925876
1781745458022
64882088514
1781745459020
64899377437
1781745460019
64916573612
1781745461019
64933966071
1781745462022
64951582536
1781745463019
64969029585
1781745464021
64986360691
1781745465016
65003493218
1781745466020
65020904021
1781745467019
65038396940
1781745468020
65055600581
1781745469019
65072866386
1781745470023
65089743541
1781745471018
65106649062
1781745472020
65123786515
1781745473020
65140784892
1781745474020
65157845799
1781745475016
65175043382
1781745476020
65191998413
1781745477018
65209380376
1781745478019
65226459322
1781745479019
65243500371
1781745480020
65260547906
1781745481019
65277510664
1781745482020
65294611214
1781745483020
65311697718
1781745484019
65328644366
1781745485015
65346212744
1781745486022
65363469644
1781745487024
65380424492
1781745488019
65397624569
1781745489018
65414636440
1781745490019
65431743446
1781745491019
65448822132
1781745492018
65465846611
1781745493019
65483178022
1781745494020
65500213410
1781745495016
65517439588
1781745496020
65534653006
1781745497019
65551698292
1781745498022
65568793334
1781745499019
65585953110
1781745500020
65602937640
1781745501019
65620490397
1781745502022
65637556078
1781745503019
65654699162
1781745504020
65671854516
1781745505015
65689088712
1781745506022
65706380848
1781745507018
11029020
1781745508019
28114744
1781745509020
45236974
1781745510019
62353069
1781745511018
79416761
1781745512019
96636574
1781745513021
113663286
1781745514021
130719788
1781745515016
147931890
1781745516021
164862319
1781745517017
182462567
1781745518021
199480573
1781745519020
216542552
1781745520020
233673319
1781745521019
250798395
1781745522019
267950322
1781745523021
285277833
1781745524020
302233017
1781745525015
319565178
1781745526020
336716968
1781745527019
353845303
1781745528022
371042334
1781745529018
388165253
1781745530021
405231822
1781745531019
422672796
1781745532020
439677155
1781745533018
456914441
1781745534020
473973069
1781745535015
491328150
1781745536021
508457647
1781745537018
525517132
1781745538019
542730917
1781745539020
560038889
1781745540019
577047058
1781745541020
594284466
1781745542019
611452336
1781745543019
628563198
1781745544021
645734908
1781745545015
662849779
1781745546021
679971825
1781745547019
697160825
1781745548018
714527671
1781745549020
731691089
1781745550023
748756112
1781745551019
765808008
1781745552020
783116271
1781745553022
800150526
1781745554019
817339662
1781745555015
834502713
1781745556018
851591053
1781745557018
868805588
1781745558021
885859626
1781745559019
902910558
1781745560019
920134013
1781745561020
937131594
1781745562020
954133398
1781745563018
971335096
1781745564018
988222700
1781745565016
1005344609
1781745566018
1022489253
1781745567019
1039913383
1781745568022
1057238476
1781745569019
1074635922
1781745570019
1091757096
1781745571018
1109248913
1781745572019
1126477203
1781745573020
1143741677
1781745574019
1160919874
1781745575015
1178043680
1781745576020
1195354926
1781745577020
1212520670
1781745578021
1230291987
1781745579020
1247574285
1781745580019
1264722357
1781745581019
1282087153
1781745582020
1299379672
1781745583020
1316487566
1781745584022
1333777331
1781745585015
1350978020
1781745586021
1368176229
1781745587018
1385495722
1781745588019
1402666101
1781745589018
1419850557
1781745590019
1437264435
1781745591021
1454295431
1781745592021
1471505575
1781745593019
1488715137
1781745594021
1505762520
1781745595015
1523169177
1781745596018
1540304182
1781745597020
1557590490
1781745598022
1574812108
1781745599020
1591951199
1781745600022
1609162108
1781745601019
1626407962
1781745602022
1643677378
1781745603020
1660966577
1781745604019
1678011894
1781745605015
1695338761
1781745606019
1712584171
1781745607022
1729590534
1781745608019
1746832104
1781745609018
1764477855
1781745610019
1781655134
1781745611019
1798968308
1781745612020
1816149887
1781745613021
1833265629
1781745614019
1850485275
1781745615015
1867656434
1781745616020
1884910382
1781745617021
1902172331
1781745618022
1919130637
1781745619019
1936374640
1781745620020
1953503541
1781745621020
1970723400
1781745622022
1988028388
1781745623019
2005076520
1781745624020
2022271854
1781745625015
2039693841
1781745626020
2057043950
1781745627019
2074899539
1781745628019
2091963767
1781745629019
2109073803
1781745630022
2126279969
1781745631020
2143606301
1781745632021
2160903471
1781745633018
2178234163
1781745634022
2195230796
1781745635017
2212442056
1781745636015
2229842884
1781745637021
2246961090
1781745638019
2264175319
1781745639020
2281243770
1781745640018
2298889841
1781745641019
2316164505
1781745642020
2333212346
1781745643021
2350391156
1781745644020
2367559270
1781745645021
2384562176
1781745646022
2401640663
1781745647019
2419048988
1781745648018
2436109803
1781745649020
2453502996
1781745650020
2470587390
1781745651018
2487764164
1781745652019
2504966673
1781745653018
2522198528
1781745654019
2539698958
1781745655016
2556940528
1781745656019
2574131440
1781745657018
2591440881
1781745658018
2608581899
1781745659021
2626015928
1781745660022
2643451012
1781745661019
2660863606
1781745662019
2678514879
1781745663018
2695723095
1781745664019
2713174826
1781745665015
2730357812
1781745666017
2747524688
1781745667020
2765000455
1781745668023
2782420163
1781745669019
2799693480
1781745670019
2817194523
1781745671021
2832323545
1781745672023
2847684730
1781745673022
2862448802
1781745674019
2874509103
1781745675018
2883752996
1781745676020
2892675589
1781745677024
2901978601
1781745678023
2912282401
1781745679020
2922290636
1781745680023
2934748554
1781745681021
2950392391
1781745682020
2967501830
1781745683018
2984760827
1781745684020
3001920771
1781745685017
3019226203
1781745686021
3036737742
1781745687019
3054512532
1781745688022
3071515162
1781745689019
3088767411
1781745690020
3105820118
1781745691021
3123256105
1781745692019
3140552403
1781745693019
3157426682
1781745694020
3174645623
1781745695016
3191718449
1781745696019
3208691458
1781745697018
3225933610
1781745698022
3242953850
1781745699021
3260078329
1781745700019
3277181052
1781745701020
3294149409
1781745702018
3311550926
1781745703019
3328909219
1781745704019
3346185107
1781745705017
3363395787
1781745706019
3380383652
1781745707018
3397546917
1781745708019
3415060383
1781745709019
3432157597
1781745710018
3449338533
1781745711018
3466390491
1781745712019
3483412551
1781745713018
3500660272
1781745714020
3517616772
1781745715016
3534797556
1781745716018
3552018777
1781745717019
3569057010
1781745718020
3586142474
1781745719019
3603269156
1781745720018
3620470701
1781745721019
3637779974
1781745722021
3654855370
1781745723019
3672005921
1781745724019
3689116033
1781745725016
3706209407
1781745726020
3723386075
1781745727022
3740430642
1781745728022
3757446353
1781745729021
3774502304
1781745730020
3791571978
1781745731019
3808713624
1781745732019
3825973707
1781745733020
3843475729
1781745734022
3860548647
1781745735015
3877710917
1781745736019
3894749150
1781745737019
3911954275
1781745738020
3929238456
1781745739021
3946643109
1781745740020
3963820204
1781745741019
3980968750
1781745742021
3998087186
1781745743018
4015203097
1781745744019
4032183221
1781745745017
4049539525
1781745746019
4066958606
1781745747020
4084596492
1781745748019
4103039295
1781745749104
4118672652
1781745750023
4135805561
1781745751022
4152917678
1781745752020
4170029932
1781745753020
4187336175
1781745754022
4204358848
1781745755015
4221596272
1781745756020
4238779748
1781745757019
4255817843
1781745758020
4273107379
1781745759021
4290254257
1781745760017
4307323763
1781745761020
4324569265
1781745762019
4341792735
1781745763020
4358950339
1781745764019
4376618550
1781745765018
4393693946
1781745766020
4410875265
1781745767020
4428001641
1781745768021
4444911369
1781745769018
4462265456
1781745770019
4479363236
1781745771019
4496527817
1781745772018
4514212107
1781745773020
4531409858
1781745774021
4548353583
1781745775016
4565750907
1781745776023
4582720260
1781745777019
4599948932
1781745778020
4617046682
1781745779019
4634327466
1781745780022
4651572371
1781745781019
4668583951
1781745782021
4685667564
1781745783020
4702918253
1781745784020
4719930461
1781745785015
4737183812
1781745786021
4754259836
1781745787020
4771274889
1781745788020
4788405136
1781745789019
4805559206
1781745790023
4822635689
1781745791020
4839808975
1781745792020
4856898585
1781745793021
4874021641
1781745794019
4891106432
1781745795015
4908670144
1781745796019
4925893078
1781745797020
4942919270
1781745798019
4959904045
1781745799019
4976982685
1781745800019
4994154855
1781745801022
5011294419
1781745802020
5028518150
1781745803019
5045548809
1781745804019
5062752144
1781745805015
5080004363
1781745806020
5097661359
1781745807021
5115311148
1781745808020
5132464866
1781745809018
5149687800
1781745810020
5166691547
1781745811020
5183664678
1781745812019
5201100604
1781745813020
5218228342
1781745814020
5235356218
1781745815019
5252622222
1781745816018
5269644145
1781745817018
5286782150
1781745818020
5303966850
1781745819020
5321282349
1781745820021
5338518350
1781745821018
5355746900
1781745822022
5372886587
1781745823020
5390080513
1781745824020
5407073488
1781745825017
5424290563
1781745826021
5441752025
1781745827019
5458731842
1781745828019
5476051503
1781745829019
5493285500
1781745830020
5510674899
1781745831019
5528106801
1781745832020
5545112077
1781745833018
5562318840
1781745834019
5579605560
1781745835017
5596713163
1781745836019
5613955024
1781745837019
5631061740
1781745838021
5648094297
1781745839019
5665205648
1781745840021
5682450936
1781745841021
5699621223
1781745842021
5716631687
1781745843019
5733738525
1781745844020
5750837469
1781745845016
5767984270
1781745846021
5784975288
1781745847018
5802179495
1781745848020
5819248389
1781745849019
5836423572
1781745850019
5853455226
1781745851020
5870545556
1781745852022
5887733132
1781745853018
5904892817
1781745854022
5921853264
1781745855016
5939157366
1781745856020
5956179748
1781745857019
5973848769
1781745858019
5991102962
1781745859020
6008160717
1781745860020
6025414558
1781745861021
6042918707
1781745862019
6060022974
1781745863022
6077400072
1781745864019
6094518079
1781745865018
6112016980
1781745866022
6129649664
1781745867020
6147202757
1781745868019
6164378430
1781745869019
6181698091
1781745870021
6198819877
1781745871019
6216177222
1781745872021
6233226716
1781745873018
6250711816
1781745874022
6268060808
1781745875017
6285187551
1781745876019
6302451383
1781745877020
6319733850
1781745878018
6336778447
1781745879020
6353925096
1781745880019
6371118364
1781745881019
6388290441
1781745882019
6405553890
1781745883020
6422597494
1781745884019
6439709871
1781745885015
6456879515
1781745886021
6473804482
1781745887019
6491137409
1781745888019
6508537839
1781745889019
6525650674
1781745890019
6543046958
1781745891020
6560484873
1781745892024
6577842799
1781745893019
6594960195
1781745894019
6611933724
1781745895017
6629094449
1781745896020
6646112455
1781745897019
6663082557
1781745898019
6680347934
1781745899019
6697430996
1781745900020
6714613202
1781745901019
6731866691
1781745902019
6748893250
1781745903018
6766276926
1781745904022
6783362161
1781745905014
6800609790
1781745906022
6818052799
1781745907019
6835231196
1781745908021
6852767551
1781745909019
6869898869
1781745910020
6886908323
1781745911023
6904202188
1781745912019
6921347062
1781745913020
6938572032
1781745914021
6955799679
1781745915016
6972967518
1781745916020
6990188571
1781745917021
7007415315
1781745918020
7024887486
1781745919019
7042184565
1781745920022
7059361615
1781745921018
7076539812
1781745922018
7093923504
1781745923020
7111271317
1781745924022
7128384750
1781745925017
7145818686
1781745926020
7163248477
1781745927019
7180992591
1781745928020
7198167927
1781745929019
7215267819
1781745930019
7232620329
1781745931021
7249800271
1781745932021
7266957507
1781745933019
7284274721
1781745934021
7301191563
1781745935014
7318644534
1781745936020
7335899705
1781745937023
7352957308
1781745938023
7370291734
1781745939019
7387459650
1781745940021
7404647333
1781745941019
7422183275
1781745942018
7439290603
1781745943018
7456494382
1781745944022
7473609329
1781745945015
7490703330
1781745946020
7507863030
1781745947019
7524940370
1781745948019
7542090171
1781745949018
7559720651
1781745950019
7576743936
1781745951021
7593961485
1781745952024
7611248925
1781745953019
7628404034
1781745954019
7645616595
1781745955015
7662908518
1781745956020
7680044411
1781745957019
7697298894
1781745958019
7714396491
1781745959021
7731543951
1781745960019
7748727182
1781745961020
7765889941
1781745962021
7783132062
1781745963020
7800276003
1781745964019
7817343428
1781745965016
7834752503
1781745966019
7851906235
1781745967018
7869121245
1781745968022
7886332735
1781745969017
7903637371
1781745970019
7921000699
1781745971022
7938195237
1781745972022
7955243644
1781745973019
7972773558
1781745974020
7989553496
1781745975016
8006738655
1781745976021
8023732549
1781745977020
8040795904
1781745978019
8057955130
1781745979019
8075144909
1781745980018
8092588638
1781745981018
8109808360
1781745982022
8126752360
1781745983019
8144036005
1781745984020
8161053537
1781745985015
8178250814
1781745986019
8195712811
1781745987019
8213419593
1781745988021
8230398615
1781745989019
8247608667
1781745990020
8264557685
1781745991020
8281533219
1781745992019
8298717949
1781745993020
8315708018
1781745994020
8332863740
1781745995015
8349872780
1781745996019
8366781009
1781745997019
8383756374
1781745998020
8400791945
1781745999020
8417959677
1781746000022
8435179690
1781746001021
8452322131
1781746002019
8469610412
1781746003020
8486740078
1781746004019
8503735241
1781746005016
8521132106
1781746006019
8538296411
1781746007021
8555362001
1781746008018
8572879537
1781746009018
8590026201
1781746010021
8607178893
1781746011018
8624968402
1781746012019
8642020895
1781746013019
8659469673
1781746014020
8676527918
1781746015015
8693973957
1781746016019
8711145851
1781746017020
8728103499
1781746018020
8745288092
1781746019021
8762397623
1781746020019
8779487478
1781746021018
8796773127
1781746022019
8814060444
1781746023019
8830947987
1781746024019
8847803064
1781746025015
8864878950
1781746026020
8882104945
1781746027018
8899362932
1781746028020
8916433662
1781746029020
8933599727
1781746030020
8950760635
1781746031020
8968081689
1781746032020
8985338956
1781746033020
9002394540
1781746034019
9019530800
1781746035016
9036783462
1781746036020
9053795303
1781746037018
9071041463
1781746038020
9088093007
1781746039019
9105194230
1781746040020
9122229969
1781746041019
9139281834
1781746042020
9157082451
1781746043019
9174286628
1781746044019
9191377125
1781746045016
9209128247
1781746046021
9226473658
1781746047019
9244203879
1781746048022
9261086832
1781746049019
9278111709
1781746050019
9295377927
1781746051019
9312632150
1781746052020
9329698673
1781746053018
9346949178
1781746054019
9364019556
1781746055015
9381168148
1781746056019
9398564508
1781746057020
9415710744
1781746058019
9432967614
1781746059021
9450129915
1781746060020
9467191205
1781746061019
9484306274
1781746062019
9501314932
1781746063021
9518539703
1781746064019
9536064981
1781746065017
9553301502
1781746066019
9570658816
1781746067021
9588067631
1781746068018
9605306477
1781746069020
9622900835
1781746070020
9640321675
1781746071018
9657587862
1781746072020
9675113232
1781746073020
9692932392
1781746074020
9710488393
1781746075018
9727990323
1781746076020
9745662052
1781746077019
9763096418
1781746078019
9780287299
1781746079018
9797609148
1781746080020
9814972536
1781746081020
9832161352
1781746082019
9849550139
1781746083020
9867013467
1781746084021
9884106153
1781746085015
9901705329
1781746086020
9919098538
1781746087019
9936307442
1781746088019
9953807643
1781746089021
9971098357
1781746090019
9988401540
1781746091019
10005978593
1781746092020
10023226360
1781746093018
10040726393
1781746094022
10057860235
1781746095015
10075079835
1781746096021
10092679853
1781746097019
10109961524
1781746098019
10127238912
1781746099019
10144624149
1781746100019
10161794268
1781746101019
10179145401
1781746102019
10196537385
1781746103022
10213685778
1781746104019
10231483381
1781746105017
10248974096
1781746106020
10266498441
1781746107019
10284702319
1781746108021
10301838197
1781746109020
10319037233
1781746110019
10336812957
1781746111020
10354013645
1781746112019
10371428350
1781746113020
10388788097
1781746114020
10405947965
1781746115017
10423183430
1781746116019
10440323485
1781746117019
10457772936
1781746118019
10475167261
1781746119021
10492442231
1781746120022
10509911190
1781746121021
10527410289
1781746122020
10544845496
1781746123021
10562446295
1781746124019
10579603959
1781746125017
10596948437
1781746126019
10614329222
1781746127019
10631541783
1781746128020
10648951179
1781746129020
10666302129
1781746130020
10683705787
1781746131021
10701099378
1781746132019
10718340320
1781746133018
10735909020
1781746134022
10753124824
1781746135015
10770787267
1781746136023
10788075594
1781746137018
10805385050
1781746138017
10822557586
1781746139021
10839837284
1781746140019
10857126605
1781746141026
10874293618
1781746142022
10891713816
1781746143019
10909260712
1781746144021
10926591390
1781746145016
10943937306
1781746146020
10961166590
1781746147021
10978566423
1781746148021
10995720783
1781746149018
11013186161
1781746150021
11030515033
1781746151019
11047762692
1781746152020
11065230702
1781746153020
11082582325
1781746154019
11099900564
1781746155015
11117534946
1781746156022
11134756044
1781746157019
11152053903
1781746158020
11169442215
1781746159020
11186627374
1781746160019
11204009414
1781746161020
11221306660
1781746162020
11238497786
1781746163019
11256051231
1781746164020
11273048170
1781746165016
11289265711
1781746166024
11306083532
1781746167022
11324063618
1781746168020
11341237837
1781746169020
11358460190
1781746170018
11375507619
1781746171019
11392509361
1781746172019
11409553959
1781746173018
11426590310
1781746174019
11443769119
1781746175019
11460799917
1781746176020
11477885059
1781746177019
11495203466
1781746178020
11512213562
1781746179019
11529396227
1781746180019
11546418043
1781746181022
11563378155
1781746182019
11581044713
1781746183021
11598118380
1781746184022
11615352453
1781746185018
11632742648
1781746186021
11649938960
1781746187019
11667180576
1781746188020
11684431969
1781746189019
11701821245
1781746190023
11719122607
1781746191018
11736345144
1781746192020
11753695803
1781746193019
11771138905
1781746194021
11788285661
1781746195016
11805286179
1781746196020
11822473664
1781746197020
11839671017
1781746198020
11857498179
1781746199018
11874927235
1781746200021
11892034915
1781746201015
11909345886
1781746202019
11926426698
1781746203019
11943876272
1781746204023
11960876301
1781746205015
11978103978
1781746206020
11995393330
1781746207019
12012560037
1781746208020
12029734915
1781746209015
12047121284
1781746210018
12064558617
1781746211020
12081930207
1781746212020
12099243014
1781746213020
12116414540
1781746214020
12133738761
1781746215016
12150963440
1781746216020
12168167632
1781746217019
12185480943
1781746218021
12202548461
1781746219020
12220011207
1781746220023
12237212493
1781746221022
12254353404
1781746222019
12271752946
1781746223019
12288926646
1781746224020
12306148433
1781746225017
12323692377
1781746226023
12341037573
1781746227020
12358884993
1781746228021
12375964276
1781746229020
12393752913
1781746230020
12411236177
1781746231020
12428415399
1781746232022
12445627991
1781746233019
12462953374
1781746234020
12479911282
1781746235017
12497248539
1781746236020
12514394851
1781746237019
12531534370
1781746238020
12548754260
1781746239017
12565998492
1781746240019
12583294377
1781746241019
12600243870
1781746242021
12617137701
1781746243019
12634380006
1781746244019
12651654869
1781746245016
12669048245
1781746246020
12686372527
1781746247020
12703494895
1781746248019
12720789831
1781746249020
12738051092
1781746250022
12755151336
1781746251019
12772299102
1781746252019
12789577468
1781746253020
12806722832
1781746254022
12823911326
1781746255014
12841038116
1781746256022
12858137426
1781746257020
12875517446
1781746258022
12892553246
1781746259019
12910305240
1781746260020
12927846873
1781746261018
12945031848
1781746262021
12962416167
1781746263019
12979547042
1781746264019
12996688183
1781746265017
13014076051
1781746266019
13031146277
1781746267021
13048372210
1781746268021
13065635613
1781746269019
13082809603
1781746270021
13099952687
1781746271022
13117130961
1781746272023
13134347316
1781746273023
13151602611
1781746274019
13168654843
1781746275015
13186062693
1781746276019
13203307017
1781746277018
13220367741
1781746278020
13238052782
1781746279020
13255304863
1781746280022
13272700994
1781746281018
13290150980
1781746282020
13307340102
1781746283021
13321330927
1781746284022
13331648436
1781746285019
13340939254
1781746286023
13350120401
1781746287022
13359627653
1781746288015
13369395770
1781746289018
13379052609
1781746290022
13389722217
1781746291027
13398973118
1781746292019
13407756526
1781746293020
13415381006
1781746294024
13423101034
1781746295020
13430885490
1781746296024
13438339497
1781746297023
13445997698
1781746298026
13453672729
1781746299023
13461335642
1781746300024
13468895418
1781746301026
13476374073
1781746302027
13484104965
1781746303023
13491706402
1781746304023
13499370310
1781746305022
13507065231
1781746306024
13514342370
1781746307022
13521780021
1781746308020
13529324956
1781746309021
13536722583
1781746310025
13544290498
1781746311020
13551917594
1781746312024
13559609562
1781746313025
13567215024
1781746314025
13575359627
1781746315020
13582935774
1781746316023
13593335811
1781746317022
13606452960
1781746318019
13615221619
1781746319023
13623601062
1781746320023
13631000265
1781746321023
13642280649
1781746322024
13650309813
1781746323021
13658252976
1781746324026
13666499248
1781746325019
13674258016
1781746326025
13682094125
1781746327022
13689909487
1781746328024
13697665011
1781746329021
13705558985
1781746330023
13713341590
1781746331024
13721238548
1781746332023
13729332033
1781746333024
13737046523
1781746334023
13744991461
1781746335019
13752854927
1781746336024
13760559548
1781746337023
13768299420
1781746338023
13775691248
1781746339024
13783351575
1781746340024
13790889656
1781746341023
13798386334
1781746342024
13806145393
1781746343024
13813739410
1781746344025
13821064928
1781746345018
13829037972
1781746346025
13837256612
1781746347024
13846875201
1781746348016
13856118605
1781746349108
13863536611
1781746350020
13873431870
1781746351020
13887025706
1781746352019
13897558089
1781746353021
13905268875
1781746354020
13913114945
1781746355019
13921018803
1781746356024
13928734011
1781746357023
13936324020
1781746358024
13944147507
1781746359024
13951936094
1781746360023
13959896500
1781746361020
13968087799
1781746362025
13976054601
1781746363027
13983698190
1781746364027
13991384298
1781746365024
13998868614
1781746366020
14006440355
1781746367023
14014063075
1781746368027
14021615629
1781746369023
14029334311
1781746370024
14036906113
1781746371025
14044651218
1781746372023
14052472333
1781746373026
14060246355
1781746374022
14067868585
1781746375022
14075562924
1781746376026
14083030854
1781746377024
14090507582
1781746378023
14098092771
1781746379024
14105585870
1781746380021
14113178250
1781746381022
14120802010
1781746382020
14130550773
1781746383022
14139454332
1781746384021
14152593972
1781746385017
14163416458
1781746386023
14171060720
1781746387024
14178612464
1781746388022
14186435981
1781746389024
14194627662
1781746390019
14203222682
1781746391024
14211055333
1781746392023
14218529705
1781746393023
14226281802
1781746394023
14233670202
1781746395020
14241483851
1781746396026
14249048859
1781746397022
14256665582
1781746398023
14264060485
1781746399024
14271754564
1781746400023
14279268991
1781746401022
14287041728
1781746402027
14294774990
1781746403026
14302483589
1781746404027
14310221763
1781746405024
14318116303
1781746406024
14326339273
1781746407024
14335723161
1781746408018
14344263192
1781746409022
14352115764
1781746410021
14360326632
1781746411022
14368361121
1781746412021
14376823199
1781746413018
14386337687
1781746414023
14394529338
1781746415021
14402976759
1781746416025
14410577982
1781746417021
14417968877
1781746418024
14430175002
1781746419021
14439596222
1781746420020
14447931249
1781746421024
14455948740
1781746422023
14464882165
1781746423020
14473788769
1781746424023
14481397536
1781746425022
14488863982
1781746426023
14496691095
1781746427024
14504222183
1781746428027
14511843939
1781746429024
14519493909
1781746430022
14526966826
1781746431020
14534504019
1781746432022
14541956282
1781746433023
14549679370
1781746434023
14557205578
1781746435020
14564742848
1781746436024
14572378343
1781746437025
14580028022
1781746438023
14587590873
1781746439023
14595147666
1781746440023
14602577468
1781746441025
14610238453
1781746442023
14617866972
1781746443023
14626278897
1781746444024
14635008771
1781746445020
14643545192
1781746446022
14651144227
1781746447023
14658925853
1781746448023
14666371629
1781746449023
14674761460
1781746450020
14682328626
1781746451024
14690845371
1781746452020
14703956737
1781746453019
14713014015
1781746454024
14720843408
1781746455020
14728737902
1781746456023
14736086752
1781746457026
14743860300
1781746458021
14751508203
1781746459023
14759178828
1781746460024
14766728689
1781746461026
14774189734
1781746462024
14781507296
1781746463023
14789130276
1781746464024
14796563200
1781746465022
14804383779
1781746466024
14814552205
1781746467019
14825700489
1781746468024
14836450177
1781746469197
14844536074
1781746470021
14852936524
1781746471022
14860953143
1781746472019
14868805776
1781746473023
14876705640
1781746474023
14885889725
1781746475022
14893682229
1781746476026
14902024325
1781746477024
14909547503
1781746478023
14917226084
1781746479024
14924955215
1781746480023
14932582066
1781746481023
14940324463
1781746482022
14947996709
1781746483024
14956323688
1781746484022
14964047587
1781746485019
14976110979
1781746486022
14988168925
1781746487023
14996402513
1781746488025
15004216926
1781746489023
15012316502
1781746490020
15020989291
1781746491020
15029300297
1781746492024
15037600348
1781746493022
15045596159
1781746494023
15053068618
1781746495019
15060884990
1781746496025
15068492502
1781746497022
15075840954
1781746498025
15083361225
1781746499021
15090852335
1781746500022
15098195937
1781746501024
15105738133
1781746502025
15113174760
1781746503020
15120766926
1781746504026
15128330251
1781746505019
15137148697
1781746506024
15145978648
1781746507022
15153321592
1781746508025
15160842384
1781746509023
15168452604
1781746510024
15175959656
1781746511024
15183619555
1781746512026
15191083125
1781746513026
15198641233
1781746514024
15206460772
1781746515019
15214148226
1781746516023
15222229518
1781746517024
15230265920
1781746518022
15239480589
1781746519021
15252637304
1781746520019
15261794614
1781746521021
15270051596
1781746522022
15278056097
1781746523024
15286332112
1781746524023
15294454775
1781746525019
15302760900
1781746526024
15311542901
1781746527024
15320523144
1781746528019
15329686926
1781746529020
15337669716
1781746530023
15345413613
1781746531024
15353007829
1781746532024
15360571674
1781746533023
15368216289
1781746534025
15375492143
1781746535021
15383153679
1781746536025
15392512903
1781746537022
15400014860
1781746538025
15407663866
1781746539022
15415214110
1781746540024
15422550261
1781746541021
15430281932
1781746542026
15437677784
1781746543024
15445292961
1781746544026
15452694994
1781746545019
15460427767
1781746546024
15468069260
1781746547023
15475552949
1781746548025
15483147900
1781746549022
15490870284
1781746550023
15498855920
1781746551023
15507681588
1781746552018
15520821778
1781746553018
15532469347
1781746554021
15540210229
1781746555019
15547970634
1781746556022
15556430417
1781746557024
15564703234
1781746558021
