14819970300
1781743820800
14828987184
1781743821013
14869896564
1781743822014
14911402561
1781743823015
14952706349
1781743824013
14997615109
1781743825075
15039263745
1781743826013
15079733795
1781743827013
15120540637
1781743828013
15160068001
1781743829013
15200683376
1781743830013
15241383467
1781743831013
15282291565
1781743832013
15326102000
1781743833013
15365931244
1781743834013
15407290940
1781743835014
15447958500
1781743836013
15487850487
1781743837014
15527968365
1781743838013
15568000673
1781743839013
15611805675
1781743840077
15653043973
1781743841013
15696482705
1781743842013
15738033257
1781743843013
15778373486
1781743844013
15821282617
1781743845012
15861693891
1781743846013
15901821351
1781743847015
15946219431
1781743848013
15992581556
1781743849014
16043819462
1781743850013
16118638728
1781743851013
16204618245
1781743852013
16291808390
1781743853012
16378476137
1781743854012
16471199166
1781743855075
16552706587
1781743856012
16639613713
1781743857011
16726659938
1781743858013
16813554003
1781743859012
16900836494
1781743860012
16987841703
1781743861011
17074756886
1781743862012
17162820626
1781743863013
17248357821
1781743864012
17335706597
1781743865012
17422253189
1781743866012
17508485634
1781743867012
17594744874
1781743868013
17680509913
1781743869011
17771787939
1781743870073
17852505383
1781743871011
17938636633
1781743872013
18025560727
1781743873013
18111604268
1781743874011
18198424481
1781743875013
18284520452
1781743876011
18370431914
1781743877012
18456538322
1781743878013
18542447526
1781743879013
18628603250
1781743880013
18714660830
1781743881013
18800895656
1781743882013
18887682543
1781743883013
18973945933
1781743884012
19061021577
1781743885014
19147207941
1781743886011
19233530107
1781743887012
19319677165
1781743888011
19405714481
1781743889012
19491904934
1781743890012
19578040944
1781743891012
19664568005
1781743892012
19752817169
1781743893012
19839319999
1781743894012
19926597303
1781743895013
20013107579
1781743896012
20099564145
1781743897012
20185995625
1781743898012
20272449628
1781743899012
20364267020
1781743900073
20444254669
1781743901012
20529891657
1781743902012
20616876847
1781743903012
20703498634
1781743904013
20790739133
1781743905013
20877064596
1781743906011
20963514143
1781743907013
21049891485
1781743908012
21136672452
1781743909012
21223171071
1781743910013
21309646741
1781743911012
21396297764
1781743912012
21483786798
1781743913013
21570410966
1781743914013
21662826317
1781743915073
21744337644
1781743916013
21830520712
1781743917012
21917194502
1781743918013
22003590948
1781743919012
22090043791
1781743920011
22176722524
1781743921012
22263412243
1781743922012
22351591400
1781743923009
22438995229
1781743924012
22526564585
1781743925013
22612993502
1781743926012
22699785577
1781743927012
22786449784
1781743928012
22871627727
1781743929012
22957428716
1781743930012
23044087979
1781743931012
23130736866
1781743932013
23218006357
1781743933011
23304662324
1781743934011
23391890739
1781743935012
23478418349
1781743936013
23564736488
1781743937011
23651328002
1781743938013
23737726950
1781743939012
23824138717
1781743940012
23910664069
1781743941012
23997493253
1781743942012
24084778613
1781743943011
24171657602
1781743944012
24258959259
1781743945012
24346051260
1781743946013
24432834973
1781743947016
24519493260
1781743948015
24605712338
1781743949012
24692333577
1781743950012
24779096904
1781743951012
24865956972
1781743952012
24953540733
1781743953009
25041255413
1781743954012
25128509645
1781743955011
25215296654
1781743956012
25301932175
1781743957013
25388600471
1781743958013
25475253508
1781743959013
25561662711
1781743960012
25648606580
1781743961012
25735636692
1781743962012
25823109246
1781743963012
25910019973
1781743964011
25997649205
1781743965012
26084557735
1781743966013
26171365557
1781743967013
26258079629
1781743968012
26344706666
1781743969012
26431541649
1781743970012
26518019699
1781743971013
26604890265
1781743972011
26692521693
1781743973011
26779361864
1781743974012
26866856879
1781743975011
26954060758
1781743976011
27041014637
1781743977012
27127630382
1781743978011
27214510775
1781743979013
27301382500
1781743980013
27387848404
1781743981011
27474537819
1781743982011
27560400636
1781743983011
27647675864
1781743984013
27734803205
1781743985012
27821455388
1781743986012
27908407436
1781743987013
27995374498
1781743988012
28082194955
1781743989013
28168878143
1781743990013
28255861563
1781743991013
28342639906
1781743992012
28430155917
1781743993012
28517212640
1781743994012
28604505507
1781743995011
28691772862
1781743996013
28778650874
1781743997013
28865469866
1781743998013
28952250833
1781743999013
29038852479
1781744000012
29125696617
1781744001011
29212916608
1781744002013
29300392031
1781744003011
29387326562
1781744004012
29474815108
1781744005013
29561849431
1781744006013
29648571194
1781744007012
29735331409
1781744008012
29822217844
1781744009012
29909311737
1781744010013
29995796501
1781744011012
30082563613
1781744012012
30169994053
1781744013012
30257827874
1781744014012
30345357252
1781744015012
30432520420
1781744016013
30519432368
1781744017013
30606147172
1781744018012
30693259987
1781744019013
30785215806
1781744020073
30865351587
1781744021013
30952124375
1781744022012
31039420233
1781744023013
31125272369
1781744024012
31212701467
1781744025011
31299652843
1781744026012
31386437045
1781744027011
31473791253
1781744028012
31560892226
1781744029013
31647941197
1781744030013
31734854854
1781744031013
31821850969
1781744032013
31909428748
1781744033013
31996171446
1781744034011
32083902728
1781744035013
32171043679
1781744036013
32258208495
1781744037013
32345096456
1781744038012
32432130901
1781744039013
32519031680
1781744040012
32605845117
1781744041011
32692883591
1781744042012
32780594670
1781744043012
32868646385
1781744044013
32956114362
1781744045013
33042937199
1781744046012
33129785487
1781744047012
33216758836
1781744048012
33303526681
1781744049012
33390438446
1781744050012
33477262076
1781744051013
33564253735
1781744052013
33651897188
1781744053013
33739066337
1781744054012
33826673718
1781744055013
33913338169
1781744056012
34000035335
1781744057012
34086651324
1781744058012
34173625222
1781744059012
34260603454
1781744060012
34347982564
1781744061015
34434890056
1781744062013
34522661499
1781744063013
34609634909
1781744064012
34697152569
1781744065013
34784220156
1781744066012
34871360924
1781744067012
34958336104
1781744068012
35045596196
1781744069013
35132490749
1781744070013
35219406847
1781744071013
35306415047
1781744072012
35393923856
1781744073012
35481914231
1781744074011
35569381110
1781744075012
35656411343
1781744076012
35743659289
1781744077012
35830784859
1781744078013
35917736175
1781744079011
36004682180
1781744080012
36091747692
1781744081012
36179023775
1781744082013
36266612662
1781744083011
36353902600
1781744084012
36441369356
1781744085011
36528602653
1781744086013
36615496290
1781744087011
36702859836
1781744088012
36789871760
1781744089013
36876863053
1781744090013
36964088233
1781744091012
37051444271
1781744092013
37139262039
1781744093013
37226100440
1781744094013
37313650692
1781744095012
37400607745
1781744096012
37487270853
1781744097011
37574004945
1781744098012
37660964744
1781744099012
37747948531
1781744100012
37835067692
1781744101013
37922357020
1781744102013
38009819137
1781744103013
38097956668
1781744104010
38185724265
1781744105013
38272710127
1781744106013
38359902103
1781744107012
38446977381
1781744108011
38534322616
1781744109012
38626578056
1781744110073
38708384976
1781744111012
38795841478
1781744112012
38883698186
1781744113012
38970764736
1781744114013
39058465256
1781744115012
39145704352
1781744116012
39232771084
1781744117013
39319920397
1781744118012
39406961495
1781744119013
39494097137
1781744120013
39581028677
1781744121013
39667790723
1781744122012
39755582185
1781744123012
39842528373
1781744124013
39934712464
1781744125076
40016660557
1781744126012
40104229120
1781744127013
40191425674
1781744128012
40278469274
1781744129011
40366097834
1781744130013
40453439834
1781744131012
40541121495
1781744132013
40629266106
1781744133013
40716895398
1781744134010
40805296478
1781744135013
40892686574
1781744136013
40980049448
1781744137011
41067793486
1781744138012
41155191151
1781744139012
41247727840
1781744140074
41329930205
1781744141013
41417233998
1781744142013
41505185921
1781744143013
41593031705
1781744144013
41680930405
1781744145013
41768185614
1781744146013
41855537930
1781744147012
41942879564
1781744148012
42030183540
1781744149013
42117500760
1781744150012
42204984911
1781744151012
42292726264
1781744152013
42380917871
1781744153013
42468345382
1781744154013
42561688588
1781744155075
42643576318
1781744156012
42730878218
1781744157010
42818380191
1781744158012
42905758813
1781744159013
42993057356
1781744160012
43080505131
1781744161012
43167850976
1781744162012
43255986737
1781744163013
43343359743
1781744164011
43432206318
1781744165012
43519959389
1781744166013
43607380857
1781744167012
43694631854
1781744168011
43782252419
1781744169011
43869576353
1781744170013
43956800373
1781744171012
44044595314
1781744172013
44132652889
1781744173013
44220236832
1781744174013
44308187229
1781744175013
44395480341
1781744176013
44482801223
1781744177012
44570084386
1781744178011
44657753717
1781744179013
44745298659
1781744180012
44832765782
1781744181012
44920378838
1781744182012
45008274487
1781744183012
45095574984
1781744184012
45183521964
1781744185012
45270964611
1781744186013
45358149446
1781744187012
45445298820
1781744188011
45532636976
1781744189013
45620121493
1781744190012
45707726432
1781744191012
45795197095
1781744192012
45883400238
1781744193013
45970868947
1781744194013
46059625800
1781744195013
46147219387
1781744196013
46234542283
1781744197012
46322083197
1781744198014
46409573390
1781744199013
46502046909
1781744200073
46584151557
1781744201011
46671507168
1781744202012
46759504501
1781744203010
46846915899
1781744204011
46935108727
1781744205013
47022509199
1781744206011
47110226260
1781744207013
47197653526
1781744208012
47285275372
1781744209013
47372180667
1781744210012
47459110865
1781744211011
47546578414
1781744212012
47634648013
1781744213013
47722049767
1781744214012
47809998516
1781744215013
47897441835
1781744216012
47985164267
1781744217012
48072569621
1781744218013
48160000916
1781744219013
48247330099
1781744220012
48334771770
1781744221013
48422400635
1781744222013
48510309956
1781744223011
48597577372
1781744224011
48686677424
1781744225012
48774134842
1781744226013
48861380529
1781744227012
48948594112
1781744228011
49036101884
1781744229012
49128640831
1781744230075
49210867977
1781744231012
49298511490
1781744232012
49386635044
1781744233010
49474350823
1781744234013
49562498302
1781744235013
49650030366
1781744236013
49737626577
1781744237013
49824876903
1781744238012
49912117280
1781744239011
49999734793
1781744240013
50087310008
1781744241012
50174618073
1781744242013
50262593800
1781744243013
50349936350
1781744244012
50443193252
1781744245073
50525433154
1781744246013
50612932686
1781744247013
50700503995
1781744248014
50787618152
1781744249012
50875081368
1781744250012
50962320097
1781744251013
51049784900
1781744252013
51137812507
1781744253012
51225127164
1781744254011
51314211408
1781744255012
51401514224
1781744256012
51489065575
1781744257013
51576498090
1781744258013
51663906680
1781744259013
51751095849
1781744260012
51838522261
1781744261013
51926147281
1781744262012
52014089499
1781744263012
52101474530
1781744264012
52189476929
1781744265012
52276762228
1781744266012
52364113261
1781744267013
52451654419
1781744268012
52538983297
1781744269013
52626420390
1781744270012
52713999023
1781744271014
52801240560
1781744272012
52889374124
1781744273013
52976774840
1781744274012
53069910527
1781744275073
53152195350
1781744276013
53239400083
1781744277013
53326766986
1781744278012
53414496071
1781744279015
53501462157
1781744280013
53588807880
1781744281013
53676457314
1781744282013
53764549984
1781744283013
53852152665
1781744284013
53940836398
1781744285012
54028083062
1781744286012
54115372450
1781744287012
54202644199
1781744288012
54290409050
1781744289012
54377455336
1781744290012
54464655858
1781744291011
54552265619
1781744292012
54639907728
1781744293012
54727534457
1781744294013
54815398368
1781744295013
54902791028
1781744296013
54990097567
1781744297013
55077520988
1781744298013
55164904309
1781744299013
55252435762
1781744300013
55339512505
1781744301011
55427207715
1781744302011
55515314240
1781744303012
55602707021
1781744304011
55690607553
1781744305012
55778000091
1781744306013
55865254811
1781744307012
55952540354
1781744308011
56039780915
1781744309013
56127097952
1781744310013
56214482494
1781744311012
56302088959
1781744312013
56390011891
1781744313011
56477584726
1781744314013
56565866970
1781744315009
56653631211
1781744316012
56740781440
1781744317010
56828306179
1781744318012
56915743089
1781744319012
57001026074
1781744320012
57088162630
1781744321012
57175510856
1781744322013
57263046399
1781744323011
57350550997
1781744324011
57438152396
1781744325012
57525360242
1781744326011
57612578829
1781744327011
57699734307
1781744328012
57786929884
1781744329011
57874237217
1781744330013
57961366999
1781744331012
58048976699
1781744332013
58136846286
1781744333012
58224130853
1781744334012
58312041882
1781744335013
58399422579
1781744336013
58486815666
1781744337012
58574272595
1781744338013
58661236118
1781744339012
58748557855
1781744340011
58835959425
1781744341013
58923184727
1781744342011
59011233330
1781744343011
59098696729
1781744344012
59186578645
1781744345008
59274728139
1781744346013
59359948502
1781744347012
59445329997
1781744348011
59532246644
1781744349011
59619461021
1781744350012
59707173809
1781744351012
59794679078
1781744352013
59882611653
1781744353012
59970133158
1781744354012
60058108885
1781744355013
60145680072
1781744356013
60233331397
1781744357013
60320680478
1781744358013
60407948809
1781744359013
60494300395
1781744360012
60582085021
1781744361013
60669750019
1781744362013
60757785011
1781744363013
60845522701
1781744364013
60938832826
1781744365073
61020962194
1781744366013
61108681390
1781744367013
61196073684
1781744368013
61283589817
1781744369013
61371180902
1781744370013
61458529433
1781744371012
61546408419
1781744372013
61634527823
1781744373012
61722007579
1781744374012
61810101470
1781744375012
61898563524
1781744376013
61985956427
1781744377011
62073844325
1781744378012
62161332687
1781744379013
62262810089
1781744380173
62336132655
1781744381013
62423511643
1781744382013
62511632328
1781744383012
62599355675
1781744384013
62687296246
1781744385012
62774650331
1781744386011
62862140647
1781744387013
62949447552
1781744388013
63036835207
1781744389012
63124057884
1781744390013
63211586224
1781744391013
63298928774
1781744392013
63386719016
1781744393010
63474424052
1781744394012
63562357482
1781744395013
63649740254
1781744396012
63737378946
1781744397013
63824533874
1781744398011
63911796407
1781744399010
63999413248
1781744400012
64087103575
1781744401012
64174731769
1781744402012
64262769507
1781744403011
64350435482
1781744404013
64438604262
1781744405013
64526806429
1781744406009
64614614371
1781744407013
64701979137
1781744408012
64789554231
1781744409012
64882526649
1781744410076
64964493602
1781744411012
65052120392
1781744412013
65140266651
1781744413013
65227376840
1781744414012
65315341581
1781744415013
65402995287
1781744416013
65490375068
1781744417013
65577707486
1781744418012
65665296007
1781744419013
65752885016
1781744420011
65840631618
1781744421012
65928207993
1781744422012
66016228397
1781744423011
66103922570
1781744424013
66191777692
1781744425013
66279299196
1781744426012
66366988974
1781744427013
66454324810
1781744428012
66541797059
1781744429013
66629322348
1781744430011
66716897502
1781744431012
66804358704
1781744432012
66892577167
1781744433013
66980216469
1781744434012
67068097592
1781744435013
67156264847
1781744436012
67243966343
1781744437013
67331347956
1781744438011
67418764846
1781744439012
67505918676
1781744440011
67593650995
1781744441012
67681428114
1781744442013
67769605867
1781744443013
67857213186
1781744444013
67945091563
1781744445012
68032633148
1781744446012
68119677297
1781744447013
68207059581
1781744448013
68293006321
1781744449013
68375827765
1781744450011
68459094458
1781744451013
68527872908
1781744452012
68582244228
1781744453013
68633040485
1781744454013
68680688190
1781744455074
68726651940
1781744456013
68773705103
1781744457013
68819160004
1781744458012
68863859230
1781744459013
68915344816
1781744460015
68985036227
1781744461013
69070278257
1781744462012
69158459855
1781744463013
69245348244
1781744464012
69333264828
1781744465013
69421437026
1781744466013
69508835423
1781744467012
69596201471
1781744468011
69683723220
1781744469012
69776273947
1781744470073
69858491632
1781744471012
69946178847
1781744472013
70034047519
1781744473013
70121114984
1781744474011
70209149426
1781744475013
70296295871
1781744476011
70383789543
1781744477013
70471283399
1781744478012
70560045195
1781744479013
70647383412
1781744480012
70734749887
1781744481011
70822322356
1781744482012
70910229663
1781744483012
70997719246
1781744484013
71085497830
1781744485013
71172917650
1781744486013
71260475836
1781744487013
71347732510
1781744488011
71435257432
1781744489013
71522666449
1781744490013
71610351833
1781744491013
71697926682
1781744492013
71786179202
1781744493014
71873568810
1781744494015
71961270612
1781744495013
72049578675
1781744496012
72136982015
1781744497013
72224435893
1781744498013
72311949036
1781744499011
72404893500
1781744500076
72486609660
1781744501012
72574196716
1781744502013
72662008076
1781744503011
72749757424
1781744504012
72837992855
1781744505013
72925396989
1781744506012
73013029028
1781744507013
73100408931
1781744508012
73187732927
1781744509013
73275174536
1781744510011
73362575069
1781744511012
73450550430
1781744512015
73538519687
1781744513013
73625835504
1781744514013
73713627027
1781744515013
73801069613
1781744516012
73888448967
1781744517011
73976171704
1781744518013
74063448031
1781744519012
74150932365
1781744520013
74238427014
1781744521013
74326104219
1781744522012
74414302174
1781744523012
74501750559
1781744524011
74589880948
1781744525013
74677944932
1781744526009
74765706731
1781744527013
74853199122
1781744528013
74940722641
1781744529013
75033288749
1781744530073
75115326136
1781744531012
75202716599
1781744532013
75290821781
1781744533012
75378228356
1781744534012
75466081037
1781744535013
75553457766
1781744536013
75641071983
1781744537013
75728593060
1781744538013
75815998110
1781744539012
75903496787
1781744540013
75991037762
1781744541012
76078406801
1781744542011
76166411580
1781744543012
76253862650
1781744544011
76341988462
1781744545012
76429312397
1781744546012
76516861855
1781744547012
76604568235
1781744548013
76692018206
1781744549011
76779604163
1781744550012
76867182675
1781744551013
76954768815
1781744552012
77042887913
1781744553012
77130534662
1781744554013
77218279981
1781744555012
77305719333
1781744556009
77394393483
1781744557013
77482257211
1781744558012
77569773039
1781744559012
77657036488
1781744560012
77744568551
1781744561013
77832081694
1781744562013
77920262254
1781744563012
78007777472
1781744564012
78095681239
1781744565010
78183217636
1781744566011
78270874638
1781744567012
78358361718
1781744568012
78445856795
1781744569013
78533232670
1781744570012
78621036827
1781744571013
78708546125
1781744572012
78796683289
1781744573013
78884076559
1781744574011
78971861186
1781744575012
79059782103
1781744576015
79146935750
1781744577012
79234339029
1781744578012
79321451721
1781744579011
79409210835
1781744580013
79496616800
1781744581013
79583798584
1781744582013
79671476887
1781744583011
79759085000
1781744584013
79847195676
1781744585012
79934500933
1781744586012
80022591223
1781744587012
80109976070
1781744588012
80197105241
1781744589013
80284217872
1781744590013
80371796444
1781744591013
80459847916
1781744592013
80547856357
1781744593011
80635243402
1781744594012
80723285657
1781744595013
80810634982
1781744596013
80897638482
1781744597013
80985048720
1781744598013
81072317356
1781744599011
81159899346
1781744600011
81247441603
1781744601012
81335062167
1781744602013
81423004874
1781744603013
81510266919
1781744604012
81598056733
1781744605012
81685302481
1781744606013
81772806164
1781744607012
81860290070
1781744608013
81947600089
1781744609013
82035137157
1781744610013
82122569367
1781744611013
82210272878
1781744612013
82298254159
1781744613011
82385879545
1781744614012
82473899523
1781744615012
82561547064
1781744616013
82649328456
1781744617012
82735155018
1781744618013
82822469492
1781744619012
82909436799
1781744620013
82996761099
1781744621012
83084018566
1781744622012
83171753022
1781744623011
83259032705
1781744624012
83346938486
1781744625012
83434063996
1781744626012
83521524587
1781744627013
83608770458
1781744628011
83695989534
1781744629012
83783109611
1781744630012
83870500073
1781744631013
83957797030
1781744632012
84044786370
1781744633011
84130667681
1781744634011
84223747643
1781744635073
84305537167
1781744636013
84392473468
1781744637012
84479404703
1781744638012
84566197572
1781744639012
84652954125
1781744640012
84740068831
1781744641013
84827022588
1781744642013
84914499598
1781744643013
85001389268
1781744644013
85088845526
1781744645013
85175668607
1781744646013
85263263781
1781744647012
85349861765
1781744648011
85436728119
1781744649012
85528805581
1781744650073
85610643690
1781744651013
85697767734
1781744652012
85783927731
1781744653013
85870420063
1781744654012
85958220559
1781744655013
86045154540
1781744656013
86132278096
1781744657012
86219347393
1781744658013
86306411318
1781744659015
86393311852
1781744660012
86480397261
1781744661012
86567610478
1781744662012
86655549401
1781744663013
86742619063
1781744664011
86835832082
1781744665073
86915905058
1781744666013
87000452571
1781744667013
87086454243
1781744668012
87173025493
1781744669013
87259487674
1781744670011
87346373499
1781744671012
87433261582
1781744672012
87520869390
1781744673013
87607530240
1781744674013
87694636341
1781744675013
87781330577
1781744676012
87869107024
1781744677013
87955454032
1781744678011
88042086989
1781744679013
88133768151
1781744680073
88215485593
1781744681013
88301932332
1781744682012
88389596659
1781744683013
88476498841
1781744684013
88563510032
1781744685012
88650229536
1781744686012
88735759530
1781744687012
88822609771
1781744688012
88909851125
1781744689013
88996840648
1781744690013
89083801546
1781744691013
89169236814
1781744692012
89255969624
1781744693011
89342410870
1781744694011
89429634401
1781744695012
89516086328
1781744696012
89602637315
1781744697013
89688860911
1781744698012
89775073580
1781744699012
89861314449
1781744700013
89947667682
1781744701013
90034045513
1781744702013
90121214052
1781744703013
90207143886
1781744704012
90294334275
1781744705012
90380520395
1781744706013
90467126496
1781744707008
90553536737
1781744708012
90639852128
1781744709013
90731317287
1781744710073
90812568361
1781744711013
90898791529
1781744712013
90985898728
1781744713012
91072209542
1781744714011
91159257476
1781744715012
91245503898
1781744716012
91331640274
1781744717011
91418205055
1781744718012
91504470642
1781744719013
91590767602
1781744720013
91677173142
1781744721013
91763543588
1781744722013
91850490448
1781744723013
91936801567
1781744724012
92023982679
1781744725013
92110787572
1781744726015
92197005124
1781744727013
92283229635
1781744728012
92369429793
1781744729013
92455689521
1781744730012
92541926300
1781744731011
92628485038
1781744732012
92715778455
1781744733012
92801925451
1781744734011
92889005733
1781744735013
92975075520
1781744736012
93061621258
1781744737011
93148439090
1781744738012
93234363187
1781744739011
93320652028
1781744740013
93406767714
1781744741012
93493146399
1781744742013
93580347530
1781744743012
93666383504
1781744744012
93753593730
1781744745013
93839833438
1781744746012
93925676969
1781744747010
94012099416
1781744748012
94098149488
1781744749012
94184548803
1781744750013
94270705932
1781744751013
94356960288
1781744752013
94444169355
1781744753011
94530641301
1781744754012
94617998622
1781744755013
94704559191
1781744756012
94790512889
1781744757011
94877045932
1781744758013
94963105587
1781744759013
95049421467
1781744760013
95135742535
1781744761012
95222408756
1781744762012
95309662195
1781744763012
95395959582
1781744764013
95482789254
1781744765013
95568778475
1781744766010
95655204584
1781744767013
95742532791
1781744768012
95828496133
1781744769011
95915003663
1781744770013
96001370751
1781744771013
96087478929
1781744772012
96174523751
1781744773011
96260713166
1781744774012
96347691642
1781744775013
96433775162
1781744776012
96519883950
1781744777013
96605854067
1781744778012
96691975063
1781744779011
96778273304
1781744780014
96864607311
1781744781013
96951302768
1781744782013
97038370721
1781744783011
97124521868
1781744784012
97211542641
1781744785012
97298018006
1781744786012
97384093957
1781744787012
97470247484
1781744788013
97556511424
1781744789013
97642595188
1781744790013
97728918331
1781744791012
97815450763
1781744792013
97902570901
1781744793013
97988904665
1781744794013
98075754906
1781744795013
98162240647
1781744796013
98248529611
1781744797013
98335793975
1781744798013
98421923088
1781744799012
98513638368
1781744800073
98594783119
1781744801011
98681064392
1781744802013
98767685569
1781744803012
98853975021
1781744804013
98940571174
1781744805011
99026829315
1781744806012
99113209343
1781744807013
99199579178
1781744808012
99285521219
1781744809011
99371837526
1781744810013
99457946619
1781744811013
99544465868
1781744812013
99631542427
1781744813012
99717865937
1781744814013
99808620526
1781744815073
99889702838
1781744816013
99975550824
1781744817012
100061809820
1781744818012
100148041288
1781744819013
100234194754
1781744820013
100320338394
1781744821012
100406995459
1781744822013
100494082578
1781744823012
100580623189
1781744824013
100667881693
1781744825012
100754050418
1781744826011
100840360561
1781744827012
100928054550
1781744828013
101014316659
1781744829013
101105894000
1781744830075
101186757196
1781744831012
101273462663
1781744832013
101360352333
1781744833013
101446184144
1781744834012
101533014794
1781744835013
101619304734
1781744836013
101705465524
1781744837012
101791697298
1781744838012
101877769892
1781744839012
101964252032
1781744840013
102050587870
1781744841013
102137134097
1781744842011
102224542625
1781744843013
102310773056
1781744844011
102403687369
1781744845073
102484945035
1781744846012
102571479909
1781744847013
102657640027
1781744848012
102744010778
1781744849012
102830575254
1781744850013
102916895467
1781744851013
103003491803
1781744852013
103090831240
1781744853012
103177286280
1781744854012
103264825729
1781744855013
103351488959
1781744856012
103438045805
1781744857015
103525429127
1781744858012
103612083690
1781744859012
103698362156
1781744860012
103785032771
1781744861013
103871735979
1781744862014
103959134925
1781744863012
104045935912
1781744864012
104132913900
1781744865011
104219378217
1781744866013
104305916814
1781744867012
104392093107
1781744868013
104478455617
1781744869012
104565073560
1781744870013
104651400731
1781744871012
104738012875
1781744872012
104825225726
1781744873012
104911660868
1781744874012
104998865723
1781744875012
105085525902
1781744876011
105172009689
1781744877012
105258511482
1781744878011
105344980926
1781744879013
105431818411
1781744880013
105518174880
1781744881013
105604639319
1781744882012
105691902401
1781744883012
105778413288
1781744884011
105865853982
1781744885013
105952098329
1781744886013
106038275721
1781744887012
106125720138
1781744888009
106212181831
1781744889012
106303968827
1781744890074
106385189079
1781744891012
106471606521
1781744892012
106558946080
1781744893012
106645412289
1781744894013
106732378986
1781744895011
106818626384
1781744896011
106904917606
1781744897012
106991352688
1781744898013
107077841663
1781744899012
107164153393
1781744900012
107250472813
1781744901012
107336948117
1781744902012
107424024127
1781744903013
107510320231
1781744904012
107602566455
1781744905073
107683804528
1781744906012
107770330308
1781744907012
107856814400
1781744908013
107943347321
1781744909013
108029718743
1781744910012
108115859697
1781744911011
108202547951
1781744912013
108290158994
1781744913015
108376172202
1781744914012
108463097822
1781744915011
108549537481
1781744916012
108635903837
1781744917012
108722620656
1781744918009
108809569042
1781744919012
108901162984
1781744920075
108982403072
1781744921013
109068793292
1781744922012
109156096353
1781744923013
109242475526
1781744924013
109329640708
1781744925012
109416165511
1781744926012
109502327583
1781744927011
109588765960
1781744928011
109675364188
1781744929012
109761562332
1781744930013
109848015419
1781744931012
109934814025
1781744932013
110022007771
1781744933013
110108211530
1781744934013
110195350894
1781744935013
110281796413
1781744936012
110368383471
1781744937013
110454513073
1781744938012
110540968296
1781744939012
110627513911
1781744940012
110713545796
1781744941012
110800251140
1781744942012
110887545472
1781744943011
110973719629
1781744944012
111060492112
1781744945011
111146810373
1781744946011
111233232454
1781744947013
111319208613
1781744948011
111406451554
1781744949012
111492697732
1781744950012
111578958863
1781744951013
111665315210
1781744952012
111752455551
1781744953012
111838938117
1781744954013
111925747221
1781744955013
112011752494
1781744956012
112097773697
1781744957012
112184303444
1781744958013
112270374818
1781744959011
112356953576
1781744960013
112443154771
1781744961012
112529771798
1781744962013
112616700775
1781744963012
112702863396
1781744964011
112795022035
1781744965073
112876628881
1781744966013
112962827452
1781744967013
113049052268
1781744968012
113135434676
1781744969012
113221395638
1781744970012
113307686433
1781744971012
113394074517
1781744972013
113481338454
1781744973013
113567922766
1781744974012
113654705747
1781744975012
113741020467
1781744976011
113827530805
1781744977013
113913486090
1781744978013
114000609830
1781744979013
114092345557
1781744980075
114172987989
1781744981011
114259657079
1781744982013
114346799129
1781744983011
114433066974
1781744984012
114519968302
1781744985011
114606280337
1781744986012
114692671534
1781744987012
114779211169
1781744988013
114865760691
1781744989013
114952182528
1781744990011
115038579401
1781744991012
115124969317
1781744992013
115212191323
1781744993013
115298160036
1781744994011
115390609140
1781744995073
115471052598
1781744996012
115556577343
1781744997010
115643199802
1781744998013
115729207821
1781744999012
115815956012
1781745000013
115902236675
1781745001011
115988748783
1781745002013
116075540065
1781745003012
116160828237
1781745004011
116248607737
1781745005012
116335573579
1781745006013
116422330131
1781745007012
116508913711
1781745008012
116596914096
1781745009012
116689154766
1781745010073
116771014236
1781745011011
116858408544
1781745012011
116946248407
1781745013013
117033285965
1781745014013
117120740270
1781745015011
117207754634
1781745016012
117294804277
1781745017012
117381983558
1781745018012
117468736571
1781745019012
117555866658
1781745020013
117642912578
1781745021011
117730080263
1781745022011
117818024495
1781745023011
117905187908
1781745024012
117992952759
1781745025012
118079875143
1781745026012
118166763593
1781745027013
118253869266
1781745028013
118340450099
1781745029012
118427248888
1781745030011
118514235726
1781745031011
118601514921
1781745032012
118689498217
1781745033013
118776508675
1781745034013
118864160245
1781745035012
118951215442
1781745036011
119038485788
1781745037013
119125667998
1781745038013
119213707934
1781745039012
119300497263
1781745040013
119387754058
1781745041012
119475079091
1781745042012
119562830820
1781745043013
119649885651
1781745044012
119737320852
1781745045013
119824200207
1781745046013
119911533052
1781745047012
119998523369
1781745048011
120085677260
1781745049011
120172701573
1781745050013
120259260128
1781745051012
120346400469
1781745052013
120433926246
1781745053012
120520939146
1781745054013
120606822288
1781745055013
120692958908
1781745056011
120780482305
1781745057012
120867256191
1781745058011
120953770557
1781745059012
121036689718
1781745060011
121119673453
1781745061012
121202672935
1781745062010
121260236509
1781745063012
121310478262
1781745064013
121359752184
1781745065013
121410352457
1781745066012
121460241185
1781745067013
121502798632
1781745068014
121556444735
1781745069014
121606185330
1781745070074
121654586634
1781745071013
121721589087
1781745072012
121806693972
1781745073011
121893072535
1781745074012
121980301377
1781745075012
122066854134
1781745076012
122153436553
1781745077012
122240185538
1781745078013
122328616525
1781745079013
122415177949
1781745080012
122501930717
1781745081013
122588642410
1781745082013
122676120518
1781745083012
122762970210
1781745084012
122849366840
1781745085012
122935427655
1781745086012
123021692082
1781745087011
123108078702
1781745088012
123194586049
1781745089013
123281035901
1781745090012
123367567234
1781745091013
123454124447
1781745092012
123541669938
1781745093012
123628261574
1781745094011
123715694883
1781745095012
123802540364
1781745096012
123889271221
1781745097012
123975934634
1781745098013
124062481349
1781745099009
124153700598
1781745100073
124234918713
1781745101012
124321841525
1781745102012
124409284111
1781745103013
124495902236
1781745104013
124582987402
1781745105013
124669401121
1781745106011
124755762655
1781745107012
124842561200
1781745108013
124928957952
1781745109012
125015391629
1781745110013
125101959096
1781745111013
125188346692
1781745112012
125275799471
1781745113013
125362235773
1781745114012
125449388992
1781745115011
125536424963
1781745116012
125622331482
1781745117012
125707848719
1781745118011
125795459884
1781745119013
125882736333
1781745120012
125970074854
1781745121012
126057703292
1781745122013
126145263554
1781745123012
126232715295
1781745124013
126320825055
1781745125013
126408229128
1781745126013
126495696739
1781745127011
126583457439
1781745128015
126670564333
1781745129008
126758564657
1781745130012
126845934917
1781745131011
126933379578
1781745132012
127021452656
1781745133012
127108684305
1781745134013
127196465269
1781745135012
127283877460
1781745136013
127371105997
1781745137013
127458683653
1781745138012
127545757100
1781745139012
127633305521
1781745140013
127720614440
1781745141012
127807817281
1781745142012
127896252174
1781745143016
127983672299
1781745144013
128071343828
1781745145012
128158698585
1781745146011
128246395565
1781745147013
128334090470
1781745148012
128421353857
1781745149011
128508782649
1781745150012
128596218583
1781745151012
128684198094
1781745152012
128772397392
1781745153013
128859947522
1781745154012
128947983613
1781745155013
129035567373
1781745156013
129123060679
1781745157013
129210490692
1781745158013
129298241505
1781745159015
129386426826
1781745160013
129473967618
1781745161013
129561613511
1781745162011
129649662114
1781745163012
129734129000
1781745164013
129820571161
1781745165012
129906855486
1781745166012
129993785440
1781745167013
130080215028
1781745168012
130166575342
1781745169012
130253017015
1781745170012
130339492074
1781745171013
130425884431
1781745172013
130512943962
1781745173013
130599157486
1781745174012
130686694432
1781745175013
130773166196
1781745176012
130859361471
1781745177012
130945444014
1781745178012
131031709357
1781745179012
131117870270
1781745180011
131204402702
1781745181012
131290925613
1781745182012
131378032934
1781745183011
131464585568
1781745184012
131551511921
1781745185012
131638021343
1781745186012
131724140019
1781745187013
131810556851
1781745188013
131896996754
1781745189012
131984706063
1781745190012
132071164338
1781745191012
132157724297
1781745192012
132244753432
1781745193013
132331108069
1781745194013
132418236814
1781745195013
132504613424
1781745196013
132590968793
1781745197012
132677239324
1781745198012
132763238494
1781745199011
132849871878
1781745200013
132936125441
1781745201012
133022583533
1781745202013
133109811337
1781745203012
133196196004
1781745204012
133283490702
1781745205012
133370268129
1781745206013
133456602136
1781745207011
133543260606
1781745208013
133629514658
1781745209012
133715898409
1781745210013
133802418024
1781745211013
133888803911
1781745212012
133975631447
1781745213013
134060044012
1781745214013
134146716947
1781745215012
134233286610
1781745216011
134319896557
1781745217013
134406134557
1781745218012
134492731015
1781745219013
134580409928
1781745220013
134666681985
1781745221012
134753245668
1781745222012
134840415122
1781745223012
134927261763
1781745224013
135013208076
1781745225013
135098854951
1781745226012
135185735771
1781745227012
135272472854
1781745228013
135358957740
1781745229013
135445295410
1781745230012
135531960959
1781745231013
135618826643
1781745232013
135706236941
1781745233013
135793030970
1781745234013
135885752656
1781745235073
135967286261
1781745236012
136054017362
1781745237013
136140679616
1781745238012
136227254650
1781745239013
136313941990
1781745240013
136400307003
1781745241013
136486789631
1781745242013
136574236001
1781745243013
136660625916
1781745244011
136747702659
1781745245012
136834335860
1781745246012
136920690192
1781745247013
137007243987
1781745248013
137093659537
1781745249012
137186574094
1781745250073
137268130526
1781745251012
137354873834
1781745252013
137442331618
1781745253011
137529116125
1781745254013
137616185604
1781745255012
137702964313
1781745256013
137789485209
1781745257013
137876011172
1781745258012
137962473170
1781745259012
138049038927
1781745260013
138135485849
1781745261012
138222300019
1781745262012
138309866201
1781745263012
138396543531
1781745264013
138484524384
1781745265016
138570812555
1781745266012
138657631607
1781745267012
138744402381
1781745268014
138830524109
1781745269012
138916997276
1781745270012
139003325974
1781745271012
139090163154
1781745272013
139177469815
1781745273012
139264299488
1781745274013
139351796517
1781745275012
139438313569
1781745276013
139524861321
1781745277013
139611488174
1781745278012
139697756996
1781745279013
139790309555
1781745280073
139871981587
1781745281013
139958748088
1781745282013
140046193360
1781745283012
140132787865
1781745284013
140220279157
1781745285013
140306986821
1781745286012
140393451688
1781745287012
140480352649
1781745288013
140566737865
1781745289012
140653134006
1781745290012
140739898921
1781745291012
140826494219
1781745292012
140913802406
1781745293012
141000529113
1781745294011
141088086018
1781745295012
141174969157
1781745296013
141261488528
1781745297013
141347923304
1781745298012
141434615892
1781745299013
141521010874
1781745300013
141607608858
1781745301013
141694296868
1781745302011
141781526198
1781745303011
141867978247
1781745304012
141955249264
1781745305013
142041695088
1781745306012
142128588298
1781745307013
142215229983
1781745308013
142301740259
1781745309013
142393527561
1781745310073
142476266302
1781745311013
142562857572
1781745312012
142650594530
1781745313013
142737098825
1781745314012
142824142547
1781745315012
142910750785
1781745316012
142997018936
1781745317013
143083371376
1781745318012
143169770508
1781745319013
143256187584
1781745320013
143342695114
1781745321012
143429492438
1781745322013
143516610562
1781745323012
143603307179
1781745324011
143690719370
1781745325013
143777581879
1781745326012
143864520560
1781745327012
143951023513
1781745328013
144037313392
1781745329011
144123750671
1781745330013
144210122154
1781745331013
144296621017
1781745332013
144383730291
1781745333012
144470201566
1781745334012
144557422290
1781745335012
144644147532
1781745336013
144730653719
1781745337012
144817127436
1781745338011
144904064774
1781745339013
144990571816
1781745340013
145078415646
1781745341013
145165278095
1781745342012
145252885720
1781745343013
145339658080
1781745344013
145426857869
1781745345013
145513223615
1781745346012
145599524481
1781745347011
145686262296
1781745348013
145772618764
1781745349012
145859164990
1781745350013
145945676243
1781745351012
146032478755
1781745352013
146119727861
1781745353011
146206274514
1781745354013
146293564086
1781745355012
146380169455
1781745356012
146466493880
1781745357011
146553254156
1781745358013
146640061307
1781745359012
146726642750
1781745360012
146813242382
1781745361012
146900236971
1781745362011
146987964957
1781745363012
147074544630
1781745364013
147161918613
1781745365013
147248559566
1781745366013
147334967731
1781745367013
147421429912
1781745368013
147508000186
1781745369012
147594626795
1781745370013
147682356002
1781745371012
147769332830
1781745372012
147856662257
1781745373013
147942925220
1781745374012
148030303780
1781745375011
148116902130
1781745376012
148203763236
1781745377013
148290291335
1781745378013
148376670020
1781745379011
148463630247
1781745380012
148549980428
1781745381013
148636810711
1781745382012
148724491456
1781745383013
148811033227
1781745384012
148898457503
1781745385013
148985328984
1781745386012
149071907254
1781745387013
149158327199
1781745388013
149244518079
1781745389012
149331198887
1781745390012
149417694638
1781745391012
149504297993
1781745392012
149591622842
1781745393013
149678192323
1781745394013
149765521384
1781745395013
149852180159
1781745396010
149938593512
1781745397012
150025126066
1781745398013
150111475943
1781745399012
150203135620
1781745400073
150285590609
1781745401011
150372631341
1781745402012
150460131361
1781745403011
150546858190
1781745404012
150634249079
1781745405011
150720911272
1781745406013
150807619851
1781745407013
150893975832
1781745408014
150980419580
1781745409013
151066625109
1781745410012
151152836863
1781745411011
151239468233
1781745412012
151326785759
1781745413013
151413098953
1781745414011
151500596898
1781745415012
151587159726
1781745416011
151673868732
1781745417011
151760451336
1781745418011
151847089847
1781745419012
151933569301
1781745420012
152020297594
1781745421013
152107142037
1781745422013
152194506194
1781745423012
152280875418
1781745424011
152367927258
1781745425012
152454450352
1781745426012
152541026364
1781745427012
152627555561
1781745428011
152714407084
1781745429011
152801097109
1781745430013
152888451561
1781745431009
152975258040
1781745432011
153062748539
1781745433012
153149455653
1781745434013
153236731370
1781745435013
153323336495
1781745436012
153409848053
1781745437012
153496492057
1781745438013
153583268813
1781745439013
153669801306
1781745440013
153756403257
1781745441013
153842825826
1781745442012
153930253947
1781745443013
154016791262
1781745444012
154109332712
1781745445073
154190948592
1781745446013
154277479987
1781745447011
154364125944
1781745448013
154450678396
1781745449012
154537197767
1781745450012
154623511633
1781745451012
154710001829
1781745452010
154797452045
1781745453012
154884070597
1781745454012
154971282471
1781745455012
155057941063
1781745456013
155144163315
1781745457010
155231006782
1781745458012
155318048734
1781745459013
155409885169
1781745460073
155492141795
1781745461010
155579592376
1781745462012
155667224110
1781745463012
155753713391
1781745464012
155841225923
1781745465012
155927888848
1781745466013
156014523209
1781745467013
156101258827
1781745468013
156187543640
1781745469012
156273906822
1781745470013
156360484054
1781745471012
156446987678
1781745472013
156534103177
1781745473013
156620474050
1781745474012
156707993052
1781745475013
156794644014
1781745476012
156881128168
1781745477012
156965983358
1781745478013
157050925585
1781745479012
157137074839
1781745480012
157224229279
1781745481012
157311899770
1781745482015
157399437449
1781745483013
157486724091
1781745484012
157574493764
1781745485013
157661598704
1781745486010
157749053253
1781745487012
157836256155
1781745488012
157923373669
1781745489012
158010662996
1781745490013
158097854973
1781745491013
158186120188
1781745492013
158273752899
1781745493012
158360921743
1781745494013
158448599497
1781745495013
158535991790
1781745496012
158623235952
1781745497013
158710497935
1781745498013
158797517732
1781745499013
158884416558
1781745500013
158971364028
1781745501012
159058744175
1781745502012
159144945676
1781745503011
159231246419
1781745504013
159318866251
1781745505012
159406320129
1781745506012
159493332296
1781745507013
159580284344
1781745508012
159667619081
1781745509013
159754613854
1781745510012
159841681685
1781745511013
159928965947
1781745512013
160016764184
1781745513013
160104107771
1781745514013
160191775027
1781745515013
160278718103
1781745516011
160366184004
1781745517012
160450311475
1781745518011
160536476781
1781745519011
160622777830
1781745520013
160709380147
1781745521013
160797091654
1781745522013
160883938783
1781745523013
160969912195
1781745524012
161057230087
1781745525012
161143463936
1781745526013
161229737946
1781745527013
161315828668
1781745528012
161402066057
1781745529013
161488025188
1781745530013
161573966130
1781745531011
161660490689
1781745532013
161747587145
1781745533012
161833970713
1781745534012
161921213593
1781745535012
162007524285
1781745536011
162093697221
1781745537012
162179984293
1781745538013
162266043338
1781745539009
162352112026
1781745540012
162438350575
1781745541012
162524914745
1781745542011
162612171846
1781745543012
162698518061
1781745544012
162784420551
1781745545012
162870765911
1781745546012
162957147709
1781745547013
163043561306
1781745548016
163129645741
1781745549012
163216257885
1781745550012
163303034946
1781745551013
163390739128
1781745552013
163478056531
1781745553012
163564663487
1781745554013
163651901179
1781745555013
163738242083
1781745556013
163824354595
1781745557011
163910858646
1781745558012
163997153957
1781745559011
164083463246
1781745560012
164169689892
1781745561012
164256389561
1781745562013
164343481745
1781745563011
164429885943
1781745564013
164522142176
1781745565073
164603226197
1781745566011
164689523156
1781745567013
164776025132
1781745568013
164862100168
1781745569011
164948309847
1781745570013
165034539546
1781745571012
165120826862
1781745572011
165208103616
1781745573012
165294188601
1781745574012
165380983483
1781745575012
165467487840
1781745576012
165553719614
1781745577012
165640012483
1781745578012
165726327570
1781745579013
165817706792
1781745580072
165899030497
1781745581012
165986710998
1781745582011
166073959798
1781745583013
166160269147
1781745584012
166247161015
1781745585012
166333686123
1781745586014
166419857533
1781745587012
166506158459
1781745588012
166592365636
1781745589013
166678658384
1781745590013
166765042745
1781745591013
166851404585
1781745592012
166938596256
1781745593013
167024618741
1781745594012
167111820788
1781745595012
167198274119
1781745596013
167284595676
1781745597012
167370772701
1781745598011
167456894185
1781745599013
167543351300
1781745600013
167629406744
1781745601013
167715613005
1781745602013
167802626942
1781745603013
167888849927
1781745604011
167975895786
1781745605012
168062208858
1781745606012
168148413777
1781745607012
168235122600
1781745608013
168321020329
1781745609011
168412647170
1781745610073
168494021290
1781745611013
168581300364
1781745612010
168668457245
1781745613013
168754631524
1781745614012
168841832900
1781745615016
168927731484
1781745616011
169013997071
1781745617013
169100065943
1781745618012
169186343493
1781745619012
169272515757
1781745620012
169359185152
1781745621015
169445125728
1781745622012
169532391496
1781745623013
169618844400
1781745624013
169706013427
1781745625013
169792305564
1781745626012
169878553879
1781745627012
169964958931
1781745628012
170051095185
1781745629012
170137341485
1781745630012
170223407793
1781745631013
170310020181
1781745632012
170397031067
1781745633012
170483178613
1781745634011
170570080856
1781745635012
170656333504
1781745636011
170742710907
1781745637013
170828949639
1781745638013
170915026079
1781745639013
171001372293
1781745640013
171087740114
1781745641013
171174752465
1781745642008
171262449994
1781745643013
171348657903
1781745644012
171435884304
1781745645013
171522369617
1781745646013
171608756481
1781745647013
171695066379
1781745648013
171781171750
1781745649013
171867314718
1781745650013
171953397566
1781745651011
172039992315
1781745652013
172126845914
1781745653012
172213332142
1781745654012
172300520518
1781745655013
172386953036
1781745656012
172473453608
1781745657012
172559803118
1781745658013
172645797893
1781745659012
172732051701
1781745660012
172818066556
1781745661011
172904853382
1781745662013
172992038767
1781745663012
173078551180
1781745664013
173165572258
1781745665011
173251735917
1781745666009
173338267922
1781745667013
173424768861
1781745668013
173511050988
1781745669013
173596428699
1781745670013
173679367818
1781745671013
173762579092
1781745672009
173847008319
1781745673011
173929919179
1781745674012
173984080783
1781745675014
174025370472
1781745676012
174075089461
1781745677013
174119730766
1781745678012
174169871384
1781745679011
174217503220
1781745680013
174268913794
1781745681013
174351837654
1781745682013
174438626617
1781745683012
174526206348
1781745684013
174618942561
1781745685073
174700817779
1781745686013
174787958974
1781745687012
174875240733
1781745688012
174962080172
1781745689011
175048828973
1781745690012
175135705276
1781745691013
175222775488
1781745692011
175310343684
1781745693011
175397721146
1781745694012
175485530797
1781745695011
175572966730
1781745696013
175660092972
1781745697013
175747126929
1781745698011
175834116819
1781745699011
175926643010
1781745700073
176008192240
1781745701012
176095486145
1781745702012
176184086443
1781745703012
176270996560
1781745704013
176358786618
1781745705012
176445653583
1781745706013
176532815103
1781745707012
176620138366
1781745708013
176707189779
1781745709013
176794473857
1781745710013
176881552064
1781745711010
176968882102
1781745712012
177056985392
1781745713012
177144060365
1781745714010
177232038960
1781745715014
177319142863
1781745716012
177406200441
1781745717013
177492975914
1781745718013
177579862899
1781745719013
177666635260
1781745720013
177753841640
1781745721012
177840704211
1781745722011
177928644110
1781745723012
178015868863
1781745724012
178103837693
1781745725013
178191021979
1781745726012
178278120205
1781745727012
178365331896
1781745728013
178452865974
1781745729013
178539588896
1781745730012
178627091663
1781745731012
178714333078
1781745732012
178803011745
1781745733012
178890373216
1781745734013
178957885677
1781745735013
179023174756
1781745736011
179109692723
1781745737015
179196005002
1781745738013
179282528035
1781745739012
179369017254
1781745740012
179455574955
1781745741012
179542332118
1781745742013
179629733628
1781745743013
179716146431
1781745744011
179803441008
1781745745012
179890161062
1781745746012
179976672437
1781745747013
180063052831
1781745748011
180149475400
1781745749012
180235962911
1781745750013
180322112715
1781745751011
180408636358
1781745752012
180496077296
1781745753013
180582456836
1781745754012
180669819954
1781745755013
180756240448
1781745756009
180842802788
1781745757012
180929370254
1781745758013
181015725258
1781745759013
181107427965
1781745760073
181188590843
1781745761013
181275226791
1781745762011
181363378054
1781745763012
181450169153
1781745764013
181536965317
1781745765011
181623302987
1781745766012
181709980561
1781745767013
181796189812
1781745768013
181882857987
1781745769013
181969036050
1781745770011
182055332154
1781745771012
182141912255
1781745772012
182228962630
1781745773013
182315359199
1781745774013
182402461881
1781745775013
182488213554
1781745776012
182573701555
1781745777013
182659465190
1781745778013
182746298220
1781745779011
182833682457
1781745780011
182920816694
1781745781012
183007864628
1781745782012
183095551904
1781745783011
183182902693
1781745784013
183270326725
1781745785013
183357109706
1781745786013
183443972215
1781745787012
183530833870
1781745788013
183617547271
1781745789012
183709825050
1781745790073
183791312146
1781745791012
183876466591
1781745792013
183963999570
1781745793009
184050454061
1781745794013
184137753825
1781745795013
184224054386
1781745796012
184310458583
1781745797012
184396826160
1781745798013
184483003430
1781745799013
184569372471
1781745800011
184655902157
1781745801013
184742613971
1781745802012
184829588846
1781745803012
184916033205
1781745804013
185003373558
1781745805013
185089821640
1781745806013
185176266059
1781745807013
185262552032
1781745808013
185348741997
1781745809012
185435020585
1781745810013
185521309854
1781745811012
185607992554
1781745812013
185695362997
1781745813013
185781540999
1781745814011
185868990482
1781745815013
185955395535
1781745816013
186041710377
1781745817012
186128125622
1781745818013
186214492466
1781745819013
186306404646
1781745820075
186387806110
1781745821013
186474008221
1781745822012
186562271666
1781745823010
186648710593
1781745824012
186735637250
1781745825011
186822078924
1781745826012
186908061370
1781745827011
186994636404
1781745828013
187080926100
1781745829013
187167214881
1781745830013
187253797240
1781745831013
187340443380
1781745832013
187426768721
1781745833012
187512073800
1781745834012
187599445464
1781745835011
187686797962
1781745836012
187773701365
1781745837012
187860608736
1781745838012
187947631767
1781745839013
188034698012
1781745840012
188121520421
1781745841012
188208848628
1781745842012
188296642287
1781745843013
188383832128
1781745844012
188471659173
1781745845013
188558577042
1781745846012
188645781775
1781745847013
188732677365
1781745848012
188819476948
1781745849012
188906536478
1781745850012
188993521180
1781745851012
189080777731
1781745852012
189168991495
1781745853012
189256550963
1781745854011
189344227313
1781745855012
189431523660
1781745856013
189518653869
1781745857012
189605891133
1781745858013
189692963969
1781745859012
189780001527
1781745860012
189867011558
1781745861012
189954010908
1781745862012
190041878664
1781745863013
190128821252
1781745864013
190221852386
1781745865073
190303911075
1781745866013
190390832849
1781745867011
190477963608
1781745868011
190565061163
1781745869012
190652020840
1781745870012
190738843799
1781745871013
190826004770
1781745872013
190913855802
1781745873012
191001151782
1781745874012
191088806160
1781745875013
191175791228
1781745876012
191262738393
1781745877013
191349562939
1781745878013
191436327609
1781745879012
191528401653
1781745880073
191610200211
1781745881013
191697316443
1781745882013
191785033931
1781745883009
191872761490
1781745884012
191960792514
1781745885013
192047624628
1781745886011
192134827469
1781745887011
192221915808
1781745888013
192308827146
1781745889011
192396071490
1781745890012
192483054544
1781745891012
192570208618
1781745892013
192657832539
1781745893013
192744861247
1781745894013
192837865647
1781745895073
192919786214
1781745896013
193006929423
1781745897013
193093819277
1781745898012
193180933800
1781745899012
193267900374
1781745900010
193354991826
1781745901012
193442218348
1781745902015
193529795089
1781745903012
193616836981
1781745904012
193704336452
1781745905012
193791733323
1781745906013
193878608710
1781745907011
193965666288
1781745908013
194052587025
1781745909012
194139451549
1781745910013
194226253572
1781745911013
194313135064
1781745912011
194400618422
1781745913013
194488851533
1781745914013
194576356253
1781745915013
194663571728
1781745916012
194750559176
1781745917009
194837796990
1781745918012
194924756911
1781745919013
195011495215
1781745920012
195098127195
1781745921012
195185318744
1781745922013
195273098061
1781745923012
195360222960
1781745924012
195448173113
1781745925012
195535207192
1781745926013
195622336424
1781745927013
195709115377
1781745928012
195796075054
1781745929012
195883061526
1781745930013
195969780603
1781745931013
196056657822
1781745932013
196144542119
1781745933012
196231684718
1781745934013
196319428573
1781745935012
196406440435
1781745936013
196493100736
1781745937013
196580206226
1781745938012
196667371041
1781745939012
196759489275
1781745940073
196841335867
1781745941013
196928343701
1781745942011
197016056123
1781745943012
197104452991
1781745944013
197192175789
1781745945013
197279055389
1781745946013
197366009756
1781745947013
197452838025
1781745948012
197540072970
1781745949013
197627177911
1781745950013
197714058547
1781745951012
197801254247
1781745952013
197889067194
1781745953012
197975881608
1781745954013
198063265234
1781745955012
198150355648
1781745956012
198237654131
1781745957013
198324619912
1781745958011
198411838560
1781745959013
198498607381
1781745960012
198585263654
1781745961013
198672071415
1781745962013
198759880455
1781745963012
198846650863
1781745964010
198934499393
1781745965013
199019915068
1781745966012
199106202322
1781745967011
199193301099
1781745968009
199280718721
1781745969012
199373250467
1781745970073
199455474316
1781745971013
199542956453
1781745972013
199631009512
1781745973012
199719126840
1781745974012
199806909879
1781745975012
199894525988
1781745976012
199981824837
1781745977013
200069211698
1781745978011
200156814440
1781745979013
200244056038
1781745980012
200331481962
1781745981012
200419057665
1781745982013
200507051886
1781745983012
200594517360
1781745984012
200682633773
1781745985013
200769919621
1781745986013
200857082240
1781745987012
200944413620
1781745988013
201031921025
1781745989013
201119247645
1781745990013
201206652939
1781745991013
201293952764
1781745992013
201381239650
1781745993011
201466784231
1781745994013
201554017772
1781745995012
201640143162
1781745996012
201726244138
1781745997010
201812583089
1781745998012
201898649275
1781745999012
201990625480
1781746000073
202071573820
1781746001012
202158133596
1781746002013
202245252026
1781746003013
202332744111
1781746004013
202419722282
1781746005012
202506205764
1781746006012
202592634803
1781746007013
202679127197
1781746008013
202765515403
1781746009013
202851641404
1781746010012
202938086800
1781746011012
203024543671
1781746012012
203111841238
1781746013013
203198067702
1781746014012
203290522238
1781746015075
203371654660
1781746016013
203458108906
1781746017013
203544294538
1781746018012
203630931706
1781746019011
203717258877
1781746020012
203803762623
1781746021012
203890354870
1781746022013
203977379183
1781746023011
204063736933
1781746024012
204150751847
1781746025010
204237155496
1781746026012
204323617372
1781746027012
204409735193
1781746028011
204495972460
1781746029013
204587608578
1781746030073
204668601962
1781746031013
204755362421
1781746032013
204842491898
1781746033012
204929669409
1781746034009
205017258479
1781746035011
205103638690
1781746036013
205189969951
1781746037012
205276138737
1781746038012
205362490322
1781746039013
205448893788
1781746040012
205535187390
1781746041012
205621522008
1781746042013
205708700984
1781746043012
205794938129
1781746044012
205887310390
1781746045073
205968557741
1781746046012
206054741114
1781746047012
206141138109
1781746048013
206227541880
1781746049012
206313944613
1781746050012
206400236750
1781746051012
206486877825
1781746052012
206573971779
1781746053011
206660631897
1781746054013
206747804037
1781746055013
206834342206
1781746056013
206920729864
1781746057013
207006967314
1781746058013
207093325552
1781746059012
207179574660
1781746060012
207266014563
1781746061012
207352608580
1781746062013
207439957477
1781746063013
207526834513
1781746064012
207614586242
1781746065013
207700582115
1781746066012
207786650254
1781746067012
207873029306
1781746068012
207959276277
1781746069013
208045602533
1781746070012
208131891863
1781746071012
208218214396
1781746072013
208305480347
1781746073011
208391758813
1781746074012
208484283417
1781746075073
208565503546
1781746076013
208651644683
1781746077013
208738033561
1781746078011
208824402541
1781746079012
208910558144
1781746080012
208996835083
1781746081013
209083319725
1781746082013
209170241622
1781746083012
209256834540
1781746084013
209343814786
1781746085012
209430276479
1781746086013
209516460218
1781746087013
209602875097
1781746088013
209689310728
1781746089013
209780771675
1781746090074
209862068037
1781746091013
209948592596
1781746092013
210035429715
1781746093012
210122354236
1781746094012
210209536996
1781746095012
210294824803
1781746096011
210381190426
1781746097012
210467355184
1781746098012
210553303694
1781746099011
210639874090
1781746100012
210725987334
1781746101012
210812488455
1781746102013
210899243299
1781746103012
210985439184
1781746104012
211072474911
1781746105011
211159016072
1781746106011
211245332196
1781746107013
211331472722
1781746108013
211417537383
1781746109013
211503822318
1781746110013
211589953628
1781746111013
211676334388
1781746112012
211762938659
1781746113012
211849068993
1781746114013
211936304060
1781746115012
212022855596
1781746116012
212109011137
1781746117013
212195414236
1781746118013
212281417983
1781746119011
212367571266
1781746120012
212453999024
1781746121012
212540161584
1781746122012
212627335006
1781746123012
212713972113
1781746124013
212801824244
1781746125012
212888095691
1781746126012
212974605418
1781746127013
213060734775
1781746128012
213146998043
1781746129010
213233315571
1781746130013
213319449994
1781746131012
213405996892
1781746132013
213492755031
1781746133013
213579049976
1781746134013
213665749278
1781746135012
213752190341
1781746136011
213838652156
1781746137012
213924611287
1781746138011
214010842633
1781746139012
214097158819
1781746140013
214183218596
1781746141013
214269933034
1781746142012
214357778024
1781746143012
214444072420
1781746144012
214531376335
1781746145013
214617631607
1781746146012
214703873574
1781746147012
214790466858
1781746148013
214876425195
1781746149012
214967920383
1781746150074
215049128183
1781746151012
215135342074
1781746152013
215222699333
1781746153012
215308932084
1781746154013
215396929173
1781746155011
215483377316
1781746156013
215569280111
1781746157013
215655644392
1781746158013
215741744391
1781746159012
215827928680
1781746160012
215914162529
1781746161013
216000432511
1781746162012
216087467993
1781746163012
216173894225
1781746164013
216266223944
1781746165074
216347572857
1781746166012
216433857976
1781746167013
216520139249
1781746168011
216606654591
1781746169012
216693195691
1781746170012
216779396886
1781746171013
216865912839
1781746172013
216952891132
1781746173012
217039303142
1781746174013
217126461061
1781746175013
217212717432
1781746176013
217299104296
1781746177011
217385633127
1781746178013
217471798800
1781746179012
217558443171
1781746180013
217644731341
1781746181012
217731244974
1781746182013
217818646240
1781746183013
217905333701
1781746184013
217993591532
1781746185012
218079932924
1781746186013
218166358851
1781746187013
218252784899
1781746188011
218339012644
1781746189012
218425301913
1781746190013
218511372677
1781746191011
218597717976
1781746192012
218684882242
1781746193013
218771018008
1781746194013
218863405650
1781746195073
218944638658
1781746196013
219030887704
1781746197013
219117195162
1781746198013
219203437433
1781746199013
219289745440
1781746200011
219375994487
1781746201013
219462597964
1781746202013
219549783837
1781746203013
219636115586
1781746204013
219723160712
1781746205012
219809538116
1781746206013
219895898551
1781746207013
219982047989
1781746208013
220068265176
1781746209013
220154563478
1781746210013
220240852868
1781746211012
220327413621
1781746212011
220414699164
1781746213013
220501036223
1781746214011
220589269579
1781746215008
220675844797
1781746216009
220762435579
1781746217012
220848940545
1781746218013
220935301835
1781746219011
221021809121
1781746220011
221108376710
1781746221013
221194525537
1781746222012
221281525741
1781746223009
221367901314
1781746224013
221460333633
1781746225073
221541426565
1781746226012
221627529555
1781746227011
221713814674
1781746228012
221800210693
1781746229013
221886325158
1781746230013
221972750718
1781746231012
222058886972
1781746232011
222146067901
1781746233011
222232471061
1781746234013
222319346937
1781746235013
222405524085
1781746236012
222491696838
1781746237011
222577890282
1781746238012
222664375351
1781746239012
222750854561
1781746240013
222837714873
1781746241013
222924267935
1781746242013
223011199048
1781746243009
223097771153
1781746244012
223185676995
1781746245011
223272472488
1781746246013
223358728065
1781746247012
223445197571
1781746248012
223531443810
1781746249013
223617634568
1781746250012
223703906808
1781746251011
223790595002
1781746252012
223877954153
1781746253013
223964038467
1781746254012
224051386693
1781746255012
224138113399
1781746256013
224224946185
1781746257013
224311118511
1781746258012
224397211003
1781746259011
224483544095
1781746260013
224569984730
1781746261013
224656217969
1781746262013
224743591952
1781746263013
224830221186
1781746264013
224917249771
1781746265013
225003606911
1781746266012
225090065735
1781746267013
225176471703
1781746268013
225262901535
1781746269013
225349085519
1781746270013
225435579072
1781746271013
225520735836
1781746272012
225608081255
1781746273012
225695546424
1781746274012
225784274651
1781746275013
225872118970
1781746276013
225959255527
1781746277013
226046632805
1781746278013
226133979384
1781746279013
226219380044
1781746280013
226302127574
1781746281012
226369086814
1781746282012
226426878109
1781746283012
226477755481
1781746284013
226530037940
1781746285073
226575829876
1781746286015
226620088918
1781746287013
226663790222
1781746288013
226705280716
1781746289015
226746101901
1781746290014
226786182182
1781746291014
226828011054
1781746292013
226870309469
1781746293014
226910274332
1781746294013
226951361813
1781746295013
226992719739
1781746296013
227032970063
1781746297013
227072077812
1781746298013
227112412914
1781746299015
227155642234
1781746300075
227197276893
1781746301013
227238528802
1781746302014
227280512703
1781746303014
227321268642
1781746304013
227362864848
1781746305011
227404437069
1781746306012
227444017778
1781746307014
227484019446
1781746308014
227524526239
1781746309013
227564061416
1781746310013
227604616366
1781746311013
227645600880
1781746312013
227687383183
1781746313015
227727788048
1781746314013
227773257719
1781746315076
227814895796
1781746316013
227855652100
1781746317013
227894457299
1781746318013
227934306318
1781746319013
227975195373
1781746320013
228015208760
1781746321013
228056654332
1781746322014
228098489796
1781746323014
228139108589
1781746324014
228180843773
1781746325013
228222206765
1781746326014
228261721739
1781746327012
228301066426
1781746328013
228341331887
1781746329013
228382671381
1781746330013
228426597233
1781746331013
228470394118
1781746332015
228512148527
1781746333013
228551923389
1781746334013
228592632941
1781746335014
228634541952
1781746336013
228673829632
1781746337014
228714189392
1781746338013
228754605792
1781746339012
228796324253
1781746340013
228836780875
1781746341014
228878227424
1781746342014
228920410300
1781746343014
228959939068
1781746344013
229004575612
1781746345074
229044658395
1781746346013
229084868497
1781746347012
229125178330
1781746348013
229164700385
1781746349012
229205419030
1781746350013
229245197920
1781746351013
229286121277
1781746352014
229328672438
1781746353015
229368709994
1781746354013
229409360464
1781746355015
229450548347
1781746356013
229490026700
1781746357015
229529859850
1781746358013
229570077155
1781746359013
229614062943
1781746360076
229654781039
1781746361014
229698651166
1781746362013
229740600339
1781746363013
229780471025
1781746364013
229822052034
1781746365014
229864241624
1781746366013
229903281258
1781746367013
229943224637
1781746368013
229982838122
1781746369013
230022249032
1781746370014
230063244959
1781746371013
230104090863
1781746372013
230146156307
1781746373013
230186309036
1781746374013
230228764616
1781746375013
230271907267
1781746376013
230311333069
1781746377013
230350696189
1781746378013
230391132304
1781746379014
230430665222
1781746380014
230471366351
1781746381013
230512596165
1781746382014
230554743457
1781746383012
230595101813
1781746384013
230637029257
1781746385013
230678314491
1781746386014
230718327633
1781746387013
230758507584
1781746388013
230798704380
1781746389014
230842334457
1781746390076
230884296813
1781746391013
230927239147
1781746392013
230968703762
1781746393013
231008703660
1781746394013
231050660889
1781746395013
231092538223
1781746396011
231131709387
1781746397013
231172314203
1781746398013
231212590467
1781746399014
231252989411
1781746400013
231293193532
1781746401013
231333860481
1781746402013
231375465843
1781746403013
231415038679
1781746404013
231460564197
1781746405076
231502101994
1781746406013
231543039084
1781746407013
231582613873
1781746408011
231622686463
1781746409013
231663404071
1781746410013
231702764566
1781746411014
231743541988
1781746412015
231785339489
1781746413014
231825472321
1781746414013
231866523912
1781746415013
231907479191
1781746416013
231947338342
1781746417013
231986384201
1781746418013
232026182378
1781746419013
232069450151
1781746420076
232106929303
1781746421014
232148101866
1781746422012
232189802809
1781746423015
232230070040
1781746424013
232274905008
1781746425013
232319307116
1781746426013
232359711737
1781746427014
232399652736
1781746428013
232439175828
1781746429015
232478701239
1781746430013
232518759303
1781746431013
232560278301
1781746432013
232601636227
1781746433013
232641228045
1781746434015
232685525417
1781746435076
232727827982
1781746436013
232770670035
1781746437013
232810368969
1781746438014
232849548617
1781746439014
232890440969
1781746440013
232930010509
1781746441013
232970860990
1781746442015
233013671549
1781746443014
233053695312
1781746444013
233095056290
1781746445013
233136092745
1781746446013
233176464834
1781746447014
233215588025
1781746448013
233255942047
1781746449013
233300128824
1781746450077
233341185848
1781746451014
233383619882
1781746452013
233425758934
1781746453013
233465567731
1781746454015
233507113585
1781746455013
233548366348
1781746456014
233590471342
1781746457013
233630340076
1781746458013
233670213448
1781746459013
233710790981
1781746460013
233751167769
1781746461013
233792117310
1781746462013
233833375139
1781746463015
233873336707
1781746464014
233915866322
1781746465014
233959710509
1781746466015
234001073380
1781746467013
234040873876
1781746468013
234079872189
1781746469015
234120479080
1781746470014
234159873083
1781746471013
234201259513
1781746472013
234243483098
1781746473013
234283587366
1781746474013
234324646343
1781746475013
234365566526
1781746476012
234405699907
1781746477013
234445950109
1781746478013
234485600520
1781746479013
234529489751
1781746480076
234570230919
1781746481015
234613287266
1781746482014
234655139515
1781746483015
234695472054
1781746484013
234736763391
1781746485012
234778018046
1781746486013
234819054501
1781746487015
234859115250
1781746488014
234899063879
1781746489014
234938090939
1781746490013
234979069350
1781746491014
235020178070
1781746492013
235062171798
1781746493013
235101681280
1781746494013
235144502337
1781746495013
235188363553
1781746496014
235233698825
1781746497015
235273814567
1781746498013
235314162120
1781746499013
235354898588
1781746500013
235394689990
1781746501013
235435771916
1781746502012
235477987201
1781746503014
235517852028
1781746504014
235559780022
1781746505013
235600439952
1781746506013
235640626372
1781746507013
235680404102
1781746508013
235719783335
1781746509013
235763609456
1781746510077
235805337865
1781746511014
235847559558
1781746512013
235889570254
1781746513013
235929632041
1781746514014
235971566565
1781746515014
236012002619
1781746516012
236054162667
1781746517012
236094306302
1781746518013
236134576707
1781746519013
236174711003
1781746520013
236215679282
1781746521013
236256438272
1781746522013
236297481929
1781746523013
236337860976
1781746524015
236380434720
1781746525014
236423985817
1781746526014
236465862419
1781746527013
236505623059
1781746528013
236545960175
1781746529012
236586468433
1781746530015
236626373727
1781746531013
236667311183
1781746532013
236708711895
1781746533013
236748908996
1781746534013
236790006547
1781746535013
236830821995
1781746536013
236871390800
1781746537013
236911410289
1781746538013
236951345246
1781746539013
236992914475
1781746540013
237037528375
1781746541012
237080827885
1781746542013
237122289877
1781746543014
237162168681
1781746544013
237203407711
1781746545012
237244798840
1781746546015
237286662625
1781746547013
237327411117
1781746548014
237367609927
1781746549015
237407504539
1781746550013
237448077434
1781746551012
237489059934
1781746552013
237531066357
1781746553014
237571133820
1781746554013
237613528731
1781746555013
237657280633
1781746556013
237698887522
1781746557014
237738504913
1781746558014
237778484547
1781746559013
237819778569
1781746560017
237860369591
1781746561013
237901628397
1781746562013
237943252863
1781746563013
237984643931
1781746564013
