54195894533
1781743824551
54199807019
1781743825022
54208048180
1781743826026
54216295064
1781743827023
54224279460
1781743828023
54232422794
1781743829023
54240545441
1781743830023
54248760700
1781743831023
54256910566
1781743832023
54265052430
1781743833024
54273080692
1781743834025
54281237444
1781743835025
54289403513
1781743836022
54297577951
1781743837024
54305762472
1781743838023
54314436409
1781743839023
54322699220
1781743840023
54330986556
1781743841023
54339295558
1781743842023
54347873931
1781743843024
54356317038
1781743844024
54364821894
1781743845023
54373191362
1781743846025
54381633274
1781743847024
54390416515
1781743848023
54400095524
1781743849020
54412600444
1781743850023
54428288146
1781743851019
54445687780
1781743852020
54463204490
1781743853018
54480868172
1781743854018
54498536489
1781743855021
54516084977
1781743856018
54533787123
1781743857021
54551377151
1781743858022
54568882447
1781743859019
54586480384
1781743860017
54604084396
1781743861018
54621680069
1781743862019
54639261299
1781743863021
54656890785
1781743864021
54674525627
1781743865018
54692158219
1781743866022
54709771961
1781743867019
54727443477
1781743868021
54745004694
1781743869018
54762649343
1781743870018
54780258051
1781743871022
54797848354
1781743872018
54815528499
1781743873021
54833121556
1781743874021
54850738848
1781743875021
54868308129
1781743876018
54885970953
1781743877021
54903701557
1781743878022
54921200366
1781743879018
54938784304
1781743880018
54956454917
1781743881019
54974097255
1781743882022
54991777614
1781743883023
55009347644
1781743884018
55026929364
1781743885018
55044648294
1781743886020
55062236960
1781743887018
55079912178
1781743888022
55097578889
1781743889022
55115208436
1781743890024
55132679904
1781743891019
55150319962
1781743892018
55169975903
1781743893135
55185585942
1781743894018
55203258804
1781743895021
55220879064
1781743896019
55238534973
1781743897018
55256197263
1781743898019
55273946502
1781743899023
55291519271
1781743900018
55309136900
1781743901018
55326761444
1781743902022
55344378323
1781743903023
55361925251
1781743904018
55379635307
1781743905021
55397224523
1781743906019
55414874726
1781743907021
55432437106
1781743908017
55450105271
1781743909021
55467708120
1781743910016
55485343588
1781743911018
55502931764
1781743912018
55520592218
1781743913018
55538292436
1781743914022
55555833457
1781743915019
55573500719
1781743916020
55591082163
1781743917019
55608656371
1781743918020
55626199840
1781743919018
55643833488
1781743920021
55661412347
1781743921019
55678981428
1781743922019
55696594880
1781743923019
55714180716
1781743924019
55731860064
1781743925022
55749573701
1781743926022
55767209827
1781743927022
55784841012
1781743928019
55802486410
1781743929018
55820073744
1781743930019
55837667872
1781743931018
55855369620
1781743932024
55872804766
1781743933018
55890406605
1781743934018
55908149893
1781743935021
55925778277
1781743936019
55943438027
1781743937019
55963117453
1781743938135
55978801345
1781743939020
55996460437
1781743940019
56014069880
1781743941019
56031786668
1781743942018
56049451253
1781743943020
56067066862
1781743944018
56084729090
1781743945019
56102375207
1781743946022
56120040985
1781743947025
56137648455
1781743948018
56155301625
1781743949018
56173112493
1781743950023
56190616703
1781743951019
56208268328
1781743952018
56225901165
1781743953018
56243473475
1781743954018
56261238856
1781743955018
56278903792
1781743956019
56296565837
1781743957020
56314132057
1781743958018
56331792603
1781743959021
56349335827
1781743960017
56366987850
1781743961020
56384575537
1781743962019
56402162474
1781743963019
56419866670
1781743964023
56437390433
1781743965020
56455093099
1781743966018
56472732439
1781743967019
56492412400
1781743968135
56508019854
1781743969018
56525648927
1781743970019
56543271880
1781743971018
56560875081
1781743972018
56578435013
1781743973018
56596235094
1781743974019
56613960772
1781743975021
56631651045
1781743976018
56649413855
1781743977020
56666986487
1781743978018
56684762746
1781743979022
56702397495
1781743980022
56720113839
1781743981023
56737658105
1781743982019
56755295608
1781743983020
56772942429
1781743984019
56790642051
1781743985021
56808209908
1781743986018
56825977156
1781743987018
56843683616
1781743988022
56861268794
1781743989018
56879099276
1781743990021
56896668480
1781743991018
56914426854
1781743992021
56932100327
1781743993018
56949807843
1781743994022
56967413722
1781743995022
56985044401
1781743996020
57002716728
1781743997019
57020314283
1781743998018
57037901357
1781743999018
57055471326
1781744000017
57073225278
1781744001019
57090864021
1781744002018
57108600454
1781744003019
57126381502
1781744004022
57144003935
1781744005017
57161790200
1781744006018
57179469213
1781744007022
57197081808
1781744008020
57214688328
1781744009019
57232314464
1781744010021
57250013336
1781744011019
57267644459
1781744012018
57285776688
1781744013045
57303002009
1781744014018
57320723387
1781744015022
57338387207
1781744016022
57356112609
1781744017022
57373764754
1781744018021
57391499474
1781744019022
57409181163
1781744020022
57426790270
1781744021018
57444569283
1781744022021
57462118368
1781744023019
57479719289
1781744024019
57497405752
1781744025019
57515089217
1781744026019
57532783055
1781744027019
57550509298
1781744028022
57568132037
1781744029018
57585883250
1781744030022
57603547544
1781744031021
57621305321
1781744032021
57638985557
1781744033018
57656619847
1781744034018
57674286314
1781744035021
57691942009
1781744036020
57709595745
1781744037018
57727371500
1781744038019
57745004872
1781744039019
57762669472
1781744040021
57780298071
1781744041022
57797918713
1781744042018
57815618947
1781744043021
57833143949
1781744044019
57850754724
1781744045021
57868068770
1781744046017
57885718039
1781744047019
57903304838
1781744048018
57920991301
1781744049018
57938738582
1781744050023
57956488571
1781744051019
57974145399
1781744052019
57991874564
1781744053021
58009588705
1781744054017
58027271910
1781744055018
58045043946
1781744056019
58062857094
1781744057021
58080512880
1781744058017
58098322738
1781744059018
58116024089
1781744060018
58133816260
1781744061021
58150899980
1781744062018
58168301679
1781744063024
58185844170
1781744064021
58203425400
1781744065019
58220854242
1781744066019
58238175770
1781744067019
58255523858
1781744068018
58273173540
1781744069023
58290803960
1781744070019
58308430141
1781744071020
58326129105
1781744072018
58349434524
1781744073335
58361502231
1781744074019
58379272370
1781744075019
58396878263
1781744076018
58414583178
1781744077018
58432188322
1781744078018
58449873409
1781744079019
58467454379
1781744080018
58485131830
1781744081018
58502832232
1781744082022
58520530828
1781744083019
58538173809
1781744084020
58555881631
1781744085021
58573545634
1781744086020
58591158000
1781744087019
58608901961
1781744088021
58626493197
1781744089018
58644219303
1781744090024
58661890405
1781744091019
58679498303
1781744092019
58697190228
1781744093018
58714936713
1781744094022
58732547228
1781744095020
58750312195
1781744096020
58767930513
1781744097018
58785597178
1781744098022
58803300930
1781744099019
58821065271
1781744100021
58838701948
1781744101018
58856407980
1781744102018
58874089042
1781744103021
58891667136
1781744104020
58909315686
1781744105018
58926979658
1781744106019
58944670329
1781744107018
58962332970
1781744108022
58979896452
1781744109020
58997575740
1781744110020
59015168047
1781744111018
59032760890
1781744112019
59050510374
1781744113025
59068090610
1781744114018
59085930425
1781744115021
59103524599
1781744116019
59121248073
1781744117019
59138961281
1781744118018
59156632689
1781744119021
59174291612
1781744120018
59191949159
1781744121016
59209634811
1781744122019
59227400452
1781744123019
59245029479
1781744124022
59262641722
1781744125021
59280282500
1781744126018
59297946916
1781744127020
59315657737
1781744128019
59333299616
1781744129018
59351022616
1781744130020
59368608084
1781744131018
59386212800
1781744132018
59403884636
1781744133018
59421598533
1781744134020
59439164769
1781744135018
59456900253
1781744136018
59474522319
1781744137018
59492183721
1781744138020
59509939218
1781744139023
59527547804
1781744140022
59545203668
1781744141019
59562872750
1781744142019
59580495719
1781744143019
59598190153
1781744144020
59615876601
1781744145020
59633504359
1781744146018
59651250951
1781744147019
59668910517
1781744148021
59686554538
1781744149019
59704311596
1781744150023
59721913190
1781744151022
59739575235
1781744152018
59757155853
1781744153019
59774762573
1781744154018
59792616418
1781744155023
59810181721
1781744156018
59827867251
1781744157019
59845657632
1781744158023
59863232451
1781744159018
59880960959
1781744160019
59898682628
1781744161022
59916285507
1781744162018
59934145350
1781744163025
59951698413
1781744164018
59969499733
1781744165023
59987268786
1781744166024
60004816677
1781744167018
60022617355
1781744168021
60040244363
1781744169018
60057943235
1781744170022
60075743591
1781744171022
60093414892
1781744172022
60111100774
1781744173018
60128853961
1781744174022
60146508080
1781744175021
60164180330
1781744176018
60181847240
1781744177021
60199438063
1781744178021
60216981640
1781744179018
60234632026
1781744180021
60252314741
1781744181020
60269999337
1781744182020
60287570531
1781744183018
60305355863
1781744184022
60323019315
1781744185019
60340689254
1781744186017
60358445409
1781744187018
60376069433
1781744188019
60393789648
1781744189021
60411490433
1781744190021
60429119751
1781744191020
60446835513
1781744192018
60464462093
1781744193019
60482175331
1781744194019
60499762253
1781744195017
60517449160
1781744196019
60535132961
1781744197018
60552863641
1781744198018
60570585387
1781744199021
60588213771
1781744200019
60605821577
1781744201020
60623395861
1781744202018
60641135676
1781744203018
60658791417
1781744204020
60676483495
1781744205018
60694187247
1781744206018
60711832095
1781744207017
60729647950
1781744208021
60747268777
1781744209019
60764983759
1781744210021
60782690342
1781744211019
60800309685
1781744212019
60817896591
1781744213018
60835637798
1781744214020
60853243982
1781744215018
60870970011
1781744216019
60888654853
1781744217019
60906241101
1781744218020
60923765935
1781744219017
60941457126
1781744220019
60959299359
1781744221020
60976947205
1781744222019
60998494073
1781744223235
61012489151
1781744224022
61030062594
1781744225019
61047523887
1781744226017
61065028800
1781744227018
61082570664
1781744228022
61100220254
1781744229019
61117876944
1781744230019
61135608940
1781744231022
61153304537
1781744232018
61170916964
1781744233018
61188600061
1781744234023
61206310515
1781744235019
61223951935
1781744236020
61241636088
1781744237018
61259407100
1781744238020
61276984933
1781744239017
61294739084
1781744240018
61312431942
1781744241019
61330111429
1781744242021
61347805711
1781744243018
61365469316
1781744244021
61383135384
1781744245017
61400845961
1781744246018
61418569710
1781744247022
61436546369
1781744248021
61454138951
1781744249018
61471856214
1781744250021
61489522359
1781744251018
61507176677
1781744252019
61525319004
1781744253043
61542401362
1781744254022
61559903628
1781744255024
61577524256
1781744256020
61595165600
1781744257022
61612750180
1781744258019
61630503535
1781744259022
61648046133
1781744260018
61665699594
1781744261018
61683363108
1781744262019
61700992380
1781744263020
61718667781
1781744264018
61736327959
1781744265021
61753822882
1781744266019
61771401511
1781744267018
61789010449
1781744268019
61806633372
1781744269018
61824309798
1781744270022
61841861469
1781744271018
61859461977
1781744272018
61877062500
1781744273019
61894714416
1781744274019
61912399518
1781744275018
61930029677
1781744276018
61947724892
1781744277021
61965389155
1781744278020
61982983926
1781744279019
62000644211
1781744280019
62018244244
1781744281018
62035900659
1781744282021
62053500034
1781744283019
62071171443
1781744284021
62088793814
1781744285019
62106377079
1781744286018
62124001486
1781744287019
62141617569
1781744288022
62159266486
1781744289023
62176830075
1781744290019
62194467915
1781744291019
62212158326
1781744292025
62229708130
1781744293018
62247394945
1781744294021
62265040940
1781744295022
62282632345
1781744296018
62300256415
1781744297019
62321719561
1781744298235
62335581957
1781744299021
62353132067
1781744300019
62370741618
1781744301018
62388377331
1781744302020
62405913013
1781744303017
62423534818
1781744304018
62441243360
1781744305022
62458829883
1781744306021
62476379121
1781744307018
62493774533
1781744308019
62511397103
1781744309018
62529023223
1781744310019
62546663817
1781744311022
62564350449
1781744312021
62585754690
1781744313235
62599621509
1781744314019
62617211184
1781744315017
62634751930
1781744316018
62652508192
1781744317021
62670081405
1781744318019
62687716721
1781744319022
62705410023
1781744320022
62723045951
1781744321021
62740648463
1781744322018
62758345560
1781744323017
62776022384
1781744324018
62793667323
1781744325019
62811289649
1781744326019
62828948986
1781744327022
62846620578
1781744328017
62864293929
1781744329019
62881927194
1781744330017
62899625745
1781744331019
62917186105
1781744332016
62934838358
1781744333019
62952558374
1781744334020
62970191364
1781744335018
62987990283
1781744336021
63005521283
1781744337018
63023100661
1781744338018
63040837737
1781744339019
63058460002
1781744340021
63076051789
1781744341019
63093732071
1781744342020
63115166897
1781744343235
63129039315
1781744344018
63146748621
1781744345021
63164438588
1781744346022
63182086771
1781744347022
63199648800
1781744348019
63217387788
1781744349021
63234927555
1781744350019
63252533204
1781744351019
63270203067
1781744352019
63287874490
1781744353024
63305411136
1781744354018
63323136798
1781744355022
63340708129
1781744356019
63358357474
1781744357022
63376036609
1781744358021
63393576514
1781744359017
63411268072
1781744360018
63428954688
1781744361021
63446544257
1781744362018
63464195163
1781744363019
63481889062
1781744364023
63499537811
1781744365021
63517168338
1781744366019
63534786915
1781744367018
63552436200
1781744368018
63570072295
1781744369018
63587767939
1781744370020
63605358333
1781744371017
63623018680
1781744372021
63640671697
1781744373017
63658336894
1781744374019
63675978742
1781744375019
63693701161
1781744376019
63711348992
1781744377021
63728950127
1781744378018
63746703666
1781744379023
63764237634
1781744380018
63781904115
1781744381022
63799477879
1781744382018
63817170386
1781744383022
63834879662
1781744384023
63852476268
1781744385022
63870051699
1781744386018
63887787062
1781744387020
63905239588
1781744388018
63922785399
1781744389020
63940330215
1781744390018
63958037333
1781744391021
63975708068
1781744392018
63993279674
1781744393019
64010939194
1781744394023
64028556961
1781744395022
64046125017
1781744396021
64063642967
1781744397015
64081243016
1781744398019
64098929188
1781744399023
64116460923
1781744400022
64133984992
1781744401019
64151614876
1781744402020
64169252640
1781744403018
64186871890
1781744404019
64204628841
1781744405021
64222330252
1781744406018
64239980944
1781744407021
64257615066
1781744408018
64275217900
1781744409018
64292858800
1781744410019
64310672146
1781744411021
64328279845
1781744412021
64345917012
1781744413018
64363578903
1781744414023
64381206661
1781744415021
64398817343
1781744416019
64416517944
1781744417021
64434115132
1781744418020
64451740533
1781744419019
64469341699
1781744420017
64487027198
1781744421018
64504662835
1781744422019
64522336385
1781744423021
64539978984
1781744424018
64557631190
1781744425021
64575281255
1781744426021
64592881426
1781744427019
64610496515
1781744428018
64628229231
1781744429022
64645886945
1781744430023
64663488983
1781744431025
64681043056
1781744432019
64698736251
1781744433021
64716326294
1781744434018
64734041047
1781744435021
64751617779
1781744436018
64769308098
1781744437022
64786888808
1781744438019
64804619855
1781744439024
64822075442
1781744440018
64839728597
1781744441021
64857328279
1781744442018
64874998188
1781744443021
64892552199
1781744444019
64910216401
1781744445019
64927902038
1781744446021
64945504489
1781744447019
64963139085
1781744448018
64980764410
1781744449019
64998355815
1781744450017
65009323375
1781744451022
65020202073
1781744452018
65029549669
1781744453022
65038625874
1781744454022
65048014596
1781744455023
65056994702
1781744456025
65065817722
1781744457022
65074797812
1781744458024
65083311589
1781744459025
65092496837
1781744460023
65104542741
1781744461023
65120685113
1781744462018
65142107531
1781744463234
65156036528
1781744464020
65173672915
1781744465019
65191348791
1781744466018
65209089722
1781744467024
65226617631
1781744468019
65244204783
1781744469018
65261900961
1781744470019
65279588756
1781744471019
65297330406
1781744472019
65314953834
1781744473019
65332713477
1781744474021
65350397079
1781744475021
65368057472
1781744476018
65385721857
1781744477020
65405485556
1781744478135
65421165531
1781744479021
65438958743
1781744480020
65456577504
1781744481018
65474370883
1781744482019
65492033280
1781744483019
65509750129
1781744484019
65527524629
1781744485020
65545227341
1781744486020
65562925753
1781744487019
65580668873
1781744488019
65598298695
1781744489019
65615921144
1781744490017
65633608494
1781744491019
65651351109
1781744492022
65671173789
1781744493141
65686740498
1781744494022
65704320351
1781744495018
9181530
1781744496021
26815713
1781744497018
44632073
1781744498022
62272545
1781744499018
79973038
1781744500017
97581717
1781744501018
115283403
1781744502020
133001874
1781744503020
150805735
1781744504020
168415224
1781744505018
186231339
1781744506022
203980380
1781744507022
221682419
1781744508024
239225062
1781744509020
256937750
1781744510021
274624580
1781744511018
292440910
1781744512020
310116006
1781744513024
327929153
1781744514024
345494196
1781744515018
363128348
1781744516019
380925890
1781744517018
398647589
1781744518022
416256175
1781744519018
433905796
1781744520018
451517060
1781744521018
469270553
1781744522019
486992069
1781744523018
504774478
1781744524022
522532867
1781744525019
540257841
1781744526020
557991397
1781744527018
575797293
1781744528018
593572496
1781744529022
611420589
1781744530024
628973911
1781744531021
646557406
1781744532019
664289708
1781744533018
681912294
1781744534019
699699263
1781744535024
717367122
1781744536018
735034904
1781744537018
752833317
1781744538018
770513186
1781744539020
788121421
1781744540018
805984064
1781744541022
823502931
1781744542019
841119779
1781744543018
858924374
1781744544018
876558404
1781744545017
894311208
1781744546018
912078609
1781744547017
929790822
1781744548017
947602409
1781744549019
965275668
1781744550019
983047154
1781744551018
1000892921
1781744552022
1018486024
1781744553019
1035899137
1781744554021
1053467286
1781744555019
1071062699
1781744556018
1088773199
1781744557018
1106461605
1781744558022
1124087067
1781744559018
1141736811
1781744560022
1159429761
1781744561024
1176919390
1781744562018
1194539544
1781744563022
1212114730
1781744564022
1229696985
1781744565019
1247317062
1781744566022
1264880024
1781744567018
1282505654
1781744568020
1300106438
1781744569018
1317683873
1781744570019
1335339186
1781744571018
1353023523
1781744572022
1370561117
1781744573017
1388131698
1781744574018
1405855341
1781744575024
1423373030
1781744576019
1440983421
1781744577019
1458542222
1781744578018
1476197029
1781744579018
1493874206
1781744580020
1511482058
1781744581022
1529065996
1781744582017
1546756866
1781744583018
1564419017
1781744584018
1582126748
1781744585021
1599700695
1781744586018
1617475669
1781744587024
1634990818
1781744588020
1652597048
1781744589022
1670175096
1781744590022
1687739343
1781744591019
1705433900
1781744592024
1722768861
1781744593018
1740417962
1781744594018
1758188009
1781744595022
1775768352
1781744596017
1793605918
1781744597018
1811330218
1781744598024
1828809321
1781744599018
1846572912
1781744600022
1864227061
1781744601020
1882032742
1781744602018
1899691574
1781744603021
1917294851
1781744604018
1935015755
1781744605021
1952694905
1781744606018
1970570874
1781744607018
1988362158
1781744608019
2006066583
1781744609018
2023863895
1781744610023
2041596029
1781744611019
2059346967
1781744612020
2077120610
1781744613019
2094855819
1781744614022
2112410610
1781744615019
2130151878
1781744616022
2147910099
1781744617022
2165540855
1781744618021
2183269317
1781744619018
2201081210
1781744620022
2218899651
1781744621022
2236555927
1781744622022
2254288321
1781744623021
2271848958
1781744624018
2289571223
1781744625021
2307335028
1781744626018
2325173084
1781744627019
2342900459
1781744628019
2360553722
1781744629018
2378355792
1781744630020
2396274280
1781744631019
2413966542
1781744632022
2431614862
1781744633020
2449375837
1781744634018
2467104023
1781744635021
2484676486
1781744636017
2502363531
1781744637019
2519904415
1781744638018
2537624615
1781744639021
2555293040
1781744640018
2572888958
1781744641019
2590420019
1781744642018
2610053071
1781744643135
2625714977
1781744644021
2643485835
1781744645020
2661051643
1781744646019
2678828300
1781744647021
2696361993
1781744648018
2713946634
1781744649019
2731552406
1781744650018
2749150267
1781744651018
2766779523
1781744652022
2784552585
1781744653019
2802091862
1781744654022
2819604579
1781744655019
2837181969
1781744656018
2854776984
1781744657022
2872402492
1781744658018
2889952587
1781744659019
2907610470
1781744660022
2925465432
1781744661018
2943108719
1781744662021
2960724404
1781744663019
2978343073
1781744664019
2996026247
1781744665021
3013794198
1781744666020
3031493223
1781744667019
3049235302
1781744668021
3066979293
1781744669020
3084543770
1781744670017
3102285849
1781744671018
3120021471
1781744672019
3137735199
1781744673021
3155478303
1781744674018
3173200446
1781744675020
3190940169
1781744676022
3208662970
1781744677017
3226321220
1781744678022
3243919020
1781744679022
3261640321
1781744680018
3279312709
1781744681020
3296893556
1781744682019
3314535206
1781744683019
3332142369
1781744684017
3349815522
1781744685018
3367452826
1781744686019
3385271283
1781744687023
3402953569
1781744688018
3420618613
1781744689018
3438366796
1781744690022
3456004101
1781744691021
3473613850
1781744692018
3491526096
1781744693021
3509145514
1781744694018
3527056704
1781744695021
3544680973
1781744696021
3562208638
1781744697019
3580016874
1781744698019
3597651378
1781744699018
3615344023
1781744700019
3633093522
1781744701019
3650710065
1781744702021
3668355356
1781744703018
3686065290
1781744704021
3703656388
1781744705018
3721492287
1781744706019
3739262762
1781744707021
3756941499
1781744708018
3774650943
1781744709021
3792204235
1781744710019
3809796910
1781744711019
3827540534
1781744712018
3845109386
1781744713018
3862718738
1781744714021
3880379313
1781744715018
3898158633
1781744716019
3915987111
1781744717018
3933725563
1781744718021
3951446085
1781744719018
3969308483
1781744720022
3987002948
1781744721022
4004550824
1781744722021
4022239536
1781744723020
4039917554
1781744724019
4057852964
1781744725021
4075532588
1781744726019
4093350081
1781744727022
4111177059
1781744728019
4128951942
1781744729021
4146826840
1781744730018
4164546366
1781744731024
4182059634
1781744732018
4201936614
1781744733136
4217555175
1781744734020
4235187782
1781744735019
4252865219
1781744736018
4270495347
1781744737019
4288312228
1781744738021
4305945432
1781744739018
4323735339
1781744740022
4341535236
1781744741023
4359149683
1781744742022
4376927288
1781744743022
4394644214
1781744744022
4412271879
1781744745018
4430093641
1781744746018
4447871491
1781744747022
4465616309
1781744748021
4483376442
1781744749019
4501017311
1781744750022
4518846263
1781744751021
4536422521
1781744752017
4554005847
1781744753019
4571858866
1781744754018
4589536302
1781744755018
4607242426
1781744756023
4625055360
1781744757022
4642642388
1781744758020
4660227015
1781744759018
4677927003
1781744760022
4695547769
1781744761021
4713301736
1781744762018
4731015892
1781744763021
4748701713
1781744764017
4766505313
1781744765018
4784257230
1781744766022
4802091399
1781744767026
4819750200
1781744768018
4837509630
1781744769022
4855430489
1781744770021
4873107359
1781744771018
4890938469
1781744772022
4908703850
1781744773020
4926325640
1781744774019
4944149987
1781744775019
4961790933
1781744776021
4979366961
1781744777018
4997215008
1781744778018
5014937166
1781744779021
5032509966
1781744780018
5050159173
1781744781022
5067642652
1781744782019
5085232695
1781744783020
5102804806
1781744784018
5120421899
1781744785018
5137997881
1781744786018
5155579754
1781744787022
5172781467
1781744788020
5190103974
1781744789017
5207583061
1781744790017
5225182605
1781744791018
5242808068
1781744792019
5260775531
1781744793043
5277877840
1781744794019
5295532342
1781744795019
5313186186
1781744796019
5330867417
1781744797018
5348525896
1781744798024
5366145912
1781744799018
5383778305
1781744800018
5401454747
1781744801019
5419037323
1781744802018
5436638749
1781744803018
5454312606
1781744804022
5471942275
1781744805022
5489544390
1781744806021
5507197897
1781744807019
5524827750
1781744808019
5542481793
1781744809025
5560018148
1781744810021
5577611649
1781744811019
5595317803
1781744812022
5612986274
1781744813023
5630578352
1781744814021
5648251565
1781744815019
5666003635
1781744816022
5683709300
1781744817024
5701192809
1781744818017
5718811401
1781744819019
5736478266
1781744820021
5754141228
1781744821019
5771819062
1781744822022
5789462058
1781744823019
5807101153
1781744824019
5824820925
1781744825022
5842411839
1781744826022
5860060680
1781744827024
5877637228
1781744828018
5895317924
1781744829021
5912859802
1781744830021
5930499524
1781744831022
5948009028
1781744832019
5965510086
1781744833018
5982985287
1781744834019
6000303861
1781744835022
6017860535
1781744836019
6035525058
1781744837024
6053345274
1781744838042
6070546406
1781744839020
6088043884
1781744840020
6105527592
1781744841020
6123105425
1781744842018
6140667561
1781744843019
6158277004
1781744844019
6175941894
1781744845022
6193470936
1781744846020
6211149719
1781744847022
6228801191
1781744848022
6246372966
1781744849020
6263992507
1781744850018
6281588486
1781744851019
6299244227
1781744852019
6316864656
1781744853022
6334406305
1781744854019
6351953676
1781744855022
6369535105
1781744856025
6386998494
1781744857018
6404678149
1781744858022
6422219859
1781744859018
6439872923
1781744860021
6457372925
1781744861018
6474953849
1781744862019
6492609238
1781744863020
6510182696
1781744864018
6527750706
1781744865018
6545471319
1781744866022
6563050560
1781744867018
6580670224
1781744868018
6598315852
1781744869022
6615877513
1781744870021
6633332656
1781744871019
6650903941
1781744872019
6668422211
1781744873018
6686157191
1781744874022
6703697555
1781744875018
6721309354
1781744876018
6739003835
1781744877022
6756541108
1781744878019
6774043971
1781744879017
6791644831
1781744880018
6809216575
1781744881019
6826749625
1781744882022
6844278285
1781744883020
6861830169
1781744884020
6879361475
1781744885018
6896995031
1781744886022
6914614664
1781744887021
6932193905
1781744888018
6949838997
1781744889018
6967430157
1781744890019
6985078340
1781744891021
7002613716
1781744892019
7020153927
1781744893018
7037709544
1781744894019
7055224969
1781744895018
7072775767
1781744896019
7090340229
1781744897019
7107934142
1781744898019
7125482431
1781744899018
7143109577
1781744900020
7160683585
1781744901019
7178293350
1781744902022
7195919776
1781744903022
7213451097
1781744904019
7231087667
1781744905019
7248710712
1781744906022
7266294742
1781744907022
7283832964
1781744908019
7301501541
1781744909023
7319064993
1781744910022
7336732270
1781744911023
7354220614
1781744912018
7371871964
1781744913018
7389530872
1781744914020
7407068359
1781744915018
7424678873
1781744916022
7442134582
1781744917019
7459680270
1781744918022
7477254982
1781744919020
7494804817
1781744920019
7512080965
1781744921019
7529648761
1781744922018
7547207194
1781744923019
7564870754
1781744924020
7582505549
1781744925019
7600008137
1781744926018
7617682422
1781744927018
7639156890
1781744928237
7652915736
1781744929017
7670617790
1781744930018
7688234195
1781744931019
7705910713
1781744932020
7723495539
1781744933018
7741194165
1781744934023
7758759300
1781744935017
7776397584
1781744936018
7794130023
1781744937022
7811755363
1781744938020
7829309696
1781744939017
7846939978
1781744940017
7864508983
1781744941018
7882133803
1781744942021
7901813917
1781744943135
7917375685
1781744944018
7935040790
1781744945022
7952704594
1781744946022
7970290398
1781744947019
7987900943
1781744948019
8005494872
1781744949018
8023149573
1781744950021
8040768548
1781744951018
8058410335
1781744952018
8076024537
1781744953018
8093752907
1781744954022
8111376671
1781744955021
8128992249
1781744956019
8146727397
1781744957022
8164275901
1781744958018
8181935390
1781744959018
8199563056
1781744960019
8217205578
1781744961018
8234872702
1781744962021
8252447781
1781744963018
8270143945
1781744964020
8287684293
1781744965016
8305332491
1781744966018
8323063891
1781744967022
8340609671
1781744968018
8358248704
1781744969019
8375871948
1781744970016
8393570590
1781744971019
8411139672
1781744972019
8428834061
1781744973021
8446453893
1781744974020
8464020588
1781744975018
8481464240
1781744976018
8499092227
1781744977019
8517058160
1781744978021
8534689528
1781744979018
8552348054
1781744980021
8570000704
1781744981019
8587614523
1781744982021
8605135425
1781744983021
8622770557
1781744984018
8640610556
1781744985018
8658351487
1781744986022
8675970325
1781744987022
8693729540
1781744988018
8711415437
1781744989021
8728936232
1781744990019
8746816608
1781744991019
8764553408
1781744992021
8782237546
1781744993019
8799876334
1781744994018
8817638854
1781744995022
8835208609
1781744996018
8852932282
1781744997018
8870592016
1781744998017
8888369193
1781744999018
8906016672
1781745000021
8923587713
1781745001018
8941264277
1781745002019
8958871823
1781745003019
8976728208
1781745004021
8994453579
1781745005019
9012286908
1781745006021
9030098816
1781745007018
9047861978
1781745008022
9065598794
1781745009019
9083326276
1781745010022
9100899244
1781745011018
9118575028
1781745012018
9136309243
1781745013018
9154083131
1781745014019
9171920452
1781745015018
9189720013
1781745016020
9207573032
1781745017020
9225210857
1781745018018
9242939227
1781745019022
9260712166
1781745020019
9278446121
1781745021021
9296158395
1781745022018
9313975215
1781745023018
9331683389
1781745024019
9349408240
1781745025021
9367183107
1781745026020
9384863878
1781745027018
9402568702
1781745028021
9420274198
1781745029018
9438054084
1781745030022
9455616158
1781745031020
9473258787
1781745032017
9491075989
1781745033018
9508847245
1781745034018
9526566068
1781745035021
9544535734
1781745036019
9562317241
1781745037021
9579970702
1781745038020
9597795615
1781745039018
9615475653
1781745040019
9633375643
1781745041021
9651164999
1781745042019
9668889437
1781745043021
9686773974
1781745044020
9704459871
1781745045018
9722255852
1781745046018
9740280507
1781745047024
9758396411
1781745048043
9775726430
1781745049019
9793438720
1781745050022
9811114626
1781745051020
9828807485
1781745052021
9846350802
1781745053018
9864129861
1781745054024
9882000750
1781745055018
9899814724
1781745056022
9917619976
1781745057021
9935168770
1781745058018
9952804193
1781745059020
9970580529
1781745060019
9988356191
1781745061021
9999528205
1781745062023
10009709774
1781745063022
10019658690
1781745064021
10029431657
1781745065026
10038926822
1781745066019
10048277692
1781745067023
10056976247
1781745068027
10065751501
1781745069019
10075369265
1781745070023
10087784128
1781745071023
10104298137
1781745072019
10121727117
1781745073018
10139423158
1781745074019
10157081179
1781745075021
10174752756
1781745076018
10192410654
1781745077021
10210078512
1781745078019
10227727996
1781745079018
10245365729
1781745080021
10263013835
1781745081018
10280688150
1781745082018
10298307370
1781745083018
10316041187
1781745084021
10333657806
1781745085018
10351414833
1781745086021
10369106514
1781745087022
10386726437
1781745088021
10404327634
1781745089018
10422041392
1781745090022
10439680854
1781745091021
10457233305
1781745092018
10474922262
1781745093022
10492604136
1781745094021
10510265859
1781745095019
10527970606
1781745096023
10545653994
1781745097022
10563278079
1781745098022
10580810273
1781745099018
10598542085
1781745100020
10616134285
1781745101019
10633743560
1781745102019
10651331844
1781745103021
10668872605
1781745104018
10686599154
1781745105021
10704191462
1781745106018
10721868623
1781745107019
10739444697
1781745108018
10757067175
1781745109019
10774753608
1781745110022
10792354193
1781745111022
10809919725
1781745112019
10827585273
1781745113023
10845139805
1781745114021
10862709529
1781745115018
10880330876
1781745116018
10897988284
1781745117021
10915534003
1781745118018
10933194671
1781745119022
10950708611
1781745120019
10968382529
1781745121018
10986109047
1781745122022
11003712264
1781745123022
11021284665
1781745124021
11038895746
1781745125017
11056560131
1781745126018
11074320111
1781745127022
11091862877
1781745128018
11109599494
1781745129021
11127130632
1781745130018
11144794359
1781745131022
11162472668
1781745132022
11180050103
1781745133022
11197717885
1781745134022
11215411157
1781745135021
11232992403
1781745136020
11250658716
1781745137019
11268387866
1781745138022
11285919999
1781745139019
11303586358
1781745140021
11321141471
1781745141018
11338807677
1781745142022
11356494186
1781745143022
11374152972
1781745144025
11391701031
1781745145018
11409314009
1781745146018
11426958872
1781745147018
11444606060
1781745148017
11462248980
1781745149019
11479960351
1781745150024
11497564516
1781745151020
11515201515
1781745152020
11532771729
1781745153018
11550472069
1781745154021
11568073939
1781745155020
11585730888
1781745156018
11603423640
1781745157019
11621039020
1781745158018
11638771781
1781745159021
11656395560
1781745160021
11674034976
1781745161018
11691745155
1781745162020
11709333637
1781745163018
11727010905
1781745164018
11744727616
1781745165022
11762321132
1781745166021
11779931861
1781745167018
11797993388
1781745168042
11815272336
1781745169022
11832846130
1781745170018
11850491284
1781745171021
11868034998
1781745172018
11885662710
1781745173018
11903316859
1781745174019
11921116803
1781745175023
11938632029
1781745176016
11956373434
1781745177018
11974008367
1781745178021
11991516831
1781745179017
12009296609
1781745180021
12026829078
1781745181016
12044510094
1781745182018
12062184348
1781745183018
12079825325
1781745184022
12097463486
1781745185019
12115149674
1781745186018
12132784026
1781745187018
12150489002
1781745188017
12168188883
1781745189020
12185855013
1781745190021
12203533719
1781745191019
12221140562
1781745192019
12238904321
1781745193023
12256491150
1781745194020
12274114211
1781745195018
12291891587
1781745196022
12309510072
1781745197019
12327159418
1781745198019
12344810997
1781745199021
12362361918
1781745200018
12380051273
1781745201019
12397651444
1781745202018
12415275637
1781745203019
12432985540
1781745204019
12450676746
1781745205023
12468330590
1781745206022
12486001019
1781745207020
12503572335
1781745208018
12521244707
1781745209018
12538914003
1781745210021
12556510794
1781745211018
12574246860
1781745212022
12591868604
1781745213021
12609475461
1781745214019
12627192448
1781745215021
12644783241
1781745216018
12662489059
1781745217019
12680117887
1781745218021
12697727009
1781745219020
12715365400
1781745220019
12732989256
1781745221018
12750637637
1781745222018
12768313788
1781745223020
12785892785
1781745224018
12803642437
1781745225022
12821253686
1781745226019
12838903567
1781745227020
12856649501
1781745228024
12874163029
1781745229020
12891804663
1781745230018
12909489535
1781745231018
12927116436
1781745232019
12944796871
1781745233018
12962482784
1781745234022
12980086826
1781745235021
12997778797
1781745236019
13015421120
1781745237018
13033155197
1781745238022
13050781731
1781745239018
13068456199
1781745240023
13086142234
1781745241022
13103781328
1781745242020
13121393327
1781745243018
13139072002
1781745244019
13156747052
1781745245022
13174380807
1781745246018
13192153057
1781745247022
13209752984
1781745248022
13227370322
1781745249019
13245027103
1781745250018
13262666443
1781745251019
13280417044
1781745252019
13298013513
1781745253021
13315570722
1781745254019
13333248510
1781745255018
13350901298
1781745256018
13368669494
1781745257022
13386281370
1781745258018
13403928053
1781745259018
13421557815
1781745260021
13439089366
1781745261018
13456806766
1781745262021
13474437552
1781745263018
13492068171
1781745264019
13509850458
1781745265024
13527417459
1781745266019
13545057717
1781745267018
13562712387
1781745268019
13580371968
1781745269020
13598090255
1781745270025
13615683894
1781745271021
13633266654
1781745272018
13650960063
1781745273019
13668633644
1781745274023
13686259581
1781745275019
13704019499
1781745276024
13721576586
1781745277018
13739287407
1781745278021
13756946820
1781745279022
13774543686
1781745280021
13792176202
1781745281019
13809858657
1781745282021
13827461429
1781745283020
13845077054
1781745284018
13862716714
1781745285018
13880418049
1781745286019
13898099525
1781745287018
13915717781
1781745288020
13933366713
1781745289018
13950993354
1781745290020
13968549936
1781745291020
13986195579
1781745292018
14003804578
1781745293018
14021433376
1781745294018
14039198007
1781745295022
14056792288
1781745296019
14074556842
1781745297022
14092118228
1781745298019
14109791472
1781745299022
14127447275
1781745300020
14145052495
1781745301019
14162767830
1781745302021
14180376462
1781745303018
14197997181
1781745304018
14215751010
1781745305022
14233334581
1781745306019
14251015690
1781745307020
14268636287
1781745308018
14286256486
1781745309020
14303889491
1781745310018
14321583727
1781745311020
14339172178
1781745312019
14356870178
1781745313022
14374487164
1781745314022
14392084444
1781745315018
14409766654
1781745316019
14427501419
1781745317021
14445097704
1781745318018
14462828890
1781745319022
14480413363
1781745320019
14498084619
1781745321017
14515768022
1781745322020
14533392597
1781745323018
14551203021
1781745324022
14568844242
1781745325022
14586520684
1781745326022
14604277604
1781745327024
14621870385
1781745328020
14639521353
1781745329018
14657186871
1781745330021
14674721833
1781745331018
14692481584
1781745332021
14710051109
1781745333022
14727718264
1781745334022
14745244460
1781745335018
14762937166
1781745336022
14780568335
1781745337019
14798208791
1781745338022
14815753164
1781745339020
14833356471
1781745340018
14850997876
1781745341018
14868679658
1781745342019
14886366795
1781745343022
14903966079
1781745344025
14921473318
1781745345019
14939090044
1781745346021
14956606585
1781745347018
14974228666
1781745348019
14991809850
1781745349020
15009139181
1781745350018
15026763159
1781745351018
15044457487
1781745352021
15062004629
1781745353018
15079610935
1781745354019
15097310817
1781745355022
15114865058
1781745356022
15132374209
1781745357018
15150066670
1781745358019
15167727690
1781745359020
15185258858
1781745360019
15202943807
1781745361020
15220470018
1781745362016
15240143615
1781745363135
15255735524
1781745364019
15273290820
1781745365018
15290924147
1781745366019
15308650650
1781745367023
15326135796
1781745368018
15343841247
1781745369022
15361474482
1781745370019
15379113852
1781745371018
15396813993
1781745372019
15414508581
1781745373021
15432216036
1781745374021
15449873016
1781745375018
15467586882
1781745376021
15485180520
1781745377019
15506551591
1781745378235
15520393883
1781745379022
15537986787
1781745380021
15555501738
1781745381018
15573207280
1781745382021
15590792136
1781745383020
15608447082
1781745384021
15626122835
1781745385018
15643855734
1781745386022
15661477371
1781745387016
15679249193
1781745388021
15696849365
1781745389019
15714635829
1781745390024
15732176177
1781745391021
15749777557
1781745392019
15767469835
1781745393020
15785121659
1781745394019
15802883934
1781745395023
15820501914
1781745396019
15838077744
1781745397018
15855712034
1781745398022
15873243003
1781745399018
15890810632
1781745400018
15908569434
1781745401022
15926070492
1781745402019
15943723433
1781745403021
15961264592
1781745404019
15978913509
1781745405021
15996610973
1781745406020
16014234798
1781745407018
16031911393
1781745408018
16049685985
1781745409020
16067281842
1781745410018
16085062170
1781745411018
16102738398
1781745412018
16120338661
1781745413021
16137946804
1781745414018
16155657457
1781745415022
16173297332
1781745416020
16190998682
1781745417019
16208650491
1781745418018
16226399791
1781745419021
16244058852
1781745420018
16261699232
1781745421018
16279486783
1781745422022
16297081951
1781745423018
16314786270
1781745424022
16332549371
1781745425023
16350140729
1781745426019
16367885317
1781745427019
16385588244
1781745428019
16403203363
1781745429018
16420751713
1781745430022
16438504839
1781745431022
16456255363
1781745432023
16474052844
1781745433019
16491744356
1781745434019
16509546992
1781745435022
16527340709
1781745436023
16545023684
1781745437020
16562835638
1781745438019
16580605823
1781745439022
16598305092
1781745440018
16616264875
1781745441023
16634081189
1781745442025
16651842592
1781745443022
16669574389
1781745444025
16687094083
1781745445018
16705106375
1781745446024
16722952264
1781745447024
16740650784
1781745448021
16758515110
1781745449019
16776298346
1781745450022
16794111738
1781745451020
16811753847
1781745452019
16829347546
1781745453016
16846988599
1781745454021
16864566341
1781745455018
16882241620
1781745456019
16900122623
1781745457025
16917700227
1781745458022
16935281044
1781745459020
16952996807
1781745460020
16970590583
1781745461019
16988258089
1781745462022
17005945869
1781745463022
17023615869
1781745464022
17041291959
1781745465019
17058932308
1781745466018
17076646908
1781745467018
17094314874
1781745468018
17111693700
1781745469019
17129070431
1781745470018
17146741992
1781745471022
17164365373
1781745472022
17181986184
1781745473021
17199551701
1781745474018
17217294576
1781745475024
17234836317
1781745476018
17252490267
1781745477019
17270174619
1781745478023
17287707333
1781745479018
17305322346
1781745480018
17323025670
1781745481020
17340560785
1781745482018
17358178200
1781745483017
17375797512
1781745484017
17393401187
1781745485020
17411027919
1781745486018
17428725322
1781745487022
17446341053
1781745488021
17463911925
1781745489018
17481577718
1781745490021
17499163339
1781745491018
17516817107
1781745492022
17534329976
1781745493018
17551969652
1781745494021
17569526938
1781745495018
17587209056
1781745496020
17604846758
1781745497017
17622484797
1781745498018
17640223694
1781745499025
17657854802
1781745500025
17675362362
1781745501019
17692962641
1781745502018
17710563439
1781745503019
17728179492
1781745504019
17745862635
1781745505018
17763501485
1781745506022
17781180237
1781745507022
17798761651
1781745508018
17816382646
1781745509020
17833979574
1781745510018
17851584335
1781745511017
17869223460
1781745512019
17886922760
1781745513019
17904527170
1781745514021
17922100995
1781745515018
17939731521
1781745516019
17957369025
1781745517022
17974969058
1781745518019
17992625488
1781745519020
18010201944
1781745520018
18027902178
1781745521021
18045529874
1781745522022
18063100623
1781745523021
18080699081
1781745524021
18098250277
1781745525018
18115939494
1781745526019
18133579584
1781745527019
18151226206
1781745528019
18168877035
1781745529022
18186427910
1781745530021
18204035517
1781745531020
18221639529
1781745532020
18239162650
1781745533018
18256807038
1781745534018
18274448290
1781745535018
18292080744
1781745536020
18309798328
1781745537022
18327376391
1781745538019
18345024283
1781745539019
18362640841
1781745540018
18380244256
1781745541018
18397972672
1781745542021
18415542733
1781745543016
18433188942
1781745544019
18450910611
1781745545022
18468213335
1781745546020
18485773221
1781745547021
18503415284
1781745548018
18521096148
1781745549021
18538724088
1781745550018
18556372164
1781745551019
18573982816
1781745552018
18591709977
1781745553022
18609275862
1781745554018
18626935657
1781745555020
18644556070
1781745556019
18662203335
1781745557017
18679906950
1781745558020
18697490781
1781745559017
18715133379
1781745560018
18732832649
1781745561018
18750402970
1781745562017
18767993058
1781745563017
18785760704
1781745564022
18803334483
1781745565018
18821050138
1781745566022
18838650356
1781745567018
18856278342
1781745568017
18873950990
1781745569019
18891571143
1781745570019
18909232056
1781745571019
18926872971
1781745572018
18944558134
1781745573021
18962190236
1781745574018
18979833798
1781745575021
18997414218
1781745576018
19015135244
1781745577019
19032750455
1781745578020
19050330063
1781745579019
19068047478
1781745580021
19085620293
1781745581019
19103189467
1781745582019
19120797977
1781745583018
19138450918
1781745584018
19156265244
1781745585025
19173765491
1781745586019
19191535951
1781745587022
19209139963
1781745588019
19226717995
1781745589018
19244465980
1781745590022
19262032675
1781745591022
19279682204
1781745592021
19297340684
1781745593018
19314998307
1781745594021
19332668797
1781745595021
19350284788
1781745596019
19367927142
1781745597019
19385567736
1781745598017
19403245998
1781745599021
19420841733
1781745600019
19438588142
1781745601020
19456230174
1781745602022
19473823185
1781745603017
19491527519
1781745604021
19509098329
1781745605019
19526882346
1781745606022
19544573950
1781745607024
19562083163
1781745608017
19579712756
1781745609017
19597336398
1781745610018
19615068853
1781745611022
19632701628
1781745612021
19650286852
1781745613019
19668000641
1781745614022
19685678429
1781745615025
19703215503
1781745616018
19720900299
1781745617018
19738574171
1781745618023
19756127157
1781745619018
19773758800
1781745620019
19791342708
1781745621018
19809056038
1781745622021
19826643266
1781745623022
19844258416
1781745624024
19861759413
1781745625018
19879388914
1781745626019
19897118370
1781745627021
19914729956
1781745628023
19932305693
1781745629022
19949949882
1781745630020
19967522560
1781745631019
19985086822
1781745632018
20002742823
1781745633019
20020426272
1781745634021
20037955176
1781745635018
20055685321
1781745636020
20073283029
1781745637019
20090965515
1781745638018
20108632746
1781745639022
20126289099
1781745640022
20143869442
1781745641018
20161542778
1781745642021
20179198779
1781745643020
20196834768
1781745644019
20214565785
1781745645022
20232114380
1781745646018
20249822829
1781745647021
20267444099
1781745648020
20285125835
1781745649018
20302734131
1781745650019
20320422277
1781745651018
20338131599
1781745652020
20355708621
1781745653018
20373377444
1781745654020
20390952554
1781745655019
20408538374
1781745656018
20426228769
1781745657018
20443897240
1781745658020
20461534162
1781745659019
20479211736
1781745660018
20496926351
1781745661024
20514570265
1781745662020
20532139179
1781745663018
20549855493
1781745664021
20567513330
1781745665019
20585183881
1781745666020
20602774077
1781745667019
20620424845
1781745668018
20638069371
1781745669020
20655702239
1781745670018
20673284831
1781745671018
20688260608
1781745672025
20697729090
1781745673025
20707210347
1781745674019
20716436415
1781745675023
20725895793
1781745676022
20735670106
1781745677023
20745518655
1781745678138
20753209047
1781745679022
20763196520
1781745680024
20776101030
1781745681022
20791078857
1781745682022
20807524889
1781745683022
20824971754
1781745684018
20842652465
1781745685023
20860232624
1781745686018
20877822743
1781745687018
20895499047
1781745688022
20913011412
1781745689019
20930687701
1781745690024
20948242492
1781745691018
20965899243
1781745692019
20983576940
1781745693021
21001070547
1781745694015
21018783861
1781745695019
21036451613
1781745696022
21053952900
1781745697018
21071600165
1781745698020
21089209639
1781745699019
21106949086
1781745700025
21124449991
1781745701020
21142081191
1781745702017
21159653562
1781745703017
21177265270
1781745704018
21194904120
1781745705019
21212511574
1781745706020
21230235522
1781745707022
21247811872
1781745708018
21265431153
1781745709019
21283112246
1781745710021
21300688167
1781745711017
21318302781
1781745712018
21335995824
1781745713022
21353523565
1781745714018
21371204306
1781745715022
21388811072
1781745716019
21406456899
1781745717020
21424132254
1781745718020
21441663820
1781745719018
21459333637
1781745720021
21476877000
1781745721018
21494469307
1781745722017
21512147860
1781745723018
21529770232
1781745724020
21547315997
1781745725017
21564975731
1781745726019
21582369811
1781745727018
21599700259
1781745728017
21617373366
1781745729017
21635053066
1781745730022
21652699612
1781745731017
21670317363
1781745732018
21687942137
1781745733021
21705673093
1781745734023
21723379844
1781745735024
21740991506
1781745736022
21758593054
1781745737019
21776225126
1781745738018
21793996611
1781745739024
21811529937
1781745740019
21829150993
1781745741020
21846859749
1781745742020
21864443840
1781745743020
21882068307
1781745744021
21899731530
1781745745019
21917330064
1781745746019
21935043670
1781745747017
21952740293
1781745748022
21970349843
1781745749022
21987995746
1781745750019
22005642276
1781745751019
22023300236
1781745752018
22041018646
1781745753020
22058603838
1781745754019
22076268759
1781745755019
22093859414
1781745756018
22111477487
1781745757019
22129149201
1781745758023
22146666722
1781745759018
22164335835
1781745760018
22182109447
1781745761022
22199682002
1781745762018
22217442563
1781745763021
22235018515
1781745764017
22252705774
1781745765019
22270308990
1781745766019
22287974094
1781745767019
22305544278
1781745768019
22323257195
1781745769019
22340850099
1781745770019
22358426892
1781745771018
22376228304
1781745772024
22393792123
1781745773018
22411495921
1781745774021
22429094624
1781745775020
22446737436
1781745776017
22464446972
1781745777018
22482075525
1781745778018
22499801141
1781745779017
22517471340
1781745780021
22535003763
1781745781019
22552731659
1781745782018
22570410519
1781745783018
22588120712
1781745784019
22605738356
1781745785018
22623398764
1781745786021
22641068382
1781745787019
22658790861
1781745788022
22676430446
1781745789022
22694123993
1781745790021
22711721043
1781745791021
22729361989
1781745792019
22747203992
1781745793024
22764762379
1781745794024
22782485899
1781745795022
22800196384
1781745796021
22817886045
1781745797022
22835518362
1781745798018
22853183206
1781745799019
22870854278
1781745800019
22888481561
1781745801018
22906101928
1781745802018
22923845751
1781745803021
22941426415
1781745804018
22959158671
1781745805021
22976808170
1781745806018
22994486019
1781745807022
23012076078
1781745808018
23029773159
1781745809016
23047395577
1781745810019
23065216267
1781745811021
23082858360
1781745812022
23100485246
1781745813018
23118080123
1781745814018
23135721773
1781745815019
23153456416
1781745816021
23171111606
1781745817018
23188826436
1781745818023
23206565011
1781745819024
23224077498
1781745820018
23241772147
1781745821019
23259573009
1781745822023
23277143835
1781745823018
23294724804
1781745824018
23312437416
1781745825019
23330054509
1781745826019
23347856839
1781745827021
23365462840
1781745828018
23383142158
1781745829022
23400840525
1781745830020
23418465727
1781745831020
23436111615
1781745832018
23453823339
1781745833020
23471442941
1781745834018
23489278319
1781745835024
23506869433
1781745836021
23524549654
1781745837021
23542201249
1781745838018
23559960402
1781745839025
23577564751
1781745840019
23595204993
1781745841018
23612930731
1781745842022
23631061553
1781745843042
23648251929
1781745844019
23665906415
1781745845019
23683676554
1781745846022
23701263874
1781745847018
23719011690
1781745848021
23736696210
1781745849019
23754345571
1781745850019
23771964133
1781745851022
23789596389
1781745852020
23807295092
1781745853022
23824983285
1781745854019
23842608487
1781745855021
23860171724
1781745856020
23877888894
1781745857019
23895943216
1781745858043
23913166563
1781745859021
23930830062
1781745860019
23948471283
1781745861019
23966182287
1781745862018
23983873968
1781745863022
24001617516
1781745864022
24019276164
1781745865018
24036960562
1781745866020
24054572713
1781745867019
24072266444
1781745868025
24089831379
1781745869021
24107613713
1781745870026
24125208208
1781745871023
24142900745
1781745872020
24160589488
1781745873018
24178222830
1781745874018
24195952516
1781745875017
24213736762
1781745876021
24231481151
1781745877022
24249173382
1781745878019
24266783178
1781745879019
24284422104
1781745880019
24302006057
1781745881019
24319626379
1781745882021
24337469774
1781745883023
24355123389
1781745884021
24372925918
1781745885023
24390653921
1781745886020
24408246901
1781745887019
24426019427
1781745888018
24443721665
1781745889018
24461372938
1781745890018
24479050711
1781745891022
24496686654
1781745892022
24514338004
1781745893024
24531905785
1781745894022
24549632702
1781745895024
24567274351
1781745896019
24584981883
1781745897018
24602678811
1781745898019
24620455438
1781745899021
24637993185
1781745900019
24655643770
1781745901022
24673220349
1781745902018
24690867170
1781745903019
24708449058
1781745904018
24726110965
1781745905016
24743856195
1781745906021
24761468592
1781745907022
24779100740
1781745908021
24796810230
1781745909021
24814322212
1781745910018
24831921420
1781745911019
24849542659
1781745912019
24867187950
1781745913017
24884919411
1781745914020
24902618940
1781745915021
24920218041
1781745916018
24937907304
1781745917019
24955595634
1781745918019
24973268695
1781745919021
24990805983
1781745920018
25008463040
1781745921018
25026107551
1781745922018
25043808090
1781745923025
25061355660
1781745924018
25079110775
1781745925021
25096761314
1781745926018
25114424873
1781745927020
25132082664
1781745928018
25149820306
1781745929021
25167462920
1781745930022
25185078054
1781745931018
25202712743
1781745932018
25220386844
1781745933018
25238076168
1781745934017
25255728604
1781745935019
25273484912
1781745936021
25291073716
1781745937020
25308696439
1781745938020
25326277853
1781745939020
25343879049
1781745940019
25361579176
1781745941022
25379253858
1781745942025
25396734353
1781745943018
25414369974
1781745944021
25431965464
1781745945018
25449622613
1781745946018
25467349193
1781745947019
25484964083
1781745948019
25502603070
1781745949020
25520145163
1781745950017
25537780800
1781745951018
25555553478
1781745952023
25573124549
1781745953018
25590868724
1781745954022
25608535099
1781745955021
25626120521
1781745956018
25643876477
1781745957022
25661447609
1781745958020
25679040130
1781745959018
25696839339
1781745960025
25714393504
1781745961018
25732112893
1781745962021
25749664150
1781745963019
25767330509
1781745964020
25785009675
1781745965019
25802728895
1781745966019
25820411365
1781745967021
25838093407
1781745968020
25855706293
1781745969018
25873382061
1781745970018
25891119045
1781745971021
25908731518
1781745972019
25926359811
1781745973018
25943990307
1781745974022
25961598128
1781745975020
25979294001
1781745976019
25997054027
1781745977022
26015091641
1781745978044
26032377152
1781745979019
26050036718
1781745980021
26067672279
1781745981019
26085334308
1781745982018
26103082048
1781745983024
26120702492
1781745984018
26138371222
1781745985019
26156014999
1781745986019
26173798984
1781745987021
26191353929
1781745988018
26209066265
1781745989020
26226691742
1781745990017
26244334830
1781745991021
26262012037
1781745992018
26279715116
1781745993019
26297334504
1781745994019
26315197958
1781745995024
26332735553
1781745996017
26350446068
1781745997019
26368117506
1781745998022
26385633038
1781745999019
26403247255
1781746000018
26420883060
1781746001019
26438473210
1781746002018
26456249362
1781746003022
26473918705
1781746004022
26491626282
1781746005018
26509248057
1781746006018
26526969007
1781746007024
26544651354
1781746008022
26562310431
1781746009022
26579983950
1781746010019
26597717737
1781746011019
26615424304
1781746012022
26633128638
1781746013022
26650695165
1781746014020
26668320903
1781746015020
26685947359
1781746016021
26703573036
1781746017019
26721278456
1781746018020
26739050079
1781746019022
26756594467
1781746020018
26774287677
1781746021019
26791963064
1781746022019
26809559226
1781746023018
26827271853
1781746024019
26844944148
1781746025018
26862642638
1781746026018
26880459442
1781746027023
26897978477
1781746028018
26915701125
1781746029019
26933388537
1781746030019
26951040346
1781746031019
26968871241
1781746032022
26986528161
1781746033020
27004194000
1781746034019
27022001945
1781746035022
27039555314
1781746036019
27057311101
1781746037022
27075367167
1781746038043
27092572981
1781746039022
27110226258
1781746040018
27127899732
1781746041022
27145451265
1781746042018
27163157343
1781746043022
27180772355
1781746044022
27198378478
1781746045020
27216015798
1781746046018
27233717256
1781746047020
27251502419
1781746048020
27269113331
1781746049018
27286836958
1781746050020
27304582342
1781746051018
27322244631
1781746052021
27339805742
1781746053018
27357526202
1781746054019
27375204128
1781746055019
27392975736
1781746056021
27410610715
1781746057018
27428340003
1781746058021
27446058474
1781746059019
27463703903
1781746060019
27481420170
1781746061018
27499169150
1781746062023
27516755061
1781746063021
27534562425
1781746064022
27552298797
1781746065022
27569999123
1781746066021
27587739473
1781746067019
27605427864
1781746068023
27623169744
1781746069023
27640903331
1781746070022
27658548423
1781746071021
27676240900
1781746072018
27693966577
1781746073022
27711680412
1781746074021
27729253931
1781746075020
27746957408
1781746076023
27764667556
1781746077022
27782355258
1781746078022
27800035847
1781746079022
27817728660
1781746080019
27835376261
1781746081019
27853063153
1781746082018
27870711045
1781746083021
27888312639
1781746084018
27906033405
1781746085018
27923677044
1781746086017
27941308856
1781746087018
27959019126
1781746088018
27976661127
1781746089018
27994369608
1781746090022
28012013583
1781746091018
28029712133
1781746092024
28047301656
1781746093018
28065108041
1781746094024
28082672854
1781746095018
28100391111
1781746096021
28118032883
1781746097019
28135774212
1781746098022
28153423802
1781746099018
28171061918
1781746100018
28188815839
1781746101022
28206426016
1781746102024
28223908684
1781746103018
28241823240
1781746104026
28259401884
1781746105021
28277020629
1781746106019
28294809710
1781746107019
28312488003
1781746108021
28330226028
1781746109023
28347898813
1781746110022
28365512326
1781746111021
28383215084
1781746112018
28401295078
1781746113042
28418601903
1781746114021
28436324811
1781746115019
28453919153
1781746116018
28471506931
1781746117019
28488920290
1781746118019
28506479625
1781746119021
28524334006
1781746120022
28541890496
1781746121018
28559495686
1781746122018
28577196195
1781746123022
28594801798
1781746124020
28612592607
1781746125018
28630377756
1781746126018
28648121533
1781746127018
28666112191
1781746128021
28683768024
1781746129018
28701632625
1781746130023
28719307078
1781746131019
28736971601
1781746132022
28754787380
1781746133020
28772500481
1781746134018
28790296951
1781746135021
28808059777
1781746136017
28825767859
1781746137020
28843432719
1781746138021
28861280521
1781746139020
28878891570
1781746140018
28896694926
1781746141022
28914436362
1781746142019
28932222903
1781746143021
28949995490
1781746144019
28967735871
1781746145020
28985494045
1781746146018
29003295916
1781746147018
29020917385
1781746148019
29038630838
1781746149022
29056444001
1781746150021
29074050476
1781746151018
29091941730
1781746152021
29109577290
1781746153019
29127380630
1781746154019
29145136815
1781746155019
29162825038
1781746156017
29180625012
1781746157018
29198392612
1781746158020
29216044191
1781746159019
29233921874
1781746160022
29251569032
1781746161018
29269346744
1781746162018
29287194577
1781746163018
29304861992
1781746164018
29322689139
1781746165021
29340277743
1781746166019
29357993628
1781746167022
29375809346
1781746168019
29393528047
1781746169022
29411247313
1781746170019
29429075822
1781746171021
29446698316
1781746172018
29464547816
1781746173019
29482331863
1781746174025
29499893402
1781746175019
29517660007
1781746176021
29535356553
1781746177022
29552956541
1781746178019
29570654250
1781746179018
29588276116
1781746180019
29606012810
1781746181022
29623617342
1781746182018
29641349353
1781746183025
29658967227
1781746184022
29676554148
1781746185019
29694227760
1781746186021
29711830991
1781746187018
29729534988
1781746188022
29747168422
1781746189018
29764919543
1781746190023
29782501461
1781746191021
29800140969
1781746192020
29817842243
1781746193019
29835603508
1781746194018
29853383837
1781746195019
29871011441
1781746196019
29888817994
1781746197018
29906601720
1781746198021
29924281910
1781746199018
29942167121
1781746200018
29959853293
1781746201019
29977505301
1781746202020
29995302613
1781746203018
30013067214
1781746204023
30030877087
1781746205018
30048627856
1781746206018
30066369675
1781746207019
30084244007
1781746208021
30101774349
1781746209019
30119441978
1781746210018
30137228550
1781746211022
30154879502
1781746212022
30172620831
1781746213018
30190372365
1781746214022
30208015713
1781746215019
30225878325
1781746216021
30243585505
1781746217017
30261865670
1781746218044
30279137075
1781746219018
30296990645
1781746220021
30314842608
1781746221018
30332609703
1781746222021
30350255131
1781746223018
30368153270
1781746224019
30385889994
1781746225021
30403553324
1781746226018
30421453345
1781746227021
30439077216
1781746228017
30456876348
1781746229018
30474668565
1781746230022
30492245619
1781746231015
30510160740
1781746232018
30529658601
1781746233135
30545323017
1781746234021
30562961025
1781746235018
30580644857
1781746236021
30598299236
1781746237018
30615939126
1781746238021
30633535396
1781746239021
30651264547
1781746240020
30668874939
1781746241018
30686580037
1781746242020
30704217939
1781746243019
30721836592
1781746244019
30739518573
1781746245018
30757149176
1781746246019
30774823858
1781746247024
30792731055
1781746248043
30810115206
1781746249023
30827952879
1781746250018
30845736191
1781746251020
30863386363
1781746252019
30881128350
1781746253022
30898987566
1781746254023
30916783179
1781746255021
30934583781
1781746256019
30952278414
1781746257018
30969909109
1781746258018
30987707278
1781746259019
31005376284
1781746260019
31023098978
1781746261023
31040658421
1781746262018
31058390432
1781746263022
31076063187
1781746264021
31093684457
1781746265021
31111598416
1781746266024
31129172440
1781746267020
31146883307
1781746268018
31164638100
1781746269021
31182384294
1781746270019
31200270989
1781746271026
31218106903
1781746272020
31235913716
1781746273020
31253754587
1781746274021
31271497125
1781746275018
31289323048
1781746276022
31307186027
1781746277022
31324884073
1781746278019
31342599101
1781746279021
31360459832
1781746280021
31378176972
1781746281019
31396052742
1781746282021
31413111232
1781746283020
31423595863
1781746284021
31433748836
1781746285021
31443589352
1781746286026
31452411133
1781746287024
31460974329
1781746288022
31469861212
1781746289021
31479069976
1781746290023
31487544126
1781746291022
31496015690
1781746292024
31504715224
1781746293022
31513282061
1781746294026
31521397181
1781746295023
31529975432
1781746296022
31538650670
1781746297021
31546822078
1781746298023
31555428344
1781746299023
31563796495
1781746300025
31572168640
1781746301023
31580626235
1781746302023
31589015179
1781746303024
31597387416
1781746304023
31605936474
1781746305023
31614361450
1781746306021
31622868693
1781746307023
31631368042
1781746308048
31639316132
1781746309023
31647713308
1781746310026
31656178568
1781746311023
31664412998
1781746312023
31672663614
1781746313023
31680809334
1781746314024
31689218260
1781746315024
31697599769
1781746316025
31706258926
1781746317023
31714600302
1781746318023
31722933723
1781746319019
31731563168
1781746320023
31740140302
1781746321023
31748805426
1781746322023
31757324283
1781746323023
31765889804
1781746324023
31774279697
1781746325023
31782847023
1781746326023
31791454926
1781746327022
31800053205
1781746328023
31808668696
1781746329023
31817221931
1781746330023
31825890192
1781746331026
31834573202
1781746332023
31843156288
1781746333023
31851825360
1781746334023
31860494462
1781746335022
31869077426
1781746336023
31877887640
1781746337022
31886416610
1781746338019
31895121055
1781746339023
31903619165
1781746340023
31911978947
1781746341023
31920458253
1781746342023
31929032449
1781746343023
31937415381
1781746344023
31946013629
1781746345025
31954438237
1781746346023
31963204953
1781746347023
31971892783
1781746348026
31980252321
1781746349023
31988804990
1781746350025
31997227426
1781746351024
32005692732
1781746352021
32014138500
1781746353022
32022625900
1781746354024
32030770748
1781746355023
32039137859
1781746356023
32047627860
1781746357023
32056001718
1781746358023
32064197408
1781746359023
32072603151
1781746360024
32080868670
1781746361023
32089028711
1781746362021
32097152001
1781746363023
32105355616
1781746364024
32113519941
1781746365021
32121956132
1781746366025
32130366802
1781746367023
32139844463
1781746368137
32147285037
1781746369023
32155618564
1781746370024
32164072992
1781746371025
32172431168
1781746372022
32180764482
1781746373027
32189176238
1781746374024
32197733268
1781746375023
32206257158
1781746376025
32214813683
1781746377023
32223315969
1781746378023
32231791879
1781746379024
32240272546
1781746380020
32248989339
1781746381025
32257429048
1781746382023
32266087548
1781746383019
32274663091
1781746384022
32282912346
1781746385025
32291072739
1781746386023
32299683150
1781746387023
32308251426
1781746388024
32316815019
1781746389023
32325341158
1781746390022
32333997669
1781746391023
32342697616
1781746392024
32351229386
1781746393023
32359689811
1781746394023
32368266548
1781746395024
32376579940
1781746396021
32384896500
1781746397022
32393450072
1781746398022
32401907514
1781746399023
32410148171
1781746400025
32418510248
1781746401023
32426690210
1781746402022
32435053312
1781746403024
32443511871
1781746404022
32451929610
1781746405024
32460117267
1781746406023
32468460495
1781746407023
32476568470
1781746408021
32484910948
1781746409023
32492986640
1781746410023
32501277909
1781746411023
32509533375
1781746412019
32517936304
1781746413022
32526165975
1781746414023
32534636162
1781746415025
32542972551
1781746416023
32551443441
1781746417023
32559921064
1781746418023
32568448152
1781746419023
32577099828
1781746420024
32585694220
1781746421022
32594213429
1781746422022
32602690317
1781746423023
32611246995
1781746424023
32619744279
1781746425023
32628182045
1781746426023
32636522274
1781746427023
32645299899
1781746428047
32653588674
1781746429023
32661672980
1781746430023
32669853033
1781746431023
32678193323
1781746432023
32686282953
1781746433022
32694540394
1781746434020
32702937462
1781746435024
32711374862
1781746436022
32719948767
1781746437023
32728176312
1781746438023
32736405463
1781746439023
32744592952
1781746440024
32752853697
1781746441022
32761205095
1781746442026
32769486557
1781746443022
32777793049
1781746444027
32785994522
1781746445023
32794341116
1781746446025
32802570940
1781746447024
32811010527
1781746448021
32819200342
1781746449023
32827508012
1781746450023
32835788586
1781746451023
32844035455
1781746452022
32852461823
1781746453025
32860657711
1781746454025
32869118382
1781746455023
32877365265
1781746456022
32885617825
1781746457022
32893876658
1781746458023
32902182018
1781746459026
32910284914
1781746460023
32918615886
1781746461023
32927112864
1781746462023
32935579180
1781746463023
32943677592
1781746464023
32952212498
1781746465022
32960721165
1781746466023
32968998021
1781746467023
32977242717
1781746468022
32985417277
1781746469023
32994008824
1781746470023
33002544419
1781746471022
33010768245
1781746472023
33019243619
1781746473022
33027738913
1781746474024
33035967100
1781746475024
33044411002
1781746476021
33052707090
1781746477023
33060876816
1781746478019
33069327220
1781746479023
33077647575
1781746480025
33085855183
1781746481025
33094008415
1781746482022
33102229610
1781746483022
33110514208
1781746484022
33118896023
1781746485023
33127213332
1781746486026
33135508839
1781746487023
33143627876
1781746488046
33151491173
1781746489022
33159635853
1781746490023
33167816227
1781746491022
33175953685
1781746492023
33184001042
1781746493023
33191845566
1781746494023
33200224458
1781746495026
33208539258
1781746496023
33216862489
1781746497023
33224758100
1781746498024
33232843905
1781746499022
33240822641
1781746500024
33249019876
1781746501023
33257086434
1781746502024
33265617438
1781746503047
33273606853
1781746504019
33281690731
1781746505023
33290004996
1781746506022
33298481762
1781746507022
33306932808
1781746508023
33315357402
1781746509022
33323865946
1781746510025
33332426112
1781746511022
33340636964
1781746512025
33348923720
1781746513022
33357301449
1781746514023
33365817337
1781746515025
33374071458
1781746516024
33382485616
1781746517023
33390865931
1781746518048
33398841714
1781746519021
33407125685
1781746520025
33415533937
1781746521021
33423836528
1781746522023
33431777993
1781746523025
33439911336
1781746524023
33448172372
1781746525024
33456126857
1781746526025
33464392361
1781746527025
33472496281
1781746528023
33480722785
1781746529023
33489197914
1781746530024
33497374372
1781746531026
33505398074
1781746532024
33514386335
1781746533138
33521624719
1781746534023
33530042718
1781746535025
33538429045
1781746536021
33546382980
1781746537022
33554447640
1781746538023
33562430890
1781746539022
33570801428
1781746540023
33578978559
1781746541024
33587006729
1781746542023
33595202281
1781746543025
33603408681
1781746544023
33611591442
1781746545024
33619774846
1781746546023
33627820856
1781746547023
33635713743
1781746548023
33643948785
1781746549023
33652022274
1781746550023
33660247982
1781746551025
33668526965
1781746552023
33676547776
1781746553023
33684763004
1781746554023
33692879394
1781746555027
33700981524
1781746556023
33709209298
1781746557023
33717321373
1781746558025
33725531353
1781746559023
33733977397
1781746560023
33742019566
1781746561023
33750248013
1781746562023
33758738871
1781746563025
33767052386
1781746564024
33775452009
1781746565024
33783832110
1781746566025
33792275124
1781746567022
33800682551
1781746568021
33808941430
1781746569023
33817281643
1781746570023
