138072715990
1781713264091
138110384168
1781713265011
138153898949
1781713266015
138193416365
1781713267012
138234115541
1781713268013
138276158280
1781713269013
138316490818
1781713270013
138357254569
1781713271012
138396365125
1781713272012
138436080966
1781713273012
138479933942
1781713274099
138520453675
1781713275010
138561881425
1781713276014
138600468240
1781713277013
138639404420
1781713278013
138684589363
1781713279016
138724532986
1781713280013
138764756150
1781713281012
138804204596
1781713282014
138844273647
1781713283014
138883811326
1781713284013
138922671151
1781713285011
138969714549
1781713286014
139036709128
1781713287014
139102411963
1781713288012
139144385061
1781713289014
139192055105
1781713290013
139235767151
1781713291013
139283726684
1781713292013
139340126747
1781713293012
139421381178
1781713294012
139467264361
1781713295013
139515311663
1781713296012
139583326442
1781713297011
139673090372
1781713298011
139766845748
1781713299012
139863086773
1781713300012
139961163365
1781713301012
140058755950
1781713302011
140155278042
1781713303012
140251013148
1781713304011
140347058069
1781713305009
140443975606
1781713306012
140540711442
1781713307011
140634230124
1781713308011
140729649313
1781713309009
140823442347
1781713310013
140919587426
1781713311014
141015355003
1781713312012
141110862632
1781713313011
141206608663
1781713314012
141302553974
1781713315009
141398529437
1781713316011
141494577775
1781713317012
141590156754
1781713318012
141685409562
1781713319012
141780891495
1781713320012
141876590164
1781713321011
141972639600
1781713322012
142068573132
1781713323012
142164778513
1781713324012
142263388490
1781713325008
142362914724
1781713326012
142464761937
1781713327012
142563987025
1781713328012
142660256553
1781713329012
142757159931
1781713330012
142853115252
1781713331010
142949513870
1781713332012
143046081127
1781713333012
143141134107
1781713334012
143237182017
1781713335010
143333992378
1781713336012
143430240117
1781713337012
143527023744
1781713338012
143623044616
1781713339012
143720720025
1781713340009
143816931205
1781713341012
143912728567
1781713342013
144008930103
1781713343012
144103798878
1781713344014
144198132560
1781713345009
144297170393
1781713346012
144401100180
1781713347012
144500323986
1781713348012
144595616223
1781713349010
144691512828
1781713350010
144787613717
1781713351012
144884251470
1781713352013
144979899663
1781713353012
145075895999
1781713354011
145172427796
1781713355009
145268401122
1781713356011
145364505429
1781713357011
145460748408
1781713358012
145559968735
1781713359011
145661814665
1781713360011
145764498484
1781713361009
145862790835
1781713362012
145958670229
1781713363011
146054484742
1781713364010
146150484191
1781713365010
146246841793
1781713366012
146343235956
1781713367012
146439886282
1781713368014
146536272449
1781713369014
146632639389
1781713370012
146731067971
1781713371013
146827340185
1781713372012
146923293492
1781713373012
147019612398
1781713374012
147115944183
1781713375010
147212661464
1781713376012
147308939294
1781713377012
147405107139
1781713378013
147500481345
1781713379012
147596417989
1781713380012
147692824786
1781713381012
147789039444
1781713382012
147885036452
1781713383012
147981627574
1781713384012
148078133980
1781713385009
148174832280
1781713386012
148271244264
1781713387011
148367278931
1781713388011
148463579526
1781713389012
148560439691
1781713390012
148656809317
1781713391012
148755428023
1781713392012
148855430452
1781713393012
148956425372
1781713394011
149057028630
1781713395010
149153347231
1781713396012
149249712646
1781713397012
149345957517
1781713398012
149441754085
1781713399012
149538381585
1781713400011
149634387259
1781713401010
149730703053
1781713402012
149825049430
1781713403012
149919744622
1781713404012
150014286616
1781713405008
150112416614
1781713406012
150216224515
1781713407010
150315742632
1781713408011
150410667437
1781713409012
150506256975
1781713410012
150601853960
1781713411012
150697189897
1781713412012
150792733720
1781713413012
150888403641
1781713414012
150984202224
1781713415009
151080244337
1781713416012
151175953930
1781713417012
151271623058
1781713418012
151367134471
1781713419011
151463439156
1781713420012
151559226509
1781713421012
151655601811
1781713422012
151751141545
1781713423011
151846090643
1781713424012
151940988288
1781713425008
152040339291
1781713426012
152138912830
1781713427010
152238234170
1781713428011
152334732641
1781713429013
152431094028
1781713430012
152526817660
1781713431010
152625285975
1781713432011
152721351525
1781713433012
152817032920
1781713434011
152913428547
1781713435009
153009678301
1781713436012
153105869034
1781713437012
153201809950
1781713438012
153296961867
1781713439012
153393104199
1781713440012
153489312144
1781713441010
153585491158
1781713442012
153681853277
1781713443012
153777953617
1781713444012
153873854739
1781713445008
153970006714
1781713446012
154065819884
1781713447012
154161972531
1781713448012
154257773006
1781713449011
154353877252
1781713450011
154450077812
1781713451011
154545462822
1781713452011
154642155506
1781713453012
154737316273
1781713454011
154832889820
1781713455009
154929780441
1781713456013
155025896772
1781713457014
155121993755
1781713458014
155218417703
1781713459013
155316984711
1781713460012
155415907310
1781713461011
155516018076
1781713462010
155617220698
1781713463011
155713837272
1781713464011
155809774587
1781713465009
155908649884
1781713466012
156012691609
1781713467012
156110709547
1781713468009
156206327588
1781713469011
156302423351
1781713470012
156398491891
1781713471012
156494685676
1781713472013
156590394293
1781713473012
156686301946
1781713474014
156782189090
1781713475009
156877929385
1781713476012
156972143987
1781713477010
157067853215
1781713478015
157161833870
1781713479012
157257556587
1781713480011
157353519171
1781713481012
157449763980
1781713482015
157545909669
1781713483012
157638497628
1781713484011
157730975358
1781713485009
157826498062
1781713486012
157921852921
1781713487012
158017938307
1781713488012
158114436961
1781713489012
158211103157
1781713490012
158307083136
1781713491012
158403077031
1781713492011
158499893494
1781713493013
158599006461
1781713494012
158697778425
1781713495009
158799727565
1781713496012
158899568374
1781713497012
158996052868
1781713498012
159091560314
1781713499012
159187798715
1781713500011
159284010322
1781713501012
159380189092
1781713502012
159476209537
1781713503012
159572394899
1781713504012
159666816776
1781713505010
159760561715
1781713506012
159856646918
1781713507013
159952667363
1781713508010
160048715335
1781713509011
160144765748
1781713510012
160240501404
1781713511012
160335862732
1781713512012
160431300293
1781713513012
160526526612
1781713514012
160621120852
1781713515009
160715548283
1781713516012
160810414252
1781713517012
160906196782
1781713518013
161001987247
1781713519012
161098570740
1781713520012
161194304504
1781713521013
161290078429
1781713522011
161386318600
1781713523011
161483278008
1781713524012
161576685605
1781713525010
161672821223
1781713526012
161777182773
1781713527012
161878474689
1781713528012
161976756603
1781713529012
162078170772
1781713530012
162178611616
1781713531012
162274217450
1781713532012
162369903484
1781713533011
162465624309
1781713534012
162561318339
1781713535009
162657601295
1781713536012
162753644689
1781713537012
162849644566
1781713538012
162945652926
1781713539012
163041931183
1781713540012
163138267179
1781713541012
163233901211
1781713542009
163330213526
1781713543011
163424744656
1781713544010
163520719996
1781713545009
163617104210
1781713546012
163713249227
1781713547013
163809247334
1781713548012
163905321673
1781713549012
164001617142
1781713550012
164097830518
1781713551012
164191266131
1781713552010
164287215471
1781713553012
164383146743
1781713554011
164480361827
1781713555009
164576710762
1781713556011
164672421027
1781713557012
164768107672
1781713558011
164863259528
1781713559012
164958796942
1781713560012
165054752751
1781713561012
165151638673
1781713562012
165250558646
1781713563010
165352245886
1781713564012
165454089375
1781713565010
165550113788
1781713566012
165646132951
1781713567012
165741522783
1781713568011
165837771987
1781713569014
165933530714
1781713570013
166029461438
1781713571011
166125457347
1781713572011
166221614083
1781713573012
166316349070
1781713574012
166412181466
1781713575009
166508673712
1781713576012
166604693486
1781713577012
166700879030
1781713578012
166797322875
1781713579012
166893669186
1781713580010
166990028742
1781713581011
167086512381
1781713582011
167182338308
1781713583011
167279204637
1781713584015
167374999558
1781713585008
167475079441
1781713586012
167579512828
1781713587012
167678731324
1781713588012
167773679323
1781713589012
167869513124
1781713590012
167965912962
1781713591012
168062027096
1781713592011
168158490960
1781713593012
168254457756
1781713594011
168350813710
1781713595008
168448365462
1781713596012
168547479222
1781713597011
168646895655
1781713598013
168747623424
1781713599012
168844596992
1781713600013
168940914372
1781713601011
169036784427
1781713602012
169132864626
1781713603013
169227847049
1781713604010
169322922061
1781713605009
169420057738
1781713606011
169516116147
1781713607012
169612530207
1781713608013
169708448968
1781713609014
169804376762
1781713610012
169900226187
1781713611010
169996002431
1781713612009
170092447985
1781713613012
170187040638
1781713614012
170282571216
1781713615008
170380450177
1781713616011
170476405315
1781713617012
170571947428
1781713618011
170666541486
1781713619013
170762785807
1781713620012
170858480508
1781713621012
170954019998
1781713622014
171050237830
1781713623012
171146514012
1781713624012
171242842256
1781713625008
171338657380
1781713626011
171434287445
1781713627011
171529954375
1781713628011
171625790861
1781713629012
171721546353
1781713630011
171820439349
1781713631012
171920132454
1781713632011
172022856068
1781713633012
172119847030
1781713634014
172215521041
1781713635008
172312400920
1781713636012
172408134195
1781713637013
172503781960
1781713638012
172598244609
1781713639012
172694161295
1781713640012
172789954263
1781713641012
172885970801
1781713642012
172982292515
1781713643012
173078152743
1781713644012
173173537265
1781713645008
173270144989
1781713646011
173374953619
1781713647012
173472145082
1781713648012
173565810736
1781713649012
173661354559
1781713650012
173757275395
1781713651012
173853526308
1781713652012
173949928161
1781713653013
174045875120
1781713654012
174141825802
1781713655008
174238195733
1781713656012
174334095512
1781713657013
174428490168
1781713658012
174523129513
1781713659012
174619398737
1781713660012
174715202752
1781713661011
174811097709
1781713662011
174907318654
1781713663011
175011574613
1781713664096
175102015238
1781713665008
175204267174
1781713666013
175306537237
1781713667011
175402563114
1781713668011
175498415102
1781713669012
175594508973
1781713670012
175690275024
1781713671010
175786923092
1781713672010
175883472771
1781713673012
175977657223
1781713674012
176071598999
1781713675009
176166676270
1781713676011
176260741276
1781713677012
176356344180
1781713678012
176450656744
1781713679011
176546611516
1781713680012
176642227604
1781713681011
176737902347
1781713682011
176833684816
1781713683012
176929676209
1781713684011
177025507201
1781713685009
177121404356
1781713686012
177217025510
1781713687011
177312889034
1781713688012
177408300655
1781713689012
177504272272
1781713690010
177600364616
1781713691011
177696543142
1781713692013
177792540516
1781713693012
177887672414
1781713694013
177982570181
1781713695008
178078927722
1781713696011
178175254136
1781713697012
178272424053
1781713698013
178370571507
1781713699012
178471869404
1781713700012
178573149785
1781713701010
178669663820
1781713702011
178765819702
1781713703012
178862085141
1781713704011
178957816341
1781713705009
179056748339
1781713706012
179160723232
1781713707011
179261817883
1781713708012
179356761060
1781713709011
179452331189
1781713710012
179548417246
1781713711013
179644460641
1781713712011
179740416694
1781713713011
179836166510
1781713714012
179931773565
1781713715008
180027540043
1781713716011
180123504458
1781713717011
180218870242
1781713718011
180314677248
1781713719011
180411281126
1781713720012
180507310300
1781713721012
180603079708
1781713722013
180698626582
1781713723011
180793554562
1781713724011
180888625180
1781713725010
180984319393
1781713726012
181080461908
1781713727012
181176898307
1781713728012
181272811575
1781713729012
181368865101
1781713730012
181464635730
1781713731011
181563423685
1781713732012
181665795676
1781713733012
181767617254
1781713734012
181865247680
1781713735009
181961820980
1781713736012
182057886591
1781713737012
182153829461
1781713738012
182250688893
1781713739012
182346302174
1781713740011
182442087329
1781713741012
182537846544
1781713742012
182633726243
1781713743012
182729602706
1781713744011
182825500532
1781713745008
182921677654
1781713746012
183017707376
1781713747012
183113649330
1781713748012
183209405799
1781713749012
183305377050
1781713750012
183401373569
1781713751012
183496883213
1781713752012
183592865267
1781713753010
183688076632
1781713754011
183783605806
1781713755008
183880043609
1781713756012
183976237332
1781713757012
184072200221
1781713758012
184168352685
1781713759011
184264772238
1781713760013
184360466878
1781713761012
184455584188
1781713762011
184551261617
1781713763012
184647657610
1781713764012
184745089856
1781713765008
184846649716
1781713766013
184952880157
1781713767012
185057666754
1781713768011
185153125372
1781713769012
185249865724
1781713770012
185343999456
1781713771012
185439803837
1781713772013
185535410892
1781713773012
185631124270
1781713774012
185726659304
1781713775008
185822472108
1781713776013
185917690187
1781713777012
186013059510
1781713778012
186108859741
1781713779012
186204843077
1781713780012
186300658323
1781713781013
186395962522
1781713782013
186491547421
1781713783012
186587353695
1781713784012
186682643429
1781713785008
186778903985
1781713786012
186874559929
1781713787011
186970678031
1781713788012
187066590932
1781713789012
187163077013
1781713790011
187258664781
1781713791011
187354515976
1781713792012
187450660933
1781713793012
187546996929
1781713794012
187642897623
1781713795008
187739286842
1781713796012
187835424535
1781713797012
187931566379
1781713798012
188029464627
1781713799012
188129577041
1781713800012
188234377188
1781713801009
188331087817
1781713802012
188424339043
1781713803012
188519956230
1781713804011
188615774344
1781713805008
188711851674
1781713806012
188807488453
1781713807012
188903535814
1781713808012
188998989000
1781713809011
189095191940
1781713810012
189191311323
1781713811012
189287264935
1781713812012
189383515848
1781713813012
189478776712
1781713814012
189574037760
1781713815008
189670384437
1781713816012
189766483312
1781713817012
189862450779
1781713818011
189958579744
1781713819012
190054556916
1781713820011
190150779753
1781713821012
190246686307
1781713822012
190342168423
1781713823010
190438807031
1781713824011
190534710899
1781713825009
190634475658
1781713826012
190738272756
1781713827012
190838197427
1781713828009
190933726967
1781713829011
191029598243
1781713830012
191125884373
1781713831012
191224377224
1781713832012
191323532854
1781713833012
191425513550
1781713834012
191526768723
1781713835008
191623641949
1781713836012
191719668803
1781713837012
191815809670
1781713838012
191911339333
1781713839012
192007592870
1781713840012
192103518345
1781713841012
192199298556
1781713842012
192295305391
1781713843011
192390828279
1781713844012
192486570465
1781713845010
192582796232
1781713846012
192678843410
1781713847011
192775419701
1781713848012
192871212974
1781713849012
192967484090
1781713850012
193063500263
1781713851012
193159203387
1781713852011
193254772539
1781713853012
193350726700
1781713854012
193446884840
1781713855010
193543790781
1781713856012
193640088264
1781713857012
193736557377
1781713858011
193831932988
1781713859012
193927577945
1781713860010
194024026063
1781713861012
194120795652
1781713862011
194217053096
1781713863012
194312950738
1781713864012
194408778313
1781713865010
194507570418
1781713866012
194606876438
1781713867012
194709216692
1781713868013
194808389228
1781713869012
194904299871
1781713870012
195000519168
1781713871012
195096119510
1781713872010
195192355897
1781713873012
195288145751
1781713874012
195383767821
1781713875008
195479886105
1781713876011
195575752742
1781713877011
195671687372
1781713878013
195767459100
1781713879012
195863778006
1781713880011
195960160755
1781713881011
196055994067
1781713882013
196151875962
1781713883012
196247618759
1781713884012
196343780195
1781713885009
196442863193
1781713886012
196548023508
1781713887011
196645219243
1781713888012
196739617988
1781713889012
196835502203
1781713890011
196931657779
1781713891011
197027550844
1781713892012
197125663630
1781713893012
197221812005
1781713894013
197317273736
1781713895009
197413613577
1781713896012
197491904270
1781713897012
197539938693
1781713898013
197589942654
1781713899012
197636066132
1781713900012
197684110931
1781713901014
197760419818
1781713902008
197848990453
1781713903013
197906946970
1781713904013
197978491220
1781713905010
198070691973
1781713906012
198163315637
1781713907012
198259160851
1781713908012
198354765342
1781713909012
198450616904
1781713910012
198546138693
1781713911011
198642490070
1781713912013
198738192828
1781713913011
198834086747
1781713914010
198929927322
1781713915009
199026095045
1781713916012
199122465831
1781713917012
199218376413
1781713918012
199314237373
1781713919015
199409848701
1781713920013
199505742254
1781713921013
199601434941
1781713922011
199697802615
1781713923012
199795388180
1781713924012
199891279841
1781713925008
199984693116
1781713926013
200077190559
1781713927012
200170017226
1781713928012
200262849020
1781713929012
200357111962
1781713930010
200453729573
1781713931012
200546532498
1781713932012
200639186923
1781713933012
200733405493
1781713934010
200831047150
1781713935009
200932308426
1781713936011
201033733948
1781713937008
201130175779
1781713938012
201226307002
1781713939011
201322325006
1781713940011
201418303520
1781713941012
201515293811
1781713942011
201609472464
1781713943011
201703816827
1781713944011
201799576226
1781713945009
201901644446
1781713946011
202006508008
1781713947011
202104541265
1781713948012
202199945318
1781713949010
202296150333
1781713950011
202392028383
1781713951012
202488636657
1781713952012
202584880429
1781713953012
202680923823
1781713954011
202779138904
1781713955010
202874916368
1781713956012
202970830185
1781713957012
203066434982
1781713958012
203162125167
1781713959011
203258550152
1781713960012
203354645121
1781713961012
203450135965
1781713962011
203546453712
1781713963013
203641628212
1781713964012
203737380591
1781713965009
203833627293
1781713966012
203929392673
1781713967013
204027334622
1781713968013
204126438677
1781713969013
204228767151
1781713970012
204329459398
1781713971012
204425529342
1781713972011
204521822736
1781713973011
204617797710
1781713974013
204713897378
1781713975009
204810134254
1781713976012
204906904147
1781713977012
205003645233
1781713978013
205098924469
1781713979012
205195105924
1781713980012
205291138515
1781713981012
205386825831
1781713982011
205482718896
1781713983012
205579129538
1781713984012
205675351094
1781713985009
205770933796
1781713986012
205863307095
1781713987012
205957615325
1781713988013
206053377287
1781713989011
206149885157
1781713990011
206246428245
1781713991011
206342879170
1781713992011
206439536393
1781713993013
206534946549
1781713994012
206631072402
1781713995009
206725971085
1781713996012
206820737322
1781713997013
206917175673
1781713998012
207013245740
1781713999012
207109742807
1781714000013
207206107734
1781714001010
207305060118
1781714002012
207406112837
1781714003011
207505696017
1781714004010
207601168979
1781714005009
207699472194
1781714006012
207803289189
1781714007012
207901555722
1781714008009
207995689209
1781714009012
208090907654
1781714010012
208187397580
1781714011012
208283418392
1781714012011
208379890923
1781714013012
208475866874
1781714014012
208571731191
1781714015008
208667877246
1781714016011
208765463483
1781714017012
208860912153
1781714018010
208957061565
1781714019011
209053430520
1781714020012
209149865881
1781714021012
209245911838
1781714022012
209341625338
1781714023011
209437179354
1781714024012
209532913972
1781714025011
209628761261
1781714026012
209724941801
1781714027014
209820978115
1781714028012
209916956812
1781714029012
210013410240
1781714030013
210109199973
1781714031012
210205479206
1781714032012
210301669634
1781714033012
210398080825
1781714034009
210494112134
1781714035008
210593850404
1781714036012
210693372671
1781714037012
210795423375
1781714038010
210894212062
1781714039011
210990472375
1781714040012
211086566672
1781714041012
211182092062
1781714042011
211278389606
1781714043012
211374388872
1781714044013
211469934099
1781714045008
211566017166
1781714046012
211661247879
1781714047012
211758584239
1781714048012
211855006966
1781714049011
211950843207
1781714050011
212046945073
1781714051012
212143311159
1781714052013
212239510193
1781714053012
212333981997
1781714054012
212428118597
1781714055009
212524077335
1781714056012
212620470155
1781714057012
212716206360
1781714058012
212812349058
1781714059012
212908308835
1781714060012
213004210078
1781714061011
213099733149
1781714062011
213195869683
1781714063012
213292050528
1781714064011
213389079882
1781714065009
213487955849
1781714066012
213591416949
1781714067012
213690328744
1781714068013
213787041204
1781714069010
213886440242
1781714070011
213988097452
1781714071012
214089093287
1781714072011
214185178308
1781714073012
214281136802
1781714074012
214376809470
1781714075009
214472541097
1781714076012
214568121663
1781714077012
214663910358
1781714078012
214761384840
1781714079011
214857877086
1781714080013
214953986886
1781714081011
215050611090
1781714082016
215146247380
1781714083012
215241898808
1781714084012
215337061589
1781714085008
215433030582
1781714086011
215528579776
1781714087012
215624433961
1781714088012
215720443115
1781714089011
215816734128
1781714090013
215912220578
1781714091011
216008320674
1781714092012
216104464837
1781714093013
216200429069
1781714094011
216297066456
1781714095009
216393436387
1781714096012
216489466415
1781714097012
216585309370
1781714098012
216681523663
1781714099012
216776767254
1781714100013
216871181258
1781714101011
216967006757
1781714102011
217065797337
1781714103013
217165996482
1781714104012
217268221562
1781714105008
217367219905
1781714106012
217463018061
1781714107013
217559157402
1781714108012
217657111680
1781714109012
217753641584
1781714110012
217850207011
1781714111012
217946474160
1781714112013
218042976537
1781714113012
218138187170
1781714114012
218234093174
1781714115009
218330561250
1781714116012
218426347382
1781714117012
218522512419
1781714118011
218618627163
1781714119012
218714821009
1781714120012
218811235801
1781714121012
218907099142
1781714122012
219003254657
1781714123012
219099779801
1781714124012
219196178053
1781714125010
219295958986
1781714126012
219399345929
1781714127011
219498182956
1781714128012
219593557101
1781714129012
219690520354
1781714130012
219787057643
1781714131011
219883199792
1781714132012
219979146568
1781714133013
220075714741
1781714134012
220171923785
1781714135009
220267736833
1781714136012
220365562327
1781714137012
220465408873
1781714138012
220567717510
1781714139012
220670364891
1781714140011
220766661459
1781714141012
220862464986
1781714142013
220958306903
1781714143013
221053428913
1781714144011
221149148700
1781714145008
221245662979
1781714146012
221341628676
1781714147012
221437878491
1781714148012
221533823680
1781714149012
221630112190
1781714150013
221725857917
1781714151011
221821989263
1781714152012
221918362063
1781714153012
222014552735
1781714154012
222110616514
1781714155008
222206645871
1781714156012
222300194642
1781714157013
222393304267
1781714158013
222488148507
1781714159011
222585463810
1781714160012
222681648012
1781714161013
222777394410
1781714162012
222873264159
1781714163012
222969264890
1781714164012
223064827573
1781714165008
223159134460
1781714166011
223254893309
1781714167013
223350631467
1781714168012
223446550167
1781714169012
223542708796
1781714170012
223640192677
1781714171010
223739992836
1781714172012
223839432340
1781714173012
223940371230
1781714174012
224036887645
1781714175009
224132607127
1781714176012
224228537850
1781714177012
224324370918
1781714178011
224420394415
1781714179013
224516535343
1781714180012
224611717289
1781714181011
224707664981
1781714182012
224803719483
1781714183012
224897850651
1781714184012
224992162543
1781714185008
225091218747
1781714186012
225195265539
1781714187011
225294899134
1781714188012
225389734646
1781714189011
225486306847
1781714190012
225582226829
1781714191011
225678438741
1781714192012
225774164448
1781714193012
225870073199
1781714194013
225965597307
1781714195009
226061408219
1781714196012
226157342178
1781714197010
226253312818
1781714198011
226349016248
1781714199012
226445343577
1781714200012
226541595222
1781714201012
226637417975
1781714202011
226731975289
1781714203012
226827044565
1781714204010
226923975896
1781714205009
227023551935
1781714206012
227125546486
1781714207012
227226524743
1781714208012
227322824851
1781714209011
227419055745
1781714210012
227514716022
1781714211012
227610406573
1781714212012
227706028155
1781714213012
227801822343
1781714214012
227897559525
1781714215008
227993597792
1781714216012
228089476025
1781714217011
228185502147
1781714218013
228280733531
1781714219011
228376663462
1781714220012
228473214728
1781714221011
228569051275
1781714222012
228664669682
1781714223010
228760990969
1781714224012
228855230901
1781714225009
228949755561
1781714226012
229045068306
1781714227012
229140644355
1781714228012
229236542242
1781714229013
229332107000
1781714230012
229428066105
1781714231012
229524888489
1781714232012
229621124692
1781714233012
229715805602
1781714234012
229811315184
1781714235008
229906401062
1781714236012
230001487610
1781714237012
230096939453
1781714238011
230195666251
1781714239012
230295375713
1781714240012
230397459924
1781714241012
230496198075
1781714242015
230591727432
1781714243012
230687027054
1781714244011
230783275099
1781714245009
230881769719
1781714246011
230985929365
1781714247011
231085916963
1781714248012
231181037325
1781714249012
231276206820
1781714250011
231371572054
1781714251012
231467777619
1781714252013
231563836455
1781714253012
231659878140
1781714254012
231752491428
1781714255007
231846120095
1781714256012
231940683452
1781714257012
232036361795
1781714258012
232132204140
1781714259012
232228208045
1781714260013
232324462926
1781714261012
232420635348
1781714262012
232517777494
1781714263013
232612702300
1781714264011
232708395109
1781714265008
232804546780
1781714266012
232900302882
1781714267011
232996152673
1781714268012
233091987450
1781714269012
233187833091
1781714270014
233283341086
1781714271011
233380175616
1781714272012
233480032111
1781714273011
233581132682
1781714274013
233680589520
1781714275009
233776974283
1781714276011
233872860390
1781714277012
233969138464
1781714278012
234064059363
1781714279012
234160678562
1781714280014
234257662322
1781714281010
234353891873
1781714282010
234450190699
1781714283012
234546302208
1781714284012
234642096031
1781714285008
234738292012
1781714286012
234833839863
1781714287012
234929991717
1781714288013
235025942094
1781714289012
235122026504
1781714290011
235218013196
1781714291012
235313886730
1781714292012
235410026865
1781714293013
235506829351
1781714294012
235602293157
1781714295009
235698295719
1781714296012
235794266238
1781714297012
235890665954
1781714298011
235986915952
1781714299012
236082916072
1781714300011
236178646968
1781714301012
236274419427
1781714302012
236370255120
1781714303012
236465932121
1781714304012
236561853445
1781714305011
236662454262
1781714306011
236770650152
1781714307011
236876423257
1781714308012
236977133998
1781714309012
237072863123
1781714310012
237169060020
1781714311012
237264099145
1781714312012
237358671474
1781714313011
237454267115
1781714314012
237550286828
1781714315009
237645823326
1781714316010
237741818320
1781714317012
237837133628
1781714318011
237932519736
1781714319011
238028363180
1781714320013
238124209431
1781714321011
238220030841
1781714322013
238316147233
1781714323011
238413050732
1781714324012
238508246839
1781714325008
238603991955
1781714326008
238700129160
1781714327012
238794683422
1781714328013
238888627579
1781714329012
238984563002
1781714330012
239080265150
1781714331012
239175582411
1781714332011
239271142469
1781714333012
239367003673
1781714334012
239462674144
1781714335010
239556752394
1781714336012
239649319418
1781714337012
239742748256
1781714338012
239838261989
1781714339011
239937215410
1781714340012
240037650699
1781714341012
240140110520
1781714342011
240238843605
1781714343012
240335195836
1781714344012
240430567967
1781714345010
240526432895
1781714346012
240621754978
1781714347011
240717708040
1781714348012
240813558747
1781714349012
240908542391
1781714350012
241001652626
1781714351013
241097042946
1781714352011
241193050512
1781714353012
241287892372
1781714354012
241384755039
1781714355009
241480607943
1781714356012
241576318574
1781714357012
241671624300
1781714358012
241767421723
1781714359012
241863924039
1781714360012
241959548184
1781714361012
242053494843
1781714362011
242147990084
1781714363012
242243893037
1781714364012
242339964080
1781714365008
242439247701
1781714366012
242543368528
1781714367011
242642966295
1781714368012
242737663746
1781714369012
242833605639
1781714370011
242930622480
1781714371012
243026541607
1781714372011
243124912632
1781714373012
243225234275
1781714374012
243327907352
1781714375008
243428716115
1781714376012
243523958181
1781714377012
243618006036
1781714378012
243712701655
1781714379012
243809259879
1781714380012
243905850086
1781714381012
243999234857
1781714382012
244093465023
1781714383013
244188657285
1781714384012
244284855647
1781714385009
244382528187
1781714386012
244478756273
1781714387012
244574914597
1781714388012
244671309675
1781714389012
244768051981
1781714390015
244864131935
1781714391011
244960090735
1781714392012
245056341221
1781714393013
245152889924
1781714394015
245248896636
1781714395008
245345303371
1781714396012
245441075282
1781714397011
245537317467
1781714398012
245632442834
1781714399012
245728878500
1781714400012
245825650042
1781714401011
245922026382
1781714402012
246018579053
1781714403010
246115075266
1781714404011
246211082954
1781714405008
246306960822
1781714406009
246405853391
1781714407012
246506039597
1781714408013
246608129851
1781714409012
246706809163
1781714410013
246803084979
1781714411011
246899117204
1781714412012
246995348647
1781714413012
247090630141
1781714414013
247185926223
1781714415008
247283742074
1781714416012
247379961676
1781714417012
247476043888
1781714418012
247572108462
1781714419011
247668600402
1781714420012
247764740781
1781714421012
247860745601
1781714422012
247956716974
1781714423012
248053301627
1781714424012
248149503651
1781714425008
248248296428
1781714426010
248353886368
1781714427013
248453051336
1781714428012
248548523199
1781714429011
248644398563
1781714430012
248740900086
1781714431013
248836589172
1781714432013
248932663512
1781714433011
249029664911
1781714434012
249125700310
1781714435009
249221537162
1781714436011
249317617116
1781714437012
249413367481
1781714438013
249509086596
1781714439012
249607152568
1781714440011
249706928863
1781714441012
249808955824
1781714442013
249910153441
1781714443011
250006240475
1781714444012
250102345209
1781714445008
250199135306
1781714446013
250295989794
1781714447012
250392623397
1781714448012
250489014569
1781714449012
250585368082
1781714450012
250681557411
1781714451011
250777928197
1781714452011
250874240694
1781714453012
250970210908
1781714454013
251066334258
1781714455009
251162481045
1781714456008
251258579554
1781714457012
251354658349
1781714458012
251449884484
1781714459012
251545911277
1781714460012
251642254353
1781714461012
251738924272
1781714462011
251834929702
1781714463012
251932135691
1781714464009
252028431526
1781714465008
252124810857
1781714466012
252220656254
1781714467012
252316688723
1781714468012
252412616517
1781714469012
252508712218
1781714470012
252604549741
1781714471012
252700596737
1781714472012
252797021233
1781714473010
252895606064
1781714474012
252996201754
1781714475008
253099220838
1781714476011
253198420230
1781714477011
253294230105
1781714478013
253390008973
1781714479012
253486506407
1781714480012
253582356137
1781714481012
253678485163
1781714482012
253774756707
1781714483013
253870983755
1781714484011
253966980885
1781714485009
254065757854
1781714486012
254170619402
1781714487012
254269595772
1781714488012
254364674508
1781714489012
254461047186
1781714490012
254555491646
1781714491012
254650927376
1781714492011
254747141668
1781714493012
254843314579
1781714494012
254940169861
1781714495010
255036235411
1781714496012
255132140317
1781714497011
255228082088
1781714498012
255324199517
1781714499012
255420615347
1781714500012
255516627675
1781714501011
255612441150
1781714502012
255696814164
1781714503013
255752153256
1781714504010
255812905053
1781714505009
255865178296
1781714506012
255917949340
1781714507009
255988527834
1781714508011
256070443762
1781714509008
256148822101
1781714510012
256204400389
1781714511014
256278365593
1781714512012
256373921134
1781714513012
256469370902
1781714514013
256564943167
1781714515009
256660930043
1781714516012
256755289787
1781714517012
256850783683
1781714518012
256945904228
1781714519012
257042009207
1781714520013
257137812001
1781714521011
257233444324
1781714522012
257329725877
1781714523012
257425209825
1781714524012
257521601851
1781714525008
257617814861
1781714526011
257714130350
1781714527012
257810112953
1781714528012
257905609535
1781714529011
258001446936
1781714530012
258097059423
1781714531012
258192594945
1781714532012
258288416782
1781714533012
258383810459
1781714534012
258479386386
1781714535008
258575211580
1781714536011
258671517608
1781714537013
258767989224
1781714538012
258864477258
1781714539012
258960581871
1781714540012
259057903155
1781714541012
259154482192
1781714542008
259254329227
1781714543012
259355523059
1781714544012
259451500353
1781714545008
259550404213
1781714546011
259653908404
1781714547011
259753054696
1781714548014
259848133920
1781714549012
259944357917
1781714550012
260040288274
1781714551013
260136068730
1781714552011
260232287600
1781714553012
260327507632
1781714554012
260424119262
1781714555008
260520008543
1781714556012
260612610601
1781714557012
260707057136
1781714558012
260802396003
1781714559011
260898314154
1781714560012
260993825811
1781714561011
261088933356
1781714562012
261184381842
1781714563012
261279361884
1781714564012
261374324349
1781714565009
261469918953
1781714566012
261565387397
1781714567011
261660984443
1781714568010
261758367738
1781714569012
261854435730
1781714570011
261950093138
1781714571012
262045961118
1781714572012
262141239133
1781714573012
93155889
1781714574012
190198975
1781714575008
289343497
1781714576012
390866369
1781714577012
492749348
1781714578011
588103780
1781714579011
684418169
1781714580012
780416825
1781714581012
876334243
1781714582013
972345411
1781714583012
1068356029
1781714584012
1164257883
1781714585008
1261123358
1781714586010
1356507513
1781714587012
1452285954
1781714588012
1548108707
1781714589012
1644099733
1781714590012
1739729982
1781714591011
1835551209
1781714592013
1931197143
1781714593012
2024157476
1781714594012
2116763990
1781714595009
2213154795
1781714596012
2309021005
1781714597012
2404800850
1781714598011
2501874271
1781714599011
2597621707
1781714600012
2693751893
1781714601013
2789767394
1781714602012
2885728513
1781714603012
2981742793
1781714604012
3077557245
1781714605008
3176138170
1781714606012
3279930568
1781714607010
3379103287
1781714608011
3474950454
1781714609012
3573794867
1781714610013
3674299431
1781714611012
3776194434
1781714612012
3873603364
1781714613012
3970312101
1781714614012
4066433925
1781714615009
4162499475
1781714616012
4258280236
1781714617011
4354185996
1781714618012
4450169576
1781714619011
4546631182
1781714620013
4642598649
1781714621012
4738281693
1781714622012
4834930981
1781714623011
4930073133
1781714624012
5025142470
1781714625009
5121198681
1781714626012
5217308421
1781714627011
5313031076
1781714628011
5409358832
1781714629011
5506370364
1781714630012
5602187318
1781714631012
5697596925
1781714632013
5794031370
1781714633012
5890168636
1781714634013
5985871028
1781714635008
6082344597
1781714636012
6178187675
1781714637014
6274039053
1781714638013
6369124442
1781714639012
6465516895
1781714640012
6561736864
1781714641012
6657723312
1781714642012
6755228373
1781714643011
6854949492
1781714644012
6956791211
1781714645008
7058529415
1781714646011
7155302483
1781714647012
7250894767
1781714648011
7347487538
1781714649012
7443938646
1781714650012
7540085982
1781714651011
7636502728
1781714652011
7732266032
1781714653011
7827843180
1781714654012
7923287882
1781714655009
8019626930
1781714656012
8115688696
1781714657012
8211468541
1781714658012
8307460117
1781714659012
8405382473
1781714660012
8501054287
1781714661011
8596617641
1781714662012
8692825219
1781714663012
8788791709
1781714664012
8885013692
1781714665009
8983634594
1781714666012
9087215994
1781714667009
9186427959
1781714668012
9281909832
1781714669011
9377867350
1781714670011
9473967445
1781714671012
9570054235
1781714672011
9666040135
1781714673012
9762222506
1781714674011
9858385223
1781714675010
9953278169
1781714676011
10051408655
1781714677012
10150466507
1781714678012
10250365604
1781714679014
10350193168
1781714680012
10446359914
1781714681012
10541998097
1781714682012
10637958728
1781714683013
10733396655
1781714684011
10828951953
1781714685009
10925259384
1781714686013
11021419844
1781714687012
11117202069
1781714688012
11213258037
1781714689012
11311278294
1781714690014
11406973117
1781714691013
11502749117
1781714692011
11598472199
1781714693011
11694443328
1781714694014
11789930144
1781714695008
11886123624
1781714696012
11982160182
1781714697012
12078288659
1781714698014
12173058619
1781714699013
12269324852
1781714700012
12367519974
1781714701009
12464091810
1781714702012
12560222911
1781714703012
12656377023
1781714704012
12752458381
1781714705008
12849532595
1781714706012
12946842588
1781714707012
13042895870
1781714708012
13139025201
1781714709011
13235959157
1781714710013
13335104533
1781714711011
13436433742
1781714712012
13538931038
1781714713012
13634699897
1781714714012
13730781011
1781714715009
13827224367
1781714716011
13923452759
1781714717012
14019189147
1781714718010
14115312985
1781714719012
14211654230
1781714720012
14309051991
1781714721012
14404911914
1781714722011
14501120836
1781714723012
14597095932
1781714724012
14693071455
1781714725009
14791814061
1781714726012
14896144788
1781714727012
14995323245
1781714728012
15089966618
1781714729012
15186042239
1781714730012
15281883058
1781714731012
15377516785
1781714732012
15473385192
1781714733013
15569054198
1781714734011
15665278256
1781714735008
15761939690
1781714736011
15858474355
1781714737010
15955019396
1781714738012
16051240830
1781714739012
16147261092
1781714740012
16243379986
1781714741012
16339270732
1781714742012
16435014505
1781714743012
16532939853
1781714744013
16632028894
1781714745009
16729809710
1781714746011
16829951483
1781714747012
16926243717
1781714748011
17022853882
1781714749011
17118972166
1781714750011
17214924435
1781714751011
17312756460
1781714752012
17408742298
1781714753013
17504414295
1781714754012
17599883716
1781714755009
17696151902
1781714756012
17792389265
1781714757013
17888585735
1781714758011
17983384687
1781714759012
18075476187
1781714760011
18168115476
1781714761012
18264331111
1781714762012
18360500116
1781714763012
18456670402
1781714764013
18552341238
1781714765008
18648341664
1781714766012
18744957505
1781714767012
18841199263
1781714768009
18937629314
1781714769012
19033746256
1781714770011
19130310889
1781714771015
19225864172
1781714772012
19321849766
1781714773012
19417113500
1781714774012
19512457982
1781714775008
19608428562
1781714776011
19704664094
1781714777012
19803583885
1781714778012
19903269115
1781714779013
20005632806
1781714780012
20104486801
1781714781011
20201351421
1781714782012
20297334574
1781714783013
20390529892
1781714784012
20483118278
1781714785008
20581562606
1781714786012
20685031457
1781714787011
20783979385
1781714788011
20879127213
1781714789012
20974859023
1781714790012
21070766188
1781714791012
21166985180
1781714792012
21262825083
1781714793012
21359087837
1781714794012
21454696357
1781714795008
21550688238
1781714796011
21646673832
1781714797011
21743289002
1781714798012
21839576780
1781714799011
21936029536
1781714800012
22031998712
1781714801012
22128076103
1781714802011
22224086843
1781714803012
22319348501
1781714804012
22415052297
1781714805009
22510821339
1781714806011
22606868884
1781714807012
22702762315
1781714808012
22798512680
1781714809012
22894757917
1781714810012
22991091594
1781714811012
23090053194
1781714812011
23192610914
1781714813010
23295354487
1781714814011
23391599724
1781714815009
23487594107
1781714816010
23583312429
1781714817012
23678045402
1781714818015
23772642999
1781714819012
23868291130
1781714820011
23962870356
1781714821012
24058371637
1781714822012
24154479180
1781714823011
24250644705
1781714824012
24346760731
1781714825008
24442962633
1781714826013
24538904587
1781714827013
24635550153
1781714828012
24732381997
1781714829011
24829080053
1781714830012
24925347812
1781714831011
25021660309
1781714832011
25118219388
1781714833011
25213783963
1781714834012
25309596218
1781714835008
25406440086
1781714836012
25502558004
1781714837013
25598946978
1781714838012
25694916398
1781714839012
25791494459
1781714840012
25887678722
1781714841013
25984009469
1781714842011
26080018256
1781714843010
26177677125
1781714844011
26275237361
1781714845009
26376826457
1781714846011
26483365796
1781714847012
26588879503
1781714848011
26685675458
1781714849012
26781890788
1781714850012
26878305519
1781714851011
26974359656
1781714852012
27070759861
1781714853012
27167141999
1781714854011
27263914823
1781714855011
27359748318
1781714856012
27453797882
1781714857012
27549996976
1781714858012
27646587732
1781714859012
27743540670
1781714860011
27840502153
1781714861015
27936322953
1781714862012
28032562269
1781714863012
28128437512
1781714864012
28224477183
1781714865010
28320766121
1781714866011
28416765875
1781714867012
28513085575
1781714868013
28609126955
1781714869012
28705534973
1781714870015
28801312437
1781714871012
28897406247
1781714872012
28993173702
1781714873011
29090630483
1781714874011
29187112597
1781714875008
29283376694
1781714876012
29379206954
1781714877012
29475267743
1781714878011
29570454145
1781714879011
29669743014
1781714880012
29770339376
1781714881012
29872199955
1781714882010
29970568294
1781714883012
30066930169
1781714884012
30163113211
1781714885008
30259379933
1781714886012
30355194507
1781714887012
30449543447
1781714888012
30544252494
1781714889012
30641383960
1781714890011
30737783066
1781714891011
30834284467
1781714892011
30930445415
1781714893011
31025792888
1781714894012
31121272319
1781714895008
31217986610
1781714896012
31314194188
1781714897012
31409881443
1781714898011
31505822787
1781714899009
31602619414
1781714900012
31698465177
1781714901012
31794951075
1781714902012
31890786157
1781714903013
31987793294
1781714904012
32083404499
1781714905009
32181406995
1781714906012
32286207630
1781714907013
32385221842
1781714908012
32480798562
1781714909012
32576640968
1781714910011
32672339454
1781714911012
32768199499
1781714912012
32864204685
1781714913012
32961804228
1781714914012
33061950517
1781714915009
33163857727
1781714916012
33263713245
1781714917012
33359179065
1781714918011
33455260179
1781714919012
33552222943
1781714920012
33648938394
1781714921014
33744531167
1781714922010
33840666358
1781714923013
33935912757
1781714924012
34031551306
1781714925009
34127544896
1781714926012
34223515292
1781714927012
34319761750
1781714928013
34415608062
1781714929013
34511804776
1781714930012
34607706142
1781714931012
34703374904
1781714932011
34799455651
1781714933013
34895318687
1781714934013
34992441424
1781714935008
35089002212
1781714936013
35184813857
1781714937012
35280216200
1781714938013
35375406631
1781714939012
35471301649
1781714940010
35565829788
1781714941012
35659711506
1781714942011
35754930867
1781714943012
35851088335
1781714944011
35946910661
1781714945007
36042597000
1781714946011
36138789869
1781714947012
36237265630
1781714948011
36337298944
1781714949015
36438943886
1781714950012
36537260590
1781714951015
36632916900
1781714952011
36728674223
1781714953011
36823465424
1781714954012
36918916778
1781714955009
37014874663
1781714956012
37110413603
1781714957012
37206053555
1781714958012
37301699185
1781714959011
37397868738
1781714960011
37493735497
1781714961012
37589140160
1781714962011
37684894676
1781714963013
37780450034
1781714964012
37877231647
1781714965009
37975818980
1781714966012
38077452204
1781714967012
38174180777
1781714968011
38269624136
1781714969012
38365733082
1781714970012
38461569262
1781714971011
38557428026
1781714972012
38653231613
1781714973012
38749370527
1781714974012
38845247052
1781714975010
38941376445
1781714976012
39037297525
1781714977012
39132723611
1781714978010
39228447060
1781714979011
39324671789
1781714980012
39423424710
1781714981011
39523858474
1781714982011
39627111628
1781714983012
39725695299
1781714984012
39818269952
1781714985009
39913767388
1781714986012
40009779593
1781714987011
40105553152
1781714988012
40201092092
1781714989012
40297061084
1781714990010
40393229845
1781714991012
40488709825
1781714992013
40584604294
1781714993012
40680530806
1781714994012
40776672161
1781714995009
40875003330
1781714996012
40970729343
1781714997012
41066822419
1781714998012
41161838289
1781714999012
41257550508
1781715000012
41353991972
1781715001012
41449539823
1781715002012
41545316434
1781715003012
41640979580
1781715004012
41736949793
1781715005009
41832769372
1781715006012
41928315636
1781715007011
42024093223
1781715008012
42119609946
1781715009012
42215535787
1781715010014
42311958392
1781715011011
42408684036
1781715012012
42504995618
1781715013012
42600269727
1781715014011
42698206671
1781715015009
42797903071
1781715016012
42898929424
1781715017012
42998154450
1781715018012
43094051849
1781715019012
43190595120
1781715020013
43286740076
1781715021012
43382677880
1781715022012
43478537193
1781715023012
43574224997
1781715024011
43669101951
1781715025012
43767927077
1781715026011
43872251212
1781715027011
43970976728
1781715028009
44066792034
1781715029012
44162592265
1781715030012
44258855324
1781715031012
44355103552
1781715032011
44451662021
1781715033012
44547895417
1781715034012
44643908477
1781715035008
44740317227
1781715036012
44836366969
1781715037012
44932497643
1781715038012
45028314964
1781715039012
45124372518
1781715040011
45220925921
1781715041012
45316101275
1781715042014
45412594009
1781715043012
45507891312
1781715044012
45603871718
1781715045010
45700226207
1781715046012
45796634408
1781715047012
45893419438
1781715048012
45992643794
1781715049013
46093518963
1781715050015
46195507105
1781715051013
46292193869
1781715052012
46388089986
1781715053011
46484086078
1781715054011
46580238176
1781715055010
46675593339
1781715056012
46771877944
1781715057012
46867660475
1781715058011
46963061231
1781715059010
47059295543
1781715060012
47155068491
1781715061013
47250797921
1781715062013
47346500374
1781715063012
47442310126
1781715064012
47537439705
1781715065008
47633347540
1781715066012
47728730475
1781715067011
47824976994
1781715068012
47920407169
1781715069012
48015823978
1781715070012
48111564273
1781715071012
48207719910
1781715072013
48304254575
1781715073012
48400025448
1781715074013
48495385617
1781715075008
48591477412
1781715076012
48687279229
1781715077013
48782907952
1781715078012
48878684135
1781715079011
48974304129
1781715080012
49070267629
1781715081011
49167973616
1781715082012
49267075780
1781715083012
49367512107
1781715084013
49466170424
1781715085009
49564658758
1781715086012
49668486800
1781715087012
49768082066
1781715088011
49862648291
1781715089009
49958879185
1781715090012
50054295322
1781715091011
50149646152
1781715092013
50244977024
1781715093012
50340170323
1781715094012
50435120214
1781715095009
50530529821
1781715096012
50625800756
1781715097012
50720712928
1781715098011
50815787880
1781715099012
50911545325
1781715100012
51007525426
1781715101012
51102838719
1781715102011
51199296175
1781715103012
51296595364
1781715104010
51393767357
1781715105009
51489426109
1781715106012
51584441490
1781715107013
51679989586
1781715108012
51775644553
1781715109012
51871306601
1781715110010
51926832704
1781715111013
51979431751
1781715112010
52031053079
1781715113010
52080267308
1781715114012
52132967186
1781715115010
52192272210
1781715116013
52275507287
1781715117011
52369627469
1781715118009
52441457363
1781715119011
52536870449
1781715120011
52631161711
1781715121010
52726272491
1781715122012
52821673491
1781715123012
52917889920
1781715124012
53013567226
1781715125009
53109320094
1781715126012
53205645836
1781715127012
53301342185
1781715128012
53397431661
1781715129011
53493591449
1781715130011
53589664873
1781715131011
53685845351
1781715132012
53782293896
1781715133011
53878158580
1781715134012
53974234201
1781715135009
54070958013
1781715136012
54167183231
1781715137012
54262523746
1781715138011
54356443854
1781715139012
54452462957
1781715140012
54548160832
1781715141012
54643864078
1781715142012
54740438965
1781715143012
54836157409
1781715144012
54931658813
1781715145008
55030464590
1781715146011
55133829621
1781715147012
55232187950
1781715148009
55330932571
1781715149011
55430558719
1781715150012
55532702745
1781715151012
55633654391
1781715152012
55729610932
1781715153012
55825936125
1781715154012
55921668546
1781715155009
56017908168
1781715156012
56113775537
1781715157012
56209570397
1781715158013
56305615500
1781715159011
56401896931
1781715160012
56497999590
1781715161012
56593904252
1781715162012
56689774917
1781715163011
56785892896
1781715164013
56882384165
1781715165009
56978104257
1781715166011
57074103035
1781715167010
57170222845
1781715168012
57265943425
1781715169011
57362364504
1781715170012
57458119142
1781715171012
57554155883
1781715172013
57650218015
1781715173012
57744286866
1781715174012
57840420531
1781715175008
57936079893
1781715176010
58031310057
1781715177012
58126792662
1781715178011
58222273680
1781715179012
58318968195
1781715180012
58414368647
1781715181011
58509482722
1781715182012
58607486378
1781715183011
58706856179
1781715184012
58809384603
1781715185008
58910128608
1781715186012
59005501350
1781715187012
59100694343
1781715188012
59196409186
1781715189011
59291811896
1781715190012
59386164011
1781715191013
59478474931
1781715192012
59574340897
1781715193012
59670132461
1781715194013
59766173780
1781715195008
59862085644
1781715196011
59957788890
1781715197012
60053061046
1781715198012
60148869944
1781715199012
60244742562
1781715200011
60340413826
1781715201012
60435911018
1781715202011
60531614203
1781715203012
60627021674
1781715204013
60722578131
1781715205010
60820512511
1781715206012
60923931924
1781715207011
61022688752
1781715208011
61117564974
1781715209010
61214924222
1781715210010
61310812404
1781715211011
61406408534
1781715212013
61502328759
1781715213011
61597732079
1781715214011
61693764854
1781715215009
61789797017
1781715216012
61886437456
1781715217012
61985301827
1781715218012
62086055231
1781715219011
62187990761
1781715220012
62284733433
1781715221012
62380474216
1781715222014
62476220370
1781715223012
62571896517
1781715224013
62667768158
1781715225009
62764300565
1781715226012
62859811917
1781715227012
62955499661
1781715228012
63051470179
1781715229015
63146917689
1781715230014
63242682946
1781715231012
63338707176
1781715232012
63434177695
1781715233013
63529671958
1781715234012
63624954673
1781715235008
63720969991
1781715236012
63816857807
1781715237012
63912269306
1781715238013
64007126668
1781715239011
64103944413
1781715240009
64199877579
1781715241012
64295749464
1781715242012
64391287489
1781715243012
64487035779
1781715244012
64582828991
1781715245008
64678878489
1781715246012
64774549325
1781715247011
64870587654
1781715248012
64966257453
1781715249011
65062235478
1781715250012
65160549191
1781715251013
65259664966
1781715252012
65361766206
1781715253012
65460244042
1781715254012
65555958763
1781715255009
65653269915
1781715256012
65749055986
1781715257012
65844915298
1781715258012
65940792372
1781715259010
66036752088
1781715260011
66133224436
1781715261010
66228619150
1781715262011
66324157358
1781715263010
66420223396
1781715264010
66515957526
1781715265009
66614478087
1781715266012
66719501682
1781715267012
66818059902
1781715268013
66912941373
1781715269012
67009026759
1781715270010
67105475792
1781715271011
67201217979
1781715272011
67296982077
1781715273012
67392582845
1781715274012
67488115132
1781715275010
67583841389
1781715276010
67679729266
1781715277012
67774611469
1781715278011
67870301227
1781715279012
67966309343
1781715280012
68062299331
1781715281011
68157720596
1781715282011
68253551588
1781715283012
68348351394
1781715284012
68445608531
1781715285008
68546606502
1781715286011
68648964516
1781715287012
68749430385
1781715288015
68845185450
1781715289012
68940978723
1781715290010
69036582665
1781715291008
69132706259
1781715292012
69228275411
1781715293011
69323677938
1781715294012
69419280355
1781715295008
69515263629
1781715296012
69610941119
1781715297010
69706811296
1781715298009
69802122697
1781715299012
69898046585
1781715300012
69995620554
1781715301011
70090855540
1781715302012
70186654306
1781715303012
70282753120
1781715304012
70378479681
1781715305009
70474082647
1781715306012
70569770207
1781715307011
70665269108
1781715308013
70760660282
1781715309012
70855901311
1781715310012
70951719425
1781715311012
71047459963
1781715312012
71142743899
1781715313012
71237749942
1781715314012
71333099247
1781715315008
71429717591
1781715316010
71526531491
1781715317012
71622039181
1781715318012
71719872121
1781715319012
71819367899
1781715320012
71921732566
1781715321012
72021779735
1781715322012
72117186351
1781715323011
72212569407
1781715324012
72308136912
1781715325010
72406313174
1781715326011
72509681501
1781715327012
72608175877
1781715328010
72702758216
1781715329012
72798006996
1781715330012
72893458961
1781715331013
72989322057
1781715332012
73086005465
1781715333012
73180842075
1781715334012
73274932777
1781715335009
73371086339
1781715336011
73467269320
1781715337012
73562911165
1781715338011
73659094147
1781715339012
73755411161
1781715340012
73851432582
1781715341011
73947088343
1781715342012
74043416039
1781715343012
74139040428
1781715344012
74234732627
1781715345009
74331527972
1781715346012
74428624403
1781715347012
74524661206
1781715348012
74620751719
1781715349012
74716754525
1781715350012
74812522346
1781715351012
74908732305
1781715352011
75007848201
1781715353012
75108118208
1781715354012
75210637843
1781715355010
75308619892
1781715356011
75404686724
1781715357011
75500902176
1781715358011
75596247452
1781715359012
75691705764
1781715360010
75787880689
1781715361012
75885287910
1781715362012
75981570013
1781715363011
76077543400
1781715364014
76172818058
1781715365008
76268718936
1781715366012
76363850467
1781715367012
76458024359
1781715368012
76553768438
1781715369012
76649893741
1781715370012
76746157472
1781715371012
76841937866
1781715372012
76937815917
1781715373011
77032859680
1781715374011
77128509398
1781715375009
77225594538
1781715376012
77322315176
1781715377012
77419486253
1781715378012
77515890914
1781715379012
77612598796
1781715380012
77708563028
1781715381012
77804806556
1781715382012
77901111485
1781715383012
77997636018
1781715384012
78093548432
1781715385009
78194326189
1781715386012
78302448165
1781715387010
78407881184
1781715388012
78507162302
1781715389012
78602982918
1781715390012
78698899421
1781715391011
78797094177
1781715392011
78893960750
1781715393013
78990136773
1781715394012
79085875481
1781715395008
79181962271
1781715396012
79276446526
1781715397012
79370992366
1781715398011
79466981073
1781715399013
79563086662
1781715400012
79659001577
1781715401012
79753176568
1781715402011
79847265011
1781715403012
79942416318
1781715404012
80037940243
1781715405009
80133798335
1781715406013
80229721186
1781715407013
80326203788
1781715408013
80422229665
1781715409012
80517821583
1781715410013
80613226490
1781715411012
80709162890
1781715412012
80804755114
1781715413011
80900548814
1781715414012
80995889940
1781715415010
81091947555
1781715416012
81187603926
1781715417012
81283071394
1781715418012
81378395247
1781715419013
81477161962
1781715420012
81576387416
1781715421012
81676402724
1781715422012
81776383730
1781715423011
81872278382
1781715424011
81967798523
1781715425008
82062179690
1781715426012
82156630315
1781715427012
82252697025
1781715428012
82348562685
1781715429013
82444036623
1781715430012
82539671388
1781715431011
82635259766
1781715432011
82730839111
1781715433010
82825551393
1781715434012
82921009950
1781715435010
83015497806
1781715436012
83109916022
1781715437011
83206893862
1781715438012
83304023069
1781715439013
83400034847
1781715440011
83496027704
1781715441012
83591551324
1781715442012
83687286858
1781715443012
83782711907
1781715444011
83877998223
1781715445008
83976705429
1781715446012
84080783409
1781715447012
84178651933
1781715448013
84273749651
1781715449012
84369694169
1781715450012
84465299149
1781715451012
84561033034
1781715452011
84658050975
1781715453012
84757734374
1781715454012
84858884384
1781715455008
84961130033
1781715456012
85057427638
1781715457012
85152937769
1781715458011
85248806115
1781715459012
85345277426
1781715460012
85440889058
1781715461011
85536476033
1781715462011
85632330341
1781715463012
85727419514
1781715464011
85822952167
1781715465009
85918913775
1781715466012
86014756852
1781715467012
86111102614
1781715468013
86207716746
1781715469012
86303898934
1781715470012
86399454353
1781715471012
86495300910
1781715472012
86590772101
1781715473011
86686521673
1781715474012
86781865789
1781715475010
86878561403
1781715476012
86974527893
1781715477012
87070616332
1781715478012
87165446594
1781715479011
87260971862
1781715480012
87356940306
1781715481011
87452557431
1781715482012
87547957151
1781715483011
87644155330
1781715484012
87741008353
1781715485009
87836605521
1781715486011
87933650743
1781715487012
88032485024
1781715488011
88134328818
1781715489012
88235851630
1781715490012
88331983342
1781715491012
88427697269
1781715492011
88523970887
1781715493012
88619001345
1781715494013
88714028811
1781715495009
88810029969
1781715496012
88906050598
1781715497013
89002046202
1781715498011
89097722043
1781715499012
89194520440
1781715500011
89289995660
1781715501012
89385643913
1781715502012
89481548697
1781715503012
89577399770
1781715504012
89673507923
1781715505008
89772296305
1781715506012
89874986472
1781715507010
89973851331
1781715508010
90067729081
1781715509012
90162133320
1781715510012
90257764300
1781715511011
90354009354
1781715512012
90449701065
1781715513012
90545431472
1781715514011
90642650888
1781715515008
90734141804
1781715516011
90827760339
1781715517013
90923872886
1781715518013
91019925496
1781715519012
91116173236
1781715520010
91215281502
1781715521011
91316385736
1781715522013
91418861487
1781715523011
91516122773
1781715524012
91611682953
1781715525008
91708206571
1781715526012
91804440395
1781715527011
91900960716
1781715528013
91997774250
1781715529012
92095220839
1781715530012
92191332104
1781715531012
92287358104
1781715532012
92383485970
1781715533011
92479863653
1781715534012
92575941288
1781715535008
92672118410
1781715536011
92768021973
1781715537012
92863805725
1781715538012
92958225039
1781715539011
93053892579
1781715540012
93147975224
1781715541012
93243465702
1781715542012
93337903693
1781715543012
93433356757
1781715544012
93529131536
1781715545009
93626303895
1781715546011
93721968750
1781715547012
93817476440
1781715548012
93913004760
1781715549011
94008930723
1781715550012
94105053646
1781715551012
94200335079
1781715552010
94296265497
1781715553012
94392838065
1781715554012
94491779706
1781715555009
94594519250
1781715556012
94692455767
1781715557012
94784845057
1781715558012
94880981225
1781715559012
94977377890
1781715560011
95072324607
1781715561010
95167595359
1781715562013
95263809895
1781715563012
95359784747
1781715564012
95455212848
1781715565008
95552556593
1781715566012
95656514335
1781715567012
95755876141
1781715568012
95850570600
1781715569011
95945673689
1781715570012
96039988145
1781715571011
96136138961
1781715572012
96231958296
1781715573012
96327759808
1781715574011
96423776836
1781715575009
96520647376
1781715576012
96614306316
1781715577012
96709099775
1781715578012
96802935045
1781715579012
96898626389
1781715580012
96994670699
1781715581011
97090385969
1781715582012
97186509136
1781715583012
97281648602
1781715584012
97376466596
1781715585008
97472420941
1781715586012
97567979595
1781715587012
97667086092
1781715588012
97766392051
1781715589011
97868837040
1781715590012
97968353997
1781715591012
98064086174
1781715592012
98160107474
1781715593012
98256363636
1781715594013
98352120654
1781715595008
98448218430
1781715596012
98544676191
1781715597012
98640811932
1781715598014
98735527021
1781715599012
98831330243
1781715600012
98928952124
1781715601009
99025459689
1781715602015
99120945712
1781715603011
99216809480
1781715604012
99312362397
1781715605008
99409060331
1781715606010
99506268334
1781715607012
99602328269
1781715608012
99697847495
1781715609011
99793819173
1781715610012
99889854877
1781715611013
99985772478
1781715612011
100081765518
1781715613011
100177137832
1781715614012
100272136857
1781715615009
100368200881
1781715616013
100464036451
1781715617012
100559569959
1781715618011
100655320324
1781715619011
100752112130
1781715620013
100849651431
1781715621011
100949044670
1781715622011
101051021826
1781715623014
101150042080
1781715624011
101244241912
1781715625009
101342371422
1781715626012
101447635557
1781715627012
101546003225
1781715628011
101640974844
1781715629012
101736188773
1781715630013
101831630667
1781715631012
101927315603
1781715632012
102022885549
1781715633011
102118854053
1781715634012
102214405810
1781715635009
102310347642
1781715636012
102408040813
1781715637012
102503576701
1781715638011
102598669841
1781715639012
102694813577
1781715640012
102790633400
1781715641011
102886011086
1781715642012
102981360634
1781715643012
103076482888
1781715644012
103171481485
1781715645010
103267313576
1781715646011
103363004127
1781715647012
103458912268
1781715648011
103554506628
1781715649012
103651095431
1781715650013
103747262177
1781715651013
103840167334
1781715652013
103936265660
1781715653012
104032277988
1781715654012
104133628741
1781715655010
104235363039
1781715656012
104336964280
1781715657012
104434032758
1781715658011
104529265241
1781715659013
104624744061
1781715660011
104720743327
1781715661011
104816473978
1781715662011
104912396035
1781715663012
105008012367
1781715664012
105103129128
1781715665008
105198649758
1781715666012
105295512974
1781715667012
105391251132
1781715668011
105486433933
1781715669009
105582486666
1781715670012
105678177888
1781715671012
105773602204
1781715672012
105870060820
1781715673012
105963837557
1781715674012
106055902873
1781715675008
106150356000
1781715676011
106246085187
1781715677012
106341943218
1781715678011
106437548686
1781715679012
106533668130
1781715680012
106629591285
1781715681012
106724615395
1781715682016
106819608438
1781715683008
106915904761
1781715684012
107011333411
1781715685008
107112308860
1781715686011
107216918395
1781715687012
107314260370
1781715688011
107413924360
1781715689012
107515168730
1781715690012
107616849439
1781715691012
107711761305
1781715692010
107807834301
1781715693012
107903812083
1781715694012
107999796578
1781715695007
108096572942
1781715696012
108192732303
1781715697012
108290109922
1781715698012
108385795285
1781715699012
108481664058
1781715700013
108577986993
1781715701012
108673635369
1781715702012
108769664847
1781715703011
108865124807
1781715704011
108961403919
1781715705008
109058553328
1781715706012
109152757555
1781715707011
109248811386
1781715708012
109344289535
1781715709012
109439746139
1781715710012
109536326397
1781715711012
109632844949
1781715712010
109728931129
1781715713009
109825848788
1781715714012
109922040864
1781715715009
110018415251
1781715716012
110105452931
1781715717011
110156549419
1781715718012
110210824060
1781715719010
110271356620
1781715720012
110312575631
1781715721011
110383095897
1781715722012
110464617173
1781715723014
110545463523
1781715724012
110607469590
1781715725010
110648078007
1781715726013
110691747451
1781715727012
110735801537
1781715728013
110788184399
1781715729012
110837836188
1781715730013
110879878073
1781715731014
110921290137
1781715732013
110960812008
1781715733012
111001657607
1781715734012
111043000824
1781715735012
111083012074
1781715736014
111121225416
1781715737012
111159493751
1781715738014
111198029785
1781715739013
111236763756
1781715740012
111275795333
1781715741014
111317043396
1781715742013
111360094495
1781715743012
111401353361
1781715744013
111441504076
1781715745012
111487460685
1781715746014
111539059063
1781715747013
111598649731
1781715748012
111642323997
1781715749014
111685188084
1781715750012
111724583369
1781715751013
111764798842
1781715752011
111806728056
1781715753014
111845986561
1781715754013
111892858695
1781715755010
111940021660
1781715756014
111998577845
1781715757012
112079109439
1781715758011
112123977305
1781715759012
112165320766
1781715760013
112205215195
1781715761012
112246399965
1781715762012
112287512408
1781715763013
112330810332
1781715764013
112377335177
1781715765011
112417076713
1781715766012
112455351762
1781715767012
112494108925
1781715768012
112533335632
1781715769013
112572531759
1781715770014
112611105879
1781715771013
112650987125
1781715772012
112693416093
1781715773013
112735099153
1781715774014
112776029285
1781715775013
112816385383
1781715776013
112855864408
1781715777013
112894713857
1781715778013
112934891794
1781715779013
112977444175
1781715780012
113016052597
1781715781014
113055964726
1781715782014
113095582850
1781715783013
113135195175
1781715784012
113173674996
1781715785012
113213140898
1781715786013
113251696158
1781715787013
113290262771
1781715788013
113337650833
1781715789014
113386907055
1781715790013
113450227449
1781715791011
113516867782
1781715792013
113557134280
1781715793012
113603749823
1781715794013
113648615980
1781715795011
113692388084
1781715796013
113732591778
1781715797013
113775275629
1781715798012
113819018131
1781715799011
113859356956
1781715800014
113897601609
1781715801012
113937844487
1781715802012
113979764668
1781715803012
114020885473
1781715804013
114063392079
1781715805012
114110734975
1781715806014
114163272926
1781715807014
114209862101
1781715808012
114250114013
1781715809013
114293062267
1781715810013
114331111059
1781715811012
114371112970
1781715812012
114411399671
1781715813012
114449964697
1781715814014
114489232358
1781715815010
114529693436
1781715816014
114568128335
1781715817014
114607686034
1781715818013
114647570881
1781715819013
114690848724
1781715820012
114730913807
1781715821013
114770298533
1781715822014
114817004773
1781715823016
114880410129
1781715824012
114961941231
1781715825008
115023678377
1781715826013
115068415812
1781715827012
115119586091
1781715828013
115163603190
1781715829013
115205173579
1781715830015
115245614150
1781715831012
115289331201
1781715832013
115328963363
1781715833015
115373062005
1781715834012
115413622997
1781715835012
115454014922
1781715836014
115492935721
1781715837013
115531872389
1781715838013
115575294946
1781715839099
115614531540
1781715840013
115654822697
1781715841016
115694466638
1781715842012
115735445659
1781715843012
115774600039
1781715844013
115814302269
1781715845012
115854882304
1781715846015
115894572510
1781715847015
115934087485
1781715848013
115973939128
1781715849012
116015503475
1781715850013
116058264047
1781715851012
116097530670
1781715852014
116137847339
1781715853013
116178409674
1781715854014
116221574542
1781715855012
116266328028
1781715856014
116313556179
1781715857013
116375120780
1781715858012
116451360331
1781715859012
116498335064
1781715860012
116540673945
1781715861011
116585681398
1781715862012
116629766734
1781715863012
116676256361
1781715864011
116718428983
1781715865010
116766033780
1781715866013
116818961867
1781715867013
116886880883
1781715868012
116936973772
1781715869012
116984945695
1781715870014
117029517542
1781715871012
117074260713
1781715872011
117119551918
1781715873012
117163624010
1781715874012
117206858335
1781715875010
117246810198
1781715876012
117286118631
1781715877016
117325055909
1781715878014
117363830285
1781715879014
117403231307
1781715880014
117447788993
1781715881015
117487374402
1781715882014
117527415559
1781715883012
117568784838
1781715884014
117610787904
1781715885011
117650708579
1781715886013
117688847641
1781715887013
117727402657
1781715888012
117766894805
1781715889014
117814222808
1781715890013
117861795563
1781715891013
117909191987
1781715892014
117975667158
1781715893013
118016070192
1781715894012
118060912790
1781715895011
118105541032
1781715896014
118146858615
1781715897014
118186938163
1781715898012
118230003116
1781715899012
118272571366
1781715900013
118311947303
1781715901015
118351944088
1781715902013
118391578508
1781715903011
118432254673
1781715904013
118471472957
1781715905010
118512465711
1781715906012
118550769690
1781715907013
118590097653
1781715908013
118629902361
1781715909012
118670047949
1781715910012
118714339401
1781715911014
118758063654
1781715912016
118797075944
1781715913013
118839307525
1781715914012
118882079267
1781715915012
118922103639
1781715916012
118961738059
1781715917013
119001092695
1781715918013
119040781741
1781715919014
119080193567
1781715920013
119119429672
1781715921013
119160036136
1781715922012
119200391928
1781715923013
119245552945
1781715924014
119293720058
1781715925012
119375513733
1781715926011
119465734144
1781715927010
119531216704
1781715928011
119578066132
1781715929012
119624439549
1781715930012
119663771662
1781715931012
119707197760
1781715932012
119753874215
1781715933012
119799611219
1781715934012
119843556603
1781715935011
119884881997
1781715936015
119923615968
1781715937013
119963227622
1781715938014
120003524943
1781715939013
120043883421
1781715940012
120083137593
1781715941012
120128286464
1781715942013
120167966295
1781715943014
120211995662
1781715944098
120251686844
1781715945012
120292065586
1781715946012
120330969478
1781715947013
120369556477
1781715948013
120408615825
1781715949013
120448762512
1781715950014
120488053854
1781715951012
120527662700
1781715952012
120567955627
1781715953014
120607605916
1781715954014
120649264074
1781715955011
120689198175
1781715956014
120731503975
1781715957014
120776128312
1781715958014
120823615983
1781715959013
120896221327
1781715960012
120967851820
1781715961012
121008379182
1781715962015
121051654340
1781715963013
121092304260
1781715964012
121133897110
1781715965011
121177539577
1781715966012
121219999063
1781715967013
121261118525
1781715968015
121300247881
1781715969013
121340717809
1781715970014
121379651181
1781715971014
121422489633
1781715972012
121463312038
1781715973012
121504472944
1781715974013
121548220635
1781715975013
121589218515
1781715976012
121627612826
1781715977013
121666217647
1781715978013
121705199603
1781715979013
121744969460
1781715980013
121784857419
1781715981013
121824553362
1781715982013
121865048193
1781715983014
121905342340
1781715984013
121945154799
1781715985012
121992540664
1781715986014
122046675474
1781715987013
122093871215
1781715988014
122139308111
1781715989101
122179776269
1781715990015
122221214517
1781715991013
122268555094
1781715992014
122316112956
1781715993013
122386849896
1781715994010
122457708297
1781715995009
122500857844
1781715996012
122541187270
1781715997011
122589556653
1781715998012
122635102374
1781715999013
122675389319
1781716000012
122717623891
1781716001015
122757250682
1781716002012
122798703090
1781716003014
122841345376
1781716004014
122885693895
1781716005011
