44188709183
1780269338172
44193921694
1780269339023
44200979232
1780269340176
44206160087
1780269341023
44212275620
1780269342024
44218502735
1780269343021
44224525381
1780269344023
44230906292
1780269345024
44237129628
1780269346025
44243334696
1780269347022
44249568161
1780269348024
44255591220
1780269349021
44261927516
1780269350021
44268446816
1780269351021
44274671850
1780269352019
44281158499
1780269353025
44287247624
1780269354023
44294705471
1780269355177
44300055024
1780269356023
44306285445
1780269357025
44312463585
1780269358021
44318562639
1780269359024
44324782349
1780269360024
44331028191
1780269361025
44337052964
1780269362025
44343448946
1780269363021
44349540947
1780269364023
44355836545
1780269365022
44362286964
1780269366018
44368549055
1780269367022
44374708376
1780269368022
44386563611
1780269369019
44398362390
1780269370020
44410174112
1780269371019
44421943178
1780269372019
44433679625
1780269373018
44445384171
1780269374019
44457137676
1780269375020
44468887617
1780269376020
44480561150
1780269377019
44492277630
1780269378021
44503974434
1780269379019
44515712304
1780269380019
44527446409
1780269381020
44539223921
1780269382021
44551018629
1780269383019
44562731453
1780269384020
44574565253
1780269385022
44586285956
1780269386019
44598035040
1780269387019
44609699148
1780269388019
44621380224
1780269389019
44633113947
1780269390020
44644797210
1780269391019
44656562604
1780269392020
44668363800
1780269393023
44679992060
1780269394020
44691766374
1780269395019
44703515229
1780269396019
44715208376
1780269397019
44726923372
1780269398021
44738656407
1780269399019
44752186120
1780269400173
44762087209
1780269401016
44773849375
1780269402019
44785621409
1780269403019
44797322497
1780269404019
44809111560
1780269405021
44820831926
1780269406021
44832520055
1780269407020
44844244399
1780269408019
44855985987
1780269409020
44867780695
1780269410021
44879504244
1780269411020
44891263457
1780269412021
44903014821
1780269413019
44914743938
1780269414019
44926584731
1780269415023
44938226975
1780269416019
44949951747
1780269417020
44961591605
1780269418019
44973291454
1780269419019
44984986866
1780269420020
44996651693
1780269421019
45008398558
1780269422021
45020193940
1780269423020
45031832375
1780269424019
45043712947
1780269425020
45055539557
1780269426021
45067220036
1780269427020
45078873357
1780269428021
45090608901
1780269429022
45102261595
1780269430020
45114015575
1780269431021
45125772615
1780269432021
45137501932
1780269433020
45149197941
1780269434020
45160941792
1780269435019
45172665999
1780269436023
45184342086
1780269437021
45196114870
1780269438019
45207858171
1780269439020
45219535973
1780269440019
45231235378
1780269441019
45242948844
1780269442020
45254781496
1780269443019
45266497716
1780269444020
45278301483
1780269445019
45290041938
1780269446020
45301759137
1780269447020
45313444940
1780269448020
45325279918
1780269449020
45337013626
1780269450020
45348732294
1780269451019
45360515574
1780269452020
45372337623
1780269453021
45384058035
1780269454020
45395837276
1780269455021
45407584142
1780269456019
45419357002
1780269457019
45431073696
1780269458021
45442775993
1780269459019
45454472797
1780269460019
45466211232
1780269461020
45478041055
1780269462020
45489852257
1780269463019
45501566059
1780269464023
45513332647
1780269465019
45525080859
1780269466021
45536821329
1780269467019
45548575753
1780269468019
45560293610
1780269469020
45571989404
1780269470019
45583706833
1780269471020
45595471798
1780269472021
45607264748
1780269473019
45619013113
1780269474021
45630794006
1780269475019
45642574394
1780269476019
45654350360
1780269477021
45666061776
1780269478019
45677835967
1780269479022
45689550871
1780269480018
45701273762
1780269481021
45713079747
1780269482024
45724868718
1780269483019
45736605761
1780269484019
45748384573
1780269485019
45760115909
1780269486019
45771895884
1780269487021
45783579102
1780269488021
45795367017
1780269489021
45807931683
1780269490084
45819003452
1780269491021
45830880108
1780269492023
45842603748
1780269493020
45854296482
1780269494021
45866080925
1780269495020
45877864740
1780269496021
45889558759
1780269497019
45901289178
1780269498019
45913009498
1780269499019
45924746801
1780269500019
45936463587
1780269501020
45948276931
1780269502019
45960147681
1780269503018
45971870816
1780269504020
45983673175
1780269505021
45995624510
1780269506020
46007790274
1780269507019
46019622575
1780269508020
46031364927
1780269509020
46043155612
1780269510019
46054940514
1780269511020
46066689231
1780269512023
46078514739
1780269513020
46090231295
1780269514019
46102015722
1780269515020
46113820468
1780269516020
46125575351
1780269517020
46137316877
1780269518019
46149064645
1780269519020
46160877010
1780269520020
46172668797
1780269521019
46184452092
1780269522019
46196242884
1780269523019
46208087822
1780269524023
46219873458
1780269525019
46231630330
1780269526020
46243388533
1780269527022
46255256177
1780269528021
46267045684
1780269529021
46278807008
1780269530021
46290542536
1780269531021
46302316070
1780269532020
46314122697
1780269533019
46325870160
1780269534019
46337729741
1780269535021
46349555493
1780269536020
46361407730
1780269537020
46373259339
1780269538021
46384989941
1780269539020
46396790938
1780269540019
46408531822
1780269541020
46420314122
1780269542020
46432219572
1780269543019
46443984171
1780269544019
46455770572
1780269545020
46467521614
1780269546020
46479340635
1780269547021
46491055233
1780269548021
46502754439
1780269549019
46514550265
1780269550020
46526391195
1780269551019
46538324721
1780269552019
46550162422
1780269553019
46561919508
1780269554019
46573750035
1780269555020
46585522742
1780269556019
46597286315
1780269557020
46609067652
1780269558019
46620829619
1780269559019
46632556640
1780269560020
46644366052
1780269561019
46656148766
1780269562020
46667957076
1780269563015
46679893616
1780269564023
46691679206
1780269565020
46703419462
1780269566021
46715257638
1780269567020
46726987368
1780269568019
46738718276
1780269569021
46750466702
1780269570019
46762211334
1780269571020
46773969537
1780269572020
46785839124
1780269573019
46797561234
1780269574019
46809322788
1780269575020
46821171108
1780269576021
46832928072
1780269577019
46844730951
1780269578019
46856495932
1780269579023
46868986836
1780269580080
46880039159
1780269581020
46891909633
1780269582018
46903854251
1780269583022
46915515789
1780269584019
46927390716
1780269585020
46939215795
1780269586021
46950924258
1780269587020
46962789255
1780269588020
46974596509
1780269589021
46986339015
1780269590019
46998166083
1780269591019
47009992570
1780269592019
47021955395
1780269593022
47033811870
1780269594020
47045741249
1780269595019
47057637718
1780269596020
47069467479
1780269597020
47081272363
1780269598020
47093107234
1780269599020
47105048808
1780269600019
47116914799
1780269601020
47128717265
1780269602019
47140711011
1780269603020
47152543481
1780269604020
47164438175
1780269605020
47176242232
1780269606020
47188046626
1780269607020
47199892773
1780269608020
47211820271
1780269609020
47223703031
1780269610022
47235451763
1780269611021
47247192723
1780269612015
47259123786
1780269613019
47270917882
1780269614020
47282817197
1780269615019
47294609351
1780269616020
47306425250
1780269617021
47318414958
1780269618020
47330398545
1780269619019
47342183676
1780269620019
47354024759
1780269621022
47365948064
1780269622020
47377945590
1780269623020
47389809332
1780269624021
47402475177
1780269625082
47413681157
1780269626019
47425539789
1780269627020
47437337635
1780269628021
47449155248
1780269629021
47460939828
1780269630019
47472801658
1780269631019
47484628894
1780269632019
47496513429
1780269633020
47508343497
1780269634019
47520213864
1780269635020
47532123369
1780269636017
47543956067
1780269637021
47555840312
1780269638020
47567723837
1780269639020
47579686020
1780269640020
47591537507
1780269641021
47603300422
1780269642019
47615131315
1780269643019
47626931685
1780269644019
47638836676
1780269645019
47650686542
1780269646019
47662560382
1780269647020
47674426710
1780269648019
47686321848
1780269649020
47698242017
1780269650019
47710005621
1780269651019
47721819577
1780269652019
47733830582
1780269653020
47745696436
1780269654020
47757601381
1780269655019
47769552838
1780269656019
47781340677
1780269657020
47793261305
1780269658021
47805099527
1780269659020
47817111236
1780269660022
47828944960
1780269661019
47840785507
1780269662019
47852843942
1780269663019
47864759414
1780269664020
47876639543
1780269665020
47888584696
1780269666023
47900376896
1780269667020
47912211798
1780269668020
47924069864
1780269669021
47935863012
1780269670019
47947810185
1780269671020
47959725504
1780269672019
47971786448
1780269673019
47983732398
1780269674019
47995613184
1780269675020
48007454527
1780269676020
48019308738
1780269677020
48031167217
1780269678019
48043054720
1780269679019
48054949950
1780269680019
48066965713
1780269681022
48078879716
1780269682019
48090790935
1780269683020
48102663627
1780269684020
48114636459
1780269685020
48126667155
1780269686020
48138503724
1780269687019
48150397944
1780269688020
48162188614
1780269689021
48174091387
1780269690020
48185963758
1780269691021
48197839068
1780269692023
48209800210
1780269693020
48221584071
1780269694021
48233454775
1780269695019
48245352942
1780269696022
48257291976
1780269697020
48269207172
1780269698022
48281078259
1780269699022
48293776463
1780269700080
48304998508
1780269701020
48316958503
1780269702020
48329007467
1780269703020
48340968992
1780269704020
48352999994
1780269705023
48364879051
1780269706022
48376673546
1780269707019
48388586860
1780269708023
48400535885
1780269709019
48412424765
1780269710019
48424239854
1780269711021
48436150399
1780269712023
48448020231
1780269713019
48459963365
1780269714020
48472679608
1780269715081
48483866004
1780269716019
48495878585
1780269717021
48507752180
1780269718020
48519591840
1780269719019
48531549938
1780269720019
48543405495
1780269721019
48555353020
1780269722020
48567428713
1780269723019
48579430446
1780269724019
48591467232
1780269725022
48603370647
1780269726017
48615287848
1780269727023
48627273730
1780269728025
48639235668
1780269729022
48651160488
1780269730020
48663152964
1780269731019
48675089259
1780269732020
48687129181
1780269733019
48698983468
1780269734019
48711108841
1780269735022
48723078276
1780269736020
48734947036
1780269737019
48746906251
1780269738019
48758751572
1780269739020
48770592869
1780269740021
48782548932
1780269741020
48794454306
1780269742020
48806389728
1780269743021
48818429620
1780269744022
48831121184
1780269745085
48842245707
1780269746020
48854176157
1780269747019
48866027583
1780269748019
48878021115
1780269749019
48890056325
1780269750020
48901894119
1780269751020
48913883382
1780269752022
48925823089
1780269753020
48937648291
1780269754020
48949653681
1780269755020
48961531866
1780269756020
48973418421
1780269757020
48985260651
1780269758019
48997206968
1780269759019
49009212251
1780269760019
49021198332
1780269761020
49033137350
1780269762020
49045172805
1780269763020
49057041611
1780269764019
49068957006
1780269765021
49080895153
1780269766022
49092713653
1780269767020
49104691702
1780269768022
49116515282
1780269769020
49128513542
1780269770020
49140554978
1780269771020
49152607875
1780269772020
49164610005
1780269773019
49176465119
1780269774016
49189150869
1780269775081
49200434236
1780269776019
49212327982
1780269777020
49224362029
1780269778021
49236292479
1780269779019
49248115906
1780269780019
49260020362
1780269781021
49272003077
1780269782021
49283895752
1780269783018
49295819271
1780269784020
49307754327
1780269785021
49319601499
1780269786019
49331544771
1780269787021
49343346656
1780269788021
49355222118
1780269789020
49367903416
1780269790081
49379090470
1780269791020
49391123950
1780269792021
49403137541
1780269793015
49415235649
1780269794020
49427174851
1780269795019
49439224458
1780269796019
49451186212
1780269797021
49463071282
1780269798019
49474889018
1780269799022
49486737322
1780269800023
49498728177
1780269801020
49510762178
1780269802020
49522830145
1780269803020
49534608651
1780269804021
49546710125
1780269805020
49558705554
1780269806019
49570509642
1780269807019
49582401383
1780269808018
49594353376
1780269809019
49606195025
1780269810019
49618092856
1780269811019
49630164418
1780269812020
49642170160
1780269813019
49654025151
1780269814020
49666087334
1780269815020
49678076521
1780269816019
49690147426
1780269817020
49702121512
1780269818019
49714107012
1780269819020
49725998355
1780269820021
49737929708
1780269821020
49749881242
1780269822019
49761947097
1780269823017
49773911590
1780269824019
49785869290
1780269825019
49797919677
1780269826019
49809797847
1780269827020
49821801921
1780269828023
49833638353
1780269829020
49845534057
1780269830020
49857423397
1780269831019
49869373385
1780269832020
49881226433
1780269833019
49893077079
1780269834019
49905111248
1780269835019
49917024088
1780269836020
49928880899
1780269837020
49940750211
1780269838020
49952709456
1780269839021
49964647541
1780269840021
49976505531
1780269841020
49988611900
1780269842020
50000646773
1780269843019
50012643932
1780269844023
50024606481
1780269845019
50036663157
1780269846021
50048475491
1780269847019
50060323765
1780269848020
50072235902
1780269849019
50084123573
1780269850020
50096088525
1780269851019
50108130895
1780269852021
50120115997
1780269853021
50132061212
1780269854020
50144033997
1780269855023
50155918930
1780269856020
50167832291
1780269857019
50179729509
1780269858020
50191759808
1780269859019
50203764677
1780269860019
50215709326
1780269861020
50227725839
1780269862020
50239762410
1780269863021
50251700419
1780269864020
50263699857
1780269865020
50275734669
1780269866021
50287776319
1780269867021
50299880945
1780269868020
50311837650
1780269869020
50323718865
1780269870019
50335683312
1780269871020
50347582428
1780269872019
50359575884
1780269873019
50371472139
1780269874020
50383334703
1780269875019
50395288517
1780269876020
50407185368
1780269877020
50419032204
1780269878019
50430981596
1780269879018
50443808305
1780269880080
50455090387
1780269881021
50467178259
1780269882021
50479167860
1780269883020
50491162050
1780269884020
50503197627
1780269885020
50515140929
1780269886019
50527162261
1780269887020
50539114208
1780269888021
50550944306
1780269889023
50562735771
1780269890020
50574689325
1780269891021
50586667480
1780269892022
50598715680
1780269893021
50610630738
1780269894020
50622683895
1780269895021
50634722623
1780269896022
50646664258
1780269897020
50658601624
1780269898020
50670498200
1780269899019
50682398341
1780269900019
50694437529
1780269901023
50706360528
1780269902020
50718333084
1780269903021
50730274428
1780269904021
50742296663
1780269905022
50754285054
1780269906018
50766219804
1780269907022
50778044532
1780269908019
50789908090
1780269909022
50801757405
1780269910020
50813646622
1780269911020
50825629674
1780269912022
50837583977
1780269913020
50849469598
1780269914021
50861407729
1780269915020
50873264372
1780269916020
50885265692
1780269917020
50897204160
1780269918020
50909180510
1780269919020
50921236451
1780269920020
50933268555
1780269921021
50945307008
1780269922020
50957306140
1780269923022
50969259403
1780269924019
50981152720
1780269925015
50993235956
1780269926021
51005230682
1780269927020
51017184801
1780269928020
51029112559
1780269929019
51041093760
1780269930020
51052940825
1780269931020
51064883898
1780269932020
51077008215
1780269933019
51088915348
1780269934021
51100882227
1780269935018
51112926525
1780269936020
51124895317
1780269937020
51136954135
1780269938019
51148934478
1780269939020
51160921218
1780269940021
51172875765
1780269941020
51184892431
1780269942020
51197018492
1780269943020
51208990589
1780269944020
51221066038
1780269945019
51233002363
1780269946018
51245104388
1780269947020
51257229271
1780269948021
51269133757
1780269949019
51281106787
1780269950020
51293015389
1780269951021
51304858798
1780269952020
51316837183
1780269953019
51328702945
1780269954020
51340813859
1780269955023
51352868745
1780269956019
51364795217
1780269957020
51376698954
1780269958020
51388592699
1780269959019
51400430462
1780269960019
51412331200
1780269961020
51424444332
1780269962019
51436471203
1780269963020
51448412976
1780269964021
51460313438
1780269965024
51472242818
1780269966019
51480128728
1780269967021
51488073116
1780269968019
51496066876
1780269969019
51505247519
1780269970021
51513983436
1780269971023
51522914796
1780269972021
51530341737
1780269973021
51541265493
1780269974019
51553258200
1780269975020
51565168500
1780269976023
51577063515
1780269977019
51588971689
1780269978020
51600944214
1780269979019
51612912135
1780269980019
51624793656
1780269981020
51636701646
1780269982020
51648610355
1780269983020
51660493635
1780269984020
51672543915
1780269985019
51684490476
1780269986020
51696523467
1780269987019
51708386307
1780269988019
51720363392
1780269989019
51732312187
1780269990019
51744286579
1780269991020
51756235114
1780269992020
51768259950
1780269993019
51780245159
1780269994019
51792315528
1780269995020
51804474010
1780269996020
51816334340
1780269997020
51828202535
1780269998021
51840139779
1780269999020
51852201855
1780270000020
51864241272
1780270001023
51876307494
1780270002021
51888398840
1780270003020
51900394988
1780270004015
51912431667
1780270005021
51924333812
1780270006019
51936294755
1780270007019
51948181647
1780270008020
51960134328
1780270009019
51972236138
1780270010021
51984235163
1780270011021
51996189359
1780270012019
52008168693
1780270013020
52020220381
1780270014023
52032216315
1780270015020
52044169471
1780270016019
52055994963
1780270017020
52067979774
1780270018020
52080022710
1780270019020
52092012938
1780270020020
52104036764
1780270021020
52115981551
1780270022019
52128074640
1780270023020
52140055428
1780270024019
52152029865
1780270025020
52163961494
1780270026019
52175876706
1780270027018
52187825776
1780270028019
52199756517
1780270029019
52212389941
1780270030080
52223647360
1780270031021
52235544303
1780270032018
52247554758
1780270033019
52259443546
1780270034020
52271527149
1780270035020
52283543341
1780270036019
52295595656
1780270037020
52307460791
1780270038021
52319332229
1780270039019
52331348895
1780270040019
52343278167
1780270041019
52355131353
1780270042019
52367144408
1780270043019
52379126603
1780270044020
52391048699
1780270045021
52403001289
1780270046020
52414975084
1780270047020
52426815295
1780270048020
52438800060
1780270049020
52450782393
1780270050020
52462816348
1780270051020
52474848941
1780270052019
52486980464
1780270053023
52498800326
1780270054020
52510755272
1780270055020
52522805124
1780270056020
52534728674
1780270057019
52546649363
1780270058020
52558749765
1780270059021
52570729788
1780270060021
52582624559
1780270061020
52594668382
1780270062020
52606706896
1780270063021
52618703473
1780270064020
52630629487
1780270065019
52642567954
1780270066020
52654581790
1780270067020
52666494859
1780270068020
52678348840
1780270069021
52690208299
1780270070022
52702087188
1780270071019
52713987635
1780270072020
52726030173
1780270073021
52737964464
1780270074020
52750802924
1780270075083
52762067656
1780270076019
52774012886
1780270077020
52785975038
1780270078020
52797886073
1780270079019
52809777110
1780270080020
52821687166
1780270081021
52833611634
1780270082019
52845638994
1780270083019
52857635327
1780270084020
52869633954
1780270085019
52881537951
1780270086020
52893487021
1780270087020
52905353563
1780270088021
52917387564
1780270089019
52930158551
1780270090082
52941449706
1780270091023
52953450001
1780270092022
52965390672
1780270093020
52977351232
1780270094019
52989450120
1780270095022
53001638146
1780270096022
53013630118
1780270097020
53025753624
1780270098022
53037627510
1780270099019
53049586510
1780270100020
53061489314
1780270101019
53073420651
1780270102019
53085487517
1780270103019
53097439142
1780270104023
53109420557
1780270105019
53121499509
1780270106019
53133513543
1780270107019
53145499257
1780270108020
53157546998
1780270109020
53169579453
1780270110019
53181587673
1780270111024
53193618783
1780270112021
53205769170
1780270113023
53217718272
1780270114019
53229825315
1780270115019
53241736686
1780270116020
53253710619
1780270117019
53265679289
1780270118020
53277755517
1780270119021
53289874433
1780270120020
53301820673
1780270121019
53314030395
1780270122024
53325968235
1780270123019
53337884502
1780270124020
53349915856
1780270125020
53362002810
1780270126019
53374031288
1780270127021
53386053125
1780270128021
53398027655
1780270129023
53410083948
1780270130021
53421977142
1780270131022
53433882103
1780270132019
53445905134
1780270133019
53457775975
1780270134019
53469787791
1780270135020
53481717094
1780270136015
53493710443
1780270137019
53505633809
1780270138018
53517465039
1780270139023
53529471087
1780270140020
53541475467
1780270141022
53553382386
1780270142021
53565475322
1780270143020
53577473812
1780270144018
53589406251
1780270145019
53601415221
1780270146019
53613440516
1780270147020
53625342310
1780270148019
53637231817
1780270149021
53650037734
1780270150082
53661271575
1780270151020
53673208146
1780270152019
53685256544
1780270153021
53697202738
1780270154019
53709329625
1780270155020
53721229093
1780270156023
53733105198
1780270157019
53745200582
1780270158020
53757199316
1780270159019
53769222913
1780270160020
53781109973
1780270161019
53793091510
1780270162021
53805179229
1780270163021
53817030991
1780270164021
53829738972
1780270165083
53840959702
1780270166022
53852929152
1780270167020
53864836300
1780270168020
53876723850
1780270169020
53888689016
1780270170019
53900690611
1780270171019
53912617068
1780270172020
53924668939
1780270173020
53936526577
1780270174020
53948552316
1780270175020
53960524505
1780270176019
53972395560
1780270177020
53984381305
1780270178019
53996250601
1780270179020
54008961336
1780270180084
54020216904
1780270181020
54032066754
1780270182019
54044158665
1780270183020
54056120542
1780270184020
54068229864
1780270185020
54080175447
1780270186021
54092085686
1780270187021
54104044961
1780270188021
54115910999
1780270189020
54127851042
1780270190020
54139744053
1780270191020
54151697683
1780270192019
54163754007
1780270193023
54175613695
1780270194021
54187570997
1780270195023
54199520480
1780270196020
54211507969
1780270197020
54223379055
1780270198019
54235441591
1780270199019
54247502565
1780270200020
54259522123
1780270201021
54271517491
1780270202020
54283531740
1780270203021
54295530780
1780270204020
54307584747
1780270205021
54319439509
1780270206019
54331363120
1780270207019
54343229831
1780270208020
54355112407
1780270209023
54367787539
1780270210082
54378986451
1780270211019
54391078224
1780270212021
54403158783
1780270213019
54415006812
1780270214019
54427027793
1780270215015
54439062299
1780270216019
54450928015
1780270217019
54462878615
1780270218022
54474715873
1780270219021
54486662435
1780270220020
54498583231
1780270221019
54510541986
1780270222021
54522632888
1780270223019
54534630276
1780270224018
54546619310
1780270225019
54558669192
1780270226022
54570572821
1780270227019
54582470851
1780270228017
54594416907
1780270229020
54606346425
1780270230019
54618327120
1780270231021
54630353211
1780270232021
54642350507
1780270233020
54654202989
1780270234020
54666156802
1780270235020
54678111488
1780270236019
54690063006
1780270237021
54702079305
1780270238020
54713970954
1780270239021
54725976451
1780270240020
54738045015
1780270241020
54750025818
1780270242020
54761992529
1780270243020
54773880415
1780270244019
54785923779
1780270245020
54797910534
1780270246019
54809840066
1780270247017
54821829238
1780270248020
54833697891
1780270249019
54845644223
1780270250020
54857686073
1780270251022
54869772629
1780270252021
54881825847
1780270253020
54893714697
1780270254020
54906485163
1780270255084
54917705372
1780270256020
54929652132
1780270257021
54941618277
1780270258020
54953649555
1780270259020
54965579485
1780270260020
54977531187
1780270261021
54989658304
1780270262020
55001745135
1780270263019
55013703876
1780270264020
55025689146
1780270265021
55037641934
1780270266021
55049595763
1780270267019
55061519298
1780270268019
55073509173
1780270269022
55087313231
1780270270173
55097516817
1780270271020
55109582320
1780270272020
55121606162
1780270273019
55133566172
1780270274021
55145556981
1780270275019
55157461926
1780270276020
55169450929
1780270277022
55181394431
1780270278019
55193363085
1780270279022
55205319729
1780270280020
55217263582
1780270281019
55229285052
1780270282019
55241381125
1780270283022
55253243690
1780270284020
55265261166
1780270285020
55277356383
1780270286022
55289232441
1780270287020
55301311669
1780270288019
55313278182
1780270289019
55325303048
1780270290020
55337314252
1780270291020
55349385371
1780270292020
55361589003
1780270293021
55373579184
1780270294021
55385543799
1780270295020
55397644921
1780270296020
55409630406
1780270297021
55421662188
1780270298020
55433639548
1780270299019
55447487471
1780270300173
55457642678
1780270301020
55469649644
1780270302022
55481825078
1780270303022
55493748215
1780270304020
55505697683
1780270305019
55517737115
1780270306020
55529647094
1780270307020
55541562367
1780270308019
55553374028
1780270309020
55565326434
1780270310019
55577202049
1780270311020
55589256981
1780270312020
55601349871
1780270313019
55613408474
1780270314019
55625521316
1780270315019
55637377164
1780270316020
55649405259
1780270317019
55661386077
1780270318018
55673263436
1780270319021
55685357581
1780270320020
55697401328
1780270321021
55709369217
1780270322020
55721506707
1780270323019
55733667958
1780270324019
55745773425
1780270325022
55757756110
1780270326021
55769691472
1780270327020
55781675809
1780270328019
55793592612
1780270329020
55806344259
1780270330081
55817497209
1780270331020
55829458290
1780270332019
55841510054
1780270333023
55853478311
1780270334022
55865379707
1780270335021
55877431302
1780270336020
55889516604
1780270337020
55901697913
1780270338020
55913535095
1780270339019
55925594111
1780270340020
55937522603
1780270341019
55949618294
1780270342021
55961754422
1780270343020
55973772756
1780270344019
55986688404
1780270345083
55997928487
1780270346021
56009838543
1780270347019
56021830178
1780270348023
56033876618
1780270349021
56045934639
1780270350020
56057784199
1780270351019
56069804353
1780270352019
56081933244
1780270353019
56093841724
1780270354021
56105840091
1780270355022
56117762111
1780270356019
56129690588
1780270357019
56141599649
1780270358020
56153527177
1780270359020
56165535275
1780270360019
56177570622
1780270361019
56189575782
1780270362020
56201637752
1780270363019
56213595023
1780270364020
56225731702
1780270365019
56237747664
1780270366020
56249604139
1780270367020
56261530856
1780270368019
56273396542
1780270369020
56285212594
1780270370021
56297198828
1780270371021
56309316566
1780270372020
56321280891
1780270373019
56333266620
1780270374019
56345212156
1780270375019
56357195376
1780270376019
56369098944
1780270377021
56381184644
1780270378021
56393142849
1780270379019
56405169643
1780270380022
56417139782
1780270381020
56429159737
1780270382020
56441219580
1780270383022
56453084378
1780270384021
56465101059
1780270385019
56477073982
1780270386020
56489061180
1780270387022
56501004161
1780270388019
56512912549
1780270389020
56526792066
1780270390172
56536933641
1780270391020
56548900704
1780270392021
56560949240
1780270393019
56572752915
1780270394021
56584717423
1780270395019
56596659639
1780270396018
56608518011
1780270397020
56620439159
1780270398020
56632282874
1780270399020
56644302294
1780270400020
56656348397
1780270401020
56668437248
1780270402020
56680489869
1780270403021
56692399741
1780270404019
56704460654
1780270405020
56716545497
1780270406020
56728609409
1780270407020
56740506047
1780270408021
56752381417
1780270409019
56764335246
1780270410020
56776357512
1780270411020
56788470124
1780270412019
56800591059
1780270413020
56812564273
1780270414020
56824649253
1780270415019
56836561910
1780270416019
56848538153
1780270417021
56860357985
1780270418019
56872270458
1780270419020
56884990373
1780270420080
56896157736
1780270421019
56908206776
1780270422017
56920139139
1780270423020
56932102010
1780270424019
56944169334
1780270425020
56956204926
1780270426022
56968264035
1780270427020
56980331496
1780270428019
56992248468
1780270429020
57004215898
1780270430020
57016001610
1780270431019
57028039191
1780270432019
57040004036
1780270433019
57051841646
1780270434019
57063872740
1780270435019
57075768276
1780270436022
57087529034
1780270437020
57099394322
1780270438020
57111279775
1780270439020
57123156400
1780270440020
57135082245
1780270441020
57146953102
1780270442019
57159022996
1780270443018
57171096502
1780270444019
57183093522
1780270445020
57195047106
1780270446020
57206879775
1780270447018
57218842768
1780270448020
57230869654
1780270449019
57243566237
1780270450083
57254794173
1780270451020
57266611449
1780270452020
57278735337
1780270453019
57290748224
1780270454023
57302679378
1780270455020
57314550969
1780270456021
57326368521
1780270457020
57338265189
1780270458020
57350096067
1780270459021
57362059581
1780270460020
57374148891
1780270461020
57386048267
1780270462019
57398216571
1780270463021
57410291148
1780270464021
57422397089
1780270465020
57434322246
1780270466019
57446273826
1780270467022
57458218398
1780270468019
57470233044
1780270469019
57482222797
1780270470020
57494214494
1780270471020
57506112630
1780270472019
57518280063
1780270473020
57530228215
1780270474019
57542339389
1780270475020
57554328699
1780270476019
57566171511
1780270477021
57578077114
1780270478020
57590085365
1780270479020
57602087159
1780270480020
57614114673
1780270481020
57626247557
1780270482020
57638370007
1780270483020
57650266721
1780270484020
57662304761
1780270485020
57674157044
1780270486021
57686014024
1780270487019
57697939134
1780270488021
57709965026
1780270489022
57721808680
1780270490019
57733876417
1780270491022
57745788905
1780270492020
57757752128
1780270493020
57769577452
1780270494021
57781486131
1780270495021
57793471447
1780270496020
57805515775
1780270497023
57817371057
1780270498019
57829359234
1780270499019
57841331071
1780270500019
57853155064
1780270501020
57865088146
1780270502020
57877271307
1780270503020
57889067469
1780270504019
57901193055
1780270505020
57913087887
1780270506019
57924940048
1780270507019
57936891459
1780270508019
57948712744
1780270509019
57960780481
1780270510020
57972858837
1780270511020
57984816506
1780270512020
57996852557
1780270513019
58008936038
1780270514020
58020806925
1780270515021
58032580000
1780270516019
58044578857
1780270517019
58056598827
1780270518020
58068507261
1780270519019
58080466598
1780270520020
58092316907
1780270521020
58104317202
1780270522025
58116285826
1780270523020
58128412346
1780270524024
58140458862
1780270525020
58152514099
1780270526019
58164522289
1780270527020
58176451500
1780270528022
58188388070
1780270529019
58200381832
1780270530020
58212310661
1780270531020
58224271191
1780270532019
58236295752
1780270533020
58248248525
1780270534024
58260143831
1780270535022
58272019354
1780270536021
58283944633
1780270537020
58295751077
1780270538019
58307566502
1780270539020
58319574202
1780270540020
58331690640
1780270541020
58343697605
1780270542022
58355845668
1780270543023
58367596618
1780270544020
58379583969
1780270545019
58391514053
1780270546020
58403499415
1780270547023
58415457589
1780270548021
58427287748
1780270549021
58439017952
1780270550022
58450882077
1780270551020
58462860523
1780270552022
58474817748
1780270553021
58486601747
1780270554021
58498622559
1780270555019
58510692439
1780270556019
58522523669
1780270557020
58534263083
1780270558016
58546136067
1780270559020
58558158684
1780270560019
58569987987
1780270561019
58581897950
1780270562020
58593916513
1780270563019
58605786850
1780270564020
58617868893
1780270565021
58629906581
1780270566021
58641856799
1780270567020
58653843691
1780270568019
58665821021
1780270569021
58677705219
1780270570020
58689583451
1780270571025
58701566028
1780270572021
58709777247
1780270573022
58718829110
1780270574023
58728038792
1780270575024
58736226097
1780270576023
58745717039
1780270577023
58756256903
1780270578021
58768369332
1780270579019
58780179065
1780270580017
58792129390
1780270581019
58804056674
1780270582021
58816105515
1780270583020
58828124385
1780270584020
58840905255
1780270585080
58852276934
1780270586021
58864286317
1780270587020
58876130674
1780270588020
58888165042
1780270589021
58900104244
1780270590021
58912047317
1780270591019
58924129559
1780270592020
58936189141
1780270593023
58948106158
1780270594020
58960047502
1780270595020
58972027586
1780270596014
58983981996
1780270597020
58995917633
1780270598022
59007901144
1780270599020
59019925276
1780270600019
59031959109
1780270601021
59043993370
1780270602019
59056082435
1780270603019
59068099897
1780270604019
59080143093
1780270605019
59092043678
1780270606020
59103939657
1780270607015
59115895643
1780270608021
59127782779
1780270609019
59139669686
1780270610019
59151744002
1780270611021
59163754518
1780270612020
59175694775
1780270613020
59187655474
1780270614020
59199587699
1780270615021
59211692814
1780270616020
59223621597
1780270617019
59235398435
1780270618019
59247318069
1780270619020
59259191572
1780270620020
59271122635
1780270621019
59283069288
1780270622019
59295172521
1780270623020
59307111631
1780270624019
59319153542
1780270625019
59331187314
1780270626020
59343131763
1780270627019
59355159491
1780270628020
59367275133
1780270629020
59379189671
1780270630022
59391048472
1780270631019
59403135579
1780270632020
59415097226
1780270633021
59426911136
1780270634020
59438913634
1780270635021
59450949180
1780270636020
59462843339
1780270637020
59474823637
1780270638020
59486824926
1780270639022
59498611496
1780270640019
59510691549
1780270641020
59522837822
1780270642022
59534951291
1780270643020
59546885719
1780270644020
59558923989
1780270645019
59570880939
1780270646021
59582840367
1780270647020
59594669363
1780270648019
59606651007
1780270649020
59618718775
1780270650020
59630701613
1780270651020
59642831835
1780270652022
59655034748
1780270653020
59666984951
1780270654020
59678923174
1780270655020
59690840971
1780270656021
59702715010
1780270657021
59714580864
1780270658020
59726663687
1780270659020
59739387795
1780270660081
59750630372
1780270661020
59762503249
1780270662019
59774570665
1780270663021
59786396019
1780270664019
59798394188
1780270665020
59810426551
1780270666022
59822398618
1780270667019
59834376513
1780270668019
59846310942
1780270669019
59858295845
1780270670017
59870373925
1780270671022
59882352785
1780270672020
59894520324
1780270673020
59906587709
1780270674023
59918467394
1780270675021
59930334533
1780270676021
59942167171
1780270677020
59954019040
1780270678021
59965961578
1780270679022
59977852248
1780270680019
59989718133
1780270681021
60001661619
1780270682021
60013761073
1780270683022
60025679176
1780270684020
60037643042
1780270685019
60049684815
1780270686018
60061657860
1780270687020
60073545945
1780270688020
60085460621
1780270689019
60098265941
1780270690084
60109715834
1780270691018
60121790211
1780270692020
60133868322
1780270693020
60145721293
1780270694019
60157687851
1780270695020
60169563666
1780270696019
60181676431
1780270697020
60193708320
1780270698019
60205546328
1780270699019
60217523489
1780270700020
60229564299
1780270701020
60241600518
1780270702020
60253623166
1780270703020
60265554183
1780270704020
60278420733
1780270705080
60289694308
1780270706019
60301561172
1780270707020
60313427225
1780270708021
60325413750
1780270709019
60337299662
1780270710020
60349223778
1780270711020
60361101596
1780270712020
60373089605
1780270713020
60385021065
1780270714019
60396962486
1780270715021
60408918839
1780270716020
60420836820
1780270717020
60432680673
1780270718019
60444601469
1780270719020
60456468745
1780270720019
60468477042
1780270721018
60480462618
1780270722020
60492426928
1780270723018
60504398290
1780270724020
60516384372
1780270725020
60528311073
1780270726020
60540247491
1780270727020
60552258955
1780270728020
60564089649
1780270729021
60576043386
1780270730021
60587944093
1780270731020
60599845933
1780270732020
60611943903
1780270733023
60623793508
1780270734017
60635954269
1780270735020
60647930620
1780270736021
60659818567
1780270737020
60671757922
1780270738020
60683736307
1780270739022
60695688193
1780270740021
60707633622
1780270741020
60719651940
1780270742021
60731791312
1780270743019
60743765796
1780270744020
60755747302
1780270745020
60767895043
1780270746020
60779837520
1780270747020
60791926876
1780270748019
60803845744
1780270749019
60815757207
1780270750020
60827683374
1780270751020
60839644592
1780270752023
60851601221
1780270753019
60863580157
1780270754018
60875709752
1780270755020
60887786455
1780270756020
60899734960
1780270757020
60911810347
1780270758019
60923699044
1780270759019
60935549934
1780270760019
60947322091
1780270761018
60959344907
1780270762019
60971412752
1780270763019
60983276678
1780270764019
60995449985
1780270765020
61007493701
1780270766020
61019525545
1780270767020
61031494521
1780270768019
61043394830
1780270769019
61055326673
1780270770019
61067153802
1780270771019
61078996170
1780270772019
61091057528
1780270773020
61102938896
1780270774019
61114876415
1780270775020
61126795696
1780270776020
61138785924
1780270777019
61150760729
1780270778022
61162759432
1780270779020
61175551120
1780270780081
61186810849
1780270781019
61198951032
1780270782020
61211111976
1780270783019
61223151944
1780270784023
61235049301
1780270785020
61247005057
1780270786019
61258910859
1780270787020
61270890346
1780270788015
61282775907
1780270789020
61294664664
1780270790020
61306594778
1780270791021
61318561842
1780270792019
61330528935
1780270793020
61342491654
1780270794021
61354468310
1780270795020
61366408292
1780270796020
61378399025
1780270797019
61390363885
1780270798019
61402179891
1780270799016
61414228519
1780270800020
61426086952
1780270801020
61438162064
1780270802019
61450272090
1780270803020
61462167703
1780270804020
61474302576
1780270805021
61486250025
1780270806021
61498169108
1780270807019
61510086936
1780270808021
61521905298
1780270809019
61534535418
1780270810084
61545702413
1780270811020
61557632114
1780270812020
61569652590
1780270813019
61581663487
1780270814020
61593606025
1780270815021
61605537378
1780270816020
61617314476
1780270817019
61629111970
1780270818017
61641075132
1780270819020
61653232925
1780270820020
61665127191
1780270821020
61677045783
1780270822021
61689104509
1780270823020
61701113831
1780270824023
61713133358
1780270825020
61725153359
1780270826021
61737105367
1780270827021
61749153505
1780270828023
61761049883
1780270829020
61773092207
1780270830021
61784943571
1780270831021
61796796328
1780270832021
61808883696
1780270833019
61820858103
1780270834020
61832811733
1780270835020
61844803903
1780270836020
61856667141
1780270837021
61868509433
1780270838020
61880572611
1780270839019
61894542429
1780270840176
61904547848
1780270841020
61916473877
1780270842020
61928422886
1780270843020
61940229927
1780270844020
61952198841
1780270845020
61964045065
1780270846020
61975843645
1780270847020
61987799922
1780270848019
61999629714
1780270849020
62011436433
1780270850016
62023370173
1780270851020
62035213398
1780270852019
62047217227
1780270853020
62059150998
1780270854019
62071075481
1780270855019
62083002106
1780270856018
62095043160
1780270857020
62107033878
1780270858020
62118979123
1780270859021
62130984865
1780270860021
62142981748
1780270861023
62155092157
1780270862020
62167303209
1780270863020
62179399251
1780270864020
62191362337
1780270865019
62203379783
1780270866019
62215268740
1780270867020
62227052371
1780270868019
62239026855
1780270869019
62251054093
1780270870019
62263062421
1780270871021
62274985910
1780270872019
62286907073
1780270873020
62298851844
1780270874020
62311015803
1780270875023
62322791846
1780270876019
62334712015
1780270877019
62346656434
1780270878021
62358655474
1780270879021
62370539382
1780270880019
62382436417
1780270881022
62394284324
1780270882020
62406361379
1780270883020
62418286628
1780270884022
62430234474
1780270885019
62442155836
1780270886020
62453971537
1780270887019
62465889579
1780270888019
62477882836
1780270889022
62489835945
1780270890019
62501758547
1780270891023
62513741109
1780270892019
62525742322
1780270893020
62537697252
1780270894020
62549613627
1780270895020
62561478654
1780270896019
62573372201
1780270897024
62585179915
1780270898022
62597187569
1780270899019
62609813083
1780270900083
62620922306
1780270901020
62632919067
1780270902022
62644838058
1780270903020
62656744257
1780270904020
62668702324
1780270905021
62680615272
1780270906022
62692470018
1780270907020
62704439559
1780270908020
62716337956
1780270909019
62728194263
1780270910020
62740240871
1780270911022
62752236071
1780270912020
62764417166
1780270913022
62776354134
1780270914019
62788399289
1780270915020
62800436625
1780270916019
62812297720
1780270917019
62824212611
1780270918019
62836036129
1780270919020
62848013688
1780270920019
62859949983
1780270921020
62871988253
1780270922020
62884032887
1780270923020
62895875684
1780270924022
62907843895
1780270925020
62919770153
1780270926019
62931636405
1780270927020
62943626372
1780270928023
62955607205
1780270929019
62969542874
1780270930172
62979741180
1780270931021
62991825564
1780270932021
63003919587
1780270933020
63015940858
1780270934022
63027863031
1780270935021
63039736963
1780270936019
63051606321
1780270937020
63063651567
1780270938021
63075611195
1780270939021
63087464977
1780270940019
63099360666
1780270941020
63111299485
1780270942020
63123203528
1780270943019
63135129786
1780270944019
63147132743
1780270945019
63159050387
1780270946020
63171011682
1780270947020
63183114824
1780270948019
63195156903
1780270949020
63207170983
1780270950023
63219075118
1780270951019
63230874646
1780270952020
63242857009
1780270953022
63254648735
1780270954020
63266657659
1780270955023
63278658642
1780270956021
63290509747
1780270957019
63302547924
1780270958023
63314472561
1780270959020
63326461717
1780270960022
63338476471
1780270961020
63350497895
1780270962021
63362473603
1780270963020
63374364778
1780270964021
63386405450
1780270965020
63398332488
1780270966019
63410274658
1780270967019
63422220929
1780270968023
63434102649
1780270969021
63445918028
1780270970019
63457860229
1780270971020
63469885891
1780270972021
63481930097
1780270973020
63494009845
1780270974020
63506102735
1780270975020
63517980753
1780270976019
63529917032
1780270977022
63541855561
1780270978020
63553805351
1780270979020
63565923134
1780270980022
63577797051
1780270981024
63589717924
1780270982020
63601762038
1780270983023
63613738817
1780270984023
63625699439
1780270985020
63637672622
1780270986022
63649559513
1780270987020
63661436888
1780270988021
63673410989
1780270989020
63686102140
1780270990082
63697219549
1780270991019
63709229789
1780270992019
63721271592
1780270993021
63733115445
1780270994020
63745103316
1780270995020
63757028855
1780270996020
63768978890
1780270997021
63780904123
1780270998020
63792723143
1780270999016
63804659362
1780271000021
63816580357
1780271001019
63828457441
1780271002020
63840570818
1780271003026
63852425457
1780271004020
63865232720
1780271005081
63876486742
1780271006021
63888251141
1780271007019
63900171432
1780271008023
63912238803
1780271009019
63924296029
1780271010016
63936309084
1780271011021
63948289519
1780271012020
63960410837
1780271013019
63972411515
1780271014021
63984440283
1780271015020
63996489033
1780271016021
64008483973
1780271017022
64020453622
1780271018019
64032392839
1780271019019
64045191763
1780271020083
64056339405
1780271021021
64068346003
1780271022021
64080300658
1780271023020
64092275953
1780271024020
64104265782
1780271025019
64116277644
1780271026019
64128176515
1780271027019
64140121011
1780271028020
64151957902
1780271029020
64164034620
1780271030019
64175951178
1780271031021
64187857363
1780271032020
64199907062
1780271033020
64211815679
1780271034019
64223856167
1780271035020
64235789815
1780271036020
64247843507
1780271037020
64259764762
1780271038022
64271684365
1780271039018
64283612903
1780271040019
64295628192
1780271041020
64307542500
1780271042020
64319606336
1780271043023
64331564158
1780271044020
64343706697
1780271045020
64355648256
1780271046019
64367536952
1780271047021
64379537186
1780271048020
64391512297
1780271049019
64403570028
1780271050023
64415486357
1780271051020
64427545098
1780271052021
64439567547
1780271053020
64451577374
1780271054021
64463603418
1780271055020
64475511363
1780271056020
64487444200
1780271057020
64499462334
1780271058020
64511405775
1780271059020
64523499461
1780271060022
64535632039
1780271061021
64547649654
1780271062019
64559739438
1780271063019
64571611948
1780271064021
64583659030
1780271065020
64595623599
1780271066022
64607503927
1780271067019
64619533476
1780271068020
64631421698
1780271069023
64643368978
1780271070019
64655366106
1780271071023
64667386199
1780271072020
64679457624
1780271073020
64691346519
1780271074019
64703415894
1780271075019
64715437456
1780271076020
64727482518
1780271077021
64739407797
1780271078021
64751310494
1780271079020
64763289460
1780271080020
64775234339
1780271081022
64787111300
1780271082020
64799204910
1780271083020
64811252880
1780271084021
64823194499
1780271085019
64835120895
1780271086021
64846972872
1780271087021
64858962395
1780271088019
64870903219
1780271089020
64882857017
1780271090019
64894716675
1780271091020
64906573608
1780271092022
64918541529
1780271093020
64930444990
1780271094021
64942448482
1780271095022
64954483478
1780271096020
64966508712
1780271097019
64978481436
1780271098019
64990542196
1780271099019
65002523565
1780271100020
65014393229
1780271101020
65026387480
1780271102023
65038567565
1780271103020
65050585256
1780271104022
65062568415
1780271105020
65074536335
1780271106022
65086441617
1780271107020
65098376703
1780271108019
65110245694
1780271109020
65122185049
1780271110019
65134290026
1780271111021
65146421748
1780271112020
65158562344
1780271113020
65170330752
1780271114019
65182371837
1780271115021
65194336452
1780271116020
65206347809
1780271117021
65218379178
1780271118021
65230442922
1780271119019
65242589256
1780271120018
65254458552
1780271121020
65266530573
1780271122020
65278647622
1780271123021
65290536426
1780271124020
65302669387
1780271125022
65314789344
1780271126021
65326689576
1780271127020
65338746986
1780271128022
65350658419
1780271129019
65362660626
1780271130019
65374534849
1780271131020
65386500887
1780271132019
65398734553
1780271133019
65410616594
1780271134020
65422582587
1780271135021
65434428688
1780271136020
65446329487
1780271137020
65458240843
1780271138020
65470053698
1780271139020
65482761342
1780271140081
65494047708
1780271141020
65506057857
1780271142019
65518136273
1780271143018
65530027280
1780271144019
65542093763
1780271145019
65554099183
1780271146020
65566221603
1780271147023
65578229869
1780271148019
65590224442
1780271149019
65602187007
1780271150019
65614221956
1780271151020
65626221425
1780271152020
65638246353
1780271153019
65650183505
1780271154019
65662791837
1780271155084
65674101413
1780271156020
65685965018
1780271157020
65697848727
1780271158019
65709811215
1780271159020
8882476
1780271160020
20911213
1780271161021
32901655
1780271162020
45076049
1780271163019
57072748
1780271164020
69148962
1780271165021
81151414
1780271166019
93114162
1780271167023
105051054
1780271168020
116933922
1780271169019
129617163
1780271170080
140829094
1780271171020
152828441
1780271172019
164953109
1780271173021
176839419
1780271174021
188849062
1780271175019
200864458
1780271176021
212780496
1780271177019
223539349
1780271178020
231269659
1780271179019
239863149
1780271180019
248374676
1780271181021
255939532
1780271182022
265136698
1780271183019
277222413
1780271184019
289235392
1780271185020
301237002
1780271186022
313239990
1780271187020
325107833
1780271188021
336959886
1780271189020
348928785
1780271190020
361023543
1780271191018
372996894
1780271192020
384952697
1780271193020
396814878
1780271194021
408734879
1780271195021
420549631
1780271196019
432621208
1780271197021
444494008
1780271198021
456420511
1780271199020
468377798
1780271200019
480383570
1780271201020
492454521
1780271202021
504493708
1780271203020
516391845
1780271204019
528415595
1780271205021
540330057
1780271206020
552279525
1780271207020
564191646
1780271208019
576217706
1780271209020
588206862
1780271210020
600089439
1780271211020
612021435
1780271212019
624047464
1780271213020
635907871
1780271214020
647931698
1780271215019
659880906
1780271216019
671811922
1780271217020
683679949
1780271218019
695546445
1780271219018
707558965
1780271220020
719556888
1780271221019
731388072
1780271222021
743440479
1780271223019
755439871
1780271224022
767396454
1780271225019
779399212
1780271226019
791334711
1780271227019
803211245
1780271228020
815131872
1780271229020
827187140
1780271230018
839235110
1780271231020
851192274
1780271232020
863276275
1780271233020
875218644
1780271234019
887338035
1780271235022
899305312
1780271236020
911226996
1780271237019
923229126
1780271238023
935095317
1780271239019
946943423
1780271240020
958965903
1780271241020
970889177
1780271242020
982959837
1780271243020
994955220
1780271244020
1007060244
1780271245020
1019141017
1780271246021
1031139797
1780271247020
1043109584
1780271248020
1055024505
1780271249018
1066996311
1780271250019
1079033555
1780271251022
1090910241
1780271252020
1102908792
1780271253021
1114833765
1780271254019
1126813803
1780271255020
1138734951
1780271256021
1150720619
1780271257019
1162660479
1780271258020
1174593821
1780271259020
1188359568
1780271260174
1198477320
1780271261021
1210377048
1780271262021
1222467628
1780271263020
1234429658
1780271264020
1246475256
1780271265019
1258499679
1780271266020
1270343654
1780271267019
1282257136
1780271268020
1294231391
1780271269019
1306068710
1780271270021
1318007009
1780271271021
1329935608
1780271272020
1341907705
1780271273020
1353815160
1780271274020
1365730739
1780271275019
1377770110
1780271276024
1389739835
1780271277021
1401532218
1780271278021
1413407543
1780271279019
1425355634
1780271280019
1437203373
1780271281020
1449106390
1780271282019
1461025274
1780271283020
1472910268
1780271284020
1484952929
1780271285022
1496900790
1780271286019
1508901804
1780271287020
1520823687
1780271288020
1532619130
1780271289019
1544586285
1780271290022
1556535784
1780271291020
1568580112
1780271292020
1580572589
1780271293019
1592414024
1780271294018
1604378731
1780271295022
1616276042
1780271296022
1628090258
1780271297020
1640033254
1780271298020
1651961211
1780271299019
1663801315
1780271300020
1675763926
1780271301020
1687607120
1780271302021
1699478191
1780271303020
1711397014
1780271304021
1723318468
1780271305019
1735274790
1780271306019
1747243506
1780271307019
1759075884
1780271308020
1770947766
1780271309019
1782794112
1780271310019
1794662919
1780271311018
1806646322
1780271312019
1818773638
1780271313022
1830848673
1780271314020
1842860244
1780271315020
1854748971
1780271316019
1866677372
1780271317019
1878591436
1780271318020
1890508545
1780271319021
1903069156
1780271320083
1914138783
1780271321020
1925972017
1780271322020
1937923183
1780271323020
1949898065
1780271324020
1961932907
1780271325019
1973892030
1780271326019
1985903325
1780271327022
1997910184
1780271328019
2009776925
1780271329020
2021636950
1780271330022
2033643992
1780271331020
2045492924
1780271332019
2057572197
1780271333020
2069630495
1780271334019
2081632167
1780271335019
2093623664
1780271336022
2105506195
1780271337019
2117406519
1780271338020
2129226336
1780271339023
2141075635
1780271340022
2153015326
1780271341020
2164988372
1780271342019
2177048260
1780271343020
2189057904
1780271344020
2201001068
1780271345022
2212993254
1780271346020
2224870017
1780271347020
2236756862
1780271348019
2248779006
1780271349021
2260695456
1780271350021
2272609735
1780271351019
2284547330
1780271352019
2296511823
1780271353021
2308375351
1780271354020
2320352803
1780271355023
2332221977
1780271356021
2344167804
1780271357020
2356099907
1780271358023
2367938052
1780271359019
2379892080
1780271360019
2391868675
1780271361020
2403876483
1780271362023
2415902451
1780271363021
2427766086
1780271364019
2439706267
1780271365021
2451779926
1780271366020
2463834184
1780271367021
2475876645
1780271368019
2487822289
1780271369020
2499851118
1780271370019
2511806584
1780271371020
2523767481
1780271372020
2535858352
1780271373019
2547804883
1780271374022
2559652254
1780271375020
2571695420
1780271376019
2583787897
1780271377020
2595656765
1780271378020
2607680194
1780271379021
2621586532
1780271380175
2631734288
1780271381019
2643701596
1780271382019
2655691303
1780271383019
2667695790
1780271384021
2679630203
1780271385020
2691702576
1780271386021
2703776985
1780271387020
2715723913
1780271388019
2727525262
1780271389019
2739477775
1780271390020
2751392619
1780271391019
2763443986
1780271392020
2775561173
1780271393021
2787506923
1780271394021
2799492209
1780271395021
2811572767
1780271396022
2823509215
1780271397020
2835450345
1780271398018
2847525304
1780271399020
2859585743
1780271400023
2871557045
1780271401020
2883605336
1780271402019
2895737455
1780271403018
2907676550
1780271404021
2919729064
1780271405019
2931860128
1780271406019
2943778675
1780271407020
2955670003
1780271408020
2967566121
1780271409019
2979682833
1780271410019
2991745414
1780271411019
3003770281
1780271412020
3015755092
1780271413019
3027653076
1780271414019
3039608573
1780271415020
3051601202
1780271416020
3063466995
1780271417019
3075460726
1780271418020
3087397924
1780271419020
3099256388
1780271420020
3111308091
1780271421020
3123361385
1780271422020
3135442815
1780271423020
3147437817
1780271424020
3159406318
1780271425020
3171371744
1780271426019
3183307228
1780271427019
3195406851
1780271428020
3207352265
1780271429021
3219344512
1780271430020
3231476815
1780271431022
3243446969
1780271432016
3255625356
1780271433020
3267556862
1780271434020
3279610340
1780271435021
3291652801
1780271436019
3303517951
1780271437020
3315377104
1780271438020
3327468434
1780271439021
3339450782
1780271440021
3351473415
1780271441021
3363379400
1780271442021
3375444751
1780271443021
3387287930
1780271444021
3399278035
1780271445020
3411295038
1780271446019
3423127905
1780271447020
3435044570
1780271448019
3446940916
1780271449021
3458890293
1780271450019
3470892485
1780271451020
3482955005
1780271452020
3494982870
1780271453018
3507042315
1780271454022
3519106595
1780271455019
3531175036
1780271456021
3543117665
1780271457020
3555063568
1780271458019
3567061599
1780271459020
3579050036
1780271460019
3590992757
1780271461021
3603031088
1780271462022
3615120352
1780271463020
3627105286
1780271464020
3639124461
1780271465020
3651128673
1780271466020
3663064830
1780271467019
3675017680
1780271468023
3686941490
1780271469020
3700769431
1780271470173
3711069758
1780271471020
3723116121
1780271472021
3735103381
1780271473019
3747199974
1780271474019
3759309312
1780271475022
3771146478
1780271476019
3783072843
1780271477020
3795029120
1780271478019
3806833789
1780271479020
3818723175
1780271480019
3830608704
1780271481022
3842731506
1780271482019
3854625420
1780271483020
3866445542
1780271484019
3878449234
1780271485020
3890460407
1780271486019
3902367096
1780271487024
3914293951
1780271488018
3926339901
1780271489019
3938276579
1780271490019
3950303909
1780271491022
3962240326
1780271492022
3974502465
1780271493020
3986479948
1780271494020
3998404110
1780271495020
4010370898
1780271496021
4022242137
1780271497019
4034090718
1780271498020
4046053068
1780271499019
4058012558
1780271500019
4069938388
1780271501020
4081978570
1780271502019
4093971628
1780271503020
4105904037
1780271504019
4117874833
1780271505019
4129779932
1780271506021
4141685657
1780271507019
4153613155
1780271508021
4165514397
1780271509020
4177399759
1780271510020
4189352807
1780271511021
4201342407
1780271512019
4213203763
1780271513020
4225172907
1780271514019
4237229322
1780271515019
4249347152
1780271516020
4261268881
1780271517019
4273195002
1780271518020
4285220634
1780271519020
4297131898
1780271520020
4308989597
1780271521019
4320872892
1780271522018
4332979308
1780271523019
4344871157
1780271524021
4356771910
1780271525021
4368747633
1780271526020
4380630516
1780271527020
4392503667
1780271528020
4404434592
1780271529020
4418155770
1780271530173
4428389817
1780271531023
4440401756
1780271532019
4452350337
1780271533019
4464324423
1780271534019
4476219790
1780271535019
4488148022
1780271536020
4500043619
1780271537021
4511918806
1780271538020
4523831569
1780271539021
4535704232
1780271540021
4547573696
1780271541020
4559531365
1780271542018
4571484414
1780271543020
4583410657
1780271544023
4595413063
1780271545019
4607339459
1780271546019
4619245644
1780271547021
4631091255
1780271548020
4642963229
1780271549021
4654926315
1780271550020
4666728398
1780271551019
4678668243
1780271552020
4690732476
1780271553020
4702663783
1780271554021
4714688375
1780271555020
4726704474
1780271556019
4738606620
1780271557022
4750758614
1780271558022
4762847205
1780271559020
4774749351
1780271560020
4786618433
1780271561021
4798687455
1780271562021
4810720370
1780271563021
4822624260
1780271564019
4834621204
1780271565020
4846552939
1780271566019
4858468335
1780271567024
4870345204
1780271568021
4882139775
1780271569023
4893935968
1780271570021
4905877236
1780271571023
4917739265
1780271572014
4929736102
1780271573019
4941737621
1780271574020
4953715578
1780271575019
4965563974
1780271576019
4977459801
1780271577019
4989315526
1780271578020
5001195410
1780271579020
5013095398
1780271580019
5024961206
1780271581021
5036929937
1780271582021
5048966355
1780271583019
5060898060
1780271584022
5072815413
1780271585020
5084707323
1780271586021
5096741033
1780271587023
5108726594
1780271588022
5120593611
1780271589021
5132655045
1780271590021
5144744385
1780271591021
5156651656
1780271592020
5168532474
1780271593021
5180514332
1780271594019
5192637991
1780271595019
5204717815
1780271596020
5216639330
1780271597020
5228642027
1780271598021
5240441892
1780271599019
5252273122
1780271600022
5264201308
1780271601023
5276072593
1780271602019
5288218621
1780271603022
5300246853
1780271604020
5312307247
1780271605022
5324295684
1780271606019
5336238344
1780271607022
5347991376
1780271608019
5359984617
1780271609024
5371916613
1780271610023
5383685358
1780271611021
5395628752
1780271612021
5407612859
1780271613019
5419538873
1780271614020
5431489611
1780271615019
5443556553
1780271616020
5455513334
1780271617019
5467388659
1780271618020
5479310755
1780271619019
5493180190
1780271620181
5503314069
1780271621023
5515282188
1780271622020
5527328581
1780271623020
5539159413
1780271624020
5551149687
1780271625021
5563091505
1780271626023
5574907175
1780271627021
5586838758
1780271628019
5598891027
1780271629019
5610852138
1780271630019
5622818895
1780271631019
5634801917
1780271632023
5646935918
1780271633021
5658969001
1780271634021
5670943760
1780271635021
5682958009
1780271636020
5694814790
1780271637020
5706592760
1780271638021
5718490836
1780271639019
5730365334
1780271640019
5742295570
1780271641020
5754239041
1780271642021
5766388098
1780271643018
5778491408
1780271644019
5790456727
1780271645019
5802402630
1780271646019
5814235956
1780271647019
5826070399
1780271648020
5837983622
1780271649019
5849855595
1780271650019
5861754329
1780271651021
5873764599
1780271652021
5885671289
1780271653020
5897627566
1780271654019
5909622184
1780271655019
5921717477
1780271656019
5933614390
1780271657019
5945498145
1780271658020
5957478045
1780271659022
5969317995
1780271660021
5981148185
1780271661019
5993081940
1780271662019
6005091828
1780271663019
6016963986
1780271664020
6028937184
1780271665022
6040834036
1780271666021
6052801757
1780271667020
6064650643
1780271668018
6076473045
1780271669018
6088339587
1780271670020
6100278789
1780271671022
6112332634
1780271672020
6124322097
1780271673020
6136223140
1780271674019
6148123771
1780271675020
6160073607
1780271676019
6171949834
1780271677021
6183931799
1780271678021
6195879217
1780271679019
6207732571
1780271680021
6219704867
1780271681021
6231678525
1780271682021
6243757813
1780271683020
6255796588
1780271684021
6267886051
1780271685024
6279783224
1780271686020
6291593416
1780271687020
6303596725
1780271688020
6315576702
1780271689021
6327565308
1780271690020
6339556805
1780271691019
6351544737
1780271692020
6363536571
1780271693019
6375377961
1780271694019
6387376129
1780271695019
6399359471
1780271696022
6411163100
1780271697021
6422982763
1780271698019
6434749580
1780271699019
6446672487
1780271700021
6458521878
1780271701022
6470427405
1780271702019
6482491348
1780271703020
6494689044
1780271704019
6506635697
1780271705019
6518583222
1780271706019
6530425881
1780271707019
6542339027
1780271708021
6554199128
1780271709020
6567869005
1780271710173
6577985747
1780271711021
6589795389
1780271712019
6601733382
1780271713021
6613731000
1780271714021
6625652897
1780271715021
6637614407
1780271716021
6649553104
1780271717021
6661368942
1780271718023
6673273551
1780271719020
6685190552
1780271720021
6697169641
1780271721020
6709198930
1780271722022
6721164341
1780271723019
6733119164
1780271724021
6745118449
1780271725019
6757024756
1780271726019
6769006431
1780271727020
6780862340
1780271728019
6792771753
1780271729019
6804763556
1780271730022
6816582821
1780271731021
6828564129
1780271732020
6840622656
1780271733020
6852655264
1780271734020
6864517629
1780271735020
6876506419
1780271736020
6888455428
1780271737021
6900382620
1780271738022
6912385638
1780271739021
6925045087
1780271740084
6936207447
1780271741021
6948164198
1780271742020
6960233817
1780271743021
6972186193
1780271744019
6984073130
1780271745021
6995963663
1780271746022
7007729837
1780271747020
7019587337
1780271748021
7031431587
1780271749019
7043233487
1780271750020
7055164748
1780271751021
7067077772
1780271752020
7079039633
1780271753020
7090975179
1780271754019
7102956287
1780271755019
7114938360
1780271756022
7126854107
1780271757019
7138895375
1780271758019
7150889474
1780271759019
7162981844
1780271760021
7174881694
1780271761021
7187019353
1780271762021
7199093103
1780271763022
7211034875
1780271764021
7223031697
1780271765020
7234842440
1780271766019
7246810620
1780271767020
7258708543
1780271768019
7270557077
1780271769020
7284343158
1780271770173
7294406763
1780271771020
7306360531
1780271772020
7318367267
1780271773019
7330287405
1780271774019
7342303046
1780271775020
7354103569
1780271776021
7366049992
1780271777019
7378080428
1780271778020
7389920670
1780271779020
7401724375
1780271780021
7413631707
1780271781020
7425675653
1780271782020
7437612851
1780271783016
7445143786
1780271784020
7455502299
1780271785085
7463460441
1780271786021
7471453314
1780271787022
7479385951
1780271788020
7487273331
1780271789022
7494834514
1780271790021
7502515772
1780271791022
7509141804
1780271792022
7515596583
1780271793021
7522190134
1780271794022
7528689956
1780271795021
7535137988
1780271796021
7541901108
1780271797024
7548300563
1780271798022
7554657346
1780271799023
7561109463
1780271800022
7567371110
1780271801025
7573789246
1780271802025
7580351737
1780271803023
7586770179
1780271804021
7593498905
1780271805025
7600126559
1780271806024
7606738882
1780271807023
7613341092
1780271808023
7619700323
1780271809025
7626319669
1780271810025
7632876163
1780271811023
7639301612
1780271812023
7645842056
1780271813021
7652140118
1780271814025
7659635679
1780271815175
7665025196
1780271816025
7671455496
1780271817025
7677883224
1780271818023
7684238783
1780271819021
7690612075
1780271820024
7697075805
1780271821023
7703454023
1780271822021
7710111496
1780271823023
7716452903
1780271824022
7722949191
1780271825021
7729363502
1780271826023
7735622441
1780271827021
7741906243
1780271828025
7748187214
1780271829024
7754466258
1780271830024
7760739334
1780271831024
7767294849
1780271832022
7773695022
1780271833025
7780014672
1780271834022
7786547343
1780271835023
7793054326
1780271836021
7799639768
1780271837022
7806142237
1780271838023
7812509577
1780271839022
7818926550
1780271840023
7825564134
1780271841021
7832122754
1780271842021
7838680961
1780271843025
7845260145
1780271844025
7852448008
1780271845085
7858462729
1780271846021
7865104811
1780271847026
7871610830
1780271848023
7877919464
1780271849024
7884424519
1780271850024
7890830185
1780271851022
7897324301
1780271852023
7904058902
1780271853022
7910331075
1780271854023
7916826675
1780271855023
7923075715
1780271856024
7929237959
1780271857021
7935555222
1780271858022
7941922623
1780271859023
7949236619
1780271860176
7954604089
1780271861025
7960943873
1780271862025
7967406104
1780271863022
7973797862
1780271864023
7980261546
1780271865021
7986506012
1780271866023
7992756796
1780271867023
7999107122
1780271868025
8005498299
1780271869025
8011815822
1780271870021
8018267113
1780271871021
8024787438
1780271872024
8031297221
1780271873023
8037757982
1780271874024
8044420168
1780271875023
8050744255
1780271876023
8057176222
1780271877022
8063652100
1780271878025
8070185690
1780271879024
8076619202
1780271880023
8082923995
1780271881022
8089453546
1780271882021
8096106307
1780271883023
8102297070
1780271884025
8108795668
1780271885025
8115227329
1780271886025
8121405331
1780271887023
8127719641
1780271888024
8134071788
1780271889023
8140762341
1780271890088
8146563213
1780271891025
8152774279
1780271892022
8159202620
1780271893024
8165447146
1780271894023
8171735599
1780271895021
8178077266
1780271896021
8184375297
1780271897025
8190609649
1780271898023
8196832388
1780271899023
8202980479
1780271900021
8209377623
1780271901023
8215696477
1780271902025
8222017596
1780271903024
8228365107
1780271904021
8234754219
1780271905022
8240970180
1780271906021
8247342645
1780271907024
8253739530
1780271908023
8260237807
1780271909025
8266821948
1780271910023
8273263339
1780271911026
8279679670
1780271912024
8286270160
1780271913023
8292741586
1780271914025
8299285380
1780271915021
8305912820
1780271916024
8312296562
1780271917023
8318776188
1780271918021
8325226286
1780271919023
8331621609
1780271920023
8337913137
1780271921025
8344113003
1780271922025
8350617003
1780271923025
8356899213
1780271924023
8363244078
1780271925022
8369546224
1780271926021
8375740873
1780271927023
8381903713
1780271928021
8388170868
1780271929022
8394452865
1780271930021
8400742098
1780271931022
8406979663
1780271932023
8413387655
1780271933021
8419674272
1780271934025
8426078485
1780271935025
8432310802
1780271936021
8438709170
1780271937023
8444942207
1780271938022
8451329146
1780271939023
8457547968
1780271940024
8463799181
1780271941024
8470050930
1780271942024
8476630848
1780271943023
8482953848
1780271944021
8489537193
1780271945021
8495965718
1780271946024
8502262815
1780271947021
8508879055
1780271948022
8515237139
1780271949024
8521929512
1780271950085
8527849403
1780271951024
8534046546
1780271952023
8540693493
1780271953023
8547128061
1780271954024
8553721611
1780271955024
8559957050
1780271956024
8566389017
1780271957024
8572878022
1780271958026
8579266506
1780271959021
8585481734
1780271960021
8591650158
1780271961024
8598006513
1780271962023
8604480126
1780271963022
8610719742
1780271964020
8617438828
1780271965085
8623241919
1780271966025
8629451761
1780271967024
8635761634
1780271968025
8641986363
1780271969023
8648176758
1780271970022
8654408830
1780271971022
8660743275
1780271972025
8667087986
1780271973025
8673265331
1780271974024
8679636710
1780271975023
8685921307
1780271976021
8692050533
1780271977023
8698259043
1780271978025
8704565856
1780271979022
8711066949
1780271980022
8717302433
1780271981023
8723664801
1780271982025
8730126036
1780271983022
8736513771
1780271984024
8742970524
1780271985025
8749237557
1780271986024
8755634900
1780271987025
8762188915
1780271988023
8768825612
1780271989023
8775341055
1780271990021
8781744488
1780271991024
8788120641
1780271992021
8794619499
1780271993024
8801013492
1780271994024
8808648926
1780271995176
8813923035
1780271996025
8820060553
1780271997025
8826329346
1780271998025
8832477069
1780271999025
8838692434
1780272000024
8844810491
1780272001025
8850953640
1780272002022
8857295597
1780272003023
8863545096
1780272004024
8869856836
1780272005021
8876283127
1780272006024
8882442478
1780272007023
8888534418
1780272008024
8894746815
1780272009025
8901503004
1780272010089
8907225418
1780272011021
8913503957
1780272012025
8919880722
1780272013025
8926065027
1780272014023
8932266990
1780272015024
8938552704
1780272016024
8944972844
1780272017023
8951399502
1780272018022
8957776970
1780272019022
8964005218
1780272020022
8970399363
1780272021021
8976722792
1780272022022
8983263144
1780272023024
8989652898
1780272024025
8996613618
1780272025085
9002470198
1780272026024
9008976906
1780272027025
9015236411
1780272028025
9021533616
1780272029022
9027835487
1780272030024
9033991778
1780272031022
9040339442
1780272032025
9046813086
1780272033021
9052970281
1780272034023
9059165939
1780272035025
9065594127
1780272036025
9071801643
1780272037025
9078144411
1780272038021
9084383200
1780272039022
9090611295
1780272040022
9096771411
1780272041027
9103025914
1780272042025
9109418805
1780272043024
9115592324
1780272044024
9122000805
1780272045023
9128260020
1780272046025
9134462916
1780272047023
9140778297
1780272048024
9147048527
1780272049025
9153286337
1780272050023
9159643885
1780272051021
9165787937
1780272052021
9172207954
1780272053022
9178482194
1780272054024
9185989108
1780272055173
9191235172
1780272056025
9197358018
1780272057025
9203733574
1780272058022
9210099338
1780272059023
9216421650
1780272060023
9222806584
1780272061024
9229106191
1780272062025
9235610068
1780272063023
9242073232
1780272064021
9248547167
1780272065025
9255095077
1780272066025
9261524351
1780272067025
9267877692
1780272068024
9274212305
1780272069024
9280885170
1780272070085
9286552091
1780272071025
9292948516
1780272072024
9299324179
1780272073024
9305574964
1780272074023
9311852202
1780272075021
9318062212
1780272076026
9324105008
1780272077021
9331349527
1780272078027
9339411235
1780272079021
9347951343
1780272080026
9354313098
1780272081023
9360438117
1780272082026
9366815478
1780272083023
9373040972
1780272084023
9379907856
1780272085085
9385770816
1780272086022
9392000548
1780272087021
9398216372
1780272088021
9404400678
1780272089023
9410483132
1780272090022
9416755290
1780272091025
9423020028
1780272092022
9429443748
1780272093025
9435876159
1780272094023
9442326073
1780272095023
9448746060
1780272096024
9454974797
1780272097025
9461339046
1780272098024
9467669421
1780272099023
9474497398
1780272100085
9480280783
1780272101024
9486763990
1780272102025
9493303990
1780272103023
9499868226
1780272104024
9506325422
1780272105024
9512778534
1780272106023
9519256692
1780272107023
9525752460
1780272108025
9532089827
1780272109023
9538350969
1780272110021
9544731880
1780272111024
9550977508
1780272112025
9557356323
1780272113023
9563597254
1780272114022
9570476624
1780272115084
9576307898
1780272116023
9582445034
1780272117023
9588668768
1780272118021
9594841599
1780272119022
9600942259
1780272120023
9607061280
1780272121022
9613337631
1780272122025
9619718481
1780272123024
9625888221
1780272124021
9632302180
1780272125022
9638575929
1780272126022
9644733445
1780272127023
9650883846
1780272128024
9657012537
1780272129022
9664336616
1780272130176
9669570027
1780272131025
9675749299
1780272132023
9682136131
1780272133022
9688232768
1780272134023
9694539933
1780272135025
9700652956
1780272136026
9706661847
1780272137023
9712916319
1780272138023
9719109254
1780272139026
9725270136
1780272140023
9731494849
1780272141023
9737715829
1780272142025
9744100626
1780272143023
9750463804
1780272144024
9757211426
1780272145087
9763177278
1780272146023
9769386324
1780272147024
9775755209
1780272148023
9782072059
1780272149023
9788352541
1780272150023
9794725159
1780272151021
9801068493
1780272152026
9807438388
1780272153021
9813719482
1780272154023
9820226388
1780272155022
9826742245
1780272156023
9833204674
1780272157022
9839585585
1780272158023
9846033724
1780272159023
9853412088
1780272160175
9858656943
1780272161022
9864917581
1780272162024
9871122175
1780272163023
9877328666
1780272164023
9883655277
1780272165021
9889849834
1780272166024
9896134324
1780272167023
9902409221
1780272168024
9908622582
1780272169025
9914648625
1780272170021
9920947543
1780272171023
9927256666
1780272172023
9933623639
1780272173023
9939875632
1780272174022
9947438039
1780272175175
9952660664
1780272176025
9958840456
1780272177023
9965301493
1780272178023
9971389394
1780272179021
9977594385
1780272180021
9984081218
1780272181023
9990483090
1780272182023
9996879867
1780272183023
10003212812
1780272184021
10009707417
1780272185023
10016170596
1780272186023
10022655624
1780272187022
10028965497
1780272188021
10035541712
1780272189023
10042830846
1780272190185
10047941842
1780272191022
10054193728
1780272192023
10060646335
1780272193024
10066951373
1780272194023
10073450721
1780272195024
10079815475
1780272196021
10086182509
1780272197024
10092544035
1780272198026
10098586005
1780272199025
10104795081
1780272200025
10111065098
1780272201024
10117197338
1780272202025
10123562230
1780272203022
10129739299
1780272204022
10136274602
1780272205084
10142186629
1780272206024
10148359276
1780272207023
10154486590
1780272208022
10160613628
1780272209022
10166618694
1780272210025
10172689321
1780272211025
10178918961
1780272212026
10185395573
1780272213025
10191499355
1780272214024
10197708156
1780272215021
10203815121
1780272216021
10210071505
1780272217025
10216255214
1780272218023
10222352800
1780272219022
10229253819
1780272220175
10234510073
1780272221023
10240645663
1780272222023
10246912895
1780272223021
10253098578
1780272224021
10259558009
1780272225023
10265915832
1780272226024
10272158951
1780272227022
10278545446
1780272228024
10284816473
1780272229023
10291147138
1780272230023
10297386846
1780272231025
10303735825
1780272232023
10310147443
1780272233023
10316305403
1780272234026
10322708575
1780272235024
10328958900
1780272236024
10335379729
1780272237023
10341903083
1780272238024
10348344153
1780272239023
10354678338
1780272240023
10360977486
1780272241023
10367337925
1780272242025
10373778522
1780272243023
10379963960
1780272244023
10386212602
1780272245023
10392575413
1780272246023
10398750600
1780272247021
10404974319
1780272248023
10411076739
1780272249025
10418251506
1780272250177
10423466159
1780272251023
10429697803
1780272252021
10435997930
1780272253026
10442082204
1780272254022
10448334045
1780272255021
10454388622
1780272256025
10460347742
1780272257021
10466474872
1780272258021
10472810296
1780272259024
10478921652
1780272260023
10485083359
1780272261022
10491260245
1780272262021
10497589212
1780272263023
10503878415
1780272264024
10511130171
1780272265176
10516418616
1780272266020
10522622246
1780272267025
10528721652
1780272268024
10534916071
1780272269022
10541163765
1780272270023
10547386857
1780272271022
10553759964
1780272272023
10560328453
1780272273023
10566479834
1780272274025
10573082396
1780272275024
10579474124
1780272276023
10585855402
1780272277023
10592044512
1780272278022
10598508548
1780272279024
10605165333
1780272280088
10611040472
1780272281027
10617279291
1780272282021
10623720255
1780272283021
10630251580
1780272284025
10636698526
1780272285021
10643045868
1780272286021
10649290625
1780272287024
10655610856
1780272288023
10662075458
1780272289024
10668269525
1780272290025
10674582596
1780272291025
10680826786
1780272292023
10687134762
1780272293021
10693387229
1780272294025
10700576546
1780272295175
10705813644
1780272296023
10711887469
1780272297022
10717912012
1780272298022
10724148705
1780272299025
10730315523
1780272300023
10736325547
1780272301023
10742546634
1780272302022
10748766971
1780272303021
10754884707
1780272304024
10761165464
1780272305024
10767307221
1780272306024
10773383202
1780272307022
10779428064
1780272308021
10785554873
1780272309025
10792564598
1780272310176
10797774248
1780272311022
10803930525
1780272312023
10810215061
1780272313021
10816535292
1780272314023
10822771725
1780272315022
10828964354
1780272316024
10834952346
1780272317024
10841085366
1780272318023
10847389455
1780272319021
10853685329
1780272320024
10859970615
1780272321025
10866148770
1780272322025
10872349860
1780272323023
10878616404
1780272324021
10885454494
1780272325087
10891343510
1780272326023
10897604973
1780272327022
10903818028
1780272328022
10910325730
1780272329024
10916554620
1780272330024
10922926305
1780272331025
10929374001
1780272332023
10935897783
1780272333025
10942131355
1780272334024
10948380808
1780272335025
10954620867
1780272336025
10960871896
1780272337024
10967089541
1780272338024
10973389622
1780272339023
10980628281
1780272340177
10985842537
1780272341022
10991927362
1780272342023
10998156818
1780272343022
11004446174
1780272344023
11010643607
1780272345024
11016768274
1780272346021
11022906022
1780272347021
11029094000
1780272348021
11035039258
1780272349025
11041149023
1780272350024
11047261939
1780272351024
11053311421
1780272352022
11059471125
1780272353021
11065686841
1780272354023
11072346151
1780272355085
11078115031
1780272356025
11084139513
1780272357024
11090300487
1780272358022
11096457375
1780272359025
11102513222
1780272360024
11108688226
1780272361025
11114775346
1780272362024
11121099280
1780272363025
11127440059
1780272364021
11133815951
1780272365024
11140337760
1780272366022
11146612091
1780272367023
11152923708
1780272368021
11159219322
1780272369025
11165817141
1780272370085
11171642784
1780272371025
11178045268
1780272372025
11184320088
1780272373024
11190652361
1780272374024
11197312175
1780272375022
11203534364
1780272376021
11209920079
1780272377023
11216186179
1780272378023
11222425121
1780272379025
11228713360
1780272380024
11235214330
1780272381023
11241422764
1780272382021
11247781107
1780272383025
11254011787
1780272384023
11261224207
1780272385174
11266357051
1780272386021
