191589265511
1780338181536
191608195577
1780338182012
191648064616
1780338183013
191686743655
1780338184012
191725285854
1780338185012
191765696395
1780338186014
191805909244
1780338187012
191845957969
1780338188012
191885650861
1780338189012
191926035340
1780338190012
191967991043
1780338191012
192007962743
1780338192012
192047364802
1780338193012
192085828571
1780338194013
192125613992
1780338195014
192165067809
1780338196014
192203397301
1780338197013
192241802903
1780338198013
192281470343
1780338199013
192321275051
1780338200012
192362151533
1780338201013
192404818721
1780338202014
192447169748
1780338203014
192485299167
1780338204013
192524541742
1780338205012
192563045611
1780338206013
192602115152
1780338207012
192641443909
1780338208012
192680887656
1780338209012
192722020851
1780338210012
192764255972
1780338211013
192803711621
1780338212013
192843517610
1780338213013
192881910701
1780338214012
192920140339
1780338215013
192959956582
1780338216013
193001212458
1780338217014
193046184267
1780338218014
193085658836
1780338219012
193126018474
1780338220012
193167078916
1780338221014
193207486893
1780338222013
193253128256
1780338223013
193296716096
1780338224014
193339016342
1780338225012
193378721868
1780338226012
193417924404
1780338227013
193457101489
1780338228012
193496039255
1780338229014
193536073882
1780338230010
193578441693
1780338231051
193618995972
1780338232013
193663109811
1780338233014
193701275119
1780338234013
193739439450
1780338235012
193778541950
1780338236012
193817494548
1780338237013
193856389285
1780338238013
193895562402
1780338239013
193936993388
1780338240012
193978905878
1780338241012
194018696731
1780338242012
194057863867
1780338243012
194096827695
1780338244012
194135697286
1780338245012
194175502604
1780338246013
194216612423
1780338247013
194260703069
1780338248012
194299808560
1780338249012
194340608626
1780338250012
194381663880
1780338251010
194422226948
1780338252013
194462178750
1780338253014
194501768736
1780338254013
194541807757
1780338255014
194580891520
1780338256014
194619862733
1780338257012
194658886193
1780338258012
194698706037
1780338259013
194738465945
1780338260012
194778620017
1780338261014
194821399876
1780338262014
194865570906
1780338263015
194905023624
1780338264013
194943519498
1780338265013
194982880481
1780338266012
195022406075
1780338267014
195061976103
1780338268012
195101813526
1780338269012
195142496283
1780338270012
195182594386
1780338271011
195224301738
1780338272012
195263478517
1780338273012
195302248132
1780338274014
195341084337
1780338275012
195382164249
1780338276053
195422435874
1780338277013
195463858681
1780338278013
195502715454
1780338279012
195543105609
1780338280011
195583728735
1780338281013
195624569634
1780338282013
195663319046
1780338283014
195701619730
1780338284013
195741487853
1780338285012
195781789996
1780338286013
195821064858
1780338287013
195860317504
1780338288013
195899660665
1780338289012
195940243203
1780338290012
195981167720
1780338291013
196023963143
1780338292012
196067664508
1780338293015
196105791119
1780338294012
196144126714
1780338295012
196183531399
1780338296012
196221889699
1780338297012
196260791882
1780338298013
196299766270
1780338299014
196339642022
1780338300011
196380322460
1780338301013
196421259001
1780338302012
196459699759
1780338303013
196499151562
1780338304014
196537334326
1780338305012
196578405144
1780338306051
196617777418
1780338307013
196660984461
1780338308013
196700872298
1780338309014
196740827763
1780338310011
196782297383
1780338311013
196822950721
1780338312013
196862717038
1780338313015
196901211324
1780338314013
196940636882
1780338315014
196979411014
1780338316014
197017927883
1780338317012
197056990955
1780338318012
197095911753
1780338319014
197136731473
1780338320012
197179481486
1780338321050
197219815672
1780338322013
197262243481
1780338323013
197300976902
1780338324013
197339964412
1780338325013
197379136981
1780338326012
197418382852
1780338327012
197457885802
1780338328013
197497456868
1780338329014
197537878518
1780338330012
197578660212
1780338331014
197619037856
1780338332012
197657782507
1780338333014
197698415948
1780338334013
197736436969
1780338335012
197776675392
1780338336013
197818348564
1780338337013
197862524781
1780338338013
197902339865
1780338339014
197943008706
1780338340013
197983410397
1780338341012
198023833328
1780338342012
198062942481
1780338343013
198102380979
1780338344013
198141604328
1780338345013
198181118570
1780338346013
198219816530
1780338347013
198259302269
1780338348013
198299367535
1780338349013
198339333619
1780338350012
198380686174
1780338351013
198423492828
1780338352015
198467486856
1780338353013
198507296202
1780338354013
198545686362
1780338355012
198584429122
1780338356014
198624020879
1780338357015
198662518949
1780338358012
198702030567
1780338359013
198742980413
1780338360012
198783696190
1780338361013
198825063394
1780338362012
198864271423
1780338363013
198904154256
1780338364013
198942668928
1780338365014
198982359866
1780338366013
199022803061
1780338367012
199066389436
1780338368012
199105829826
1780338369014
199146152782
1780338370012
199187004057
1780338371013
199228287093
1780338372014
199267328863
1780338373013
199305710967
1780338374013
199344636527
1780338375013
199384383495
1780338376014
199422973240
1780338377014
199461671383
1780338378013
199501357561
1780338379014
199541572607
1780338380012
199582360039
1780338381015
199625427739
1780338382014
199669018753
1780338383012
199708133582
1780338384013
199747572507
1780338385012
199786282063
1780338386013
199825011456
1780338387013
199864009831
1780338388014
199903380641
1780338389012
199945272684
1780338390011
199985683347
1780338391013
200026283036
1780338392013
200064848794
1780338393012
200103473512
1780338394013
200142558068
1780338395014
200182422590
1780338396012
200223542052
1780338397013
200267648934
1780338398013
200306333100
1780338399014
200346801197
1780338400012
200387364326
1780338401013
200428272058
1780338402013
200467392624
1780338403012
200507177252
1780338404014
200546387784
1780338405013
200586009508
1780338406014
200624039257
1780338407012
200663883027
1780338408012
200703871938
1780338409012
200743359630
1780338410012
200783970916
1780338411012
200826214704
1780338412013
200867283263
1780338413014
200906782186
1780338414013
200945741620
1780338415013
200985069034
1780338416013
201023614955
1780338417012
201062502795
1780338418012
201102094064
1780338419012
201142891689
1780338420013
201184099774
1780338421014
201224531128
1780338422010
201262757715
1780338423013
201302773848
1780338424012
201341752447
1780338425013
201382105798
1780338426013
201423241191
1780338427012
201465787590
1780338428013
201505341383
1780338429012
201545742281
1780338430011
201586294606
1780338431013
201626939888
1780338432010
201666651761
1780338433012
201705873158
1780338434012
201745712167
1780338435012
201785086944
1780338436013
201823831230
1780338437013
201862236710
1780338438013
201901233314
1780338439014
201941295162
1780338440012
201983764963
1780338441051
202024306058
1780338442013
202063596607
1780338443013
202102853403
1780338444013
202142235444
1780338445012
202182590504
1780338446012
202221353039
1780338447012
202260509616
1780338448014
202299632624
1780338449012
202340620007
1780338450011
202381457976
1780338451013
202420968556
1780338452013
202460609873
1780338453013
202500261444
1780338454012
202539027824
1780338455012
202579179394
1780338456014
202621416895
1780338457013
202665746738
1780338458012
202705885307
1780338459014
202746602244
1780338460012
202787288541
1780338461014
202828092941
1780338462012
202867747930
1780338463013
202906970608
1780338464013
202945940173
1780338465013
202984827098
1780338466013
203023603549
1780338467012
203062038387
1780338468014
203101078143
1780338469014
203141469214
1780338470012
203182761405
1780338471013
203225065557
1780338472013
203264214139
1780338473014
203303162342
1780338474013
203341705457
1780338475014
203381369601
1780338476014
203420483819
1780338477013
203458659137
1780338478012
203498916907
1780338479012
203540490958
1780338480013
203581116892
1780338481014
203621380339
1780338482014
203660543874
1780338483013
203700272349
1780338484012
203739720673
1780338485012
203779775441
1780338486013
203821080511
1780338487013
203861781884
1780338488013
203901224715
1780338489013
203941792971
1780338490014
203982559041
1780338491012
204022157572
1780338492013
204061868591
1780338493013
204100514427
1780338494012
204139556869
1780338495014
204179503727
1780338496013
204218796473
1780338497013
204257365649
1780338498013
204296818063
1780338499013
204337627773
1780338500011
204378796979
1780338501012
204420462094
1780338502013
204464753607
1780338503013
204503378203
1780338504013
204541877006
1780338505014
204581313978
1780338506014
204620118871
1780338507014
204658812742
1780338508014
204698523577
1780338509012
204740032626
1780338510012
204780602896
1780338511012
204820086315
1780338512013
204859912752
1780338513012
204899208916
1780338514014
204937761612
1780338515013
204978443881
1780338516050
205018547721
1780338517014
205059632211
1780338518014
205098668854
1780338519012
205139940660
1780338520012
205180485356
1780338521014
205220089869
1780338522014
205259830734
1780338523013
205298607551
1780338524013
205337826384
1780338525013
205377683704
1780338526014
205416942270
1780338527012
205456227692
1780338528013
205495377861
1780338529012
205534770704
1780338530012
205575743011
1780338531014
205617458664
1780338532014
205660269711
1780338533012
205698720297
1780338534012
205736878890
1780338535012
205775870246
1780338536013
205815523037
1780338537014
205855273057
1780338538013
205894768257
1780338539012
205935840112
1780338540012
205975899214
1780338541012
206016240114
1780338542013
206055447899
1780338543013
206095037092
1780338544015
206134164189
1780338545014
206174441125
1780338546012
206215872415
1780338547012
206258543632
1780338548013
206297737013
1780338549012
206338216767
1780338550012
206379406176
1780338551012
206419824774
1780338552014
206459522792
1780338553012
206498546130
1780338554012
206537641672
1780338555012
206577256134
1780338556013
206616019889
1780338557012
206655197462
1780338558012
206695611482
1780338559013
206735728262
1780338560014
206775959604
1780338561014
206818144799
1780338562013
206861885166
1780338563012
206901125544
1780338564014
206940302079
1780338565013
206978892495
1780338566013
207017124392
1780338567013
207056080896
1780338568013
207096534345
1780338569014
207137392029
1780338570012
207178071368
1780338571012
207219274448
1780338572012
207259608207
1780338573012
207298667800
1780338574012
207337944799
1780338575012
207378105402
1780338576013
207419158519
1780338577013
207461645044
1780338578014
207501309371
1780338579012
207542025270
1780338580012
207582286275
1780338581013
207621926677
1780338582014
207662248778
1780338583013
207701532796
1780338584014
207741543314
1780338585014
207781128418
1780338586012
207819926475
1780338587013
207859043807
1780338588012
207899559206
1780338589012
207939342795
1780338590011
207979335247
1780338591013
208020945553
1780338592013
208063589731
1780338593012
208102024325
1780338594013
208141634514
1780338595013
208181251173
1780338596012
208220347447
1780338597012
208259511348
1780338598013
208299799087
1780338599013
208341466034
1780338600014
208382410936
1780338601013
208422940740
1780338602013
208462050014
1780338603011
208500391469
1780338604012
208539415661
1780338605014
208579367280
1780338606013
208621275193
1780338607012
208665733392
1780338608014
208705399550
1780338609012
208746344819
1780338610014
208786553578
1780338611014
208826719979
1780338612013
208866692472
1780338613012
208904697746
1780338614012
208944648999
1780338615012
208984724946
1780338616014
209023588738
1780338617014
209062761062
1780338618013
209102785130
1780338619014
209143232719
1780338620011
209184465707
1780338621013
209226569786
1780338622014
209268789038
1780338623015
209307063049
1780338624013
209346430563
1780338625012
209385448896
1780338626015
209424463322
1780338627013
209462931852
1780338628012
209502607409
1780338629012
209544767213
1780338630013
209585073324
1780338631012
209625101419
1780338632014
209663581668
1780338633015
209702913903
1780338634014
209741835129
1780338635013
209782711367
1780338636048
209821652857
1780338637013
209862717022
1780338638012
209901427006
1780338639012
209942816182
1780338640012
209983364662
1780338641012
210023684566
1780338642012
210062701007
1780338643014
210102155191
1780338644012
210142159727
1780338645012
210181855915
1780338646013
210220618938
1780338647014
210258841557
1780338648013
210298311915
1780338649013
210339660808
1780338650012
210381191098
1780338651012
210422767468
1780338652013
210467406636
1780338653013
210508537695
1780338654013
210548622493
1780338655012
210588333267
1780338656014
210627619422
1780338657012
210666745481
1780338658013
210706688250
1780338659012
210748040439
1780338660011
210788061089
1780338661013
210827660841
1780338662013
210866119727
1780338663013
210905816097
1780338664013
210944735675
1780338665012
210990275598
1780338666151
211025234859
1780338667014
211067748056
1780338668012
211106453401
1780338669012
211147569446
1780338670012
211188840031
1780338671012
211228752526
1780338672013
211268076522
1780338673012
211307377508
1780338674013
211347130336
1780338675013
211386068469
1780338676013
211424939707
1780338677012
211462933140
1780338678012
211502782098
1780338679013
211543428296
1780338680012
211590802381
1780338681150
211627397319
1780338682012
211668855465
1780338683014
211707171407
1780338684012
211747227945
1780338685014
211785912477
1780338686012
211823758144
1780338687012
211863376573
1780338688015
211902514229
1780338689014
211943786890
1780338690012
211984596417
1780338691014
212024622071
1780338692012
212063035486
1780338693013
212103312055
1780338694012
212141966985
1780338695013
212183487204
1780338696051
212223614054
1780338697013
212265839532
1780338698013
212305346755
1780338699013
212345150059
1780338700011
212386272757
1780338701014
212425925304
1780338702013
212464754794
1780338703013
212504539361
1780338704014
212544678723
1780338705013
212585088898
1780338706014
212624464346
1780338707013
212663829968
1780338708012
212703380099
1780338709012
212743450248
1780338710011
212784682198
1780338711013
212827188254
1780338712012
212871803618
1780338713012
212910921377
1780338714014
212950822703
1780338715012
212989758089
1780338716013
213028825738
1780338717014
213068582411
1780338718012
213108383518
1780338719012
213149735341
1780338720010
213190580329
1780338721013
213230965968
1780338722014
213269543872
1780338723012
213309957709
1780338724012
213349026090
1780338725013
213388637561
1780338726014
213429952397
1780338727012
213471870930
1780338728013
213511090617
1780338729013
213552233334
1780338730012
213593394300
1780338731013
213634062592
1780338732013
213673228141
1780338733012
213712392653
1780338734012
213751802586
1780338735012
213791476190
1780338736012
213830344682
1780338737012
213869063821
1780338738013
213909188536
1780338739014
213949232195
1780338740012
213990633395
1780338741013
214033353989
1780338742014
214077750421
1780338743012
214116345049
1780338744012
214155781593
1780338745012
214194046144
1780338746012
214233584006
1780338747013
214272618452
1780338748012
214311796453
1780338749014
214353198385
1780338750013
214394011879
1780338751013
214434574276
1780338752012
214472881245
1780338753014
214512547709
1780338754012
214551665712
1780338755013
214591407126
1780338756012
214632974402
1780338757012
214672147886
1780338758012
214710989095
1780338759012
214751032999
1780338760011
214792345943
1780338761012
214833799389
1780338762013
214873104098
1780338763013
214912381341
1780338764013
214952222670
1780338765013
214991164525
1780338766013
215029491881
1780338767012
215068605856
1780338768013
215108601420
1780338769014
215147988831
1780338770012
215189045000
1780338771013
215231007539
1780338772014
215273135178
1780338773013
215311208689
1780338774014
215350040377
1780338775014
215389174188
1780338776013
215428698745
1780338777013
215467838903
1780338778013
215507230709
1780338779014
215548124831
1780338780012
215589376678
1780338781013
215630627000
1780338782013
215669674019
1780338783013
215708748504
1780338784011
215748117239
1780338785013
215787808238
1780338786014
215828934598
1780338787013
215870493878
1780338788012
215909522648
1780338789013
215950927144
1780338790011
215992033728
1780338791012
216032317866
1780338792012
216072502578
1780338793014
216113095613
1780338794012
216151994134
1780338795013
216191488052
1780338796014
216230120582
1780338797013
216268595642
1780338798012
216308933064
1780338799013
216350179601
1780338800013
216391819875
1780338801013
216434569888
1780338802013
216476589373
1780338803013
216515265604
1780338804012
216553667850
1780338805014
216593578453
1780338806013
216633552594
1780338807012
216672259099
1780338808013
216711501613
1780338809013
216753098125
1780338810012
216793861754
1780338811014
216834159991
1780338812012
216872627482
1780338813012
216911752809
1780338814013
216951721152
1780338815013
216992077433
1780338816012
217033579646
1780338817013
217075707712
1780338818013
217114913727
1780338819013
217155978258
1780338820012
217197139774
1780338821012
217237095421
1780338822012
217275537950
1780338823013
217316030949
1780338824011
217355180263
1780338825014
217396729717
1780338826012
217436557008
1780338827012
217476608480
1780338828012
217517640785
1780338829013
217559242668
1780338830012
217600331735
1780338831012
217646281141
1780338832012
217690739646
1780338833013
217732886999
1780338834013
217774758779
1780338835013
217813778088
1780338836014
217853314181
1780338837014
217893069877
1780338838012
217932769910
1780338839012
217973345856
1780338840012
218013701160
1780338841012
218053698433
1780338842014
218092341767
1780338843012
218132836048
1780338844012
218172527597
1780338845014
218212467070
1780338846014
218253315354
1780338847014
218295033570
1780338848013
218334908529
1780338849012
218375406167
1780338850015
218415941769
1780338851013
218456169327
1780338852013
218495259559
1780338853012
218533984863
1780338854013
218573985065
1780338855014
218613831155
1780338856012
218652305910
1780338857014
218692063865
1780338858012
218731022566
1780338859013
218771321779
1780338860012
218811837484
1780338861012
218853581640
1780338862014
218896017993
1780338863013
218934864513
1780338864013
218974640229
1780338865013
219013862052
1780338866013
219052661086
1780338867013
219091778784
1780338868013
219131420589
1780338869014
219173636423
1780338870013
219214307462
1780338871014
219254862717
1780338872012
219293547798
1780338873014
219333388822
1780338874012
219373586290
1780338875013
219413568854
1780338876013
219455126364
1780338877013
219498535799
1780338878014
219537393549
1780338879013
219577698804
1780338880012
219618868377
1780338881013
219659285815
1780338882012
219697727123
1780338883014
219737952728
1780338884011
219779931075
1780338885013
219820334414
1780338886014
219859174463
1780338887012
219898522812
1780338888013
219938273382
1780338889012
219979091881
1780338890012
220020529641
1780338891012
220063581289
1780338892012
220104704169
1780338893013
220143205474
1780338894012
220182727712
1780338895013
220221865063
1780338896014
220261141635
1780338897012
220299943110
1780338898012
220339430070
1780338899014
220379519567
1780338900012
220421090078
1780338901013
220460820201
1780338902013
220500479096
1780338903014
220539345452
1780338904012
220579348096
1780338905012
220619855499
1780338906013
220660349597
1780338907013
220703145325
1780338908014
220742689902
1780338909015
220783079691
1780338910012
220824067562
1780338911012
220864260818
1780338912012
220902721596
1780338913014
220940612735
1780338914012
220981558919
1780338915013
221021995095
1780338916013
221060736512
1780338917013
221098870325
1780338918012
221138504013
1780338919012
221180015931
1780338920012
221221506364
1780338921013
221264296782
1780338922012
221305696944
1780338923014
221344195686
1780338924013
221383304106
1780338925012
221422424673
1780338926013
221462225352
1780338927012
221501191988
1780338928012
221540248224
1780338929012
221581105541
1780338930012
221621770232
1780338931014
221662005663
1780338932014
221700305126
1780338933013
221738612035
1780338934013
221778359003
1780338935010
221820863411
1780338936049
221860072051
1780338937012
221904008218
1780338938012
221942958741
1780338939013
221983651569
1780338940011
222024355139
1780338941014
222064068111
1780338942014
222102842242
1780338943013
222141221600
1780338944013
222182199400
1780338945013
222222725419
1780338946014
222261389993
1780338947013
222300082277
1780338948013
222339912558
1780338949012
222380212626
1780338950012
222421351864
1780338951013
222463689890
1780338952013
222504670010
1780338953012
222542820059
1780338954013
222581613844
1780338955012
222621265110
1780338956013
222660626459
1780338957014
222699207964
1780338958012
222738711220
1780338959013
222779666499
1780338960012
222821108287
1780338961012
222860684113
1780338962013
222899723991
1780338963013
222938176713
1780338964012
222977050026
1780338965011
223018857537
1780338966013
223060262826
1780338967012
223104488970
1780338968012
223143519632
1780338969013
223183737302
1780338970012
223225158827
1780338971012
223265515597
1780338972014
223304315302
1780338973013
223342226338
1780338974013
223382418557
1780338975014
223422334226
1780338976013
223460830404
1780338977013
223499668745
1780338978013
223538749699
1780338979012
223579354149
1780338980012
223620780739
1780338981012
223662837333
1780338982013
223705500920
1780338983012
223744185636
1780338984012
223783161244
1780338985012
223823200753
1780338986012
223863387296
1780338987012
223902937915
1780338988012
223943342963
1780338989012
223984666649
1780338990013
224026060708
1780338991013
224066733333
1780338992012
224105224262
1780338993013
224143919232
1780338994014
224182208990
1780338995013
224223721029
1780338996013
224265392004
1780338997013
224308338061
1780338998013
224347815804
1780338999014
224388282437
1780339000012
224428533310
1780339001012
224469021244
1780339002013
224507563625
1780339003014
224546125355
1780339004013
224587103339
1780339005011
224628085473
1780339006013
224667981306
1780339007013
224706591497
1780339008012
224745572843
1780339009014
224786310348
1780339010011
224827898193
1780339011015
224869525223
1780339012012
224912109099
1780339013012
224950285759
1780339014012
224988912674
1780339015012
225028704076
1780339016013
225067776608
1780339017012
225107035724
1780339018014
225146351480
1780339019013
225187240596
1780339020013
225227674758
1780339021013
225267533360
1780339022014
225305994870
1780339023012
225345022968
1780339024012
225383851360
1780339025013
225430676436
1780339026151
225465204484
1780339027013
225504067300
1780339028012
225543429016
1780339029012
225584328203
1780339030012
225625213474
1780339031012
225665101128
1780339032012
225703844498
1780339033012
225741981059
1780339034012
225780975710
1780339035013
225821533528
1780339036012
225860951640
1780339037012
225900438478
1780339038012
225939125268
1780339039012
225979811871
1780339040012
226021310422
1780339041013
226062967297
1780339042012
226101656590
1780339043012
226140189817
1780339044012
226179433491
1780339045013
226218525371
1780339046012
226258685913
1780339047012
226299267657
1780339048013
226339086586
1780339049013
226379257076
1780339050012
226420384595
1780339051013
226460492952
1780339052012
226499218805
1780339053013
226537468036
1780339054012
226576155803
1780339055012
226616768187
1780339056012
226658183425
1780339057014
226697715550
1780339058012
226737475336
1780339059015
226777669142
1780339060011
226818999481
1780339061013
226859793810
1780339062012
226899283088
1780339063012
226937811554
1780339064012
226976703606
1780339065012
227017567148
1780339066013
227057183319
1780339067012
227096565237
1780339068012
227136383678
1780339069012
227177595059
1780339070012
227217840867
1780339071014
227260905454
1780339072013
227305581121
1780339073014
227346859457
1780339074013
227385437362
1780339075012
227424377142
1780339076013
227463799221
1780339077012
227503182666
1780339078012
227543064888
1780339079012
227583783045
1780339080012
227623832137
1780339081013
227663814640
1780339082014
227702468410
1780339083015
227741035206
1780339084015
227779637585
1780339085012
227820949674
1780339086014
227862151473
1780339087014
227905201717
1780339088013
227945187088
1780339089013
227985384983
1780339090012
228026009818
1780339091013
228066472605
1780339092012
228105659028
1780339093013
228143940425
1780339094012
228182689593
1780339095012
228223263464
1780339096012
228263058711
1780339097013
228301856646
1780339098012
228341061929
1780339099013
228381088255
1780339100013
228422200271
1780339101012
228463892425
1780339102013
228507755961
1780339103012
228547193726
1780339104012
228586172752
1780339105013
228625766279
1780339106014
228664984135
1780339107014
228703500516
1780339108012
228744142929
1780339109013
228785951415
1780339110012
228826006244
1780339111013
228866365882
1780339112012
228904981933
1780339113014
228944300314
1780339114014
228982787093
1780339115012
229022929019
1780339116014
229065203874
1780339117013
229104876319
1780339118014
229144843685
1780339119013
229185825697
1780339120013
229226628022
1780339121013
229267536608
1780339122012
229305705395
1780339123013
229344032933
1780339124012
229383260982
1780339125012
229423831252
1780339126013
229463120336
1780339127013
229502869990
1780339128013
229542691727
1780339129013
229583986054
1780339130011
229626592635
1780339131050
229667096193
1780339132013
229711064465
1780339133012
229750238620
1780339134013
229789469903
1780339135013
229828968032
1780339136012
229869889253
1780339137013
229908793512
1780339138012
229948203018
1780339139013
229990128814
1780339140010
230030200366
1780339141012
230070716437
1780339142012
230109106414
1780339143012
230148015861
1780339144013
230186421036
1780339145012
230225715674
1780339146013
230268477405
1780339147013
230309878422
1780339148014
230349133815
1780339149013
230390200299
1780339150012
230430591370
1780339151013
230470598958
1780339152013
230509371259
1780339153014
230547374457
1780339154014
230587000577
1780339155014
230627649887
1780339156014
230667520512
1780339157013
230706469082
1780339158012
230745127552
1780339159012
230786213568
1780339160012
230827000450
1780339161013
230869679907
1780339162014
230911958607
1780339163012
230950023573
1780339164013
230989202245
1780339165012
231028931391
1780339166012
231067768450
1780339167012
231108121496
1780339168014
231147323544
1780339169012
231188830091
1780339170013
231229639679
1780339171013
231270085437
1780339172013
231308492443
1780339173012
231347162083
1780339174012
231386719355
1780339175012
231427006300
1780339176012
231469847560
1780339177013
231511836161
1780339178014
231551409485
1780339179013
231590953817
1780339180012
231631704445
1780339181014
231671123412
1780339182012
231709512046
1780339183012
231747999497
1780339184012
231787022590
1780339185012
231827176296
1780339186013
231866770738
1780339187014
231905907784
1780339188013
231945378386
1780339189013
231985738756
1780339190011
232027413759
1780339191014
232069423784
1780339192013
232113061184
1780339193012
232151063650
1780339194012
232189525588
1780339195012
232229370579
1780339196012
232269175958
1780339197013
232307946000
1780339198015
232347433631
1780339199013
232388068293
1780339200012
232429059337
1780339201012
232469197907
1780339202014
232507927056
1780339203013
232546001848
1780339204013
232584350383
1780339205013
232626408320
1780339206049
232668040415
1780339207013
232709393886
1780339208013
232748886278
1780339209012
232788824225
1780339210012
232829574181
1780339211013
232869822308
1780339212013
232908857426
1780339213013
232946742277
1780339214012
232985686941
1780339215012
233025533091
1780339216012
233065311127
1780339217014
233103824151
1780339218012
233143426771
1780339219013
233183462374
1780339220012
233223696524
1780339221012
233265920904
1780339222014
233309305741
1780339223013
233348668189
1780339224014
233388091428
1780339225014
233427065389
1780339226012
233467073099
1780339227012
233506903746
1780339228012
233545656149
1780339229014
233586423318
1780339230011
233627394466
1780339231012
233667500015
1780339232012
233706279762
1780339233013
233744177614
1780339234012
233782113369
1780339235012
233822054734
1780339236013
233864473632
1780339237013
233905214921
1780339238013
233945390050
1780339239012
233985427668
1780339240011
234026453930
1780339241013
234066772186
1780339242014
234105284722
1780339243013
234143267840
1780339244014
234182214212
1780339245014
234221956054
1780339246014
234262772661
1780339247015
234301607583
1780339248012
234341870481
1780339249013
234381221088
1780339250012
234421812110
1780339251013
234463850332
1780339252014
234507146913
1780339253013
234545216274
1780339254012
234584497484
1780339255012
234623640939
1780339256012
234663022002
1780339257012
234701822318
1780339258013
234740546828
1780339259013
234781164461
1780339260013
234820993827
1780339261013
234860969616
1780339262012
234901214691
1780339263012
234940114616
1780339264012
234979132704
1780339265013
235018922336
1780339266012
235060687305
1780339267013
235099397167
1780339268012
235139436371
1780339269012
235180535875
1780339270011
235221129949
1780339271013
235264629166
1780339272014
235304203894
1780339273012
235341821534
1780339274012
235381058067
1780339275012
235420657026
1780339276014
235461005311
1780339277014
235500661948
1780339278012
235540009015
1780339279013
235581155821
1780339280013
235622044083
1780339281013
235664646452
1780339282012
235708595559
1780339283014
235746830812
1780339284013
235785171840
1780339285013
235825283553
1780339286013
235865472293
1780339287013
235905597679
1780339288013
235945266645
1780339289014
235985969299
1780339290012
236027051530
1780339291012
236067557408
1780339292013
236106256223
1780339293012
236144469809
1780339294012
236182700851
1780339295013
236225149839
1780339296051
236265337236
1780339297011
236310369897
1780339298012
236349772262
1780339299013
236390696412
1780339300012
236432059954
1780339301013
236472094397
1780339302013
236510550415
1780339303012
236549809775
1780339304013
236589126019
1780339305012
236628954470
1780339306013
236668693687
1780339307012
236708258405
1780339308012
236748331483
1780339309013
236789161823
1780339310012
236830298925
1780339311014
236872422718
1780339312012
236913499640
1780339313012
236952051421
1780339314012
236990839713
1780339315015
237029613539
1780339316012
237069103123
1780339317012
237109033929
1780339318013
237147984635
1780339319012
237188456943
1780339320011
237228917960
1780339321011
237268998790
1780339322013
237308269503
1780339323013
237347777458
1780339324012
237387030349
1780339325013
237426668858
1780339326013
237467843679
1780339327014
237513146481
1780339328015
237553332169
1780339329013
237594322909
1780339330012
237635193715
1780339331014
237675843391
1780339332012
237715217741
1780339333013
237753895559
1780339334012
237792696058
1780339335012
237832777315
1780339336012
237872913626
1780339337013
237911789747
1780339338013
237951338108
1780339339014
237993142750
1780339340011
238034164007
1780339341013
238076796527
1780339342013
238117057105
1780339343013
238155972350
1780339344014
238195257345
1780339345013
238234100873
1780339346014
238272136359
1780339347012
238311731778
1780339348013
238350825916
1780339349013
238392177678
1780339350012
238432683861
1780339351012
238472495038
1780339352014
238511577824
1780339353014
238550576686
1780339354013
238590037035
1780339355014
238630445378
1780339356013
238672338338
1780339357015
238715092134
1780339358013
238753964654
1780339359012
238794493054
1780339360013
238835308685
1780339361013
238876447556
1780339362012
238915412728
1780339363014
238953901154
1780339364012
238993913991
1780339365012
239032984875
1780339366012
239072393466
1780339367012
239112747794
1780339368012
239151928663
1780339369013
239192330720
1780339370013
239232909412
1780339371013
239275103213
1780339372012
239316224140
1780339373012
239354801129
1780339374014
239394282839
1780339375013
239433376367
1780339376012
239472074877
1780339377013
239511581856
1780339378012
239550623687
1780339379012
239591582810
1780339380012
239631462164
1780339381013
239671515894
1780339382013
239710170336
1780339383012
239749186533
1780339384015
239787770724
1780339385012
239829601854
1780339386051
239869353828
1780339387014
239913370622
1780339388013
239952721717
1780339389013
239993382258
1780339390012
240034639110
1780339391013
240074878998
1780339392013
240114114005
1780339393014
240152827162
1780339394013
240192206517
1780339395014
240232132013
1780339396013
240271291214
1780339397010
240311071630
1780339398013
240350508358
1780339399013
240390800247
1780339400011
240431669466
1780339401013
240474610213
1780339402013
240517890925
1780339403014
240556015583
1780339404012
240595601419
1780339405013
240634195071
1780339406013
240672532924
1780339407012
240711914171
1780339408013
240751578071
1780339409015
240792577966
1780339410012
240833855753
1780339411012
240873407654
1780339412013
240912371605
1780339413013
240950800705
1780339414014
240989515267
1780339415013
241029668057
1780339416012
241071130170
1780339417013
241116099538
1780339418014
241155653575
1780339419013
241195836943
1780339420012
241237261276
1780339421013
241278465821
1780339422013
241316778589
1780339423013
241356195908
1780339424013
241395463446
1780339425013
241435989588
1780339426012
241475113755
1780339427014
241514559455
1780339428012
241554236355
1780339429013
241593839159
1780339430012
241634910099
1780339431012
241676926166
1780339432012
241719205843
1780339433014
241757588984
1780339434013
241796476336
1780339435012
241838155550
1780339436012
241878235221
1780339437010
241919920112
1780339438013
241959107755
1780339439012
241999543992
1780339440012
242040010991
1780339441013
242081884968
1780339442012
242127669885
1780339443012
242171604404
1780339444012
242213248951
1780339445014
242253869696
1780339446012
242296085286
1780339447013
242341227688
1780339448014
242380446826
1780339449014
242420681586
1780339450012
242461597375
1780339451012
242502499126
1780339452014
242541740785
1780339453012
242580360010
1780339454012
242618934374
1780339455014
242659313971
1780339456013
242698595547
1780339457013
242738757005
1780339458012
242778834112
1780339459012
242819813377
1780339460012
242861414467
1780339461013
242904161855
1780339462014
242947261842
1780339463012
242986371849
1780339464012
243024940110
1780339465012
243064064827
1780339466013
243103716703
1780339467012
243143386218
1780339468012
243183205208
1780339469013
243223138028
1780339470012
243263522934
1780339471013
243303987674
1780339472013
243342275174
1780339473014
243380745168
1780339474013
243420039684
1780339475013
243460347931
1780339476013
243502473006
1780339477013
243547149527
1780339478011
243586352674
1780339479013
243625978915
1780339480012
243666326529
1780339481012
243706359447
1780339482014
243745015537
1780339483013
243783699398
1780339484012
243825832103
1780339485013
243865997100
1780339486014
243904834159
1780339487013
243945975350
1780339488012
243985317778
1780339489014
244025528003
1780339490012
244066601628
1780339491013
244108207356
1780339492013
244147262676
1780339493013
244185735539
1780339494012
244224778225
1780339495012
244263985644
1780339496012
244307055053
1780339497012
244346351888
1780339498012
244385688946
1780339499013
244426980710
1780339500012
244466764910
1780339501012
244507275671
1780339502012
244545898252
1780339503012
244584379233
1780339504014
244622478440
1780339505012
244662366399
1780339506013
244704028036
1780339507013
244748051238
1780339508014
244787588613
1780339509014
244827610483
1780339510012
244867784941
1780339511012
244908531479
1780339512013
244947027963
1780339513013
244985009067
1780339514012
245024343195
1780339515012
245063891982
1780339516014
245102895117
1780339517013
245143798333
1780339518013
245183194411
1780339519012
245223686251
1780339520012
245264543690
1780339521012
245308312072
1780339522012
245350815625
1780339523013
245389147559
1780339524014
245427175537
1780339525012
245467321736
1780339526012
245506409343
1780339527012
245545894289
1780339528012
245585183861
1780339529013
245626167032
1780339530011
245666453672
1780339531014
245706832841
1780339532014
245745897317
1780339533013
245783928103
1780339534012
245821575956
1780339535011
245861328234
1780339536013
245902628910
1780339537012
245944433185
1780339538014
245985197913
1780339539014
246025264643
1780339540014
246066356762
1780339541013
246106656952
1780339542014
246145514824
1780339543015
246183558611
1780339544012
246222297403
1780339545012
246261887939
1780339546013
246301629964
1780339547013
246342128456
1780339548012
246381835386
1780339549013
246422102556
1780339550012
246463546664
1780339551013
246506213302
1780339552013
246544937813
1780339553013
246583600311
1780339554014
246621616938
1780339555012
246660471696
1780339556012
246699868324
1780339557012
246739710996
1780339558012
246779408831
1780339559013
246820415257
1780339560012
246861517080
1780339561013
246902124093
1780339562012
246941592315
1780339563013
246980178520
1780339564013
247018778518
1780339565012
247059325046
1780339566013
247101008594
1780339567013
247143031740
1780339568012
247184209797
1780339569012
247224358864
1780339570011
247265307428
1780339571013
247305388564
1780339572014
247343766090
1780339573011
247381997254
1780339574013
247421028160
1780339575013
247460897382
1780339576012
247499351812
1780339577012
247538103910
1780339578010
247579178573
1780339579013
247619568484
1780339580012
247660573812
1780339581012
247703379122
1780339582013
247742747612
1780339583013
247780948625
1780339584013
247819624735
1780339585014
247858030093
1780339586013
247897365320
1780339587013
247936507248
1780339588013
247976778324
1780339589012
248018153157
1780339590012
248058473367
1780339591012
248098817502
1780339592014
248137674580
1780339593014
248175964704
1780339594012
248213801216
1780339595012
248253471708
1780339596013
248294880354
1780339597014
248338463189
1780339598013
248379737376
1780339599013
248420701993
1780339600012
248461772444
1780339601014
248502241640
1780339602013
248540700159
1780339603012
248578870777
1780339604012
248617085889
1780339605013
248656545627
1780339606013
248695030575
1780339607012
248733593648
1780339608013
248774255409
1780339609014
248814672542
1780339610012
248856150768
1780339611013
248898356043
1780339612012
248942495762
1780339613012
248980485899
1780339614013
249019122030
1780339615012
249057858992
1780339616012
249096429755
1780339617012
249134672211
1780339618013
249174226431
1780339619014
249216186284
1780339620012
249256487267
1780339621012
249296202315
1780339622014
249335060675
1780339623014
249373163727
1780339624011
249412004997
1780339625016
249452795847
1780339626051
249492411956
1780339627014
249535362347
1780339628012
249576844296
1780339629014
249617791457
1780339630012
249659039582
1780339631013
249698743643
1780339632014
249736897109
1780339633013
249775797645
1780339634014
249814663024
1780339635014
249854705890
1780339636014
249892973370
1780339637013
249932654055
1780339638012
249973573750
1780339639014
250013069559
1780339640011
250054301509
1780339641013
250095435254
1780339642014
250133780005
1780339643014
250172105163
1780339644012
250210264916
1780339645011
250250691754
1780339646012
250292583736
1780339647012
250331081196
1780339648012
250370988809
1780339649014
250411987666
1780339650012
250452222610
1780339651014
250492978426
1780339652014
250532481071
1780339653013
250570724137
1780339654012
250609463174
1780339655012
250649042418
1780339656013
250689226947
1780339657013
250728272379
1780339658012
250768008667
1780339659010
250808529315
1780339660012
250849894993
1780339661012
250890205192
1780339662012
250928579667
1780339663013
250966235332
1780339664012
251004553288
1780339665012
251044064295
1780339666012
251083085253
1780339667014
251121913766
1780339668013
251162035795
1780339669013
251202538621
1780339670013
251243330692
1780339671014
251284881733
1780339672012
251329581326
1780339673012
251368221180
1780339674013
251406055678
1780339675013
251445009314
1780339676014
251483311889
1780339677013
251521574303
1780339678013
251561887066
1780339679015
251603349301
1780339680012
251644278701
1780339681012
251685094454
1780339682014
251723821893
1780339683012
251762318560
1780339684014
251800694255
1780339685014
251841128783
1780339686013
251883339796
1780339687013
251925972621
1780339688014
251965720932
1780339689013
252005929448
1780339690012
252047537312
1780339691012
252088281227
1780339692013
252128049191
1780339693013
252166448019
1780339694013
252205136579
1780339695012
252244648746
1780339696013
252283529872
1780339697013
252322457446
1780339698014
252362578864
1780339699013
252403387720
1780339700011
252444626078
1780339701013
252488052115
1780339702013
252529488166
1780339703012
252567687897
1780339704012
252605851069
1780339705014
252644550432
1780339706012
252682860881
1780339707012
252722299074
1780339708012
252761816673
1780339709012
252802010417
1780339710012
252842094482
1780339711014
252882503620
1780339712012
252921349956
1780339713012
252959577397
1780339714012
252997649443
1780339715012
253037258411
1780339716012
253078146918
1780339717014
253120454549
1780339718013
253159470562
1780339719013
253199711182
1780339720011
253240100727
1780339721013
253280362953
1780339722013
253319175292
1780339723012
253357252282
1780339724013
253395996202
1780339725013
253436030950
1780339726013
253474778654
1780339727013
253513797292
1780339728012
253554034676
1780339729012
253595085353
1780339730011
253635664167
1780339731012
253678731989
1780339732014
253722917362
1780339733012
253761558132
1780339734012
253800159596
1780339735013
253838996288
1780339736012
253877215184
1780339737012
253916364010
1780339738013
253956156938
1780339739013
253996723423
1780339740012
254036639764
1780339741013
254077516491
1780339742013
254117357758
1780339743012
254156962454
1780339744012
254195558913
1780339745013
254234962499
1780339746012
254275131768
1780339747012
254318928653
1780339748012
254359072899
1780339749012
254400521157
1780339750011
254441106868
1780339751013
254481558730
1780339752013
254520858373
1780339753012
254559323057
1780339754012
254598016196
1780339755014
254637678142
1780339756012
254676115788
1780339757012
254714641202
1780339758013
254754499743
1780339759010
254794826544
1780339760011
254835221094
1780339761013
254877456887
1780339762012
254917324826
1780339763013
254955203270
1780339764013
254994092086
1780339765013
255032451973
1780339766012
255070779756
1780339767012
255109447076
1780339768013
255148805008
1780339769013
255189438021
1780339770012
255229783926
1780339771012
255269632579
1780339772013
255308800204
1780339773012
255346787716
1780339774012
255385060629
1780339775012
255424978190
1780339776013
255466002560
1780339777012
255505200458
1780339778012
255544542703
1780339779012
255586546136
1780339780012
255627044994
1780339781012
255666328646
1780339782012
255705307123
1780339783012
255743727984
1780339784012
255782655680
1780339785012
255821752626
1780339786013
255861007103
1780339787013
255900297835
1780339788014
255940580080
1780339789014
255981440816
1780339790011
256022671484
1780339791012
256064766286
1780339792013
256107971192
1780339793014
256146436609
1780339794014
256184647327
1780339795012
256223387767
1780339796012
256262460726
1780339797012
256301479608
1780339798014
256341320266
1780339799013
256382544220
1780339800012
256423095813
1780339801012
256462999947
1780339802014
256502089751
1780339803012
256541843983
1780339804013
256579930617
1780339805012
256619727939
1780339806012
256661844103
1780339807014
256706211787
1780339808012
256745464128
1780339809012
256786142552
1780339810012
256826540581
1780339811014
256866677929
1780339812012
256906159823
1780339813012
256944604793
1780339814013
256983686114
1780339815013
257023712439
1780339816013
257062622679
1780339817013
257102581317
1780339818012
257142457253
1780339819012
257183108638
1780339820011
257223707289
1780339821013
257266401271
1780339822015
257308753275
1780339823012
257348240417
1780339824013
257386959129
1780339825014
257425829269
1780339826013
257464575508
1780339827013
257503763823
1780339828013
257543467334
1780339829013
257583702949
1780339830012
257624558558
1780339831013
257664988325
1780339832012
257704263004
1780339833013
257743557276
1780339834013
257782506090
1780339835014
257823724124
1780339836051
257863911827
1780339837013
257906863438
1780339838012
257945951839
1780339839014
257986893506
1780339840011
258027576874
1780339841013
258067684315
1780339842013
258106826061
1780339843012
258145847506
1780339844012
258185591179
1780339845012
258225141371
1780339846012
258264077367
1780339847012
258303692866
1780339848014
258342641680
1780339849014
258384151889
1780339850012
258425697193
1780339851014
258467843935
1780339852013
258512285655
1780339853013
258551032077
1780339854014
258589883906
1780339855012
258628907122
1780339856012
258668513466
1780339857013
258706883790
1780339858013
258746620932
1780339859013
258787713356
1780339860011
258828448359
1780339861013
258868695082
1780339862013
258908312046
1780339863012
258947777826
1780339864011
258986823076
1780339865013
259027053563
1780339866014
259068711172
1780339867014
259112221558
1780339868012
259151937399
1780339869013
259192202066
1780339870012
259233233883
1780339871014
259273768325
1780339872013
259313434788
1780339873013
259352074704
1780339874012
259391725176
1780339875012
259431100014
1780339876013
259470383178
1780339877012
259509854390
1780339878013
259549619608
1780339879014
259591803338
1780339880012
259632409191
1780339881012
259673911771
1780339882012
259715440168
1780339883014
259753636237
1780339884014
259793101529
1780339885012
259832768786
1780339886012
259871421519
1780339887012
259910694062
1780339888014
259951621021
1780339889013
259992175482
1780339890011
260032889611
1780339891013
260072875166
1780339892012
260112288700
1780339893014
260151548304
1780339894013
260190876695
1780339895012
260231280888
1780339896013
260272861165
1780339897012
260314021399
1780339898012
260353779293
1780339899012
260394700880
1780339900012
260436008208
1780339901013
260475316396
1780339902013
260513957106
1780339903012
260552695410
1780339904013
260591314818
1780339905012
260631663713
1780339906013
260670422830
1780339907012
260709387574
1780339908012
260748277001
1780339909013
260789857583
1780339910012
260830400143
1780339911013
260872736338
1780339912013
260916844807
1780339913012
260955374310
1780339914013
260993707830
1780339915013
261033315517
1780339916014
261072057789
1780339917013
261110922679
1780339918013
261150357271
1780339919012
261191605761
1780339920012
261231893805
1780339921014
261270993559
1780339922012
261309741079
1780339923014
261348512647
1780339924013
261387050207
1780339925012
261427195551
1780339926013
261468076367
1780339927013
261508881316
1780339928014
261547633048
1780339929014
261587920543
1780339930013
261629703761
1780339931012
261669181138
1780339932013
261708329048
1780339933012
261746667695
1780339934013
261786000907
1780339935014
261825589246
1780339936013
261865014560
1780339937013
261904300287
1780339938013
261943992202
1780339939013
261985397797
1780339940010
262026796128
1780339941012
262069968442
1780339942012
262108677877
1780339943013
3384268
1780339944012
42493848
1780339945014
81122595
1780339946012
120853755
1780339947013
159310566
1780339948012
198586100
1780339949013
239539853
1780339950011
280530775
1780339951013
320630343
1780339952013
361400380
1780339953013
399687087
1780339954013
438286048
1780339955012
477861447
1780339956012
518912856
1780339957014
563026329
1780339958012
602884198
1780339959013
643370545
1780339960011
685472305
1780339961013
726089816
1780339962013
765262994
1780339963014
803785295
1780339964014
842658548
1780339965014
882010437
1780339966014
921473532
1780339967013
960710370
1780339968012
1000797669
1780339969013
1041098164
1780339970012
1082819188
1780339971013
1125176501
1780339972012
1167471498
1780339973012
1205813014
1780339974012
1244655077
1780339975014
1283148448
1780339976014
1322241732
1780339977013
1361128656
1780339978013
1400441727
1780339979012
1442324493
1780339980012
1482417713
1780339981014
1522562691
1780339982014
1561376984
1780339983012
1600302482
1780339984012
1638639603
1780339985012
1678834752
1780339986014
1720864002
1780339987012
1762486821
1780339988013
1801847865
1780339989012
1842922345
1780339990012
1884905575
1780339991013
1924784745
1780339992013
1964006263
1780339993014
2002802978
1780339994012
2041491844
1780339995013
2081269269
1780339996012
2119620306
1780339997013
2158300627
1780339998013
2197723560
1780339999013
2237837838
1780340000010
2280770711
1780340001013
2322946567
1780340002014
2364131337
1780340003014
2402316848
1780340004013
2440827918
1780340005013
2479949400
1780340006013
2518932699
1780340007013
2559196451
1780340008016
2598598633
1780340009012
2639326678
1780340010011
2680428257
1780340011013
2720186334
1780340012013
2758901079
1780340013012
2796807903
1780340014013
2835109563
1780340015013
2875072107
1780340016013
2916270976
1780340017012
2960866138
1780340018014
3000737740
1780340019014
3041107204
1780340020011
3082099775
1780340021012
3121782840
1780340022013
3160719447
1780340023012
3199266101
1780340024013
3238067272
1780340025014
3277689912
1780340026013
3316566338
1780340027012
3355816299
1780340028013
3396379305
1780340029012
3436937246
1780340030012
3478660345
1780340031012
3521420550
1780340032013
3564715971
1780340033012
3603121513
1780340034012
3641379288
1780340035012
3681641270
1780340036013
3720880000
1780340037012
3759934954
1780340038014
3799528114
1780340039014
3840859185
1780340040011
3881493237
1780340041012
3922376128
1780340042014
3961896412
1780340043014
4000840771
1780340044011
4039355809
1780340045014
4081858813
1780340046012
4124039430
1780340047012
4166049576
1780340048013
4207392915
1780340049013
4248480884
1780340050012
4289262762
1780340051014
4334991710
1780340052011
4379265400
1780340053015
4422934111
1780340054013
4462608387
1780340055013
4501854625
1780340056015
4541247407
1780340057013
4579513544
1780340058013
4619420852
1780340059014
4659632602
1780340060011
4701295825
1780340061013
4744042542
1780340062012
4784497700
1780340063012
4822499373
1780340064012
4861975590
1780340065013
4901518885
1780340066014
4940731858
1780340067014
4979445138
1780340068015
5019104338
1780340069013
5060446823
1780340070011
5100687625
1780340071012
5140676659
1780340072012
5179467514
1780340073012
5217302073
1780340074013
5255303440
1780340075012
5295949149
1780340076014
5336601999
1780340077012
5378336756
1780340078013
5418179549
1780340079013
5459691955
1780340080010
5500967667
1780340081013
5542372286
1780340082013
5581631585
1780340083012
5620196793
1780340084013
5661415621
1780340085014
5701245841
1780340086012
5740239089
1780340087013
5779061133
1780340088013
5818335690
1780340089012
5860228467
1780340090014
5902516261
1780340091014
5945976965
1780340092014
5989709275
1780340093013
6028217966
1780340094014
6068687955
1780340095014
6107891285
1780340096012
6147565866
1780340097012
6186298616
1780340098012
6225941520
1780340099012
6268646061
1780340100012
6309301963
1780340101013
6349262310
1780340102012
6388058292
1780340103012
6427252039
1780340104014
6466273729
1780340105012
6506606328
1780340106012
6548456075
1780340107012
6593120389
1780340108014
6632453174
1780340109014
6673014228
1780340110012
6714892660
1780340111014
6755543191
1780340112012
6795671750
1780340113013
6835234943
1780340114013
6873560650
1780340115013
6913398378
1780340116014
6952284631
1780340117013
6991196091
1780340118012
7030306221
1780340119013
7069872037
1780340120012
7111525983
1780340121010
7154127376
1780340122013
7196131236
1780340123012
7234738803
1780340124013
7273892999
1780340125012
7313030472
1780340126012
7352216163
1780340127013
7391197753
1780340128014
7429920676
1780340129012
7471302040
1780340130012
7511712215
1780340131013
7551395646
1780340132012
7589760416
1780340133012
7627897830
1780340134012
7666627285
1780340135012
7705711718
1780340136012
7747682863
1780340137014
7791546887
1780340138014
7831142000
1780340139013
7871279837
1780340140012
7911701242
1780340141013
7953219080
1780340142012
7992928695
1780340143013
8031275094
1780340144012
8070737883
1780340145014
8110576648
1780340146012
8149584178
1780340147013
8189761016
1780340148012
8231892073
1780340149012
8272309511
1780340150012
8313837664
1780340151013
8356308258
1780340152014
8399485943
1780340153012
8437734685
1780340154012
8477328822
1780340155015
8516455919
1780340156012
8555525033
1780340157012
8595105559
1780340158014
8634160940
1780340159013
8675476570
1780340160012
8716348840
1780340161012
8757121929
1780340162013
8796366702
1780340163013
8835048854
1780340164011
8874272569
1780340165013
8913986457
1780340166013
8955338219
1780340167013
8995669353
1780340168013
9034799807
1780340169012
9076335590
1780340170011
9117698948
1780340171013
9158429618
1780340172014
9197407545
1780340173014
9237019627
1780340174014
9276199031
1780340175012
9316327651
1780340176013
9354517006
1780340177013
9393579895
1780340178013
9433144369
1780340179012
9473433511
1780340180012
9516926747
1780340181051
9558807438
1780340182013
9602924696
1780340183012
9641894139
1780340184013
9680328917
1780340185014
9719832233
1780340186013
9758130292
1780340187013
9796576361
1780340188012
9836512477
1780340189014
9877588299
1780340190013
9918242553
1780340191013
9958649920
1780340192012
9998661720
1780340193013
10037051026
1780340194014
10075413537
1780340195013
10115345198
1780340196013
10156435791
1780340197012
10198094071
1780340198013
10238112157
1780340199013
10278148919
1780340200012
10319488779
1780340201013
10360203458
1780340202010
10399400989
1780340203012
10437937756
1780340204013
10477509127
1780340205013
10518384877
1780340206013
10557031811
1780340207012
10595493444
1780340208014
10635311030
1780340209012
10676108838
1780340210012
10717204558
1780340211013
10759500165
1780340212014
10803848501
1780340213012
10842652723
1780340214012
10881268530
1780340215013
10920377195
1780340216012
10959574665
1780340217013
10998015668
1780340218012
11036763493
1780340219013
11077900961
1780340220012
11119528968
1780340221013
11159481136
1780340222013
11198719500
1780340223012
11237298258
1780340224012
11275981509
1780340225013
11316618063
1780340226013
11358036475
1780340227014
11400465382
1780340228012
11439720348
1780340229014
11479492096
1780340230013
11520319751
1780340231012
11560168220
1780340232013
11600909632
1780340233013
11639865404
1780340234013
11679169503
1780340235013
11718724089
1780340236013
11757699026
1780340237013
11796267714
1780340238012
11835008337
1780340239014
11875492608
1780340240012
11916258434
1780340241012
11958420863
1780340242013
12001064247
1780340243014
12039604249
1780340244014
12078987876
1780340245013
12117794234
1780340246013
12156599372
1780340247013
12195655790
1780340248012
12235024220
1780340249014
12275768195
1780340250012
12316856835
1780340251014
12356251326
1780340252014
12395721501
1780340253013
12434213529
1780340254012
12472068779
1780340255013
12514177497
1780340256051
12553493986
1780340257013
12597507179
1780340258013
12636461058
1780340259012
12676501056
1780340260012
12717946018
1780340261014
12757861016
1780340262013
12797935804
1780340263013
12836785741
1780340264014
12876181331
1780340265013
12915757218
1780340266014
12954449441
1780340267014
12993554627
1780340268012
13033597493
1780340269013
13074479651
1780340270012
13115533684
1780340271013
13157826179
1780340272012
13199797934
1780340273012
13239096295
1780340274013
13277275885
1780340275013
13316578885
1780340276013
13355400258
1780340277013
13394540722
1780340278014
13433528720
1780340279013
13474731495
1780340280012
13515333198
1780340281013
13554885526
1780340282013
13594105701
1780340283012
13633011974
1780340284013
13671522495
1780340285012
13712121940
1780340286014
13753298165
1780340287014
13796188070
1780340288013
13835312848
1780340289013
13875745483
1780340290013
13917226822
1780340291012
13957686802
1780340292012
13998194938
1780340293014
14037045180
1780340294012
14076652745
1780340295013
14117101677
1780340296013
14156059524
1780340297014
14194667030
1780340298012
14234950924
1780340299013
14275703261
1780340300012
14317208587
1780340301014
14359225874
1780340302013
14401050352
1780340303013
14439739706
1780340304013
14478870526
1780340305013
14518753969
1780340306012
14557781762
1780340307012
14596203295
1780340308013
14635344491
1780340309013
14676270045
1780340310012
14717665569
1780340311013
14757215151
1780340312012
14796527062
1780340313012
14835076524
1780340314013
14873837350
1780340315014
14914221707
1780340316012
14955347639
1780340317014
14998062129
1780340318014
15037185564
1780340319014
15077158729
1780340320012
15117939142
1780340321013
15157925245
1780340322012
15198280123
1780340323011
15237447808
1780340324014
15276314957
1780340325012
15316918674
1780340326013
15356021235
1780340327014
15394658282
1780340328012
15433646769
1780340329012
15474450131
1780340330012
15516228039
1780340331013
15559154138
1780340332013
15603527315
1780340333012
15642366632
1780340334014
15681565995
1780340335013
15721040625
1780340336015
15759919920
1780340337013
15798375449
1780340338012
15837994366
1780340339012
15878555908
1780340340012
15919632646
1780340341014
15959627844
1780340342012
15998638852
1780340343014
16037231710
1780340344013
16075672041
1780340345012
16115658450
1780340346014
16157348041
1780340347014
16199129855
1780340348013
16238554315
1780340349013
16278937329
1780340350013
16319922942
1780340351014
16359895313
1780340352013
16400556159
1780340353012
16439317961
1780340354013
16478633901
1780340355012
16519329353
1780340356013
16558317046
1780340357012
16597470754
1780340358012
16636970775
1780340359014
16676847321
1780340360011
16718702744
1780340361013
16759738772
1780340362013
16804249461
1780340363012
16842305211
1780340364013
16881073727
1780340365013
16921490494
1780340366012
16960210732
1780340367013
17000341977
1780340368013
17039711444
1780340369013
17080459752
1780340370012
17122353078
1780340371013
17161554454
1780340372012
17200358737
1780340373012
17238283384
1780340374013
17276604514
1780340375015
17316685466
1780340376013
17357116027
1780340377014
17396191305
1780340378012
17435398724
1780340379012
17475379701
1780340380012
17516680987
1780340381014
17557145239
1780340382013
17597124018
1780340383013
17635956621
1780340384012
17674868509
1780340385013
17714604613
1780340386013
17753939474
1780340387012
17793034222
1780340388013
17832417544
1780340389013
17872480918
1780340390010
17915573337
1780340391051
17955931693
1780340392012
17997758552
1780340393014
18035939240
1780340394014
18074286432
1780340395012
18113972426
1780340396014
18153516942
1780340397014
18192449459
1780340398013
18232037798
1780340399015
18272719579
1780340400012
18313552299
1780340401014
18353808299
1780340402012
18393554352
1780340403014
18433492421
1780340404011
18472776256
1780340405013
18513051422
1780340406013
18554963546
1780340407014
18599063226
1780340408013
18639121412
1780340409014
18680564238
1780340410012
18721301072
1780340411013
18761191717
1780340412012
18799663542
1780340413013
18839825610
1780340414014
18878292613
1780340415013
18919044950
1780340416013
18958846606
1780340417014
18998651924
1780340418013
19037893401
1780340419012
19078026538
1780340420011
19119517582
1780340421013
19161531268
1780340422014
19204362213
1780340423012
19243139030
1780340424013
19281486833
1780340425013
19320925269
1780340426012
19360096678
1780340427014
19399091695
1780340428013
19438653789
1780340429013
19478832336
1780340430012
19519503801
1780340431013
19559563635
1780340432012
19599425838
1780340433013
19637733174
1780340434014
19676096357
1780340435014
19717813658
1780340436049
19758051592
1780340437013
19798676182
1780340438014
19838108455
1780340439014
19879225598
1780340440010
19920628568
1780340441014
19960848985
1780340442014
19999713754
1780340443014
20039257903
1780340444013
20079046619
1780340445013
20118954232
1780340446014
20158923734
1780340447014
20199722031
1780340448012
20239449407
1780340449012
20279651147
1780340450012
20322683569
1780340451051
20363047907
1780340452014
20406167486
1780340453012
20443872285
1780340454013
20483235709
1780340455013
20523000317
1780340456013
20562079074
1780340457013
20601228510
1780340458013
20641565443
1780340459013
20682466706
1780340460012
20723333300
1780340461013
20763613104
1780340462012
20802635954
1780340463012
20841368765
1780340464014
20879975477
1780340465012
20920934967
1780340466050
20960241690
1780340467013
21003233279
1780340468012
21042857385
1780340469012
21083043683
1780340470011
21123863464
1780340471013
21163992572
1780340472014
21203456094
1780340473013
21242768006
1780340474013
21281857566
1780340475012
21322931924
1780340476014
21362356261
1780340477012
21401897054
1780340478015
21441940713
1780340479012
21482503415
1780340480012
21523817335
1780340481013
21566613063
1780340482014
21610329443
1780340483012
21648756041
1780340484014
21687274680
1780340485013
21727022076
1780340486014
21766019046
1780340487014
21805158167
1780340488012
21845056747
1780340489014
21885690920
1780340490011
21926376241
1780340491013
21967373206
1780340492014
22006446348
1780340493013
22044780052
1780340494012
22082749559
1780340495012
22123293461
1780340496013
22164251242
1780340497014
22207121921
1780340498013
22247610770
1780340499014
22288294992
1780340500012
22329772608
1780340501014
22370575848
1780340502013
22410147097
1780340503012
22450001243
1780340504013
22488766952
1780340505012
22528443669
1780340506014
22567688625
1780340507013
22606280018
1780340508012
22646541817
1780340509014
22686348233
1780340510012
22727962140
1780340511012
22770635615
1780340512014
22813835334
1780340513012
22853630337
1780340514014
22891746511
1780340515013
22930889966
1780340516014
22969895481
1780340517013
23008528500
1780340518012
23048089434
1780340519012
23089397311
1780340520012
23130231130
1780340521014
23171474128
1780340522014
23209768890
1780340523012
23249644521
1780340524011
23288316785
1780340525012
23329884977
1780340526051
23369951830
1780340527014
23413661191
1780340528012
23453707536
1780340529013
23494793918
1780340530012
23535077811
1780340531014
23575351817
1780340532013
23614176669
1780340533013
23653470025
1780340534011
23692454972
1780340535014
23732569859
1780340536014
23771767879
1780340537013
23810322102
1780340538013
23850223672
1780340539012
23890513730
1780340540012
23931983961
1780340541013
23974540614
1780340542014
24016675943
1780340543012
24057041868
1780340544012
24095888265
1780340545013
24135037213
1780340546013
24173944645
1780340547012
24212837062
1780340548013
24251999010
1780340549013
24293599856
1780340550011
24334057150
1780340551013
24374176310
1780340552012
24412864016
1780340553013
24450781461
1780340554013
24488784537
1780340555012
24528082288
1780340556013
24569698270
1780340557012
24609839952
1780340558013
24649410896
1780340559013
24689561062
1780340560012
24730293440
1780340561014
24771726562
1780340562013
24810987203
1780340563012
24849593733
1780340564012
24890072328
1780340565013
24930240011
1780340566013
24969994548
1780340567015
25009209718
1780340568012
25048394616
1780340569013
25089425211
1780340570013
25131849175
1780340571052
25172995371
1780340572013
25214698328
1780340573012
25254489974
1780340574014
25293513007
1780340575013
25332533232
1780340576013
25371473745
1780340577013
25410522534
1780340578012
25450567109
1780340579012
25491944567
1780340580013
25532355108
1780340581014
25572538232
1780340582013
25611325792
1780340583012
25649957895
1780340584012
25688600435
1780340585013
25728997243
1780340586012
25770155707
1780340587013
25812848042
1780340588013
25851690228
1780340589012
25892271789
1780340590012
25933692459
1780340591014
25975014070
1780340592012
26014481254
1780340593012
26053233901
1780340594012
26093472934
1780340595014
26133526848
1780340596013
26171936722
1780340597012
26210364908
1780340598012
26249670715
1780340599012
26289212606
1780340600012
26330254615
1780340601013
26373008107
1780340602013
26417079772
1780340603013
26456609272
1780340604012
26495405560
1780340605014
26535277345
1780340606012
26573429225
1780340607012
26611668751
1780340608012
26650747020
1780340609012
26690921539
1780340610012
26732649581
1780340611013
26773122317
1780340612013
26812901512
1780340613014
26851830856
1780340614013
26890034554
1780340615012
26930645718
1780340616012
26970730271
1780340617014
27012170472
1780340618013
27051423546
1780340619014
27091879253
1780340620013
27132416624
1780340621014
27173270707
1780340622014
27211696207
1780340623012
27249869143
1780340624012
27290128257
1780340625014
27329312483
1780340626013
27368910037
1780340627013
27407869777
1780340628012
27448580305
1780340629013
27488385562
1780340630011
27534674994
1780340631151
27571586460
1780340632012
27612721608
1780340633013
27652783639
1780340634014
27691854279
1780340635013
27731038322
1780340636013
27769885329
1780340637012
27808523963
1780340638012
27847937192
1780340639012
27889718763
1780340640012
27929994172
1780340641013
27970777515
1780340642013
28009763133
1780340643013
28048389682
1780340644011
28087013119
1780340645012
28126972977
1780340646012
28168233919
1780340647012
28209529956
1780340648012
28249091012
1780340649013
28289131009
1780340650011
28329828781
1780340651013
28370276737
1780340652013
28409502466
1780340653013
28448053881
1780340654013
28488831853
1780340655013
28529628441
1780340656012
28569241987
1780340657013
28610990842
1780340658013
28652593763
1780340659014
28692771211
1780340660011
28735012131
1780340661051
28775833987
1780340662013
28817023945
1780340663013
28856808999
1780340664011
28895094119
1780340665013
28935386496
1780340666012
28975851358
1780340667014
29014884828
1780340668012
29055113973
1780340669012
29095434792
1780340670012
29135522947
1780340671013
29175705827
1780340672014
29215488196
1780340673014
29254148436
1780340674012
29292068383
1780340675013
29332588604
1780340676049
29373236022
1780340677014
29414647476
1780340678012
29453584144
1780340679013
29493329221
1780340680012
29534106521
1780340681012
29574744478
1780340682013
29613893548
1780340683012
29652642900
1780340684014
29694260164
1780340685011
29733843925
1780340686013
29772727431
1780340687012
29811633703
1780340688012
29850679868
1780340689013
29891000505
1780340690013
29931013403
1780340691013
29973899157
1780340692014
30014691228
1780340693013
30053302457
1780340694012
30092377919
1780340695012
30131514598
1780340696013
30170169224
1780340697012
30209560419
1780340698013
30249229995
1780340699013
30290507478
1780340700012
30331025990
1780340701013
30371657172
1780340702013
30410426055
1780340703013
30448998222
1780340704011
30487527481
1780340705013
30527135290
1780340706013
30568337028
1780340707013
30611552920
1780340708013
30650406947
1780340709013
30690970747
1780340710011
30732192748
1780340711014
30772699236
1780340712012
30812282082
1780340713012
30851155090
1780340714013
30891059773
1780340715011
30930981424
1780340716014
30969826661
1780340717012
31008506921
1780340718011
31049110699
1780340719012
31089016786
1780340720011
31131327591
1780340721050
31172146578
1780340722014
31214854538
1780340723012
31253857734
1780340724012
31293829494
1780340725014
31332653858
1780340726014
31371862680
1780340727013
31410559847
1780340728014
31450490226
1780340729013
31490386120
1780340730011
31530437470
1780340731013
31570166738
1780340732013
31608903028
1780340733013
31648435154
1780340734012
31686328001
1780340735013
31731850528
1780340736149
31767608860
1780340737012
31811190718
1780340738013
31850382146
1780340739015
31890740869
1780340740011
31931442303
1780340741014
31972120726
1780340742014
32010883689
1780340743014
32049926863
1780340744012
32089121159
1780340745013
32129605309
1780340746013
32167892015
1780340747012
32206336679
1780340748012
32246240203
1780340749012
32286238147
1780340750011
32328552980
1780340751051
32369602558
1780340752012
32408875285
1780340753012
32447289371
1780340754013
32487119164
1780340755012
32526197860
1780340756012
32565877873
1780340757012
32604965237
1780340758013
32644290942
1780340759012
32684513556
1780340760013
32725220910
1780340761014
32765021712
1780340762013
32803899725
1780340763013
32842326201
1780340764012
32880645866
1780340765012
32920415662
1780340766013
32962496182
1780340767013
33005962745
1780340768012
33045085021
1780340769013
33085638078
1780340770012
33126241612
1780340771013
33166900077
1780340772013
33206181410
1780340773013
33244172585
1780340774012
33283979490
1780340775013
33325269789
1780340776013
33365102939
1780340777013
33403780208
1780340778013
33442994219
1780340779014
33482657936
1780340780012
33523421626
1780340781013
33566144783
1780340782015
33607366967
1780340783013
33646207505
1780340784014
33685995367
1780340785012
33725131986
1780340786013
33765009142
1780340787013
33804245797
1780340788013
33843689238
1780340789012
33884560350
1780340790013
33924583563
1780340791012
33964883081
1780340792012
34003844590
1780340793014
34042506173
1780340794012
34080837130
1780340795012
34120738578
1780340796013
34161907357
1780340797013
34203937034
1780340798013
34243254683
1780340799012
34283645143
1780340800011
34323623007
1780340801014
34363289532
1780340802013
34402261173
1780340803014
34440303678
1780340804012
34478802114
1780340805012
34519895454
1780340806014
34558608123
1780340807012
34597475639
1780340808013
34636860242
1780340809015
34676563632
1780340810012
34717184439
1780340811013
34759675114
1780340812013
34803374587
1780340813014
34842467870
1780340814012
34882293940
1780340815012
34921564470
1780340816014
34960180521
1780340817014
34998611208
1780340818012
35037574671
1780340819012
35079160502
1780340820012
35119888669
1780340821013
35160138322
1780340822014
35198615030
1780340823012
35237395387
1780340824012
35276506127
1780340825013
35316200300
1780340826014
35357783995
1780340827014
35399772169
1780340828012
35438702245
1780340829012
35479170037
1780340830012
35519826305
1780340831012
35559420747
1780340832012
35598353875
1780340833014
35636721880
1780340834012
35675921059
1780340835013
35717386834
1780340836013
35756364884
1780340837013
35794903176
1780340838013
35834381469
1780340839012
35873792562
1780340840012
35915999912
1780340841051
35956285209
1780340842014
36000002017
1780340843014
36038265346
1780340844012
36077719469
1780340845010
36117909918
1780340846014
36157556484
1780340847012
36197003709
1780340848012
36236082894
1780340849014
36276358731
1780340850010
36316597153
1780340851014
36356605596
1780340852012
36395300626
1780340853013
36434435353
1780340854014
36472430311
1780340855012
36512725863
1780340856014
36553990772
1780340857013
36595686160
1780340858013
36635450890
1780340859014
36676846536
1780340860011
36717019651
1780340861014
36757112017
1780340862013
36795526896
1780340863013
36834138553
1780340864012
36872813991
1780340865013
36913694746
1780340866012
36952036994
1780340867012
36990746734
1780340868013
37029666434
1780340869012
37069573619
1780340870011
37110660367
1780340871012
37152051252
1780340872013
37190635138
1780340873012
37229229644
1780340874012
37267270318
1780340875012
37308180186
1780340876013
37347045260
1780340877014
37385708003
1780340878012
37425195206
1780340879012
37465095800
1780340880012
37505238947
1780340881013
37545499464
1780340882013
37584563085
1780340883014
37622655944
1780340884012
37660599999
1780340885014
37700869488
1780340886012
37743378413
1780340887013
37788027102
1780340888013
37827718529
1780340889012
37867725812
1780340890012
37907824769
1780340891013
37947707907
1780340892013
37986538374
1780340893012
38024602791
1780340894012
38063072297
1780340895012
38103747791
1780340896012
38143395150
1780340897013
38181833467
1780340898013
38221546073
1780340899013
38262080576
1780340900012
38303305873
1780340901013
38345532511
1780340902013
38389487660
1780340903012
38428009839
1780340904012
38466142554
1780340905012
38506016048
1780340906012
38544274922
1780340907014
38582844709
1780340908013
38622484805
1780340909014
38663534932
1780340910014
38704257423
1780340911012
38744421810
1780340912013
38783779558
1780340913013
38822425333
1780340914013
38860415836
1780340915012
38901349203
1780340916051
38941067119
1780340917013
38983826043
1780340918013
39022549760
1780340919012
39062111914
1780340920012
39102430537
1780340921013
39142287673
1780340922014
39181273291
1780340923013
39219481018
1780340924012
39257943505
1780340925013
39297838056
1780340926012
39337754031
1780340927013
39376340480
1780340928014
39415940781
1780340929013
39455862371
1780340930014
39496659081
1780340931013
39538773963
1780340932013
39581239797
1780340933013
39620130017
1780340934012
39658429907
1780340935013
39698195430
1780340936014
39738347549
1780340937012
39776692482
1780340938014
39816049193
1780340939013
39856852617
1780340940011
39896996679
1780340941013
39937263727
1780340942012
39976239457
1780340943013
40015327064
1780340944013
40053418214
1780340945012
40095043779
1780340946049
40134431374
1780340947012
40175036311
1780340948013
40214144304
1780340949013
40254601354
1780340950012
40295287590
1780340951013
40334594985
1780340952013
40373302466
1780340953012
40411695679
1780340954012
40450122460
1780340955013
40489288742
1780340956013
40529717471
1780340957013
40568665186
1780340958015
40607439501
1780340959012
40647676093
1780340960012
40689129417
1780340961015
40729463664
1780340962013
40768351077
1780340963012
40806841518
1780340964012
40845089161
1780340965012
40885894294
1780340966014
40930387100
1780340967014
40971429719
1780340968013
41009960932
1780340969013
41051282237
1780340970012
41091471221
1780340971012
41132215502
1780340972012
41171317330
1780340973014
41209998811
1780340974012
41248729485
1780340975013
41290640023
1780340976050
41329825530
1780340977013
41374503639
1780340978014
41414175778
1780340979012
41454556778
1780340980012
41495176486
1780340981012
41535510001
1780340982013
41573863907
1780340983012
41612932655
1780340984012
41651598693
1780340985014
41690949911
1780340986013
41730303875
1780340987015
41769214298
1780340988013
41808308802
1780340989013
41847924668
1780340990012
41889161135
1780340991051
41929976521
1780340992014
41971990573
1780340993015
42010252438
1780340994012
42048613546
1780340995012
42088378337
1780340996012
42127479433
1780340997012
42165898890
1780340998013
42205460191
1780340999012
42245917545
1780341000011
42285906457
1780341001013
42325887983
1780341002015
42364252387
1780341003013
42403345609
1780341004013
42442056875
1780341005013
42481331310
1780341006013
42521653168
1780341007013
42561460622
1780341008014
42600772655
1780341009014
42641316314
1780341010013
42681954271
1780341011012
42721933905
1780341012012
42760916227
1780341013014
42799044731
1780341014012
42838424268
1780341015013
42878150912
1780341016013
42917467096
1780341017012
42956436723
1780341018013
42995815528
1780341019012
43036258845
1780341020011
43077448559
1780341021015
43119745875
1780341022013
