200168522540
1781757688055
200208562599
1781757689013
200248425351
1781757690014
200289475599
1781757691016
200330577118
1781757692013
200371390673
1781757693015
200414714659
1781757694012
200461867858
1781757695014
200505358287
1781757696014
200547335474
1781757697015
200587630293
1781757698011
200629257322
1781757699015
200669700334
1781757700012
200709889379
1781757701012
200751048576
1781757702012
200791084362
1781757703012
200831478790
1781757704015
200873392195
1781757705014
200915885556
1781757706015
200958316416
1781757707015
201000298853
1781757708038
201042300943
1781757709012
201085143240
1781757710014
201125779550
1781757711014
201167745690
1781757712012
201212847198
1781757713010
201258702671
1781757714013
201303928508
1781757715015
201348727587
1781757716014
201393477839
1781757717013
201436800726
1781757718015
201483089670
1781757719015
201528190934
1781757720013
201573585410
1781757721013
201619262051
1781757722014
201664564670
1781757723014
201710966772
1781757724012
201759117772
1781757725015
201805533242
1781757726014
201852076213
1781757727015
201897255541
1781757728014
201943269889
1781757729015
201988663266
1781757730013
202033953372
1781757731014
202079737801
1781757732013
202124877395
1781757733013
202170608113
1781757734012
202216686303
1781757735013
202263151028
1781757736014
202309230805
1781757737015
202354776465
1781757738013
202400819499
1781757739014
202447307539
1781757740015
202492429921
1781757741015
202538551141
1781757742015
202583889220
1781757743011
202629925052
1781757744015
202676295295
1781757745015
202722291881
1781757746015
202768248734
1781757747014
202813467429
1781757748016
202859040738
1781757749013
202904730867
1781757750016
202950888098
1781757751013
202997246622
1781757752015
203042899093
1781757753012
203089239001
1781757754015
203137909531
1781757755015
203184165516
1781757756016
203230660758
1781757757015
203275683775
1781757758015
203321309940
1781757759015
203366645883
1781757760011
203412293960
1781757761014
203458398090
1781757762011
203504065515
1781757763015
203549063690
1781757764012
203595551486
1781757765013
203642146338
1781757766015
203688126384
1781757767014
203734384932
1781757768014
203780235096
1781757769015
203826832816
1781757770012
203872582454
1781757771015
203918530396
1781757772015
203963617011
1781757773014
204008789320
1781757774013
204055106401
1781757775015
204101546590
1781757776014
204147806176
1781757777011
204192765900
1781757778012
204239016392
1781757779013
204284099589
1781757780013
204330176681
1781757781015
204376047535
1781757782015
204421358149
1781757783015
204467506408
1781757784013
204515170348
1781757785012
204562000245
1781757786016
204608462773
1781757787011
204653679027
1781757788014
204699383499
1781757789012
204744458640
1781757790012
204789900419
1781757791013
204835423312
1781757792012
204880819619
1781757793015
204926556014
1781757794015
204972866747
1781757795015
205019314992
1781757796015
205065052607
1781757797015
205112152218
1781757798036
205157067692
1781757799013
205205020328
1781757800014
205250489205
1781757801015
205295782607
1781757802013
205341056600
1781757803015
205386858607
1781757804014
205433147795
1781757805012
205479561678
1781757806014
205525975317
1781757807011
205571154400
1781757808013
205617299179
1781757809012
205662207634
1781757810015
205707582212
1781757811015
205753433047
1781757812013
205804580865
1781757813138
205845347973
1781757814015
205893080822
1781757815013
205939422683
1781757816014
205985033040
1781757817013
206030721461
1781757818015
206076618926
1781757819014
206122807407
1781757820015
206167791117
1781757821012
206213573105
1781757822013
206259232350
1781757823014
206304688350
1781757824013
206351010070
1781757825015
206397884828
1781757826015
206443569037
1781757827016
206489381847
1781757828015
206534941545
1781757829012
206582989822
1781757830012
206629279377
1781757831015
206674980981
1781757832015
206720209259
1781757833013
206766046361
1781757834015
206812196755
1781757835014
206858619000
1781757836015
206904587937
1781757837015
206949702385
1781757838015
206995487180
1781757839016
207040555424
1781757840015
207085774851
1781757841015
207131831801
1781757842012
207177627155
1781757843015
207223742638
1781757844012
207271994711
1781757845015
207318683252
1781757846015
207365061978
1781757847014
207410897493
1781757848015
207456200661
1781757849013
207502234845
1781757850015
207547264698
1781757851015
207592523005
1781757852013
207637743897
1781757853015
207683868596
1781757854016
207729961251
1781757855012
207776437268
1781757856015
207822782303
1781757857012
207869569292
1781757858037
207913842128
1781757859014
207961585414
1781757860015
208007176423
1781757861014
208053062048
1781757862015
208098720439
1781757863012
208144615280
1781757864011
208190874134
1781757865015
208236774285
1781757866013
208283157284
1781757867014
208328151126
1781757868014
208374076302
1781757869011
208419318251
1781757870011
208465225421
1781757871014
208510815515
1781757872014
208556230132
1781757873014
208602106297
1781757874015
208650802583
1781757875015
208697583591
1781757876012
208743657936
1781757877015
208788704696
1781757878012
208833983938
1781757879015
208879437740
1781757880013
208924750917
1781757881015
208970097176
1781757882013
209015468275
1781757883015
209060681172
1781757884015
209106713586
1781757885014
209153244534
1781757886015
209199009187
1781757887014
209244596534
1781757888015
209289889631
1781757889012
209337634687
1781757890012
209383068226
1781757891015
209428234064
1781757892014
209473725586
1781757893012
209519074347
1781757894016
209565504465
1781757895013
209611467665
1781757896015
209657518145
1781757897013
209702623682
1781757898015
209747095980
1781757899013
209792846840
1781757900015
209838530683
1781757901015
209884636094
1781757902014
209929657219
1781757903015
209975121764
1781757904015
210022046631
1781757905012
210068084843
1781757906014
210114114572
1781757907014
210160071058
1781757908015
210205756793
1781757909015
210251619591
1781757910015
210296811675
1781757911014
210342622898
1781757912013
210388034403
1781757913015
210433292283
1781757914014
210479305959
1781757915014
210525425103
1781757916016
210570916503
1781757917012
210617116763
1781757918037
210661241711
1781757919016
210708411329
1781757920013
210754216998
1781757921014
210799360803
1781757922014
210844120515
1781757923013
210889563209
1781757924015
210935771953
1781757925012
210981941269
1781757926015
211028161304
1781757927015
211072694943
1781757928011
211117531620
1781757929015
211163243173
1781757930012
211208407059
1781757931014
211254836078
1781757932013
211300633324
1781757933014
211346874844
1781757934015
211395136073
1781757935015
211441498564
1781757936013
211486962742
1781757937016
211532958169
1781757938012
211578080490
1781757939013
211623580434
1781757940011
211668420041
1781757941015
211714368471
1781757942015
211759448128
1781757943012
211804534256
1781757944012
211850381611
1781757945015
211896707848
1781757946016
211943103908
1781757947012
211989345428
1781757948015
212035507419
1781757949015
212083627657
1781757950013
212128956704
1781757951014
212175206524
1781757952013
212220224292
1781757953015
212265168941
1781757954014
212310854309
1781757955011
212356793401
1781757956015
212402135631
1781757957014
212447466570
1781757958014
212493333701
1781757959014
212539727564
1781757960015
212584952668
1781757961012
212630846837
1781757962012
212676192547
1781757963011
212722083237
1781757964015
212769701707
1781757965013
212816124256
1781757966015
212861635981
1781757967015
212907249694
1781757968010
212952892888
1781757969015
212998009472
1781757970012
213043587541
1781757971013
213089541525
1781757972015
213135209743
1781757973015
213180819856
1781757974011
213227639194
1781757975015
213274046180
1781757976014
213320294718
1781757977013
213365999924
1781757978015
213411425039
1781757979014
213458197808
1781757980015
213503676573
1781757981014
213549316593
1781757982012
213594547801
1781757983014
213640508071
1781757984015
213686628925
1781757985012
213732623192
1781757986016
213779394007
1781757987014
213824481599
1781757988015
213869863441
1781757989015
213916405253
1781757990013
213962270126
1781757991015
214008138172
1781757992013
214054582817
1781757993038
214098677980
1781757994012
214146939148
1781757995012
214193151859
1781757996012
214238860299
1781757997014
214284434767
1781757998012
214330769976
1781757999013
214376757834
1781758000014
214422700832
1781758001013
214468526520
1781758002014
214513561561
1781758003013
214558836103
1781758004012
214604554736
1781758005015
214650925895
1781758006012
214696319516
1781758007012
214741240849
1781758008014
214786892526
1781758009015
214834260020
1781758010014
214880224319
1781758011015
214926056477
1781758012014
214971196803
1781758013014
215016759248
1781758014012
215063254917
1781758015013
215108986856
1781758016012
215154827131
1781758017013
215199429007
1781758018012
215244216368
1781758019015
215289945133
1781758020012
215335478952
1781758021016
215381310621
1781758022015
215426512654
1781758023015
215472448267
1781758024015
215518624052
1781758025011
215565953215
1781758026013
215612281283
1781758027014
215657546242
1781758028015
215703349470
1781758029015
215748953601
1781758030015
215794422784
1781758031015
215839982970
1781758032014
215885171209
1781758033015
215930157910
1781758034015
215975834124
1781758035013
216022068197
1781758036014
216068620568
1781758037015
216113925445
1781758038012
216160094883
1781758039014
216207006139
1781758040013
216252891032
1781758041014
216299205610
1781758042015
216344374379
1781758043011
216390497979
1781758044016
216436402220
1781758045013
216482752992
1781758046015
216528226387
1781758047012
216573467176
1781758048014
216618134970
1781758049011
216664158961
1781758050014
216709531464
1781758051013
216755734715
1781758052013
216801619363
1781758053015
216847923078
1781758054015
216895655316
1781758055015
216941943772
1781758056015
216987920644
1781758057013
217033311458
1781758058015
217079577148
1781758059015
217125055303
1781758060015
217169954602
1781758061013
217215870195
1781758062012
217261211510
1781758063012
217306435332
1781758064015
217353004732
1781758065012
217399308019
1781758066015
217445133707
1781758067013
217491243880
1781758068012
217537225757
1781758069015
217585082507
1781758070014
217630602104
1781758071014
217675793883
1781758072015
217721185186
1781758073015
217766377209
1781758074014
217812462235
1781758075015
217858528645
1781758076014
217904904503
1781758077015
217949903289
1781758078012
217995015722
1781758079013
218040471539
1781758080015
218087107283
1781758081015
218133312487
1781758082014
218178811211
1781758083013
218224601316
1781758084012
218271960570
1781758085014
218318237246
1781758086013
218364361395
1781758087014
218409098586
1781758088015
218454679890
1781758089013
218499982508
1781758090013
218545132539
1781758091012
218590710792
1781758092013
218636364483
1781758093015
218681669238
1781758094015
218727950125
1781758095014
218774430536
1781758096015
218820156127
1781758097013
218865346441
1781758098012
218910978282
1781758099016
218957416518
1781758100013
219002879231
1781758101015
219048489100
1781758102012
219094075592
1781758103013
219139070045
1781758104012
219184839947
1781758105012
219231125839
1781758106015
219277365528
1781758107013
219323564873
1781758108012
219368937437
1781758109013
219413763128
1781758110015
219460548470
1781758111015
219506598278
1781758112015
219552792862
1781758113013
219598970784
1781758114015
219646052450
1781758115012
219692816674
1781758116013
219738158049
1781758117014
219783053625
1781758118014
219829061869
1781758119013
219874138597
1781758120012
219919234002
1781758121016
219965162595
1781758122012
220010436283
1781758123012
220056689277
1781758124014
220102723889
1781758125012
220149075699
1781758126015
220195473895
1781758127014
220241020898
1781758128014
220286502898
1781758129016
220333198762
1781758130012
220378636818
1781758131014
220424346234
1781758132013
220469749011
1781758133012
220515486748
1781758134012
220561670468
1781758135013
220608010925
1781758136015
220654253055
1781758137014
220700131234
1781758138011
220745063065
1781758139013
220790496237
1781758140014
220837375633
1781758141013
220883394559
1781758142015
220929289705
1781758143014
220975420141
1781758144015
221023130895
1781758145014
221069516763
1781758146015
221115310469
1781758147012
221160444508
1781758148014
221206051753
1781758149011
221251406922
1781758150011
221296727851
1781758151011
221342816173
1781758152015
221388680130
1781758153013
221435746477
1781758154015
221482797321
1781758155013
221529157371
1781758156015
221574776639
1781758157012
221625693256
1781758158136
221665537210
1781758159015
221711913983
1781758160012
221758013535
1781758161013
221803882681
1781758162015
221849204708
1781758163014
221894805971
1781758164014
221940576483
1781758165012
221986603587
1781758166013
222032743179
1781758167013
222078397786
1781758168011
222123990809
1781758169015
222169316499
1781758170015
222215454930
1781758171015
222260823161
1781758172014
222306491074
1781758173015
222352304433
1781758174015
222399832144
1781758175013
222446257379
1781758176012
222491606628
1781758177012
222536595221
1781758178012
222581795240
1781758179011
222627888811
1781758180014
222674191244
1781758181013
222720579614
1781758182014
222766236723
1781758183015
222811925693
1781758184012
222858107277
1781758185012
222904541789
1781758186013
222950274460
1781758187013
222995555777
1781758188012
223040956967
1781758189012
223085728398
1781758190012
223131660654
1781758191011
223177238052
1781758192015
223222452108
1781758193015
223268063564
1781758194014
223314488433
1781758195015
223360972383
1781758196015
223406984045
1781758197014
223452360516
1781758198013
223497589587
1781758199015
223542846552
1781758200015
223589648739
1781758201015
223635354432
1781758202012
223680821235
1781758203011
223727046886
1781758204015
223775593453
1781758205016
223822837839
1781758206012
223869102430
1781758207013
223915113482
1781758208015
223959858240
1781758209012
224006096037
1781758210012
224052356844
1781758211014
224098170997
1781758212013
224143902935
1781758213015
224189127673
1781758214013
224235250541
1781758215013
224281909906
1781758216014
224327632018
1781758217014
224373056768
1781758218015
224417973950
1781758219014
224465620495
1781758220015
224511808976
1781758221015
224557621542
1781758222015
224603029751
1781758223013
224648363863
1781758224015
224695240635
1781758225014
224741553383
1781758226013
224788121684
1781758227015
224833239427
1781758228013
224878639641
1781758229012
224923802733
1781758230013
224969989749
1781758231010
225016085029
1781758232012
225061377820
1781758233014
225107308794
1781758234014
225155105303
1781758235014
225201716389
1781758236012
225248029991
1781758237011
225293805448
1781758238015
225339246860
1781758239015
225385747473
1781758240011
225431030683
1781758241012
225477079881
1781758242012
225521987603
1781758243013
225567092407
1781758244012
225613666873
1781758245015
225660119574
1781758246013
225705967113
1781758247014
225751411332
1781758248015
225797065451
1781758249015
225845019979
1781758250014
225890904017
1781758251015
225936609528
1781758252015
225981791297
1781758253014
226027351361
1781758254015
226074281783
1781758255015
226120908738
1781758256015
226167372242
1781758257013
226213270501
1781758258015
226258432739
1781758259015
226302883553
1781758260012
226349263867
1781758261015
226395904006
1781758262014
226441489400
1781758263015
226487189356
1781758264012
226535495140
1781758265012
226581974086
1781758266015
226628374785
1781758267013
226673767980
1781758268015
226719130290
1781758269015
226765019455
1781758270011
226810747365
1781758271015
226856599970
1781758272012
226901880311
1781758273012
226946931831
1781758274012
226993303478
1781758275014
227039627395
1781758276013
227085224202
1781758277012
227130728236
1781758278014
227176358917
1781758279015
227222364537
1781758280013
227268081705
1781758281015
227314467634
1781758282015
227359632740
1781758283013
227405192804
1781758284015
227451552976
1781758285012
227498147644
1781758286014
227544283635
1781758287012
227589359386
1781758288014
227634657182
1781758289015
227679569299
1781758290015
227725721769
1781758291015
227772018464
1781758292015
227817220802
1781758293015
227863295391
1781758294015
227910981304
1781758295012
227957656905
1781758296013
228003422535
1781758297014
228048602168
1781758298012
228093915528
1781758299013
228139590521
1781758300014
228184862439
1781758301013
228230710466
1781758302014
228276017296
1781758303012
228321155852
1781758304014
228366817051
1781758305014
228413276344
1781758306015
228459388409
1781758307015
228505108323
1781758308015
228551001455
1781758309016
228597576165
1781758310014
228643460935
1781758311015
228689987611
1781758312014
228735490363
1781758313012
228781157116
1781758314015
228827568557
1781758315013
228873354390
1781758316014
228919504052
1781758317015
228964754424
1781758318012
229009933691
1781758319014
229055260357
1781758320012
229100288929
1781758321012
229146881766
1781758322011
229194021538
1781758323037
229238658630
1781758324015
229286678222
1781758325012
229333346865
1781758326014
229379349799
1781758327015
229424855786
1781758328014
229470008685
1781758329014
229515589623
1781758330012
229559630465
1781758331013
229601622362
1781758332015
229645148679
1781758333012
229688051706
1781758334015
229729997827
1781758335014
229776671108
1781758336011
229822682709
1781758337014
229867770118
1781758338012
229912705733
1781758339013
229958277516
1781758340015
230002922238
1781758341014
230048611269
1781758342014
230095889712
1781758343014
230141348397
1781758344014
230187343824
1781758345015
230233036090
1781758346011
230279456015
1781758347015
230324858975
1781758348015
230370089694
1781758349014
230414947978
1781758350015
230460297471
1781758351015
230506691090
1781758352012
230552195307
1781758353012
230598289061
1781758354015
230646067137
1781758355015
230692358705
1781758356015
230738328619
1781758357014
230783399732
1781758358015
230828156270
1781758359011
230873853053
1781758360014
230919499481
1781758361015
230965060888
1781758362012
231010200238
1781758363015
231055392993
1781758364015
231101682975
1781758365012
231148684686
1781758366013
231194553098
1781758367013
231240272098
1781758368011
231286964605
1781758369013
231333451547
1781758370011
231379316358
1781758371015
231424652241
1781758372013
231469871913
1781758373014
231515227937
1781758374015
231561447667
1781758375012
231607389200
1781758376013
231652987960
1781758377015
231698804371
1781758378015
231744390985
1781758379014
231789300294
1781758380012
231835019537
1781758381013
231882032784
1781758382013
231927394606
1781758383015
231973582720
1781758384015
232021104999
1781758385012
232067126487
1781758386012
232112462675
1781758387013
232157472936
1781758388016
232202898173
1781758389013
232248767624
1781758390012
232294500112
1781758391015
232340855462
1781758392012
232385865906
1781758393014
232431307562
1781758394011
232477158763
1781758395012
232524273754
1781758396013
232569906511
1781758397015
232615569419
1781758398012
232661157559
1781758399016
232708454191
1781758400011
232754067966
1781758401015
232799936989
1781758402014
232844747055
1781758403012
232890782216
1781758404015
232937544913
1781758405012
232984414971
1781758406012
233030039427
1781758407013
233074852667
1781758408015
233120411388
1781758409015
233165163593
1781758410012
233210652307
1781758411015
233257028165
1781758412011
233302610812
1781758413015
233348495033
1781758414012
233396009377
1781758415015
233442035260
1781758416012
233488043077
1781758417015
233533404655
1781758418014
233578963376
1781758419015
233624774538
1781758420015
233670900641
1781758421014
233716735790
1781758422015
233761912310
1781758423014
233806952355
1781758424013
233853034940
1781758425011
233900087310
1781758426013
233946175449
1781758427015
233991263773
1781758428013
234037170760
1781758429016
234084259812
1781758430011
234130221608
1781758431014
234175871821
1781758432012
234221257813
1781758433012
234266523628
1781758434011
234312969920
1781758435011
234359127944
1781758436011
234404869526
1781758437012
234450342615
1781758438015
234495040438
1781758439014
234539909708
1781758440013
234585422714
1781758441015
234631398426
1781758442012
234677590508
1781758443015
234723297422
1781758444015
234771840632
1781758445013
234818319212
1781758446013
234864927125
1781758447014
234911407536
1781758448015
234956661265
1781758449015
235002487442
1781758450014
235048764911
1781758451014
235094544945
1781758452015
235139500519
1781758453012
235184671302
1781758454014
235230556560
1781758455012
235277386763
1781758456015
235322914234
1781758457012
235368063593
1781758458014
235413386964
1781758459015
235461399109
1781758460013
235508216189
1781758461013
235554195136
1781758462015
235599665112
1781758463015
235645125506
1781758464014
235691438803
1781758465012
235737112453
1781758466013
235782705354
1781758467014
235827894509
1781758468015
235872594223
1781758469013
235917618766
1781758470015
235962902403
1781758471013
236009134462
1781758472015
236055163885
1781758473012
236101596567
1781758474012
236149684578
1781758475015
236196360545
1781758476015
236242298050
1781758477015
236287697958
1781758478015
236332833035
1781758479013
236377729344
1781758480012
236423563089
1781758481011
236469408613
1781758482012
236514675648
1781758483013
236559636043
1781758484015
236605951538
1781758485015
236652158512
1781758486013
236698394844
1781758487015
236743331618
1781758488011
236790363846
1781758489014
236836277242
1781758490014
236881875148
1781758491012
236928666959
1781758492015
236973539464
1781758493013
237019043071
1781758494014
237065297652
1781758495013
237111421008
1781758496015
237157340995
1781758497013
237202380065
1781758498012
237247493230
1781758499014
237292141187
1781758500014
237337845599
1781758501013
237383941062
1781758502013
237430460169
1781758503014
237476360992
1781758504015
237525017483
1781758505015
237572350553
1781758506015
237617716770
1781758507011
237662832438
1781758508015
237707798693
1781758509012
237752601129
1781758510012
237798283690
1781758511011
237844846193
1781758512016
237889971017
1781758513015
237935595106
1781758514012
237981601764
1781758515014
238028171163
1781758516015
238074277674
1781758517014
238119521515
1781758518015
238165585790
1781758519014
238211348795
1781758520012
238256943161
1781758521015
238302581350
1781758522015
238347244748
1781758523014
238392282780
1781758524012
238438875068
1781758525012
238484542004
1781758526016
238530543168
1781758527013
238576702779
1781758528014
238622552759
1781758529015
238667511263
1781758530014
238712827126
1781758531015
238759352214
1781758532013
238805776534
1781758533015
238851176625
1781758534015
238898423330
1781758535012
238944824334
1781758536013
238990464110
1781758537014
239035506658
1781758538015
239080509351
1781758539013
239125922992
1781758540015
239171488793
1781758541013
239217927395
1781758542014
239264217193
1781758543011
239309374243
1781758544012
239355056316
1781758545012
239401583663
1781758546014
239447471302
1781758547015
239492983515
1781758548015
239538897765
1781758549015
239586281432
1781758550015
239631681402
1781758551015
239677341746
1781758552013
239723026871
1781758553015
239768636556
1781758554015
239815107934
1781758555012
239860979032
1781758556012
239907076571
1781758557014
239952208291
1781758558014
239997576949
1781758559013
240043046560
1781758560014
240088181881
1781758561015
240134352295
1781758562015
240181295839
1781758563014
240227707342
1781758564013
240273867929
1781758565015
240320222669
1781758566014
240365679523
1781758567016
240410643763
1781758568014
240455856233
1781758569011
240501031654
1781758570012
240545934005
1781758571015
240592112415
1781758572013
240638284416
1781758573012
240683995663
1781758574013
240729916078
1781758575015
240776703251
1781758576013
240822138559
1781758577014
240868981518
1781758578038
240913840595
1781758579012
240960149009
1781758580015
241005453947
1781758581015
241050933139
1781758582012
241096661843
1781758583015
241141624130
1781758584011
241188255908
1781758585013
241235096486
1781758586015
241281249505
1781758587015
241326407105
1781758588014
241371857245
1781758589015
241416830396
1781758590013
241462283405
1781758591013
241507430994
1781758592010
241555026515
1781758593035
241599951326
1781758594013
241647410189
1781758595013
241693711706
1781758596015
241739726542
1781758597012
241784969896
1781758598013
241830548026
1781758599015
241875759641
1781758600013
241920773991
1781758601015
241967043892
1781758602011
242013206860
1781758603015
242058348041
1781758604015
242104559287
1781758605014
242151385950
1781758606012
242197041961
1781758607013
242242689305
1781758608014
242288513834
1781758609015
242336501931
1781758610014
242382310224
1781758611015
242428212695
1781758612014
242474009025
1781758613013
242519663510
1781758614015
242566686217
1781758615015
242612354862
1781758616013
242658089548
1781758617015
242703385635
1781758618012
242748245811
1781758619012
242793002654
1781758620015
242838480565
1781758621015
242884236674
1781758622014
242930098312
1781758623011
242977138536
1781758624012
243024187793
1781758625014
243071030690
1781758626011
243117146905
1781758627014
243161805360
1781758628011
243207636542
1781758629015
243253042004
1781758630015
243298147723
1781758631014
243344592368
1781758632015
243389914334
1781758633012
243434907078
1781758634012
243481221535
1781758635015
243527257061
1781758636015
243572462695
1781758637015
243617721246
1781758638016
243663503661
1781758639015
243711561033
1781758640014
243757087161
1781758641015
243803328498
1781758642015
243848718824
1781758643012
243893740071
1781758644013
243940687460
1781758645014
243987023523
1781758646016
244033181730
1781758647012
244078113683
1781758648015
244122703840
1781758649012
244167848866
1781758650015
244213040279
1781758651012
244258381960
1781758652015
244304387701
1781758653014
244351376717
1781758654015
244399817205
1781758655015
244446993904
1781758656012
244493364024
1781758657014
244538654802
1781758658011
244583749291
1781758659015
244628861541
1781758660012
244673750891
1781758661012
244720116190
1781758662012
244765651169
1781758663013
244810788504
1781758664011
244857274591
1781758665014
244904018551
1781758666015
244949992616
1781758667015
244994908333
1781758668013
245040194716
1781758669013
245087347550
1781758670015
245132929037
1781758671013
245178730800
1781758672014
245223938143
1781758673012
245269229225
1781758674013
245315808269
1781758675015
245361306138
1781758676015
245406772452
1781758677012
245451872740
1781758678015
245497246708
1781758679016
245542618479
1781758680014
245587840898
1781758681014
245633400839
1781758682014
245679332485
1781758683011
245726267240
1781758684014
245774630947
1781758685011
245821787015
1781758686014
245868201630
1781758687015
245913429969
1781758688013
245958638410
1781758689012
246003594411
1781758690015
246048448605
1781758691013
246093908450
1781758692014
246140091620
1781758693015
246185073255
1781758694015
246231384355
1781758695015
246278232990
1781758696014
246324507713
1781758697015
246369543669
1781758698014
246414912267
1781758699012
246462939793
1781758700012
246509005348
1781758701013
246554625105
1781758702015
246599599599
1781758703013
246644641537
1781758704013
246690590821
1781758705015
246736712590
1781758706015
246782097057
1781758707012
246826654987
1781758708012
246872198022
1781758709014
246916981599
1781758710012
246962317176
1781758711014
247008183819
1781758712014
247054310959
1781758713015
247100351308
1781758714013
247148191578
1781758715015
247194779350
1781758716014
247240682552
1781758717013
247285715640
1781758718014
247330868357
1781758719013
247376081803
1781758720014
247421130150
1781758721014
247466746000
1781758722013
247512810579
1781758723012
247558185158
1781758724014
247604222271
1781758725014
247651001326
1781758726015
247696768116
1781758727012
247742646050
1781758728016
247788386351
1781758729015
247835567565
1781758730012
247881477665
1781758731012
247926442699
1781758732015
247971523943
1781758733014
248016927269
1781758734011
248062736295
1781758735013
248109244233
1781758736012
248155364659
1781758737015
248200371014
1781758738014
248246486740
1781758739015
248291512809
1781758740012
248336782957
1781758741011
248382517215
1781758742013
248428559516
1781758743015
248474910899
1781758744013
248523040232
1781758745015
248569331312
1781758746015
248615537492
1781758747014
248660283716
1781758748014
248705484222
1781758749015
248750727698
1781758750011
248795710432
1781758751015
248841151173
1781758752015
248887218132
1781758753013
248932294982
1781758754012
248978329715
1781758755011
249025513921
1781758756016
249072079903
1781758757013
249117795484
1781758758015
249163696856
1781758759013
249210167684
1781758760013
249255699367
1781758761013
249301559601
1781758762016
249347618077
1781758763015
249392929423
1781758764015
249439298811
1781758765014
249485824571
1781758766014
249531924795
1781758767013
249577336422
1781758768016
249622262210
1781758769015
249666769359
1781758770014
249712442338
1781758771014
249758286093
1781758772014
249804326319
1781758773015
249850541716
1781758774011
249897974578
1781758775015
249944524141
1781758776014
249990537512
1781758777015
250035474409
1781758778013
250080514089
1781758779016
250125362790
1781758780014
250170690494
1781758781016
250216703864
1781758782013
250263006175
1781758783013
250308111467
1781758784015
250353861289
1781758785012
250400481104
1781758786013
250447199979
1781758787012
250493307160
1781758788012
250538887732
1781758789012
250585353311
1781758790013
250631025314
1781758791015
250677369616
1781758792012
250722456049
1781758793013
250767744812
1781758794015
250814468509
1781758795015
250860753607
1781758796014
250907373239
1781758797012
250953020461
1781758798014
250998225729
1781758799015
251043437100
1781758800012
251088868624
1781758801015
251134727637
1781758802013
251180531231
1781758803015
251226349351
1781758804012
251274273972
1781758805012
251320760364
1781758806015
251367234305
1781758807015
251412666379
1781758808015
251457418523
1781758809015
251502763438
1781758810015
251548169572
1781758811011
251594015219
1781758812015
251640095728
1781758813013
251685701752
1781758814015
251731180822
1781758815014
251777577371
1781758816015
251823549666
1781758817015
251869190174
1781758818015
251914439081
1781758819012
251961195065
1781758820014
252006678591
1781758821013
252052378364
1781758822012
252098072339
1781758823015
252142886006
1781758824012
252189158654
1781758825015
252235547207
1781758826012
252281532990
1781758827015
252328089084
1781758828015
252373694680
1781758829015
252418743882
1781758830015
252464091910
1781758831014
252509745663
1781758832012
252555777894
1781758833015
252600855354
1781758834015
252648863288
1781758835014
252696876165
1781758836015
252742944895
1781758837014
252787807024
1781758838013
252833479209
1781758839012
252878552702
1781758840013
252924688082
1781758841013
252969856301
1781758842011
253015914411
1781758843016
253061367297
1781758844015
253107262261
1781758845013
253154054743
1781758846015
253199960326
1781758847015
253247323792
1781758848037
253292544074
1781758849014
253339058420
1781758850013
253384911391
1781758851012
253430810016
1781758852015
253476494409
1781758853015
253522493864
1781758854011
253569378387
1781758855013
253615573276
1781758856015
253661154458
1781758857013
253706725631
1781758858011
253752209828
1781758859016
253797990595
1781758860014
253843492554
1781758861015
253888751349
1781758862014
253934126477
1781758863012
253979639483
1781758864011
254027813859
1781758865015
254074274433
1781758866015
254120042688
1781758867012
254165306183
1781758868015
254210895483
1781758869015
254256054486
1781758870013
254301695787
1781758871012
254346523736
1781758872011
254391756958
1781758873012
254438019901
1781758874012
254483993355
1781758875015
254530281262
1781758876011
254576742691
1781758877014
254623535417
1781758878038
254667870021
1781758879013
254714369535
1781758880013
254760055576
1781758881012
254805574746
1781758882012
254850724472
1781758883012
254896805226
1781758884012
254943250724
1781758885013
254989310055
1781758886015
255034883547
1781758887015
255079583994
1781758888015
255124573808
1781758889012
255169735252
1781758890012
255215168546
1781758891015
255261123202
1781758892015
255306703224
1781758893014
255352483441
1781758894012
255400956279
1781758895015
255447871137
1781758896014
255494293015
1781758897015
255539502921
1781758898015
255584387267
1781758899015
255629530462
1781758900014
255674192884
1781758901014
255719488666
1781758902014
255764633265
1781758903013
255811428556
1781758904015
255857464632
1781758905015
255904127415
1781758906014
255950064004
1781758907012
255995529098
1781758908011
256041892504
1781758909012
256089824449
1781758910015
256135100029
1781758911018
256180600645
1781758912015
256225861577
1781758913013
256271541513
1781758914015
256317706373
1781758915012
256363657367
1781758916011
256409789512
1781758917012
256454939176
1781758918015
256500493381
1781758919013
256545436930
1781758920012
256591515975
1781758921015
256637561512
1781758922012
256682910333
1781758923012
256728977842
1781758924014
256777063046
1781758925015
256823169435
1781758926012
256869137518
1781758927014
256914865428
1781758928016
256961952649
1781758929014
257006746541
1781758930015
257052077845
1781758931012
257097662140
1781758932012
257142984412
1781758933012
257189591409
1781758934014
257235850263
1781758935013
257282535690
1781758936015
257328440541
1781758937012
257374574517
1781758938012
257420355467
1781758939015
257468500180
1781758940014
257514167117
1781758941015
257559750496
1781758942015
257604658828
1781758943012
257649890524
1781758944012
257696079981
1781758945014
257743103298
1781758946015
257790056242
1781758947011
257830654832
1781758948012
257873955014
1781758949012
257915740246
1781758950015
257957871913
1781758951012
257999777263
1781758952015
258040135619
1781758953012
258083788827
1781758954015
258130206311
1781758955010
258173815879
1781758956012
258215611610
1781758957013
258260837690
1781758958011
258304213556
1781758959014
258349680603
1781758960015
258393200206
1781758961014
258438348283
1781758962013
258483392357
1781758963011
258528762420
1781758964015
258575705842
1781758965015
258622476474
1781758966012
258668355263
1781758967014
258713675887
1781758968014
258758706350
1781758969015
258804835077
1781758970015
258849606752
1781758971015
258894842049
1781758972014
258939932021
1781758973014
258985999225
1781758974015
259032161460
1781758975012
259078603968
1781758976013
259123908845
1781758977013
259168917946
1781758978013
259214644575
1781758979015
259259807423
1781758980012
259305210261
1781758981015
259351287291
1781758982015
259396732793
1781758983014
259442485178
1781758984014
259490129770
1781758985012
259537597850
1781758986016
259583127518
1781758987011
259629369343
1781758988015
259675139978
1781758989014
259720749175
1781758990012
259765864233
1781758991012
259811299969
1781758992015
259856529223
1781758993012
259902687674
1781758994012
259948739314
1781758995015
259994654480
1781758996015
260040006842
1781758997015
260086219553
1781758998038
260131115312
1781758999015
260175741174
1781759000015
260220670259
1781759001014
260266263343
1781759002015
260313359169
1781759003011
260360070720
1781759004012
260406434309
1781759005013
260452716723
1781759006013
260499338979
1781759007014
260543913633
1781759008013
260588842229
1781759009013
260634377635
1781759010015
260679545183
1781759011014
260725048911
1781759012014
260770605557
1781759013013
260816695039
1781759014015
260864674958
1781759015016
260911942049
1781759016014
260957891394
1781759017015
261003081159
1781759018015
261048685656
1781759019015
261094019158
1781759020012
261138697816
1781759021016
261184354254
1781759022015
261229624890
1781759023012
261275296587
1781759024011
261321602072
1781759025012
261368111535
1781759026016
261413680937
1781759027011
261458908605
1781759028015
261504460734
1781759029015
261551965373
1781759030014
261597984238
1781759031015
261643703481
1781759032013
261688893490
1781759033014
261734191103
1781759034013
261780634039
1781759035013
261826782419
1781759036015
261872879408
1781759037012
261918630450
1781759038015
261963584254
1781759039014
262008103244
1781759040012
262053361978
1781759041012
262099220564
1781759042012
1385921
1781759043013
47632019
1781759044015
96169553
1781759045014
143386473
1781759046015
189503848
1781759047013
234941842
1781759048011
280419326
1781759049015
325142356
1781759050013
369940337
1781759051015
415768649
1781759052014
460634318
1781759053012
506099168
1781759054012
552431508
1781759055013
598495416
1781759056011
644263060
1781759057014
695054617
1781759058138
735001475
1781759059015
781992932
1781759060012
827426836
1781759061015
873081505
1781759062015
918033233
1781759063014
963856358
1781759064012
1010720740
1781759065013
1057231119
1781759066016
1102956771
1781759067013
1147689810
1781759068013
1192669249
1781759069015
1237695561
1781759070015
1282747448
1781759071013
1328750382
1781759072012
1373975852
1781759073015
1420465479
1781759074015
1468734460
1781759075014
1515678187
1781759076015
1561334687
1781759077015
1606529151
1781759078015
1651728132
1781759079015
1697251392
1781759080015
1742450373
1781759081015
1787734925
1781759082012
1833050239
1781759083013
1878490735
1781759084014
1925635634
1781759085015
1971921038
1781759086015
2016943933
1781759087015
2061882538
1781759088013
2107439001
1781759089015
2154367714
1781759090015
2200070234
1781759091015
2245609241
1781759092015
2290384395
1781759093015
2336136048
1781759094013
2382367680
1781759095016
2428226449
1781759096015
2474603345
1781759097014
2519061300
1781759098011
2564781703
1781759099014
2609934785
1781759100015
2655384620
1781759101013
2701389873
1781759102014
2746900987
1781759103014
2792673942
1781759104015
2839131464
1781759105014
2886285823
1781759106014
2932629089
1781759107012
2978720462
1781759108014
3025898137
1781759109012
3071442393
1781759110013
3116620256
1781759111014
3162149924
1781759112013
3207569425
1781759113015
3252902133
1781759114014
3299108131
1781759115012
3345608378
1781759116015
3391263779
1781759117014
3436591910
1781759118014
3482736750
1781759119016
3529199644
1781759120012
3574344670
1781759121013
3619517528
1781759122012
3664701372
1781759123015
3710332542
1781759124016
3757601769
1781759125015
3803151762
1781759126012
3849242587
1781759127015
3894059672
1781759128014
3938893969
1781759129015
3983548212
1781759130015
4029621520
1781759131015
4075079289
1781759132012
4120369090
1781759133014
4166357009
1781759134015
4214042190
1781759135012
4260936540
1781759136010
4306889853
1781759137012
4351803861
1781759138011
4397330661
1781759139014
4443086342
1781759140012
4487782639
1781759141012
4533101737
1781759142014
4578187254
1781759143015
4623112188
1781759144014
4670078986
1781759145015
4716600169
1781759146015
4762820692
1781759147015
4808226338
1781759148015
4853555201
1781759149014
4899760466
1781759150015
4945030126
1781759151015
4989939862
1781759152015
5034854603
1781759153012
5079695003
1781759154011
5126252501
1781759155015
5172036869
1781759156012
5217718332
1781759157012
5263199172
1781759158015
5308096152
1781759159013
5353113249
1781759160016
5398259190
1781759161012
5444095621
1781759162014
5489867964
1781759163015
5536015734
1781759164013
5584743454
1781759165015
5631260364
1781759166015
5677560111
1781759167015
5722277953
1781759168012
5767635625
1781759169015
5812816479
1781759170013
5857848468
1781759171015
5903243859
1781759172013
5948444854
1781759173013
5993639136
1781759174013
6040393594
1781759175012
6087879129
1781759176012
6134304059
1781759177013
6180132677
1781759178015
6225340203
1781759179016
6270148560
1781759180013
6315429389
1781759181013
6360809827
1781759182015
6405889606
1781759183015
6451096461
1781759184014
6497613065
1781759185016
6543604281
1781759186012
6589725561
1781759187015
6635292889
1781759188014
6681546737
1781759189012
6726455192
1781759190013
6772157101
1781759191015
6817842043
1781759192012
6863266121
1781759193013
6908688368
1781759194014
6957364025
1781759195014
7003860488
1781759196013
7049932269
1781759197014
7095218469
1781759198013
7140500335
1781759199012
7185811804
1781759200012
7230766767
1781759201014
7275915272
1781759202013
7321836541
1781759203015
7367569945
1781759204015
7414430420
1781759205011
7461609194
1781759206014
7507694647
1781759207015
7554344186
1781759208035
7599235550
1781759209014
7646934220
1781759210013
7692128074
1781759211016
7737502591
1781759212014
7782060094
1781759213015
7827513713
1781759214012
7874427595
1781759215013
7920401964
1781759216013
7967677478
1781759217014
8012955622
1781759218015
8057940248
1781759219014
8103191475
1781759220015
8149050793
1781759221013
8194929460
1781759222014
8240295433
1781759223015
8285623991
1781759224015
8333525785
1781759225012
8379897248
1781759226013
8425904393
1781759227015
8470789532
1781759228015
8516017871
1781759229011
8561607781
1781759230015
8606415162
1781759231015
8651576240
1781759232016
8696958021
1781759233015
8742296833
1781759234013
8788552635
1781759235015
8835800378
1781759236015
8881497465
1781759237015
8927147373
1781759238012
8972714456
1781759239015
9019753886
1781759240015
9065062059
1781759241015
9110403862
1781759242012
9155539427
1781759243016
9201125614
1781759244014
9247964240
1781759245015
9294158274
1781759246014
9340144546
1781759247014
9385298178
1781759248015
9430239164
1781759249015
9475545017
1781759250015
9520566386
1781759251014
9566668380
1781759252014
9611968252
1781759253014
9657574336
1781759254015
9705270625
1781759255012
9751753660
1781759256014
9798598938
1781759257012
9844051154
1781759258015
9889238111
1781759259015
9935122393
1781759260015
9979888452
1781759261015
10025758940
1781759262015
10071150243
1781759263015
10116109905
1781759264015
10162806685
1781759265015
10209628526
1781759266012
10255687246
1781759267015
10301012325
1781759268012
10346640321
1781759269014
10394613465
1781759270014
10441008854
1781759271015
10486854440
1781759272014
10532012527
1781759273015
10577937703
1781759274013
10624440574
1781759275012
10670844569
1781759276012
10716370942
1781759277011
10761372780
1781759278015
10807079816
1781759279015
10851907582
1781759280015
10896975521
1781759281012
10942690065
1781759282015
10988124641
1781759283014
11034526744
1781759284015
11083246285
1781759285015
11129647106
1781759286015
11175885879
1781759287013
11221433553
1781759288014
11266545620
1781759289012
11311900362
1781759290014
11356842081
1781759291015
11402080795
1781759292013
11447127433
1781759293015
11492267881
1781759294013
11538426027
1781759295011
11585072148
1781759296014
11631057931
1781759297013
11682515319
1781759298137
11722402119
1781759299013
11768815086
1781759300015
11814426420
1781759301015
11859509678
1781759302016
11904620464
1781759303011
11950206345
1781759304014
11996552113
1781759305015
12042881218
1781759306012
12088694394
1781759307015
12133709599
1781759308015
12178974009
1781759309015
12223921648
1781759310015
12269064843
1781759311015
12314548186
1781759312012
12359699926
1781759313015
12405267864
1781759314015
12452425091
1781759315012
12499363448
1781759316012
12545468005
1781759317011
12590595697
1781759318015
12635386842
1781759319013
12680652901
1781759320013
12725081254
1781759321012
12770364524
1781759322015
12814984893
1781759323013
12860165625
1781759324013
12906320048
1781759325013
12952979535
1781759326011
12998819262
1781759327013
13045038137
1781759328014
13090278439
1781759329015
13138358760
1781759330012
13184319336
1781759331015
13229798956
1781759332015
13274989575
1781759333015
13320276202
1781759334013
13366642111
1781759335013
13412845301
1781759336015
13458338959
1781759337015
13503195534
1781759338015
13547981979
1781759339014
13593316153
1781759340011
13639021968
1781759341016
13684609193
1781759342014
13730314886
1781759343014
13776289012
1781759344015
13823920299
1781759345013
13869972671
1781759346013
13915355489
1781759347015
13960876491
1781759348012
14006172396
1781759349014
14051545754
1781759350013
14096842635
1781759351012
14142205922
1781759352013
14187433345
1781759353012
14232953004
1781759354014
14278943121
1781759355015
14325600777
1781759356010
14371582166
1781759357013
14416921405
1781759358014
14462455224
1781759359015
14509000088
1781759360012
14554292086
1781759361011
14599823891
1781759362013
14645190779
1781759363012
14690405080
1781759364013
14737092644
1781759365015
14783407344
1781759366015
14829302307
1781759367014
14874418708
1781759368013
14919913159
1781759369012
14964883503
1781759370013
15010336451
1781759371013
15056378813
1781759372013
15101807835
1781759373012
15147370829
1781759374012
15195866310
1781759375015
15242191021
1781759376015
15287324206
1781759377014
15332688531
1781759378013
15377943542
1781759379015
15422800239
1781759380015
15467715590
1781759381013
15512992208
1781759382015
15557838345
1781759383013
15603599520
1781759384012
15649438697
1781759385012
15696201333
1781759386013
15742613629
1781759387015
15787740100
1781759388015
15833655571
1781759389015
15881002435
1781759390014
15926593566
1781759391015
15971832464
1781759392015
16016546216
1781759393013
16062199969
1781759394012
16109123372
1781759395015
16155295861
1781759396014
16201372953
1781759397014
16246307530
1781759398014
16291279033
1781759399015
16336731432
1781759400013
16381922295
1781759401014
16428230038
1781759402012
16473740786
1781759403013
16519861395
1781759404015
16567826909
1781759405014
16613646494
1781759406014
16659442581
1781759407015
16705088277
1781759408015
16749581754
1781759409014
16794694859
1781759410015
16839260602
1781759411014
16885034410
1781759412013
16930232415
1781759413015
16975566039
1781759414015
17022342164
1781759415014
17069131656
1781759416015
17115377876
1781759417014
17161379345
1781759418037
17205409628
1781759419014
17250105131
1781759420014
17295386265
1781759421014
17341046915
1781759422014
17385760546
1781759423012
17433427233
1781759424013
17479695058
1781759425015
17526174188
1781759426013
17572421139
1781759427012
17617257267
1781759428015
17662471568
1781759429015
17707305621
1781759430015
17752364221
1781759431014
17798398588
1781759432015
17844079929
1781759433037
17888673504
1781759434015
17935770612
1781759435012
17982468308
1781759436014
18028106069
1781759437014
18074146234
1781759438015
18118987855
1781759439015
18164323067
1781759440015
18208712479
1781759441013
18254251975
1781759442013
18299141142
1781759443014
18344408055
1781759444012
18390352395
1781759445013
18436870526
1781759446014
18483760847
1781759447015
18528632681
1781759448014
18573917294
1781759449015
18621923275
1781759450015
18667377931
1781759451012
18713699407
1781759452011
18758786205
1781759453014
18804588273
1781759454015
18850967915
1781759455013
18897379967
1781759456012
18943615200
1781759457015
18988602512
1781759458014
19033920877
1781759459015
19078819505
1781759460014
19124014641
1781759461012
19169852109
1781759462013
19215549807
1781759463014
19261983831
1781759464015
19310189091
1781759465015
19357395696
1781759466012
19403476572
1781759467012
19449405531
1781759468012
19494845661
1781759469012
19540267664
1781759470014
19584727878
1781759471014
19630206948
1781759472014
19675007065
1781759473015
19719830559
1781759474015
19765505674
1781759475014
19812218018
1781759476012
19858631473
1781759477013
19903838694
1781759478015
19949373428
1781759479014
19997077530
1781759480012
20042454916
1781759481011
20088289272
1781759482014
20133073031
1781759483012
20178223673
1781759484013
20224109358
1781759485011
20270437853
1781759486013
20316045586
1781759487014
20360618958
1781759488014
20405189461
1781759489013
20449644304
1781759490011
20494695946
1781759491015
20540280485
1781759492013
20585979221
1781759493015
20631693276
1781759494015
20679267129
1781759495013
20725763042
1781759496012
20771569017
1781759497014
20816448113
1781759498011
20861384949
1781759499015
20906402106
1781759500011
20951292006
1781759501015
20996847554
1781759502013
21041195035
1781759503011
21086495517
1781759504011
21132068582
1781759505013
21179117412
1781759506014
21225534407
1781759507015
21271613208
1781759508012
21317138360
1781759509015
21365470389
1781759510015
21410555174
1781759511013
21456134403
1781759512015
21500774669
1781759513011
21545884966
1781759514014
21591724082
1781759515015
21637632168
1781759516012
21683572907
1781759517015
21728639564
1781759518013
21773871993
1781759519012
21819111318
1781759520015
21865044855
1781759521013
21910594055
1781759522012
21955939581
1781759523012
22002221078
1781759524015
22049559458
1781759525012
22095988356
1781759526012
22142198442
1781759527015
22186932398
1781759528013
22232156952
1781759529012
22277374366
1781759530015
22322063827
1781759531014
22367822865
1781759532015
22412491696
1781759533014
22458399537
1781759534015
22504491765
1781759535012
22551077339
1781759536015
22598056284
1781759537013
22643622513
1781759538015
22689286153
1781759539015
22735760460
1781759540014
22781754849
1781759541015
22826773960
1781759542015
22871567058
1781759543012
22916927660
1781759544015
22963372182
1781759545014
23009512933
1781759546015
23055884153
1781759547014
23101285220
1781759548013
23146151683
1781759549013
23191041399
1781759550013
23236083642
1781759551012
23281980314
1781759552012
23327229771
1781759553012
23372695353
1781759554015
23420101116
1781759555011
23466725264
1781759556012
23512404834
1781759557015
23556930355
1781759558014
23602702882
1781759559015
23647742989
1781759560015
23692728347
1781759561014
23739275531
1781759562012
23784016566
1781759563012
23829251863
1781759564015
23875103125
1781759565014
23921904946
1781759566014
23967784650
1781759567011
24013938951
1781759568015
24058996575
1781759569015
24103827637
1781759570015
24149056464
1781759571013
24189886682
1781759572012
24231910256
1781759573011
24279000223
1781759574011
24322671376
1781759575013
24366735716
1781759576015
24409994517
1781759577012
24450643888
1781759578011
24490694994
1781759579014
24535771111
1781759580014
24580913574
1781759581011
24626204717
1781759582013
24670291091
1781759583015
24714295923
1781759584011
24762047570
1781759585012
24807659453
1781759586013
24853349522
1781759587015
24898381694
1781759588015
24944246079
1781759589015
24989245658
1781759590015
25034025451
1781759591014
25079290472
1781759592014
25124146680
1781759593015
25169872637
1781759594015
25215695152
1781759595015
25261953334
1781759596011
25307889679
1781759597015
25353768468
1781759598012
25399754007
1781759599014
25446276776
1781759600015
25491281788
1781759601012
25537025506
1781759602015
25581851624
1781759603014
25629054201
1781759604015
25675344244
1781759605014
25721553415
1781759606013
25767569654
1781759607015
25812833088
1781759608012
25858580164
1781759609014
25903711152
1781759610013
25949305334
1781759611014
25994527325
1781759612012
26039747180
1781759613015
26085803886
1781759614015
26133835929
1781759615012
26180644097
1781759616013
26225943115
1781759617012
26271057501
1781759618014
26317099009
1781759619013
26362265154
1781759620015
26407426110
1781759621015
26452475372
1781759622016
26497529395
1781759623012
26543259441
1781759624015
26589671249
1781759625015
26636240465
1781759626011
26682007011
1781759627014
26727673520
1781759628012
26772513005
1781759629013
26817211865
1781759630015
26862528704
1781759631012
26908022179
1781759632015
26953785002
1781759633014
26999519687
1781759634012
27045589454
1781759635015
27092620095
1781759636014
27138969830
1781759637014
27183491384
1781759638013
27229260371
1781759639015
27274413575
1781759640012
27319446053
1781759641015
27365050367
1781759642014
27409833517
1781759643014
27455031765
1781759644011
27503298732
1781759645012
27549947721
1781759646012
27596137849
1781759647015
27641201394
1781759648012
27686716170
1781759649011
27731808645
1781759650012
27776742428
1781759651014
27822065127
1781759652012
27866930247
1781759653014
27912220841
1781759654015
27958238424
1781759655013
28004775841
1781759656016
28049898528
1781759657013
28096104953
1781759658015
28141293619
1781759659015
28187819440
1781759660015
28233718309
1781759661015
28278578851
1781759662015
28323668335
1781759663015
28369000434
1781759664015
28415106883
1781759665015
28461547072
1781759666014
28507629107
1781759667015
28552455408
1781759668014
28597714448
1781759669014
28642609352
1781759670015
28688176252
1781759671012
28733771167
1781759672015
28778850154
1781759673013
28824770324
1781759674016
28869660773
1781759675011
28916388559
1781759676013
28962825940
1781759677012
29007435567
1781759678015
29055349812
1781759679013
29100717311
1781759680012
29145957978
1781759681014
29192503941
1781759682015
29237254009
1781759683015
29281985706
1781759684014
29328000420
1781759685015
29374473202
1781759686014
29420807250
1781759687015
29467673769
1781759688037
29512092295
1781759689013
29559185802
1781759690015
29604072956
1781759691012
29649510950
1781759692013
29694612885
1781759693012
29739752235
1781759694012
29785788921
1781759695015
29831612473
1781759696014
29876819511
1781759697015
29921480346
1781759698012
29965980476
1781759699016
30010552445
1781759700013
30056106955
1781759701014
30101318936
1781759702013
30147155122
1781759703014
30192700233
1781759704014
30240117836
1781759705015
30287212198
1781759706014
30333227156
1781759707013
30378468617
1781759708015
30424164301
1781759709011
30469596619
1781759710015
30514435005
1781759711015
30559550612
1781759712015
30604506491
1781759713015
30649855923
1781759714011
30695351351
1781759715013
30742268772
1781759716015
30788979285
1781759717012
30836183327
1781759718013
30882021039
1781759719012
30929632550
1781759720015
30974823048
1781759721012
31019966120
1781759722015
31064896975
1781759723016
31109870797
1781759724014
31156318799
1781759725015
31202059160
1781759726012
31247641746
1781759727013
31293469998
1781759728014
31338343479
1781759729015
31383319682
1781759730015
31428821641
1781759731015
31474200797
1781759732015
31519437498
1781759733012
31565537234
1781759734012
31612508671
1781759735014
31659325812
1781759736015
31704687634
1781759737015
31749399190
1781759738015
31794625941
1781759739014
31839962862
1781759740012
31884960000
1781759741013
31930551314
1781759742011
31975380117
1781759743014
32020841061
1781759744012
32066872864
1781759745015
32112851933
1781759746012
32159595283
1781759747015
32205087781
1781759748011
32251515214
1781759749013
32297227987
1781759750015
32342586880
1781759751014
32388057955
1781759752014
32432833780
1781759753016
32478244248
1781759754016
32524301625
1781759755015
32570069086
1781759756015
32616204344
1781759757014
32660638007
1781759758012
32706029126
1781759759015
32751251544
1781759760015
32796298975
1781759761014
32842796354
1781759762012
32888307041
1781759763012
32934073220
1781759764015
32981810524
1781759765011
33028219158
1781759766012
33073967088
1781759767015
33118465082
1781759768013
33164133117
1781759769014
33210585512
1781759770013
33256078194
1781759771015
33301694532
1781759772012
33347117756
1781759773016
33392305079
1781759774014
33438577299
1781759775013
33485803802
1781759776014
33532605989
1781759777015
33577569986
1781759778014
33624033184
1781759779012
33671547284
1781759780012
33717194201
1781759781012
33762373956
1781759782014
33807350952
1781759783015
33852452461
1781759784013
33899053721
1781759785014
33945844128
1781759786016
33992692824
1781759787015
34037187217
1781759788012
34082748624
1781759789014
34127980686
1781759790015
34173738869
1781759791015
34219585737
1781759792015
34265442492
1781759793015
34310733331
1781759794015
34357880305
1781759795014
34404404783
1781759796015
34450494814
1781759797015
34495474435
1781759798015
34539909807
1781759799012
34586195028
1781759800012
34631305203
1781759801015
34676892122
1781759802013
34721760050
1781759803015
34766642564
1781759804013
34812173942
1781759805013
34858635859
1781759806014
34904231934
1781759807013
34949232001
1781759808015
34994985974
1781759809013
35041890578
1781759810014
35086533774
1781759811011
35131926175
1781759812013
35176777561
1781759813015
35221970927
1781759814014
35268157454
1781759815015
35314040577
1781759816015
35359809564
1781759817015
35404771057
1781759818015
35449295235
1781759819013
35494813613
1781759820011
35540227376
1781759821014
35586235131
1781759822014
35631537262
1781759823015
35676932470
1781759824012
35723388162
1781759825013
35769744610
1781759826012
35816108322
1781759827011
35861557669
1781759828014
35906332518
1781759829014
35952301882
1781759830012
35997371042
1781759831012
36042928054
1781759832015
36087996176
1781759833015
36132972929
1781759834015
36179001802
1781759835015
36224992713
1781759836013
36271137309
1781759837015
36315873278
1781759838012
36361727348
1781759839014
36409537894
1781759840011
36454902341
1781759841013
36500242313
1781759842015
36545577951
1781759843014
36591302261
1781759844011
36637482013
1781759845014
36683958090
1781759846013
36730414514
1781759847016
36775436128
1781759848012
36820634803
1781759849013
36865322067
1781759850013
36910553396
1781759851015
36955657224
1781759852015
37000767521
1781759853013
37046290842
1781759854012
37094032053
1781759855015
37140828198
1781759856013
37186658402
1781759857012
37231174036
1781759858013
37277077177
1781759859012
37323037265
1781759860016
37368165140
1781759861015
37413501816
1781759862012
37458474052
1781759863015
37503277404
1781759864013
37548832585
1781759865011
37595116585
1781759866014
37640570815
1781759867015
37691255560
1781759868138
37731777246
1781759869012
37776736970
1781759870014
37821955055
1781759871012
37867618207
1781759872013
37912940235
1781759873015
37958244745
1781759874015
38004193724
1781759875011
38050532839
1781759876015
38096563971
1781759877013
38141350294
1781759878015
38186118063
1781759879013
38231244779
1781759880012
38276337254
1781759881014
38321725992
1781759882015
38367653426
1781759883038
38412097953
1781759884014
38460709889
1781759885011
38509213794
1781759886014
38555490836
1781759887015
38600369078
1781759888012
38645706791
1781759889012
38691039073
1781759890010
38735623736
1781759891012
38781125390
1781759892014
38825826508
1781759893014
38871155006
1781759894013
38916700177
1781759895012
38962900743
1781759896011
39009165456
1781759897013
39054592463
1781759898015
39100789733
1781759899013
39149174680
1781759900014
39194542972
1781759901016
39239943612
1781759902012
39284971146
1781759903015
39329994957
1781759904012
39375714749
1781759905013
39422449005
1781759906015
39468231114
1781759907014
39513036541
1781759908013
39558185534
1781759909015
39603090693
1781759910013
39648356385
1781759911012
39693997931
1781759912012
39739573742
1781759913011
39785816727
1781759914015
39833662551
1781759915015
39880019794
1781759916018
39925723656
1781759917015
39970416962
1781759918013
40015617957
1781759919016
40060442244
1781759920015
40105271536
1781759921014
40150745358
1781759922015
40196203249
1781759923013
40241880195
1781759924015
40288792185
1781759925014
40335224378
1781759926011
40381634415
1781759927015
40426623192
1781759928012
40472608303
1781759929012
40520327420
1781759930013
40565307285
1781759931015
40610187114
1781759932013
40655108752
1781759933016
40700631584
1781759934012
40746569577
1781759935015
40792788575
1781759936013
40839362491
1781759937015
40884284557
1781759938014
40929214129
1781759939014
40974312952
1781759940014
41019276154
1781759941013
41065336767
1781759942015
41110868877
1781759943011
41156628586
1781759944015
41205123823
1781759945016
41251408312
1781759946015
41297235892
1781759947015
41342194700
1781759948015
41387274724
1781759949015
41432318676
1781759950014
41478068193
1781759951015
41523864951
1781759952013
41568806913
1781759953014
41614267185
1781759954014
41660207314
1781759955015
41706493633
1781759956014
41752884811
1781759957015
41798295950
1781759958012
41843728451
1781759959014
41890170959
1781759960012
41935707829
1781759961012
41981472300
1781759962012
42026410722
1781759963013
42071763389
1781759964014
42118214503
1781759965014
42164130035
1781759966011
42210946749
1781759967014
42256146279
1781759968015
42300897507
1781759969012
42345631463
1781759970013
42390525818
1781759971012
42436173894
1781759972013
42481446789
1781759973012
42527510269
1781759974012
42575372513
1781759975013
42621634723
1781759976015
42666984217
1781759977013
42711988923
1781759978016
42756968361
1781759979013
42802416670
1781759980013
42848110462
1781759981012
42893663507
1781759982014
42938513429
1781759983011
42983234445
1781759984015
43028700393
1781759985012
43075002032
1781759986015
43120321801
1781759987013
43165672942
1781759988012
43211231175
1781759989015
43258164466
1781759990015
43303604474
1781759991013
43349198107
1781759992012
43394133539
1781759993015
43439341858
1781759994014
43485464421
1781759995012
43531547982
1781759996016
43577274672
1781759997015
43622454427
1781759998013
43667224271
1781759999013
43712039342
1781760000012
43757379313
1781760001015
43803183273
1781760002014
43849091542
1781760003015
43894985101
1781760004015
43943473930
1781760005012
43989855647
1781760006014
44036481992
1781760007013
44081598942
1781760008012
44126460034
1781760009013
44171407367
1781760010012
44217008691
1781760011012
44262466949
1781760012014
44307265723
1781760013015
44352177229
1781760014013
44398249011
1781760015012
44444558096
1781760016014
44489925412
1781760017011
44535535402
1781760018014
44580709786
1781760019015
44627912119
1781760020012
44673352860
1781760021015
44718959005
1781760022015
44763982449
1781760023014
44809119114
1781760024015
44855021645
1781760025014
44901253643
1781760026013
44947266831
1781760027015
44993408193
1781760028013
45038553280
1781760029015
45083662051
1781760030015
45129234871
1781760031015
45175273877
1781760032014
45220686419
1781760033015
45266521019
1781760034015
45313433985
1781760035015
45359712370
1781760036013
45404955540
1781760037012
45450268168
1781760038015
45495143663
1781760039015
45540031610
1781760040012
45585361938
1781760041015
45630725348
1781760042015
45675595716
1781760043012
45720704915
1781760044015
45766656701
1781760045014
45813393093
1781760046012
45859278779
1781760047012
45905398167
1781760048015
45950672466
1781760049014
45998311504
1781760050014
46043880418
1781760051015
46089032402
1781760052014
46134217223
1781760053015
46179324041
1781760054013
46225627389
1781760055015
46271741041
1781760056014
46317934648
1781760057014
46363824728
1781760058014
46408940030
1781760059011
46453950474
1781760060012
46499739602
1781760061015
46544929916
1781760062012
46590493459
1781760063014
46635704708
1781760064013
46683322751
1781760065015
46729427064
1781760066013
46776250552
1781760067015
46821337778
1781760068016
46866565018
1781760069015
46911788291
1781760070015
46957592984
1781760071011
47003607819
1781760072012
47049029029
1781760073015
47093340134
1781760074014
47139207997
1781760075013
47185701225
1781760076015
47231354246
1781760077013
47276629215
1781760078013
47322090280
1781760079013
47369459483
1781760080013
47415265945
1781760081014
47461398823
1781760082014
47506491847
1781760083014
47551704927
1781760084013
47598513523
1781760085014
47644647194
1781760086015
47690751507
1781760087016
47735499256
1781760088013
47780315121
1781760089014
47826054017
1781760090013
47871260383
1781760091013
47916710096
1781760092013
47961762715
1781760093013
48007767663
1781760094015
48055475183
1781760095015
48101658048
1781760096013
48147423129
1781760097015
48192937721
1781760098015
48237477280
1781760099012
48282799308
1781760100012
48327695921
1781760101015
48373447391
1781760102011
48418451487
1781760103014
48463390520
1781760104013
48509414023
1781760105012
48556057886
1781760106015
48602378934
1781760107015
48648331697
1781760108012
48693717018
1781760109015
48740211223
1781760110015
48786983442
1781760111013
48832724780
1781760112013
48877773249
1781760113015
48922683595
1781760114012
48969319096
1781760115015
49015276009
1781760116014
49060765273
1781760117013
49106094441
1781760118012
49150671048
1781760119012
49196180270
1781760120015
49241504983
1781760121012
49287701459
1781760122015
49332675893
1781760123013
49378456110
1781760124013
49427120231
1781760125015
49474257806
1781760126014
49519685057
1781760127013
49565177556
1781760128014
49610171276
1781760129011
49655578936
1781760130015
49700901390
1781760131013
49746902005
1781760132012
49791858555
1781760133014
49837002849
1781760134015
49883448408
1781760135015
49930023301
1781760136011
49976225576
1781760137012
50032255523
1781760138238
50067357606
1781760139012
50113972171
1781760140011
50160342780
1781760141014
50206129528
1781760142015
50251202167
1781760143015
50296485986
1781760144012
50342700773
1781760145015
50388267612
1781760146012
50434251442
1781760147012
50479042587
1781760148011
50524480825
1781760149015
50569208982
1781760150013
50614389591
1781760151012
50660727791
1781760152013
50706609021
1781760153038
50751173665
1781760154012
50799046772
1781760155013
50845365135
1781760156015
50891591457
1781760157015
50936061497
1781760158012
50981010662
1781760159012
51026389269
1781760160015
51071303522
1781760161012
51117438535
1781760162013
51162421697
1781760163013
51207649730
1781760164015
51254360670
1781760165012
51300959916
1781760166015
51346432822
1781760167014
51391929044
1781760168014
51437301425
1781760169015
51484116430
1781760170015
51530088358
1781760171013
51575980819
1781760172012
51620916617
1781760173014
51666031858
1781760174014
51712116395
1781760175015
51758374395
1781760176015
51804450449
1781760177014
51849557938
1781760178015
51894682884
1781760179013
51939624907
1781760180015
51984800512
1781760181012
52031044473
1781760182012
52076172959
1781760183015
52121762564
1781760184015
52169581533
1781760185013
52216387443
1781760186012
52262237363
1781760187015
52307210331
1781760188013
52352096569
1781760189014
52398084427
1781760190013
52443321677
1781760191015
52489558192
1781760192012
52534645601
1781760193015
52579543862
1781760194015
52625227705
1781760195016
52671129871
1781760196012
52717002434
1781760197012
52761672852
1781760198015
52805122814
1781760199015
52849879230
1781760200013
52892357148
1781760201012
52933823351
1781760202013
52974879276
1781760203015
53018181961
1781760204015
53060041961
1781760205012
53102191267
1781760206015
53144048643
1781760207013
53185394850
1781760208012
53225864473
1781760209012
53266396901
1781760210013
53306919503
1781760211014
53348628258
1781760212014
53390150674
1781760213012
53433474660
1781760214015
53477390136
1781760215015
53520628550
1781760216012
53562424098
1781760217012
53603088483
1781760218012
53643472596
1781760219014
53684098896
1781760220015
53724421364
1781760221012
53766271537
1781760222014
53807370309
1781760223015
53847232023
1781760224013
53889906108
1781760225011
53932329889
1781760226012
53974962653
1781760227014
54016074609
1781760228015
54059258336
1781760229013
54104877177
1781760230013
54147503471
1781760231010
54188384348
1781760232014
54228628203
1781760233012
54268937304
1781760234011
54311291687
1781760235013
54353690383
1781760236015
54395442290
1781760237014
54435804308
1781760238012
54476913273
1781760239012
54516312586
1781760240013
54557751323
1781760241013
54598681210
1781760242013
54640732922
1781760243038
54682314541
1781760244013
54727112461
1781760245012
54770572433
1781760246014
54812692259
1781760247013
54853577347
1781760248012
54894941438
1781760249015
54935193716
1781760250014
54975318918
1781760251015
55017090845
1781760252013
55056864913
1781760253012
55098555602
1781760254015
55140025223
1781760255015
55182372709
1781760256013
55225144695
1781760257014
55267831780
1781760258038
55309733833
1781760259015
55353974382
1781760260011
55394879123
1781760261015
55437024218
1781760262012
55477450018
1781760263012
55518230858
1781760264012
55560159523
1781760265013
55602976430
1781760266018
55645467837
1781760267015
55685789511
1781760268013
55726809304
1781760269015
55766990597
1781760270012
55807461380
1781760271015
55849564117
1781760272014
55890975082
1781760273014
55933668638
1781760274015
55977473152
1781760275015
56020439167
1781760276015
56062309238
1781760277014
56103050711
1781760278014
56143537485
1781760279014
56183983121
1781760280014
56224316453
1781760281011
56266120973
1781760282011
56306488728
1781760283014
56346753884
1781760284014
56389651296
1781760285013
56432249942
1781760286012
56474105303
1781760287013
56515613376
1781760288013
56558462265
1781760289013
56602478693
1781760290015
56643359692
1781760291014
56685465480
1781760292012
56726996258
1781760293015
56768530758
1781760294013
56811728951
1781760295015
56853657066
1781760296015
56895494728
1781760297013
56935908931
1781760298012
56976879285
1781760299014
57016978059
1781760300013
57057607594
1781760301015
57098881048
1781760302014
57141207538
1781760303037
57183474276
1781760304014
57228354898
1781760305011
57271115470
1781760306012
57312037057
1781760307012
57352712246
1781760308015
57393113937
1781760309012
57434365907
1781760310014
57474426595
1781760311015
57514412638
1781760312012
57555831965
1781760313013
57595915237
1781760314014
57638363065
1781760315014
57681873085
1781760316015
57723978507
1781760317013
57765252389
1781760318012
57808322713
1781760319015
57852262542
1781760320014
57894129439
1781760321014
57936962459
1781760322014
57977630385
1781760323014
58019685880
1781760324014
58062765421
1781760325013
58105480583
1781760326013
58147384894
1781760327013
58187699244
1781760328015
58228724286
1781760329013
58269226684
1781760330015
58309567035
1781760331015
58351745821
1781760332012
58393949510
1781760333037
58435829163
1781760334015
58480243173
1781760335014
58523588155
1781760336012
58565220250
1781760337014
58605397333
1781760338015
58646343700
1781760339012
58687216032
1781760340015
58727436510
1781760341012
58767777654
1781760342012
58809139548
1781760343013
58848873760
1781760344013
58891511773
1781760345015
58933938850
1781760346013
58975514915
1781760347014
59017334999
1781760348035
59059615591
1781760349015
59101045844
1781760350012
59142253380
1781760351013
59184214271
1781760352015
59224588313
1781760353015
59264648514
1781760354012
59306657744
1781760355015
59348963910
1781760356015
59390738462
1781760357013
59430991288
1781760358014
59471797947
1781760359013
59512402945
1781760360015
59552637339
1781760361012
59594491480
1781760362012
59644149068
1781760363238
59678179010
1781760364015
59723177613
1781760365015
59766995189
1781760366014
59809098414
1781760367012
59849060958
1781760368013
59889643374
1781760369014
59930020895
1781760370015
59969902812
1781760371014
60011596736
1781760372015
60052411573
1781760373012
60092789582
1781760374015
60134954818
1781760375014
60178223262
1781760376013
60220246348
1781760377012
60261952967
1781760378013
60304649391
1781760379015
60348098194
1781760380011
60389375310
1781760381017
60430685690
1781760382013
60471015115
1781760383014
60511176939
1781760384012
60553268323
1781760385014
60595422145
1781760386012
60637704020
1781760387012
60677515746
1781760388012
60718045977
1781760389015
60757910560
1781760390012
60799068841
1781760391012
60840856881
1781760392015
60881927698
1781760393015
60924845069
1781760394013
60970103193
1781760395015
61012615474
1781760396014
61054844309
1781760397015
61094637481
1781760398013
61135454759
1781760399015
61175536078
1781760400012
61215192959
1781760401012
61256436505
1781760402013
61297400207
1781760403015
61336954244
1781760404012
61379732882
1781760405015
61422694808
1781760406012
61465385861
1781760407015
61506760083
1781760408015
61549560328
1781760409014
61594710481
1781760410012
61635422962
1781760411012
61676614263
1781760412013
61717218956
1781760413014
61758026042
1781760414015
61799782893
1781760415013
61842644966
1781760416013
61884300987
1781760417015
61925024943
1781760418013
61965046203
1781760419012
62005077838
1781760420013
62046596348
1781760421015
62087892934
1781760422014
62128618355
1781760423013
62171152486
1781760424015
62216303555
1781760425012
62258814921
1781760426013
62300696955
1781760427013
62342022105
1781760428012
62382598845
1781760429013
62423187791
1781760430014
62463760685
1781760431013
62505068807
1781760432012
62545973426
1781760433013
62586713801
1781760434013
