200434504708
1780322464576
200451414150
1780322465012
200492298872
1780322466049
200532425600
1780322467012
200573374104
1780322468013
200612928629
1780322469012
200653245481
1780322470012
200694426650
1780322471013
200734278477
1780322472012
200773260433
1780322473013
200812575884
1780322474013
200852328162
1780322475012
200891757688
1780322476012
200930038718
1780322477014
200968521407
1780322478013
201008232365
1780322479013
201047908655
1780322480012
201088937908
1780322481013
201129706603
1780322482013
201172650157
1780322483012
201211776766
1780322484014
201251259697
1780322485012
201289845292
1780322486014
201328262125
1780322487013
201367281983
1780322488013
201406253624
1780322489013
201446887981
1780322490012
201486020571
1780322491014
201525535301
1780322492014
201564381698
1780322493012
201604323613
1780322494013
201643244045
1780322495013
201684316023
1780322496051
201723737553
1780322497014
201767464369
1780322498013
201807028294
1780322499012
201849003528
1780322500012
201889708869
1780322501012
201929334194
1780322502012
201968137012
1780322503013
202007081127
1780322504013
202047144867
1780322505014
202086559256
1780322506014
202125621595
1780322507013
202163857703
1780322508013
202204788811
1780322509013
202245004102
1780322510012
202285606964
1780322511013
202327228134
1780322512013
202372583609
1780322513011
202429170195
1780322514013
202518927228
1780322515011
202619348541
1780322516012
202721351576
1780322517011
202823669307
1780322518011
202925652872
1780322519012
203027720482
1780322520008
203130605594
1780322521012
203232985703
1780322522012
203336121975
1780322523012
203438436166
1780322524010
203541131582
1780322525012
203642016089
1780322526011
203743957418
1780322527012
203846822694
1780322528012
203948720931
1780322529011
204050229400
1780322530009
204152044202
1780322531012
204254252071
1780322532012
204356604958
1780322533012
204459335713
1780322534010
204562047364
1780322535012
204664115584
1780322536012
204766797023
1780322537012
204869319405
1780322538012
204969538142
1780322539012
205069761946
1780322540010
205185075921
1780322541150
205273300182
1780322542011
205376497367
1780322543012
205479115817
1780322544010
205582126357
1780322545011
205683957273
1780322546011
205786368937
1780322547011
205888580223
1780322548011
205991538700
1780322549012
206094150681
1780322550009
206197115627
1780322551012
206299316232
1780322552010
206403292956
1780322553011
206506397306
1780322554011
206610011604
1780322555012
206711309806
1780322556010
206813016577
1780322557011
206915994036
1780322558011
207018135010
1780322559010
207121457255
1780322560009
207223916526
1780322561010
207326714542
1780322562011
207429640914
1780322563010
207532921839
1780322564011
207635709234
1780322565012
207739028367
1780322566011
207839735384
1780322567012
207942423293
1780322568012
208044389280
1780322569012
208146784647
1780322570008
208248884300
1780322571012
208350392769
1780322572012
208452974354
1780322573012
208556252288
1780322574011
208658799755
1780322575011
208762020011
1780322576011
208865474397
1780322577012
208968710216
1780322578011
209070924066
1780322579012
209173993688
1780322580009
209276506670
1780322581012
209379343382
1780322582012
209482396401
1780322583011
209584995748
1780322584009
209688378479
1780322585011
209794609408
1780322586049
209893586145
1780322587011
209996588872
1780322588011
210099126817
1780322589011
210202340298
1780322590009
210305277657
1780322591009
210407955739
1780322592011
210511986966
1780322593011
210614844430
1780322594010
210717940785
1780322595012
210820260408
1780322596011
210923186780
1780322597011
211025939935
1780322598012
211128673498
1780322599012
211231380877
1780322600008
211337342642
1780322601048
211434312730
1780322602012
211537065336
1780322603012
211639845895
1780322604012
211742678884
1780322605011
211845455476
1780322606011
211948086195
1780322607012
212050593928
1780322608010
212153079079
1780322609012
212255511067
1780322610012
212357978884
1780322611011
212459771714
1780322612010
212561185578
1780322613012
212663060561
1780322614014
212765252560
1780322615012
212880797553
1780322616148
212967790250
1780322617012
213070230478
1780322618012
213172435844
1780322619011
213274537878
1780322620010
213376186116
1780322621012
213477735844
1780322622012
213579594226
1780322623012
213681368379
1780322624011
213783145340
1780322625012
213884170838
1780322626011
213985518479
1780322627012
214087176849
1780322628012
214188616958
1780322629010
214291083310
1780322630009
214392563092
1780322631012
214493610013
1780322632010
214596492745
1780322633012
214698424735
1780322634011
214800502721
1780322635012
214901755636
1780322636012
215003208745
1780322637012
215105333240
1780322638011
215207418183
1780322639012
215310445996
1780322640009
215412880670
1780322641012
215514755348
1780322642012
215617601276
1780322643012
215719924012
1780322644008
215822821942
1780322645011
215925310266
1780322646012
216025867504
1780322647012
216126960690
1780322648011
216228902812
1780322649012
216330818994
1780322650011
216433128607
1780322651012
216534591055
1780322652012
216635823889
1780322653010
216738144428
1780322654012
216840485841
1780322655011
216943238569
1780322656012
217046005945
1780322657011
217147953071
1780322658012
217250468190
1780322659008
217348360945
1780322660011
217446725500
1780322661011
217548972736
1780322662012
217652034545
1780322663012
217754844096
1780322664012
217857722251
1780322665012
217960133243
1780322666012
218063135604
1780322667012
218165399869
1780322668012
218267768869
1780322669011
218370513784
1780322670009
218472692722
1780322671011
218575339432
1780322672012
218678671138
1780322673011
218781942846
1780322674011
218881988427
1780322675011
218984136969
1780322676011
219086955005
1780322677012
219190563443
1780322678012
219292956064
1780322679011
219396342762
1780322680010
219499630828
1780322681012
219602853098
1780322682012
219705729849
1780322683011
219809282440
1780322684011
219912042004
1780322685012
220014796990
1780322686011
220118169101
1780322687012
220221319105
1780322688012
220324255914
1780322689012
220427050634
1780322690008
220529383197
1780322691011
220632108947
1780322692012
220734955974
1780322693010
220838315145
1780322694012
220941276551
1780322695011
221044287701
1780322696011
221147541099
1780322697011
221250908388
1780322698012
221353946088
1780322699011
221457390159
1780322700012
221560068302
1780322701012
221663635847
1780322702011
221766458948
1780322703010
221869581853
1780322704011
221972423875
1780322705011
222075344083
1780322706012
222178161508
1780322707011
222281940173
1780322708011
222384699614
1780322709012
222487793588
1780322710010
222590932851
1780322711012
222694163544
1780322712012
222797856393
1780322713012
222901426319
1780322714012
223005320218
1780322715012
223108249703
1780322716012
223211020619
1780322717011
223314066681
1780322718011
223417086192
1780322719012
223517135131
1780322720008
223622653903
1780322721048
223721207301
1780322722011
223824539007
1780322723011
223927819138
1780322724011
224030762722
1780322725010
224134141791
1780322726011
224237255541
1780322727012
224340787380
1780322728012
224443287545
1780322729011
224545901174
1780322730011
224648517610
1780322731010
224751706067
1780322732011
224854865715
1780322733011
224958049166
1780322734011
225060697036
1780322735012
225162853696
1780322736012
225265915200
1780322737014
225368885273
1780322738012
225471572693
1780322739012
225574440777
1780322740011
225677351890
1780322741012
225780559146
1780322742011
225883804243
1780322743012
225986617517
1780322744012
226089448675
1780322745011
226191432300
1780322746012
226294216827
1780322747011
226398101022
1780322748012
226500782644
1780322749011
226603115573
1780322750010
226708461861
1780322751050
226806168581
1780322752012
226905608390
1780322753011
227007079443
1780322754011
227110017046
1780322755011
227212963499
1780322756012
227315472941
1780322757011
227418579794
1780322758011
227521461855
1780322759012
227623906478
1780322760014
227725625272
1780322761012
227828183420
1780322762012
227930682670
1780322763012
228033758700
1780322764013
228136047378
1780322765012
228237918211
1780322766012
228339786603
1780322767012
228442218225
1780322768010
228545203191
1780322769012
228647849291
1780322770011
228750045562
1780322771011
228852763805
1780322772012
228955371087
1780322773010
229058508762
1780322774011
229161471206
1780322775012
229264480647
1780322776010
229367500769
1780322777012
229470403887
1780322778012
229572828612
1780322779012
229676016764
1780322780009
229791498585
1780322781148
229876685806
1780322782012
229978114013
1780322783012
230081596963
1780322784014
230185033344
1780322785012
230288415892
1780322786011
230391446451
1780322787011
230494606160
1780322788011
230598098510
1780322789014
230700912577
1780322790008
230803809653
1780322791012
230906610781
1780322792012
231009926252
1780322793011
231113354576
1780322794011
231216690371
1780322795012
231319329390
1780322796014
231420903105
1780322797011
231524421700
1780322798011
231627434070
1780322799012
231729918061
1780322800010
231832681836
1780322801012
231935370172
1780322802012
232038158788
1780322803011
232141389847
1780322804012
232244131893
1780322805012
232346604715
1780322806011
232449729817
1780322807011
232553109313
1780322808011
232656622659
1780322809012
232759807453
1780322810008
232862243714
1780322811012
232964381087
1780322812012
233067967980
1780322813012
233171097843
1780322814011
233274247726
1780322815012
233377272486
1780322816011
233480624639
1780322817011
233584106490
1780322818011
233687151149
1780322819012
233790094550
1780322820009
233892842944
1780322821012
233995204254
1780322822012
234098328074
1780322823010
234201583486
1780322824011
234304272616
1780322825008
234407059828
1780322826012
234508639524
1780322827012
234612039467
1780322828012
234715239337
1780322829012
234818807919
1780322830011
234921745400
1780322831011
235025032306
1780322832012
235128059447
1780322833012
235231731118
1780322834012
235335052142
1780322835011
235437885680
1780322836012
235541044901
1780322837012
235644574482
1780322838012
235747927855
1780322839012
235850776896
1780322840010
235952774621
1780322841011
236054432625
1780322842012
236157987169
1780322843012
236260932340
1780322844012
236363900766
1780322845011
236467004811
1780322846012
236570795683
1780322847012
236674557502
1780322848012
236774982538
1780322849012
236877692663
1780322850010
236980712114
1780322851012
237083986142
1780322852011
237186927712
1780322853011
237289927387
1780322854010
237393058531
1780322855010
237495725993
1780322856012
237597641443
1780322857011
237700623418
1780322858014
237803369310
1780322859011
237906205960
1780322860008
238008676157
1780322861012
238111724294
1780322862012
238214407991
1780322863012
238317233900
1780322864010
238419968927
1780322865011
238522208534
1780322866010
238625243365
1780322867012
238728460569
1780322868010
238830972880
1780322869010
238934118063
1780322870008
239035680242
1780322871012
239136780020
1780322872010
239240103425
1780322873012
239343260082
1780322874012
239446675650
1780322875011
239549724824
1780322876012
239652953259
1780322877011
239755814568
1780322878012
239859200228
1780322879011
239962136000
1780322880010
240064322628
1780322881012
240167030800
1780322882011
240270133136
1780322883011
240372490784
1780322884008
240475539898
1780322885010
240577239528
1780322886010
240678411205
1780322887011
240781007256
1780322888011
240883062659
1780322889012
240985504474
1780322890009
241087912720
1780322891012
241189862288
1780322892010
241292380764
1780322893011
241395292121
1780322894012
241497471181
1780322895011
241600050264
1780322896011
241702632643
1780322897011
241805670221
1780322898011
241907922828
1780322899012
242010268940
1780322900010
242112026309
1780322901012
242213723131
1780322902012
242316729582
1780322903012
242419344981
1780322904011
242523012135
1780322905012
242625987213
1780322906012
242729130137
1780322907012
242832137869
1780322908012
242934498569
1780322909012
243036833451
1780322910008
243139766110
1780322911012
243242699074
1780322912012
243346276446
1780322913012
243449104918
1780322914011
243553020484
1780322915012
243669137985
1780322916148
243756325567
1780322917012
243859302964
1780322918011
243962002347
1780322919010
244064815011
1780322920008
244167814565
1780322921011
244270587495
1780322922010
244373815075
1780322923010
244477059622
1780322924011
244579424107
1780322925012
244682290970
1780322926012
244785101986
1780322927012
244887572243
1780322928011
244990191732
1780322929011
245093265931
1780322930008
245195515059
1780322931012
245297209989
1780322932012
245399776804
1780322933012
245502199637
1780322934012
245604629124
1780322935012
245707156022
1780322936010
245809975400
1780322937011
245912718301
1780322938011
246014771750
1780322939012
246117195255
1780322940009
246219711594
1780322941012
246322601224
1780322942012
246425754402
1780322943011
246529431383
1780322944012
246632409940
1780322945012
246734052380
1780322946012
246836230951
1780322947012
246939064855
1780322948014
247041387408
1780322949011
247144569212
1780322950008
247247028911
1780322951011
247349852866
1780322952012
247453403321
1780322953012
247556136579
1780322954012
247658797022
1780322955012
247761300727
1780322956010
247863988269
1780322957012
247967098906
1780322958012
248069782053
1780322959012
248172236564
1780322960009
248277453275
1780322961048
248375335898
1780322962012
248478171572
1780322963012
248580679244
1780322964011
248682820279
1780322965011
248785554086
1780322966012
248888610280
1780322967012
248992209319
1780322968012
249094530712
1780322969012
249196986504
1780322970010
249299984287
1780322971012
249402724930
1780322972012
249505311765
1780322973012
249608386818
1780322974012
249711679645
1780322975012
249813456850
1780322976012
249915221909
1780322977012
250018384853
1780322978011
250121684027
1780322979010
250224681383
1780322980010
250327396086
1780322981011
250430169627
1780322982012
250532906790
1780322983012
250636335969
1780322984012
250739463879
1780322985011
250841667597
1780322986012
250944938695
1780322987012
251047918106
1780322988011
251150834652
1780322989011
251254036780
1780322990009
251356310566
1780322991011
251457973026
1780322992012
251560633102
1780322993011
251663820460
1780322994012
251767471928
1780322995011
251870636459
1780322996011
251973813807
1780322997012
252077129766
1780322998012
252179567126
1780322999011
252282013336
1780323000011
252384871837
1780323001012
252487228081
1780323002012
252590093235
1780323003012
252692905960
1780323004010
252795531186
1780323005010
252898165140
1780323006012
253000075340
1780323007012
253102738285
1780323008012
253205162217
1780323009012
253307571501
1780323010009
253409866405
1780323011012
253512381646
1780323012011
253614878942
1780323013012
253718355118
1780323014011
253821167232
1780323015011
253923553384
1780323016011
254026603352
1780323017012
254129037782
1780323018012
254231693464
1780323019012
254334179591
1780323020008
254435677927
1780323021012
254537731682
1780323022011
254640369420
1780323023012
254743455826
1780323024015
254845947080
1780323025014
254948141642
1780323026011
255050970664
1780323027012
255153706362
1780323028011
255256288925
1780323029011
255359217982
1780323030009
255461622383
1780323031011
255564545154
1780323032012
255667704497
1780323033011
255771148324
1780323034012
255874937731
1780323035011
255977398468
1780323036008
256080532969
1780323037014
256183749990
1780323038011
256286906098
1780323039010
256390103039
1780323040010
256493358145
1780323041012
256596533418
1780323042012
256699883007
1780323043011
256803392874
1780323044011
256906537324
1780323045012
257009907848
1780323046014
257112491509
1780323047012
257215521763
1780323048010
257318556045
1780323049011
257421454768
1780323050010
257523401651
1780323051012
257625752524
1780323052011
257728558169
1780323053011
257832052533
1780323054012
257935065575
1780323055011
258037795598
1780323056010
258141414534
1780323057012
258244255091
1780323058012
258346878913
1780323059012
258449642017
1780323060008
258551665559
1780323061011
258654438306
1780323062011
258756881281
1780323063010
258859639624
1780323064009
258963400223
1780323065010
259066002011
1780323066012
259167257123
1780323067010
259270037377
1780323068011
259372321173
1780323069012
259474956225
1780323070010
259577491607
1780323071012
259680485240
1780323072012
259783544547
1780323073011
259886779268
1780323074011
259989903027
1780323075012
260092574395
1780323076011
260195493199
1780323077012
260298901260
1780323078012
260401745296
1780323079012
260504741370
1780323080010
260621243269
1780323081150
260708989504
1780323082012
260811999311
1780323083011
260914732264
1780323084011
261017617437
1780323085012
261120489000
1780323086010
261223219633
1780323087011
261326113901
1780323088011
261428596793
1780323089011
261530832737
1780323090009
261633765457
1780323091011
261736317929
1780323092011
261838587992
1780323093011
261941458517
1780323094011
262044280092
1780323095012
2548943
1780323096012
104437965
1780323097012
206693867
1780323098011
309394532
1780323099011
412277264
1780323100009
514874719
1780323101012
617910344
1780323102012
720474473
1780323103011
823536526
1780323104012
926466012
1780323105012
1028681082
1780323106012
1131480379
1780323107011
1234515150
1780323108010
1336969904
1780323109012
1439628699
1780323110009
1541768697
1780323111012
1643753787
1780323112012
1746857344
1780323113011
1811130190
1780323114011
1859857543
1780323115012
1906867493
1780323116012
1961868634
1780323117015
2010417338
1780323118012
2082221293
1780323119011
2178675147
1780323120008
2278989954
1780323121011
2381173530
1780323122010
2483595448
1780323123012
2585492953
1780323124010
2688527907
1780323125011
2793482838
1780323126048
2891120284
1780323127012
2993246975
1780323128012
3095339610
1780323129012
3197976615
1780323130009
3300299473
1780323131011
3402449785
1780323132012
3504313721
1780323133011
3606794172
1780323134012
3709497339
1780323135012
3811314644
1780323136011
3913752065
1780323137011
4016594209
1780323138012
4118866408
1780323139012
4221010312
1780323140010
4322360821
1780323141012
4424270473
1780323142012
4526224801
1780323143011
4628067558
1780323144011
4730431005
1780323145011
4832969805
1780323146012
4935863829
1780323147014
5037538556
1780323148012
5139650355
1780323149014
5241053660
1780323150008
5343711417
1780323151012
5445373144
1780323152010
5547486530
1780323153011
5649407595
1780323154011
5751299424
1780323155011
5853078399
1780323156012
5953581987
1780323157012
6056125060
1780323158011
6157534468
1780323159011
6260644128
1780323160008
6363934758
1780323161012
6466892868
1780323162012
6569506070
1780323163012
6671754709
1780323164012
6773463861
1780323165011
6875393897
1780323166012
6977870381
1780323167011
7079814517
1780323168011
7182061569
1780323169011
7284555326
1780323170011
7386013562
1780323171011
7487748226
1780323172011
7590024148
1780323173010
7692391501
1780323174012
7794484013
1780323175011
7896866014
1780323176012
7999262785
1780323177012
8101731395
1780323178012
8204430717
1780323179011
8306451086
1780323180009
8408582050
1780323181012
8510908082
1780323182012
8612920455
1780323183009
8715025846
1780323184010
8817072887
1780323185012
8918758478
1780323186012
9019631267
1780323187011
9122061669
1780323188011
9224077643
1780323189012
9326406239
1780323190010
9428696931
1780323191012
9530983107
1780323192011
9633629939
1780323193013
9736198524
1780323194012
9838316000
1780323195012
9940117070
1780323196012
10043082871
1780323197012
10145589688
1780323198011
10247735118
1780323199012
10350377006
1780323200011
10455296476
1780323201048
10552601220
1780323202011
10655028081
1780323203011
10757359301
1780323204011
10859176363
1780323205010
10961621779
1780323206012
11064046383
1780323207012
11166264688
1780323208011
11268164695
1780323209011
11370348150
1780323210011
11472338306
1780323211011
11574378694
1780323212011
11676613906
1780323213010
11779582148
1780323214011
11882294532
1780323215012
11984216024
1780323216012
12084872932
1780323217010
12187102040
1780323218011
12289869905
1780323219010
12392309034
1780323220010
12494734981
1780323221012
12596716409
1780323222012
12699128317
1780323223011
12801406071
1780323224011
12903278796
1780323225012
13005083833
1780323226011
13107661085
1780323227011
13210409418
1780323228011
13312523720
1780323229011
13415626483
1780323230008
13516786197
1780323231012
13618213916
1780323232012
13720942657
1780323233012
13823730846
1780323234012
13926143609
1780323235010
14028235938
1780323236011
14130331563
1780323237012
14233196534
1780323238012
14334988937
1780323239011
14437506557
1780323240009
14539245372
1780323241011
14640960199
1780323242011
14743519263
1780323243011
14845542317
1780323244008
14948299561
1780323245011
15063629649
1780323246148
15150816255
1780323247009
15253832349
1780323248012
15356376520
1780323249012
15458456581
1780323250008
15560982685
1780323251012
15662677127
1780323252014
15764545213
1780323253011
15867179777
1780323254011
15969388500
1780323255010
16071470758
1780323256012
16173713722
1780323257010
16276220112
1780323258011
16376045113
1780323259014
16475829647
1780323260010
16579301245
1780323261048
16677111847
1780323262010
16780166576
1780323263012
16883324332
1780323264012
16985899387
1780323265012
17087861284
1780323266011
17190772825
1780323267012
17293695107
1780323268012
17396204428
1780323269012
17499492859
1780323270008
17601668440
1780323271010
17704313868
1780323272011
17807159430
1780323273012
17909811328
1780323274012
18013157682
1780323275011
18115031017
1780323276011
18216568721
1780323277012
18317039045
1780323278011
18417636505
1780323279012
18520371838
1780323280010
18623261406
1780323281012
18725307837
1780323282012
18828198625
1780323283010
18931311337
1780323284011
19034672157
1780323285012
19137539203
1780323286012
19240229919
1780323287012
19343392436
1780323288012
19445951561
1780323289010
19548623356
1780323290008
19650671556
1780323291011
19751588473
1780323292008
19854080276
1780323293012
19957481196
1780323294011
20059765541
1780323295012
20162143270
1780323296012
20264605410
1780323297010
20367954144
1780323298012
20470498986
1780323299010
20573482304
1780323300008
20675296192
1780323301010
20777743012
1780323302010
20880479993
1780323303012
20983189874
1780323304009
21086077061
1780323305011
21187693134
1780323306010
21289422732
1780323307010
21391697861
1780323308012
21493696318
1780323309011
21596938547
1780323310010
21698960136
1780323311012
21801150304
1780323312011
21904239091
1780323313014
22006788144
1780323314010
22109610452
1780323315010
22211618797
1780323316011
22314316410
1780323317012
22417779585
1780323318012
22520823694
1780323319012
22623069892
1780323320009
22724892324
1780323321012
22826620640
1780323322011
22929580826
1780323323012
23032935664
1780323324012
23135542823
1780323325012
23238397113
1780323326012
23340938477
1780323327011
23443535870
1780323328012
23545982629
1780323329010
23647971016
1780323330008
23747658505
1780323331012
23850184243
1780323332011
23952890645
1780323333012
24056340942
1780323334012
24159412394
1780323335011
24260704310
1780323336012
24362198008
1780323337012
24464171075
1780323338012
24566052345
1780323339011
24668619343
1780323340010
24770736147
1780323341012
24873694135
1780323342011
24976547998
1780323343012
25076149061
1780323344012
25178018429
1780323345011
25280488809
1780323346011
25383869160
1780323347011
25486939819
1780323348011
25588906232
1780323349012
25692227440
1780323350010
25793872322
1780323351011
25894843621
1780323352011
25997087805
1780323353012
26099174030
1780323354010
26202006958
1780323355012
26304172041
1780323356010
26406969446
1780323357011
26509986577
1780323358012
26612152453
1780323359011
26714462677
1780323360009
26816597609
1780323361011
26919126643
1780323362012
27021290871
1780323363012
27124451435
1780323364011
27227246948
1780323365012
27353406232
1780323366249
27431585231
1780323367011
27533912728
1780323368011
27637020496
1780323369011
27737190467
1780323370009
27837788720
1780323371012
27940031256
1780323372011
28042631762
1780323373011
28145240814
1780323374012
28247697583
1780323375012
28350003839
1780323376011
28452849706
1780323377012
28555433428
1780323378011
28657705688
1780323379011
28760585796
1780323380009
28865648027
1780323381048
28963632823
1780323382012
29066447318
1780323383011
29169122531
1780323384012
29272050856
1780323385010
29374804072
1780323386011
29477535194
1780323387011
29580649126
1780323388012
29682786011
1780323389012
29782671497
1780323390008
29883789403
1780323391011
29986449479
1780323392011
30088732787
1780323393011
30191325908
1780323394012
30293754662
1780323395011
30399187253
1780323396048
30496270867
1780323397012
30598753820
1780323398010
30700786823
1780323399012
30802899110
1780323400009
30904533249
1780323401012
31006768583
1780323402012
31108977794
1780323403010
31211795219
1780323404010
31314127538
1780323405012
31416495684
1780323406011
31519808347
1780323407011
31622336710
1780323408012
31724671103
1780323409012
31826838200
1780323410008
31927989736
1780323411012
32029824985
1780323412012
32132414322
1780323413012
32235447018
1780323414010
32338175392
1780323415011
32440407491
1780323416012
32542903689
1780323417012
32645677352
1780323418011
32747900784
1780323419012
32850343698
1780323420008
32952936514
1780323421011
33055353183
1780323422011
33157568070
1780323423011
33260324460
1780323424011
33362891946
1780323425011
33468274123
1780323426048
33566280769
1780323427012
33668643727
1780323428009
33771027437
1780323429011
33874006605
1780323430009
33975887386
1780323431012
34077794657
1780323432010
34180836263
1780323433012
34283682314
1780323434011
34386037459
1780323435012
34488365383
1780323436012
34590872262
1780323437012
34693120719
1780323438012
34795793246
1780323439012
34898400100
1780323440012
35003118338
1780323441049
35100926926
1780323442011
35202696624
1780323443011
35305322398
1780323444011
35408089347
1780323445012
35510707004
1780323446010
35614067702
1780323447012
35716865412
1780323448012
35819777258
1780323449010
35922223041
1780323450008
36024548829
1780323451011
36126995100
1780323452012
36229846704
1780323453011
36333360172
1780323454011
36436460128
1780323455012
36538682949
1780323456011
36640748484
1780323457012
36743831655
1780323458014
36846403231
1780323459014
36948466263
1780323460008
37050654417
1780323461012
37152882366
1780323462011
37255432763
1780323463011
37358096318
1780323464010
37460437304
1780323465012
37562680023
1780323466012
37665102917
1780323467011
37768305717
1780323468012
37870794407
1780323469012
37973194902
1780323470009
38074569093
1780323471012
38175999559
1780323472012
38278392546
1780323473008
38381109141
1780323474011
38484179312
1780323475010
38586623324
1780323476011
38688812150
1780323477011
38791738095
1780323478012
38893803324
1780323479011
38996405784
1780323480008
39098290716
1780323481012
39200601001
1780323482011
39303213104
1780323483011
39405783337
1780323484010
39508176141
1780323485010
39609790383
1780323486010
39711113610
1780323487012
39813431219
1780323488011
39915885547
1780323489010
40018831267
1780323490009
40120596509
1780323491012
40222453670
1780323492012
40324437418
1780323493011
40426759666
1780323494010
40528811712
1780323495012
40631522936
1780323496012
40733805877
1780323497011
40835918409
1780323498012
40938262324
1780323499012
41041030493
1780323500009
41142502401
1780323501010
41244083257
1780323502012
41346564440
1780323503009
41449566618
1780323504012
41552573678
1780323505011
41655685170
1780323506011
41758123018
1780323507011
41860635878
1780323508012
41963310725
1780323509012
42065617409
1780323510010
42168022969
1780323511011
42270049075
1780323512010
42373599042
1780323513012
42475989710
1780323514010
42578723639
1780323515011
42683792645
1780323516048
42781991307
1780323517011
42884904618
1780323518010
42987305662
1780323519011
43089719279
1780323520010
43191965722
1780323521011
43294110968
1780323522010
43397451585
1780323523011
43499814299
1780323524010
43603135018
1780323525012
43706286366
1780323526012
43808929108
1780323527011
43912092296
1780323528012
44014955436
1780323529011
44117638584
1780323530009
44219026020
1780323531011
44320308658
1780323532012
44422733689
1780323533011
44522564854
1780323534011
44621828760
1780323535011
44723399179
1780323536012
44825712150
1780323537012
44928506869
1780323538012
45031070083
1780323539011
45133251890
1780323540008
45235755228
1780323541014
45338074424
1780323542011
45441115298
1780323543011
45543871810
1780323544010
45647308130
1780323545012
45752756529
1780323546047
45851749989
1780323547011
45955046966
1780323548012
46058018809
1780323549014
46160979605
1780323550008
46263306004
1780323551011
46366340774
1780323552010
46469418635
1780323553011
46572142859
1780323554011
46675391802
1780323555012
46777636169
1780323556012
46880529277
1780323557011
46983726950
1780323558010
47086619204
1780323559012
47189291914
1780323560009
47291089261
1780323561012
47392718151
1780323562012
47495938712
1780323563010
47598273716
1780323564012
47700549883
1780323565010
47803566526
1780323566012
47906361307
1780323567012
48009337728
1780323568010
48111728884
1780323569012
48214192123
1780323570010
48317288050
1780323571012
48419272652
1780323572012
48521951345
1780323573012
48624720430
1780323574011
48727232130
1780323575011
48832802538
1780323576049
48930340680
1780323577012
49033208214
1780323578011
49135639105
1780323579011
49238724351
1780323580011
49341021818
1780323581012
49443450694
1780323582012
49546549735
1780323583012
49649572847
1780323584012
49752503980
1780323585010
49854845820
1780323586011
49957914038
1780323587012
50060791704
1780323588011
50162862610
1780323589011
50266228434
1780323590009
50367908838
1780323591012
50469511300
1780323592012
50572436147
1780323593012
50674574008
1780323594011
50777138503
1780323595010
50879652218
1780323596011
50982549232
1780323597011
51085771014
1780323598010
51188374450
1780323599011
51290939617
1780323600008
51393629723
1780323601012
51495886480
1780323602011
51599403122
1780323603011
51702249294
1780323604010
51804601632
1780323605011
51905960931
1780323606011
52006921732
1780323607012
52109797018
1780323608011
52211998050
1780323609008
52314455430
1780323610010
52416699797
1780323611012
52518184644
1780323612012
52620715693
1780323613012
52723474463
1780323614012
52825712055
1780323615010
52928073793
1780323616012
53031023236
1780323617012
53133912927
1780323618012
53236565984
1780323619011
53338944079
1780323620008
53440186312
1780323621012
53541664812
1780323622012
53644186339
1780323623012
53746462933
1780323624012
53849376000
1780323625011
53951842778
1780323626012
54054357958
1780323627010
54157435514
1780323628012
54259878489
1780323629011
54362796072
1780323630010
54464973545
1780323631011
54564215784
1780323632011
54666253242
1780323633012
54769013599
1780323634012
54871886383
1780323635011
54974009656
1780323636012
55075907650
1780323637012
55178828102
1780323638012
55280450034
1780323639010
55383399111
1780323640009
55485988936
1780323641012
55588102139
1780323642011
55690290415
1780323643011
55793418691
1780323644010
55895345066
1780323645011
55997913834
1780323646012
56099774780
1780323647012
56201501265
1780323648010
56304439112
1780323649012
56404822156
1780323650009
56506648250
1780323651012
56609025673
1780323652012
56711402547
1780323653012
56814173219
1780323654012
56917022199
1780323655011
57019887598
1780323656014
57122817022
1780323657012
57225486436
1780323658012
57328006010
1780323659012
57431165353
1780323660010
57533082207
1780323661012
57635707493
1780323662012
57738860000
1780323663011
57842112849
1780323664011
57945403844
1780323665012
58047544574
1780323666012
58147753668
1780323667010
58251085557
1780323668012
58353307890
1780323669011
58455757579
1780323670010
58557893670
1780323671012
58659946692
1780323672011
58763303056
1780323673011
58865788695
1780323674012
58968039104
1780323675012
59070360559
1780323676012
59172622077
1780323677012
59275231311
1780323678011
59378391325
1780323679012
59481507333
1780323680010
59583093682
1780323681010
59684757973
1780323682012
59787166768
1780323683011
59889838258
1780323684012
59993062237
1780323685011
60095701379
1780323686012
60198470281
1780323687012
60301422349
1780323688012
60403513335
1780323689011
60505202284
1780323690011
60607254574
1780323691011
60710344520
1780323692012
60812912250
1780323693011
60915682495
1780323694012
61018824870
1780323695012
61124165726
1780323696047
61222710273
1780323697012
61325357349
1780323698012
61427231173
1780323699011
61527386251
1780323700010
61628482855
1780323701010
61730917591
1780323702011
61833978179
1780323703011
61936637584
1780323704011
62039620902
1780323705011
62141815342
1780323706012
62244487931
1780323707012
62347498776
1780323708011
62450259316
1780323709012
62553086628
1780323710009
62659015556
1780323711048
62754390495
1780323712011
62855821327
1780323713012
62958662861
1780323714009
63062050657
1780323715012
63164955484
1780323716010
63267620383
1780323717011
63370561220
1780323718012
63455262847
1780323719011
63503749478
1780323720012
63558736398
1780323721012
63611972895
1780323722013
63657703307
1780323723011
63712538189
1780323724037
63777640378
1780323725013
63839300132
1780323726012
63940387032
1780323727011
64043540149
1780323728012
64146079376
1780323729010
64248914684
1780323730008
64352149711
1780323731012
64453492225
1780323732012
64553810755
1780323733013
64657601321
1780323734011
64760963483
1780323735011
64864005456
1780323736012
64967188541
1780323737012
65070491378
1780323738012
65173236720
1780323739012
65276335272
1780323740010
65378935412
1780323741012
65481174897
1780323742012
65584673411
1780323743010
65688155507
1780323744011
65791657195
1780323745011
65894910043
1780323746012
65998230030
1780323747011
66101125336
1780323748012
66203882702
1780323749011
66307254874
1780323750008
66410164340
1780323751012
66512839919
1780323752011
66616298089
1780323753012
66719791355
1780323754011
66823500928
1780323755012
66926116998
1780323756012
67027601724
1780323757011
67130053488
1780323758012
67233082277
1780323759012
67335691816
1780323760009
67439437278
1780323761013
67541872502
1780323762011
67645281905
1780323763012
67748483912
1780323764012
67851710759
1780323765012
67954825119
1780323766012
68058094325
1780323767012
68161344732
1780323768011
68264811874
1780323769010
68368223597
1780323770008
68470537605
1780323771012
68572248282
1780323772011
68676032318
1780323773012
68779334178
1780323774011
68882461538
1780323775011
68985814484
1780323776013
69089010265
1780323777012
69192464224
1780323778010
69296033539
1780323779011
69399228282
1780323780010
69501548088
1780323781012
69604108312
1780323782012
69707589370
1780323783012
69810813349
1780323784012
69914273045
1780323785011
70016744401
1780323786012
70119247191
1780323787012
70222544900
1780323788010
70325813556
1780323789011
70428884154
1780323790008
70531840739
1780323791012
70634883383
1780323792010
70738616149
1780323793011
70842387368
1780323794011
70945982013
1780323795011
71048678954
1780323796012
71151888224
1780323797012
71255337666
1780323798011
71358194763
1780323799011
71461575236
1780323800008
71575478936
1780323801148
71663460400
1780323802011
71766632805
1780323803012
71869814303
1780323804011
71973220777
1780323805012
72077207205
1780323806012
72180671601
1780323807012
72284003184
1780323808012
72387502492
1780323809012
72490862091
1780323810009
72594268809
1780323811012
72697223013
1780323812012
72800137422
1780323813012
72903828014
1780323814011
73007705616
1780323815011
73110986175
1780323816014
73213188245
1780323817012
73316131279
1780323818010
73419396518
1780323819011
73522661635
1780323820011
73625784662
1780323821012
73728647435
1780323822011
73831952164
1780323823011
73935378779
1780323824011
74038423559
1780323825012
74141102861
1780323826011
74244689876
1780323827011
74348517125
1780323828012
74451703629
1780323829011
74555686944
1780323830012
74657613746
1780323831012
74759788533
1780323832012
74863332946
1780323833011
74966933389
1780323834010
75070322345
1780323835012
75173359923
1780323836012
75276323771
1780323837012
75380211200
1780323838011
75482991150
1780323839011
75586666177
1780323840009
75689748006
1780323841012
75792452333
1780323842012
75896211833
1780323843012
75999746419
1780323844010
76102943054
1780323845010
76205490948
1780323846012
76307287013
1780323847012
76410890996
1780323848011
76513879929
1780323849010
76617460963
1780323850009
76721460819
1780323851011
76824620161
1780323852012
76927726099
1780323853012
77031553714
1780323854011
77135009076
1780323855012
77238160363
1780323856012
77341473392
1780323857012
77444677290
1780323858012
77547946069
1780323859010
77651588809
1780323860009
77753592393
1780323861012
77856453641
1780323862011
77959183419
1780323863012
78062291615
1780323864011
78165274871
1780323865011
78268413584
1780323866013
78371662466
1780323867011
78474523347
1780323868011
78577652661
1780323869011
78680849540
1780323870008
78784039950
1780323871011
78886699111
1780323872011
78990062494
1780323873011
79093390232
1780323874011
79197390027
1780323875011
79300425103
1780323876011
79402545691
1780323877012
79505891435
1780323878012
79608720517
1780323879011
79711706948
1780323880008
79814774921
1780323881012
79916984926
1780323882011
80020915141
1780323883012
80124049703
1780323884012
80227183350
1780323885012
80330745158
1780323886012
80434391926
1780323887012
80538187254
1780323888011
80641686073
1780323889011
80744649738
1780323890008
80847209412
1780323891011
80948957259
1780323892012
81052228235
1780323893011
81156179324
1780323894012
81259387861
1780323895010
81363533102
1780323896012
81467324890
1780323897012
81571243569
1780323898012
81674596576
1780323899012
81777683592
1780323900009
81881615699
1780323901010
81985059038
1780323902012
82089151301
1780323903012
82192826023
1780323904009
82296834607
1780323905012
82399622125
1780323906012
82501687476
1780323907012
82605570206
1780323908011
82709060725
1780323909010
82812479161
1780323910008
82915629166
1780323911012
83019137446
1780323912012
83122835788
1780323913012
83226940319
1780323914010
83330766531
1780323915011
83433846040
1780323916011
83536851208
1780323917011
83640337943
1780323918010
83744032562
1780323919012
83847371653
1780323920009
83950427359
1780323921012
84052712619
1780323922012
84155620559
1780323923012
84259541069
1780323924012
84362809787
1780323925009
84464204181
1780323926012
84565182194
1780323927011
84669070233
1780323928011
84772248802
1780323929012
84875126469
1780323930011
84978351851
1780323931011
85080949184
1780323932012
85184148627
1780323933012
85289074078
1780323934011
85392207481
1780323935012
85494566167
1780323936011
85597350084
1780323937012
85700532925
1780323938012
85803894049
1780323939011
85907355455
1780323940008
86010501064
1780323941010
86114254339
1780323942012
86217655197
1780323943011
86321398523
1780323944012
86424640812
1780323945012
86527767135
1780323946012
86631540490
1780323947012
86734996158
1780323948011
86837942855
1780323949011
86941718956
1780323950008
87044221868
1780323951012
87146663256
1780323952011
87249940396
1780323953010
87354022527
1780323954012
87457383103
1780323955010
87560462978
1780323956011
87663908209
1780323957012
87767789596
1780323958012
87871538964
1780323959011
87975615663
1780323960008
88079198955
1780323961011
88182754537
1780323962011
88286180847
1780323963012
88389585245
1780323964011
88492701131
1780323965012
88596086303
1780323966012
88698805523
1780323967012
88802065817
1780323968011
88905413209
1780323969012
89008709026
1780323970009
89111544151
1780323971012
89215185793
1780323972012
89318249433
1780323973011
89422040244
1780323974012
89525857116
1780323975011
89628919292
1780323976010
89732502828
1780323977010
89836051696
1780323978012
89939510598
1780323979012
90043044940
1780323980010
90145954101
1780323981011
90248613628
1780323982012
90352124288
1780323983012
90455195985
1780323984011
90558909831
1780323985011
90662126913
1780323986012
90766070555
1780323987011
90869658730
1780323988011
90972813984
1780323989012
91076371397
1780323990010
91179943824
1780323991011
91283223406
1780323992012
91386555905
1780323993011
91490066077
1780323994010
91593732560
1780323995010
91696924251
1780323996012
91799031717
1780323997012
91902477009
1780323998012
92005976927
1780323999012
92109843238
1780324000008
92213635819
1780324001011
92317060908
1780324002012
92420442175
1780324003011
92524163284
1780324004011
92627321833
1780324005012
92730338293
1780324006012
92833692459
1780324007011
92937766107
1780324008012
93041117221
1780324009012
93144645887
1780324010009
93261179646
1780324011148
93349432350
1780324012012
93452224445
1780324013011
93555720396
1780324014011
93659371559
1780324015012
93762286457
1780324016011
93866326657
1780324017012
93970065283
1780324018011
94073238419
1780324019012
94176836055
1780324020010
94279259560
1780324021012
94382517840
1780324022012
94486222897
1780324023011
94589669592
1780324024008
94693584182
1780324025012
94796046506
1780324026011
94898887795
1780324027012
95002776689
1780324028012
95106140194
1780324029012
95209937780
1780324030009
95312943620
1780324031009
95416231930
1780324032012
95519188270
1780324033011
95623089005
1780324034011
95726271480
1780324035012
95829353248
1780324036012
95932464006
1780324037012
96036626887
1780324038011
96140445041
1780324039012
96243815748
1780324040010
96343905763
1780324041012
96443509512
1780324042012
96545978915
1780324043012
96649560132
1780324044011
96753100394
1780324045014
96855789218
1780324046012
96959814404
1780324047012
97063707204
1780324048012
97167565398
1780324049015
97270715219
1780324050009
97373865285
1780324051012
97476851349
1780324052011
97580145763
1780324053012
97683963856
1780324054011
97787797575
1780324055012
97890782480
1780324056012
97993872120
1780324057012
98097700285
1780324058011
98201525825
1780324059011
98304888841
1780324060010
98407566435
1780324061011
98510716928
1780324062012
98614140552
1780324063012
98717701627
1780324064012
98820966255
1780324065012
98924643297
1780324066012
99027725919
1780324067011
99131160286
1780324068012
99234254870
1780324069011
99335098667
1780324070012
99437526689
1780324071011
99539633910
1780324072012
99641919598
1780324073012
99745361899
1780324074012
99848667177
1780324075011
99951788190
1780324076011
100054472924
1780324077013
100157591130
1780324078010
100261024031
1780324079012
100364203760
1780324080011
100467053899
1780324081011
100570166978
1780324082011
100673840479
1780324083014
100777050847
1780324084011
100881017134
1780324085012
100983733363
1780324086012
101085617807
1780324087013
101189029285
1780324088012
101292691312
1780324089012
101393637770
1780324090010
101495226865
1780324091012
101598599159
1780324092011
101701873248
1780324093011
101805564999
1780324094011
101909242834
1780324095011
102011948809
1780324096011
102115808956
1780324097012
102219249609
1780324098011
102322762345
1780324099011
102426255366
1780324100008
102528832374
1780324101012
102631162129
1780324102010
102734869017
1780324103012
102838315468
1780324104011
102941998735
1780324105011
103045004575
1780324106012
103148643226
1780324107012
103252199296
1780324108011
103356029231
1780324109011
103460057712
1780324110010
103562728592
1780324111012
103666145197
1780324112012
103769365880
1780324113012
103872845779
1780324114012
103976671196
1780324115011
104079443822
1780324116010
104182088151
1780324117012
104285898920
1780324118012
104389513462
1780324119012
104493099379
1780324120009
104596600884
1780324121012
104700096896
1780324122012
104803500440
1780324123012
104907206229
1780324124011
105010033846
1780324125011
105113423780
1780324126012
105216683891
1780324127011
105319367344
1780324128012
105422276199
1780324129012
105525918878
1780324130008
105628755895
1780324131012
105730963336
1780324132012
105834365415
1780324133012
105937558511
1780324134011
106040522297
1780324135011
106143988402
1780324136010
106247662087
1780324137012
106351251971
1780324138012
106454777829
1780324139011
106558256812
1780324140010
106661311480
1780324141011
106765169612
1780324142012
106868920689
1780324143012
106972252639
1780324144011
107075772149
1780324145011
107178509740
1780324146010
107280985186
1780324147010
107384852901
1780324148011
107488113684
1780324149011
107592248855
1780324150010
107695411676
1780324151011
107798171118
1780324152012
107901328264
1780324153012
108005003779
1780324154011
108108561315
1780324155011
108211403398
1780324156011
108314869930
1780324157011
108418594212
1780324158011
108521803177
1780324159012
108625393976
1780324160010
108727977209
1780324161012
108829849446
1780324162011
108933595518
1780324163011
109037176674
1780324164012
109140419513
1780324165012
109244208005
1780324166011
109348007238
1780324167012
109452273268
1780324168011
109555341974
1780324169012
109659032321
1780324170010
109762523389
1780324171010
109865744316
1780324172010
109968901950
1780324173012
110072685193
1780324174012
110175802971
1780324175012
110278202489
1780324176012
110381355850
1780324177012
110484805720
1780324178012
110588003881
1780324179012
110691537856
1780324180008
110794986017
1780324181011
110897511511
1780324182011
110997432093
1780324183011
111100072821
1780324184011
111203102892
1780324185012
111305765654
1780324186011
111409710151
1780324187012
111513479966
1780324188011
111616680935
1780324189012
111720444707
1780324190012
111826463052
1780324191050
111925442474
1780324192012
112028645640
1780324193012
112131522879
1780324194010
112235051361
1780324195012
112337537061
1780324196012
112440270379
1780324197010
112544561311
1780324198012
112647360303
1780324199012
112750739677
1780324200008
112853494236
1780324201012
112956065201
1780324202011
113056507327
1780324203012
113158847153
1780324204011
113261783901
1780324205012
113364304208
1780324206012
113467295704
1780324207014
113571474454
1780324208012
113675173468
1780324209009
113778767868
1780324210009
113882395044
1780324211011
113985902592
1780324212009
114086079093
1780324213011
114187490577
1780324214011
114291346268
1780324215011
114394498958
1780324216012
114498582981
1780324217012
114602416883
1780324218011
114706455130
1780324219012
114809428071
1780324220009
114911518081
1780324221011
115013120604
1780324222012
115115834575
1780324223011
115219293599
1780324224011
115322644897
1780324225012
115425540508
1780324226011
115528942892
1780324227011
115632325257
1780324228012
115735248638
1780324229012
115838802878
1780324230009
115941801637
1780324231011
116045062543
1780324232011
116148173973
1780324233012
116251205325
1780324234012
116354776654
1780324235012
116456596523
1780324236011
116558815317
1780324237012
116662285450
1780324238011
116765407378
1780324239012
116868774850
1780324240008
116972239551
1780324241010
117075206451
1780324242012
117178569040
1780324243012
117282036305
1780324244011
117385170257
1780324245011
117488391123
1780324246011
117591571889
1780324247011
117695068939
1780324248012
117798375071
1780324249012
117901362661
1780324250009
118007130518
1780324251048
118103465598
1780324252012
118205835148
1780324253011
118309842450
1780324254012
118413330833
1780324255011
118516881959
1780324256011
118620025555
1780324257011
118723486655
1780324258012
118827007813
1780324259011
118930619303
1780324260010
119033688742
1780324261012
119136813722
1780324262012
119240434611
1780324263012
119343731222
1780324264010
119447841978
1780324265011
119550545634
1780324266012
119652873741
1780324267011
119756605409
1780324268012
119860012249
1780324269011
119963862081
1780324270010
120063492807
1780324271010
120163374509
1780324272012
120266784767
1780324273012
120369889789
1780324274011
120472954039
1780324275012
120576093301
1780324276011
120679332478
1780324277014
120782882628
1780324278012
120885947428
1780324279011
120989169331
1780324280009
121095365532
1780324281047
121193880477
1780324282011
121297833641
1780324283012
121401491701
1780324284012
121504212080
1780324285012
121607643151
1780324286011
121710599064
1780324287012
121814042098
1780324288012
121917278650
1780324289012
122019985723
1780324290008
122123098863
1780324291012
122226380703
1780324292012
122329557441
1780324293012
122432857713
1780324294012
122536053799
1780324295009
122638314646
1780324296014
122740040948
1780324297011
122843165867
1780324298011
122946768812
1780324299012
123050070305
1780324300011
123153220188
1780324301012
123256423781
1780324302012
123359190059
1780324303012
123462273352
1780324304011
123565773392
1780324305012
123669152217
1780324306011
123772650304
1780324307011
123876183120
1780324308012
123978553768
1780324309012
124081932837
1780324310009
124187381481
1780324311047
124286415895
1780324312012
124388968855
1780324313011
124492088464
1780324314012
124596152529
1780324315012
124699651593
1780324316011
124802219690
1780324317010
124905605594
1780324318012
125009028120
1780324319011
125112144311
1780324320009
125215222233
1780324321012
125317883409
1780324322012
125421769068
1780324323012
125524488470
1780324324011
125594122203
1780324325011
125652520003
1780324326011
125707242946
1780324327012
125757170126
1780324328012
125807290420
1780324329013
125880508738
1780324330009
125973180742
1780324331012
126068925919
1780324332012
126171327879
1780324333011
126273467632
1780324334010
126376409629
1780324335012
126478483770
1780324336012
126580915453
1780324337012
126683614776
1780324338014
126785779065
1780324339012
126889117667
1780324340010
126990591346
1780324341012
127092458822
1780324342012
127195617981
1780324343012
127297832319
1780324344012
127401150231
1780324345012
127503688482
1780324346011
127606546556
1780324347008
127709842800
1780324348012
127812176156
1780324349014
127914767202
1780324350009
128016788792
1780324351012
128118894610
1780324352012
128221403930
1780324353011
128323442365
1780324354011
128425752344
1780324355012
128527106455
1780324356012
128628766839
1780324357012
128731165930
1780324358012
128831994041
1780324359010
128933577399
1780324360009
129035762746
1780324361011
129137995577
1780324362012
129239761735
1780324363012
129339215155
1780324364012
129440566702
1780324365011
129542746128
1780324366011
129645919204
1780324367012
129749090143
1780324368012
129851409217
1780324369012
129954031025
1780324370011
130055845645
1780324371011
130157567491
1780324372011
130260311430
1780324373012
130362599437
1780324374011
130465932974
1780324375012
130568872468
1780324376012
130671206801
1780324377012
130773822810
1780324378012
130876609351
1780324379011
130979014119
1780324380010
131081609742
1780324381012
131184040693
1780324382011
131286935388
1780324383012
131388764351
1780324384010
131491344594
1780324385012
131593119724
1780324386012
131694417255
1780324387012
131797185974
1780324388011
131899300581
1780324389012
132001411282
1780324390008
132104364814
1780324391011
132206539663
1780324392012
132308774203
1780324393012
132410738481
1780324394010
132513424375
1780324395012
132615769999
1780324396011
132718306175
1780324397012
132821016361
1780324398011
132923718430
1780324399012
133026257230
1780324400011
133127962658
1780324401012
133229078610
1780324402011
133331279154
1780324403012
133433430077
1780324404011
133536140568
1780324405012
133638996994
1780324406012
133741488553
1780324407012
133843810557
1780324408012
133946185661
1780324409012
134048474950
1780324410009
134151049455
1780324411012
134253075866
1780324412010
134355198286
1780324413012
134457319118
1780324414012
134559671090
1780324415011
134665392682
1780324416048
134760641095
1780324417012
134861803617
1780324418012
134964091014
1780324419010
135066648674
1780324420009
135168696874
1780324421012
135271167437
1780324422011
135373684021
1780324423009
135476031537
1780324424012
135578073878
1780324425011
135679836313
1780324426012
135782251517
1780324427010
135884970492
1780324428012
135986817827
1780324429012
136089196898
1780324430010
136190647811
1780324431012
136292643826
1780324432012
136395758736
1780324433011
136498448963
1780324434011
136600718843
1780324435011
136703103408
1780324436011
136806262690
1780324437012
136908899268
1780324438012
137011423053
1780324439012
137113338686
1780324440010
137214817735
1780324441012
137317069304
1780324442012
137419496227
1780324443011
137521340876
1780324444011
137623552467
1780324445011
137725766195
1780324446012
137826850775
1780324447011
137930057847
1780324448012
138032316863
1780324449011
138134488782
1780324450009
138236802545
1780324451012
138339254065
1780324452012
138442601213
1780324453012
138544784606
1780324454011
138647227825
1780324455012
138749339441
1780324456011
138851837104
1780324457011
138954652514
1780324458010
139056758149
1780324459010
139159657361
1780324460010
139261504695
1780324461011
139362675029
1780324462012
139465335472
1780324463012
139567970646
1780324464011
139670802109
1780324465012
139773109281
1780324466011
139875395580
1780324467012
139977602349
1780324468012
140079429176
1780324469012
140182535052
1780324470009
140284795899
1780324471012
140386915144
1780324472012
140489541896
1780324473012
140591926277
1780324474012
140694912586
1780324475011
140796743563
1780324476011
140898023150
1780324477011
141000643309
1780324478012
141103073345
1780324479012
141205409326
1780324480008
141307610907
1780324481012
141409419240
1780324482012
141511556125
1780324483012
141613105975
1780324484011
141715598205
1780324485012
141817760053
1780324486011
141919884608
1780324487012
142022375740
1780324488011
142124308890
1780324489011
142226643345
1780324490012
142331427378
1780324491047
142428733648
1780324492012
142530369130
1780324493012
142632687654
1780324494012
142735457228
1780324495012
142837986140
1780324496012
142940316994
1780324497012
143042083884
1780324498011
143144048528
1780324499010
143246657640
1780324500010
143348688385
1780324501012
143450897108
1780324502011
143553395869
1780324503011
143655901588
1780324504010
143758558246
1780324505010
143864059807
1780324506048
143960966175
1780324507011
144063384004
1780324508011
144165674025
1780324509012
144268083980
1780324510010
144370036966
1780324511012
144472294273
1780324512012
144574914677
1780324513012
144677553818
1780324514012
144781011500
1780324515012
144883474129
1780324516012
144986372547
1780324517011
145088705049
1780324518010
145191120070
1780324519011
145293946466
1780324520010
145395327249
1780324521012
145496767908
1780324522011
145599550054
1780324523012
145701671192
1780324524011
145803345309
1780324525011
145905501236
1780324526011
146008249753
1780324527011
146111190651
1780324528012
146213710408
1780324529011
146316265199
1780324530011
146418223434
1780324531011
146520234526
1780324532012
146622834422
1780324533011
146724949517
1780324534010
146827555700
1780324535012
146929004842
1780324536012
147030532780
1780324537011
147132827928
1780324538012
147235291228
1780324539012
147338055919
1780324540008
147440200677
1780324541011
147542847081
1780324542012
147645501909
1780324543011
147748172728
1780324544012
147851028177
1780324545012
147952771020
1780324546010
148055360418
1780324547011
148158256883
1780324548011
148260336028
1780324549010
148363335459
1780324550010
148464723505
1780324551012
148565576092
1780324552011
148668158959
1780324553012
148770477178
1780324554012
148873200609
1780324555012
148975049225
1780324556010
149077906262
1780324557012
149180618401
1780324558008
149282988623
1780324559012
149385913652
1780324560012
149488595091
1780324561013
149590318585
1780324562012
149692704920
1780324563011
149795138007
1780324564011
149897211782
1780324565010
149998779942
1780324566010
150100716205
1780324567012
150203263549
1780324568011
150305337690
1780324569012
150407930628
1780324570009
150510312568
1780324571011
150612347463
1780324572011
150714798129
1780324573012
150816910660
1780324574012
150919025755
1780324575011
151021250408
1780324576012
151124019249
1780324577012
151226315374
1780324578011
151328905565
1780324579011
151431392974
1780324580007
151532875380
1780324581012
151634914731
1780324582012
151737590310
1780324583012
151839592857
1780324584011
151942324832
1780324585011
152044115709
1780324586010
152144184545
1780324587012
152243921533
1780324588012
152346255012
1780324589011
152449000598
1780324590008
152551412079
1780324591012
152654123669
1780324592011
152756906426
1780324593011
152859168677
1780324594012
152962235979
1780324595011
153064116821
1780324596011
153165862044
1780324597011
153268150723
1780324598012
153370353220
1780324599012
153472861319
1780324600010
153575569492
1780324601012
153678306777
1780324602012
153781411921
1780324603011
153884413733
1780324604010
153987132830
1780324605011
154089378235
1780324606011
154192110821
1780324607011
154295028770
1780324608012
154397940616
1780324609012
154500801864
1780324610010
154606219807
1780324611048
154704215345
1780324612012
154806962030
1780324613012
154910594333
1780324614012
155013474502
1780324615011
155117082574
1780324616011
155219723852
1780324617011
155322553300
1780324618011
155425167845
1780324619011
155527745585
1780324620008
155630195701
1780324621012
155732568791
1780324622011
155835287828
1780324623012
155937909330
1780324624012
156040912668
1780324625011
156142594231
1780324626012
156244623084
1780324627012
156347390460
1780324628011
156449514466
1780324629012
156552479534
1780324630008
156654769311
1780324631011
156757219550
1780324632012
156860291551
1780324633011
156963601284
1780324634011
157066295113
1780324635012
157168253654
1780324636011
157270656468
1780324637012
157373612930
1780324638012
157476509334
1780324639012
157579387916
1780324640011
157681411581
1780324641012
157782765813
1780324642011
157885932297
1780324643011
157989092128
1780324644012
158090832713
1780324645010
158193912222
1780324646010
158297149445
1780324647011
158399766370
1780324648012
158500890135
1780324649012
158603225688
1780324650008
158706397299
1780324651011
158809114199
1780324652012
158911856063
1780324653012
159015308801
1780324654010
159118645755
1780324655011
159220570787
1780324656011
159322122651
1780324657012
159424640455
1780324658012
159527613153
1780324659012
159630715001
1780324660011
159733153643
1780324661012
159835993711
1780324662012
159939196328
1780324663012
160042673358
1780324664012
160145594603
1780324665012
160247837811
1780324666012
160350852257
1780324667012
160454394594
1780324668011
160557343671
1780324669011
160660540795
1780324670011
160762793097
1780324671012
160865416674
1780324672011
160968381865
1780324673011
161071093455
1780324674012
161173859122
1780324675012
161276212925
1780324676012
161378697037
1780324677010
161482040340
1780324678011
161584690834
1780324679012
161687594318
1780324680009
161791243223
1780324681012
161894429543
1780324682012
161997321125
1780324683012
162100991941
1780324684012
162203920938
1780324685012
162306385275
1780324686011
162407807135
1780324687012
162510666002
1780324688011
162614198818
1780324689010
162717363715
1780324690011
162819949818
1780324691011
162922909271
1780324692011
163025856151
1780324693011
163128829520
1780324694011
163231502048
1780324695011
163334169448
1780324696012
163437912347
1780324697011
163541055576
1780324698010
163643922134
1780324699011
163747145747
1780324700009
163849162881
1780324701011
163951595297
1780324702011
164054638490
1780324703012
164158249309
1780324704011
164261783346
1780324705012
164364749879
1780324706011
164468076458
1780324707012
164571509420
1780324708012
164673941165
1780324709012
164777341291
1780324710010
164880332482
1780324711012
164983388554
1780324712011
165087184004
1780324713010
165191192282
1780324714012
165294561219
1780324715011
165396930952
1780324716011
165497838653
1780324717010
165600736278
1780324718012
165703800467
1780324719012
165807123506
1780324720011
165909856092
1780324721012
166012880792
1780324722011
166115792943
1780324723011
166219484145
1780324724012
166322392145
1780324725012
166425186621
1780324726011
166528400163
1780324727011
166631634884
1780324728011
166734965918
1780324729012
166837859698
1780324730011
166940011231
1780324731011
167042572125
1780324732012
167145669762
1780324733011
167249012576
1780324734011
167352529340
1780324735012
167452457306
1780324736012
167555559459
1780324737011
167658819876
1780324738011
167760618810
1780324739011
167863970230
1780324740009
167966926754
1780324741011
168069847999
1780324742012
168172999956
1780324743012
168275925840
1780324744012
168379527992
1780324745012
168481485251
1780324746012
168583006963
1780324747012
168685628161
1780324748011
168788044158
1780324749012
168891097789
1780324750011
168993545280
1780324751012
169095861180
1780324752011
169199080582
1780324753011
169302189754
1780324754010
169404654457
1780324755011
169507351704
1780324756012
169610397278
1780324757012
169713621196
1780324758012
169815991051
1780324759012
169918804142
1780324760009
170024880531
1780324761048
170122813874
1780324762011
170225995311
1780324763011
170329168692
1780324764012
170431803256
1780324765012
170534102860
1780324766012
170637095699
1780324767011
170740739050
1780324768012
170842682392
1780324769008
170945833373
1780324770010
171047937909
1780324771010
171151286216
1780324772012
171253923405
1780324773011
171356533433
1780324774011
171459195279
1780324775012
171561865121
1780324776012
171663655327
1780324777012
171766855319
1780324778011
171869910536
1780324779012
171972780390
1780324780011
172075078285
1780324781011
172178042804
1780324782012
172280823669
1780324783011
172383713420
1780324784012
172485643152
1780324785011
172588481329
1780324786012
172691276781
1780324787011
172791597935
1780324788012
172893916155
1780324789010
172996399779
1780324790009
173098458905
1780324791012
173200546290
1780324792011
173302714730
1780324793012
173405580433
1780324794012
173508146027
1780324795012
173610869275
1780324796011
173713652398
1780324797011
173816434606
1780324798011
173918952715
1780324799012
174020975586
1780324800009
174123140791
1780324801010
174225783778
1780324802010
174328725226
1780324803012
174431315844
1780324804011
174533585968
1780324805012
174634962906
1780324806012
174736316284
1780324807012
174839203289
1780324808011
174941539514
1780324809010
175044444829
1780324810009
175146796618
1780324811011
175249425566
1780324812011
175351934215
1780324813011
175454941398
1780324814012
175558073641
1780324815011
175660435928
1780324816012
175762786801
1780324817010
175865290872
1780324818011
175968096395
1780324819012
176070613833
1780324820012
176171856738
1780324821011
176273507723
1780324822012
176376202406
1780324823011
176479715813
1780324824014
176582382359
1780324825012
176684587115
1780324826010
176786997985
1780324827011
176889241498
1780324828012
176991918847
1780324829011
177094576421
1780324830009
177197166064
1780324831012
177300053007
1780324832012
177403080759
1780324833011
177505887868
1780324834012
177608902497
1780324835012
177710344071
1780324836012
177811673463
1780324837012
177914791363
1780324838011
178017217736
1780324839012
178120410221
1780324840009
178223033616
1780324841012
178326371486
1780324842011
178429407538
1780324843012
178531937305
1780324844011
178634182099
1780324845011
178735707840
1780324846010
178837991270
1780324847011
178940933206
1780324848011
179043684103
1780324849012
179146330202
1780324850010
179247992112
1780324851012
179349404328
1780324852012
179452090284
1780324853011
179555220391
1780324854012
179657331274
1780324855012
179760243364
1780324856011
179863155393
1780324857012
179965726115
1780324858011
180068189659
1780324859011
180171402163
1780324860009
180273395371
1780324861012
180376334316
1780324862011
180479542487
1780324863010
180582468371
1780324864009
180685121490
1780324865012
180786621230
1780324866012
180889042049
1780324867010
180992234412
1780324868011
181094276937
1780324869012
181197149415
1780324870011
181299344405
1780324871012
181402178492
1780324872012
181505059454
1780324873011
181608082628
1780324874012
181710989103
1780324875012
181813411326
1780324876011
181915806328
1780324877012
182019213289
1780324878012
182122042616
1780324879012
182225069757
1780324880009
182326830849
1780324881012
182428885641
1780324882012
182532549561
1780324883011
182635427593
1780324884012
182738008996
1780324885012
182841117130
1780324886011
182943822128
1780324887012
183046394070
1780324888010
183149413399
1780324889011
183251902700
1780324890009
183354695100
1780324891012
183457081190
1780324892012
183559576656
1780324893010
183662807287
1780324894012
183765806413
1780324895011
183867153566
1780324896011
183969308273
1780324897011
184072120876
1780324898012
184174766792
1780324899011
184277398548
1780324900009
184380016084
1780324901012
184482325697
1780324902011
184584969416
1780324903012
184687564369
1780324904012
184790012287
1780324905011
184891729739
1780324906012
184994615890
1780324907011
185097077419
1780324908010
185199319589
1780324909012
185302491688
1780324910009
185404104404
1780324911012
185505255024
1780324912012
185607871522
1780324913011
185710186812
1780324914011
185812715236
1780324915010
185915062874
1780324916012
186017125357
1780324917011
186119240940
1780324918011
186222178909
1780324919012
186323985900
1780324920009
186426516826
1780324921012
186529151329
1780324922012
186632470400
1780324923011
186735588911
1780324924012
186838082606
1780324925012
186939761850
1780324926011
187041280755
1780324927011
187144344883
1780324928012
187247088639
1780324929012
187328489920
1780324930008
187375295098
1780324931013
187422454401
1780324932011
187470007380
1780324933011
187510374708
1780324934013
187560336677
1780324935013
187611535094
1780324936013
187659521482
1780324937012
187705763490
1780324938012
187745768576
1780324939016
187786903236
1780324940011
187829301382
1780324941013
187870911993
1780324942013
187912022545
1780324943013
187950824203
1780324944014
187990760929
1780324945013
188029998744
1780324946012
188068709643
1780324947013
188107501903
1780324948012
188147151154
1780324949015
188189614668
1780324950012
188230591797
1780324951013
188270699117
1780324952012
188309522809
1780324953012
188348469059
1780324954013
188387435390
1780324955013
188427768478
1780324956014
188469251099
1780324957013
188510599503
1780324958014
188549912574
1780324959014
188590610651
1780324960012
188633055000
1780324961014
188673590968
1780324962014
188712048512
1780324963013
188751759653
1780324964014
188790946137
1780324965014
188832514207
1780324966013
188872028510
1780324967012
188910686614
1780324968013
188950471974
1780324969012
188990213144
1780324970011
189032012719
1780324971051
189070984421
1780324972014
189109568795
1780324973012
189148751678
1780324974012
189188484304
1780324975014
189227190687
1780324976013
189266433445
1780324977012
189305865351
1780324978013
189345102189
1780324979013
189386735566
1780324980010
189427618091
1780324981014
189467991095
1780324982013
189506634490
1780324983014
189545617301
1780324984012
189583834427
1780324985012
189624534213
1780324986013
189665858021
1780324987012
189710448483
1780324988012
189752528087
1780324989012
189792501190
1780324990012
189833205187
1780324991014
189873083564
1780324992012
189912018462
1780324993013
189951100393
1780324994012
189990209668
1780324995013
190030107393
1780324996010
190068701533
1780324997012
190107381854
1780324998012
190146796853
1780324999013
190187633906
1780325000012
190227550919
1780325001013
190268908357
1780325002013
190311256881
1780325003012
190349612191
1780325004014
190388906279
1780325005012
190427776358
1780325006012
190466672621
1780325007014
190505078162
1780325008014
190544157713
1780325009013
190585415176
1780325010011
190626561616
1780325011014
190666879811
1780325012012
190705560254
1780325013014
190744465184
1780325014014
190782752622
1780325015014
190822920122
1780325016014
190864440401
1780325017012
190905545704
1780325018012
190943654554
1780325019012
190983613863
1780325020012
191024031668
1780325021012
191063517040
1780325022012
191102202549
1780325023012
191140620664
1780325024013
191179910785
1780325025013
191220090858
1780325026012
191259839475
1780325027012
191298330343
1780325028013
191337688274
1780325029012
191378233215
1780325030012
191420227675
1780325031013
191463207362
1780325032013
191507357457
1780325033012
191546005673
1780325034014
191585208637
1780325035013
191624266520
1780325036013
191662699100
1780325037012
191701799525
1780325038014
191740953966
1780325039014
191781180242
1780325040012
191822428611
1780325041013
191862434123
1780325042013
191900675481
1780325043013
191939437955
1780325044014
191978931201
1780325045014
192018908943
1780325046013
192059192531
1780325047013
192097454701
1780325048012
192135880567
1780325049013
192175495822
1780325050012
192216297903
1780325051012
192258269719
1780325052013
192296609465
1780325053013
192335423147
1780325054012
192374589978
1780325055012
192414234896
1780325056012
192453842888
1780325057012
192492373124
1780325058012
192530997353
1780325059012
192570749327
1780325060011
192613446300
1780325061051
192653236603
1780325062012
192694603075
1780325063013
192732923045
1780325064012
192771638949
1780325065012
192811202630
1780325066012
192849892350
1780325067012
192888067179
1780325068014
192927226930
1780325069013
192967415364
1780325070013
193008674353
1780325071012
193048315426
1780325072012
193086530660
1780325073012
193125144697
1780325074013
193163491767
1780325075014
193203834437
1780325076013
193245116192
1780325077012
193286322934
1780325078012
193325044698
1780325079013
193364650859
1780325080011
193404320618
1780325081013
193444405782
1780325082014
193483080975
1780325083012
193521907963
1780325084013
193560955349
1780325085012
193600865830
1780325086012
193640503668
1780325087013
193679083281
1780325088012
193718519521
1780325089012
193758286265
1780325090013
193799341640
1780325091012
193841841532
1780325092012
193881733275
1780325093013
193919658776
1780325094014
193959071517
1780325095012
193998824528
1780325096012
194037664944
1780325097014
194076297169
1780325098014
194115738414
1780325099013
194156289396
1780325100013
194197838789
1780325101012
194237645999
1780325102013
194275999173
1780325103013
194314393300
1780325104012
194353196302
1780325105012
194393307039
1780325106014
194433757985
1780325107013
194477819091
1780325108013
194517396077
1780325109012
194556832926
1780325110012
194597671140
1780325111014
194637829057
1780325112014
194676772072
1780325113013
194715247011
1780325114013
194754058496
1780325115012
194793124558
1780325116014
194833406254
1780325117013
194872009915
1780325118013
194911881029
1780325119014
194951911017
1780325120011
194992266077
1780325121013
195033977701
1780325122012
195076171441
1780325123013
195114868668
1780325124013
195153814003
1780325125012
195192397156
1780325126012
195232064962
1780325127014
195271142438
1780325128013
195310795108
1780325129012
195351599569
1780325130012
195392766944
1780325131013
195432928523
1780325132013
195471316547
1780325133013
195510242961
1780325134013
195548922550
1780325135014
195589079735
1780325136013
195630120279
1780325137012
195671707453
1780325138013
195710309649
1780325139012
195750656958
1780325140012
195790968622
1780325141013
195830987746
1780325142014
195869082619
1780325143012
195907833740
1780325144013
195946687889
1780325145014
195986192732
1780325146012
196026570924
1780325147013
196065235742
1780325148014
196104768051
1780325149013
196144591618
1780325150011
196185421958
1780325151013
196227800267
1780325152013
196268408806
1780325153014
196307258438
1780325154014
196346491858
1780325155013
196384495484
1780325156013
196423451256
1780325157012
196462191940
1780325158014
196501313361
1780325159012
196542723045
1780325160011
196583470194
1780325161011
196623314880
1780325162012
196661621605
1780325163012
196700211656
1780325164013
196738226390
1780325165012
196778192108
1780325166013
196818175343
1780325167014
196856739636
1780325168014
196895521825
1780325169013
196935791924
1780325170012
196976794261
1780325171014
197016400299
1780325172014
197055660087
1780325173014
197094279372
1780325174012
197133374548
1780325175013
197172859616
1780325176013
197212536455
1780325177010
197251005351
1780325178012
197289933352
1780325179013
197330495626
1780325180012
197370721902
1780325181013
197413283683
1780325182013
197456040897
1780325183013
197494501248
1780325184012
197533574024
1780325185013
197573402780
1780325186013
197612504608
1780325187013
197651690726
1780325188013
197691514416
1780325189013
197732956082
1780325190012
197773642562
1780325191013
197814630495
1780325192013
197853563989
1780325193013
197891615893
1780325194012
197929792065
1780325195013
197970990507
1780325196051
198011166429
1780325197014
198054928402
1780325198013
198094189654
1780325199013
198134195411
1780325200013
198174941706
1780325201014
198214875320
1780325202012
198253212013
1780325203012
198292468383
1780325204012
198331159141
1780325205013
198370473554
1780325206012
198409644841
1780325207013
198449608544
1780325208012
198489208663
1780325209014
198528561956
1780325210012
198569211754
1780325211013
198611437781
1780325212013
198654336170
1780325213013
198692813427
1780325214014
198731808322
1780325215012
198770667903
1780325216012
198810154191
1780325217012
198851582186
1780325218012
