59540630360
1780322464584
59542943307
1780322465020
59548384890
1780322466059
59553545931
1780322467020
59558790267
1780322468022
59564155104
1780322469024
59569859924
1780322470021
59575342556
1780322471022
59580893289
1780322472020
59586232392
1780322473023
59591733416
1780322474024
59597506611
1780322475020
59602943909
1780322476022
59608325761
1780322477024
59613779752
1780322478021
59619222864
1780322479022
59624865443
1780322480021
59630309168
1780322481023
59635854500
1780322482022
59641157740
1780322483020
59646597120
1780322484026
59652118186
1780322485024
59657578649
1780322486024
59662772739
1780322487024
59668326899
1780322488023
59673695118
1780322489024
59679132570
1780322490020
59684721017
1780322491024
59690001062
1780322492024
59695282056
1780322493024
59700641692
1780322494022
59705810721
1780322495024
59711794872
1780322496151
59716553967
1780322497026
59721730677
1780322498024
59727146004
1780322499020
59732709482
1780322500020
59737941302
1780322501020
59743220720
1780322502023
59748497629
1780322503024
59753915451
1780322504024
59759264912
1780322505024
59764655653
1780322506027
59770004594
1780322507023
59775278137
1780322508024
59780654358
1780322509024
59786338828
1780322510020
59791845329
1780322511022
59797402350
1780322512024
59802899028
1780322513020
59808263973
1780322514024
59819202218
1780322515018
59830089606
1780322516018
59841026245
1780322517018
59852056673
1780322518018
59862920775
1780322519019
59873922729
1780322520015
59884813621
1780322521018
59895569016
1780322522019
59906581360
1780322523020
59917514342
1780322524018
59928531765
1780322525018
59939591186
1780322526019
59950620268
1780322527020
59961597390
1780322528019
59972589538
1780322529018
59983631670
1780322530017
59994705657
1780322531019
60005675359
1780322532018
60016680711
1780322533019
60027599097
1780322534018
60038376478
1780322535022
60049313423
1780322536021
60060188601
1780322537019
60071029019
1780322538020
60082005055
1780322539019
60093039798
1780322540017
60106691957
1780322541250
60115230596
1780322542018
60126068718
1780322543022
60136946361
1780322544018
60147796141
1780322545019
60158540582
1780322546018
60169485054
1780322547018
60180416996
1780322548020
60191225589
1780322549021
60202304702
1780322550017
60213364368
1780322551020
60224370423
1780322552018
60235302242
1780322553018
60246287459
1780322554019
60257163663
1780322555018
60268032844
1780322556019
60278970554
1780322557020
60289915302
1780322558018
60300770254
1780322559018
60311737875
1780322560018
60322718012
1780322561018
60333684272
1780322562018
60344614041
1780322563018
60355503877
1780322564018
60366287898
1780322565019
60377229892
1780322566018
60388228343
1780322567018
60399242737
1780322568020
60410273211
1780322569019
60421201098
1780322570017
60432281235
1780322571019
60443382303
1780322572019
60454318177
1780322573020
60465304755
1780322574019
60476155944
1780322575018
60487098290
1780322576019
60498061168
1780322577020
60509097288
1780322578018
60520068627
1780322579019
60531154089
1780322580016
60542174312
1780322581021
60553120222
1780322582019
60563971854
1780322583020
60574871284
1780322584017
60585957021
1780322585018
60598454597
1780322586148
60608020034
1780322587019
60618947646
1780322588018
60629839762
1780322589018
60640782138
1780322590016
60651595551
1780322591016
60662584654
1780322592018
60673624109
1780322593018
60684580454
1780322594019
60695512732
1780322595019
60706462866
1780322596018
60717418446
1780322597021
60728435838
1780322598020
60739544664
1780322599020
60750652433
1780322600016
60762233982
1780322601058
60772907385
1780322602020
60783912766
1780322603019
60794948932
1780322604019
60806021465
1780322605019
60816954218
1780322606019
60827935242
1780322607021
60838834626
1780322608019
60849883062
1780322609019
60861101557
1780322610018
60872101125
1780322611018
60883172098
1780322612018
60894021114
1780322613020
60905121386
1780322614022
60916123356
1780322615019
60929722424
1780322616248
60938278230
1780322617019
60949135141
1780322618019
60960201355
1780322619019
60971333819
1780322620019
60982302006
1780322621018
60993350611
1780322622019
61004452734
1780322623019
61015479276
1780322624018
61026512749
1780322625018
61037410113
1780322626021
61048343707
1780322627020
61059374762
1780322628019
61070454792
1780322629019
61081586047
1780322630016
61092716124
1780322631019
61103747011
1780322632019
61114786542
1780322633021
61125777007
1780322634019
61136741629
1780322635020
61147671154
1780322636019
61158640320
1780322637019
61169654270
1780322638020
61180675380
1780322639020
61191621414
1780322640016
61202783972
1780322641019
61213890640
1780322642020
61224854222
1780322643018
61235862389
1780322644014
61246853572
1780322645018
61257950402
1780322646018
61269051409
1780322647019
61279853209
1780322648022
61290972101
1780322649019
61302095951
1780322650020
61313179133
1780322651019
61324371879
1780322652018
61335460156
1780322653018
61346453175
1780322654018
61357481676
1780322655018
61368486369
1780322656018
61379503578
1780322657019
61390508592
1780322658019
61401509399
1780322659015
61412615761
1780322660018
61423674509
1780322661018
61434558516
1780322662019
61445457211
1780322663018
61456326912
1780322664019
61467401435
1780322665018
61478490232
1780322666019
61489521196
1780322667020
61500596927
1780322668019
61511664886
1780322669019
61522813338
1780322670016
61533986438
1780322671018
61544935638
1780322672019
61555957422
1780322673019
61566989992
1780322674019
61578074337
1780322675018
61589202838
1780322676019
61600312275
1780322677018
61611372981
1780322678019
61622524096
1780322679020
61633573802
1780322680017
61644815370
1780322681020
61655910822
1780322682018
61666934870
1780322683020
61678023163
1780322684020
61689021583
1780322685018
61700019315
1780322686022
61710944448
1780322687018
61721884193
1780322688018
61732967758
1780322689019
61744005927
1780322690016
61755054777
1780322691018
61766172629
1780322692018
61777243693
1780322693018
61788267695
1780322694018
61799351076
1780322695018
61810348135
1780322696019
61821369842
1780322697022
61832268598
1780322698019
61843355483
1780322699018
61854593654
1780322700018
61865821406
1780322701019
61876936550
1780322702018
61888116276
1780322703020
61899031449
1780322704018
61910103798
1780322705021
61921211583
1780322706020
61932331608
1780322707021
61943369227
1780322708019
61954520448
1780322709020
61965673383
1780322710017
61976766832
1780322711019
61987897903
1780322712019
61998999996
1780322713019
62010065094
1780322714018
62021005726
1780322715018
62032160237
1780322716021
62043303135
1780322717019
62054244563
1780322718018
62065379566
1780322719019
62076311202
1780322720017
62087884551
1780322721056
62098625686
1780322722020
62109789989
1780322723021
62120838853
1780322724018
62131969986
1780322725019
62142952984
1780322726019
62153996478
1780322727018
62165087142
1780322728019
62176137796
1780322729019
62187280480
1780322730018
62198387408
1780322731019
62209473452
1780322732018
62220541747
1780322733020
62231573292
1780322734020
62242671851
1780322735020
62253886552
1780322736019
62265083306
1780322737023
62276104814
1780322738019
62287069421
1780322739019
62298217093
1780322740019
62309219522
1780322741019
62320279203
1780322742018
62331497898
1780322743021
62342580392
1780322744019
62353659183
1780322745018
62364838082
1780322746020
62375765510
1780322747019
62386856465
1780322748019
62398023904
1780322749020
62409122815
1780322750017
62421796402
1780322751148
62431571847
1780322752022
62442630993
1780322753019
62453920710
1780322754018
62464962537
1780322755020
62475994112
1780322756018
62487146160
1780322757019
62498210492
1780322758019
62509325070
1780322759020
62520401429
1780322760021
62531532454
1780322761019
62542737103
1780322762020
62553912498
1780322763019
62565054739
1780322764022
62576203084
1780322765021
62587275112
1780322766018
62598455419
1780322767019
62609595043
1780322768017
62620808505
1780322769019
62632099645
1780322770019
62643002777
1780322771019
62654122036
1780322772019
62665146972
1780322773019
62676121279
1780322774018
62687197530
1780322775021
62698304963
1780322776018
62709366435
1780322777020
62720555799
1780322778018
62731741002
1780322779019
62743023283
1780322780017
62756786475
1780322781248
62765494883
1780322782020
62776562949
1780322783019
62787669173
1780322784022
62798741415
1780322785018
62809907065
1780322786018
62821057689
1780322787018
62832140168
1780322788018
62843462535
1780322789022
62854674911
1780322790014
62865872981
1780322791018
62876981270
1780322792020
62887927686
1780322793019
62899123905
1780322794019
62910287228
1780322795019
62921381809
1780322796021
62932462589
1780322797019
62943400636
1780322798018
62954489234
1780322799019
62965855987
1780322800017
62977091067
1780322801020
62988352464
1780322802020
62999552447
1780322803021
63010690097
1780322804021
63021996904
1780322805019
63033184692
1780322806018
63044417769
1780322807019
63055518210
1780322808018
63066782284
1780322809020
63078073011
1780322810017
63089138078
1780322811019
63100312677
1780322812019
63111502287
1780322813019
63122566420
1780322814019
63133688954
1780322815018
63144904788
1780322816019
63156050792
1780322817020
63167259771
1780322818018
63178443061
1780322819019
63189562045
1780322820017
63200752236
1780322821020
63211862101
1780322822018
63223027368
1780322823019
63234035641
1780322824018
63244895581
1780322825015
63256059349
1780322826019
63267247489
1780322827019
63278325378
1780322828020
63289474610
1780322829018
63300641193
1780322830018
63311726777
1780322831020
63322746893
1780322832020
63333788367
1780322833020
63344903419
1780322834018
63355964753
1780322835020
63367111584
1780322836019
63378363265
1780322837021
63389582984
1780322838019
63400790938
1780322839019
63412006496
1780322840017
63423098812
1780322841018
63434296148
1780322842020
63445454117
1780322843020
63456674509
1780322844021
63467885615
1780322845018
63479031879
1780322846020
63490201874
1780322847019
63501468564
1780322848020
63512596927
1780322849019
63523829805
1780322850017
63535047459
1780322851019
63546183472
1780322852021
63557363121
1780322853021
63568317217
1780322854018
63579323012
1780322855020
63590540850
1780322856020
63601671339
1780322857020
63612779491
1780322858022
63623821348
1780322859018
63635014385
1780322860017
63646287302
1780322861019
63657419980
1780322862020
63668586195
1780322863020
63679816227
1780322864018
63690939281
1780322865018
63702045138
1780322866018
63713349666
1780322867022
63724517074
1780322868018
63735750227
1780322869019
63747068295
1780322870017
63758194210
1780322871019
63769438563
1780322872018
63780616957
1780322873019
63791696437
1780322874019
63802885449
1780322875018
63813872027
1780322876019
63824957765
1780322877018
63836116682
1780322878019
63847259091
1780322879018
63858403259
1780322880017
63869389362
1780322881019
63880558776
1780322882021
63891603004
1780322883018
63902701395
1780322884018
63913913755
1780322885019
63925147902
1780322886018
63936316963
1780322887020
63947516364
1780322888019
63958826063
1780322889022
63969967860
1780322890016
63981035559
1780322891018
63992175305
1780322892019
64003478838
1780322893020
64014557369
1780322894019
64025743857
1780322895019
64036811984
1780322896019
64047889383
1780322897018
64059111826
1780322898020
64070314027
1780322899019
64081628897
1780322900018
64092983547
1780322901021
64104163961
1780322902020
64115202896
1780322903019
64126280524
1780322904018
64137158946
1780322905019
64148194775
1780322906020
64159478571
1780322907020
64170505710
1780322908021
64181678825
1780322909019
64192944720
1780322910015
64204283045
1780322911020
64215617438
1780322912020
64226790432
1780322913020
64238070188
1780322914019
64249368550
1780322915018
64263222440
1780322916248
64271899437
1780322917019
64282852646
1780322918018
64294066398
1780322919021
64305273954
1780322920014
64316373339
1780322921018
64327634063
1780322922021
64338898887
1780322923019
64349999174
1780322924018
64361106056
1780322925019
64372356422
1780322926020
64383385687
1780322927020
64394544359
1780322928018
64405700339
1780322929018
64417020013
1780322930015
64428307405
1780322931020
64439458856
1780322932019
64450641167
1780322933020
64461966777
1780322934018
64473212752
1780322935018
64484501765
1780322936019
64495660636
1780322937018
64506731839
1780322938018
64518039197
1780322939019
64529474616
1780322940017
64540833489
1780322941021
64551927947
1780322942020
64563109034
1780322943018
64574430361
1780322944018
64585685821
1780322945019
64597013803
1780322946019
64608119354
1780322947020
64619143417
1780322948022
64630370007
1780322949019
64641645892
1780322950015
64652816009
1780322951020
64664058021
1780322952020
64675301761
1780322953019
64686506869
1780322954019
64697814120
1780322955018
64709025761
1780322956021
64720073891
1780322957019
64731197221
1780322958019
64742346392
1780322959018
64753581289
1780322960016
64766517118
1780322961147
64776326927
1780322962019
64787600105
1780322963018
64798853346
1780322964018
64810156879
1780322965020
64821456388
1780322966018
64832624134
1780322967019
64843939555
1780322968020
64855281429
1780322969019
64866412210
1780322970017
64877746557
1780322971020
64888706223
1780322972019
64899880532
1780322973019
64911175665
1780322974019
64922423429
1780322975019
64933831981
1780322976020
64944930341
1780322977019
64956109439
1780322978018
64967465344
1780322979019
64978779495
1780322980018
64990171554
1780322981018
65001473037
1780322982021
65012702793
1780322983022
65023955805
1780322984019
65035235164
1780322985020
65046413834
1780322986020
65057837028
1780322987019
65068963081
1780322988018
65080247733
1780322989019
65091626343
1780322990017
65102917346
1780322991018
65114226509
1780322992019
65125456005
1780322993019
65136616667
1780322994018
65147913774
1780322995018
65158972659
1780322996019
65170218358
1780322997019
65181541628
1780322998019
65192761470
1780322999018
65204163275
1780323000018
65215472010
1780323001019
65226556477
1780323002019
65237839034
1780323003022
65249027802
1780323004018
65260162698
1780323005021
65271476849
1780323006018
65282536286
1780323007020
65293770678
1780323008019
65305171060
1780323009020
65316502347
1780323010018
65327881003
1780323011019
65339179441
1780323012019
65350501624
1780323013019
65361712715
1780323014018
65372760003
1780323015018
65383991657
1780323016018
65395295679
1780323017022
65406436359
1780323018019
65417696287
1780323019019
65428945382
1780323020014
65440219463
1780323021019
65451658722
1780323022020
65462837652
1780323023020
65474331394
1780323024023
65485508365
1780323025023
65496762724
1780323026020
65508146888
1780323027019
65519266025
1780323028018
65530442017
1780323029019
65541907440
1780323030017
65553195871
1780323031018
65564522492
1780323032021
65575704971
1780323033019
65586889225
1780323034020
65598218447
1780323035020
65609499535
1780323036015
65620881954
1780323037023
65632078602
1780323038018
65643388499
1780323039019
65654697066
1780323040016
65666135070
1780323041019
65677284777
1780323042019
65688475121
1780323043021
65699604983
1780323044019
65710750743
1780323045020
9182815
1780323046023
20322225
1780323047019
31651630
1780323048019
43063992
1780323049018
54465705
1780323050017
65858574
1780323051020
77127407
1780323052018
88313497
1780323053020
99582849
1780323054019
110816813
1780323055018
122109835
1780323056019
133252198
1780323057020
144465858
1780323058019
155680973
1780323059018
167032670
1780323060014
178419052
1780323061018
189732683
1780323062018
200990928
1780323063018
212209011
1780323064020
223483014
1780323065019
234479599
1780323066018
245756035
1780323067019
256926259
1780323068019
268085299
1780323069019
279494065
1780323070017
290661092
1780323071020
301822947
1780323072019
313162679
1780323073019
324319210
1780323074018
335716317
1780323075019
347043428
1780323076018
358218747
1780323077019
369500431
1780323078019
380802679
1780323079019
392115024
1780323080018
405006743
1780323081159
414465846
1780323082019
425677533
1780323083019
436838516
1780323084019
447906903
1780323085018
458989335
1780323086019
470197182
1780323087018
481480060
1780323088019
492791335
1780323089019
503956403
1780323090016
515267081
1780323091019
526575586
1780323092019
537726670
1780323093020
548982069
1780323094020
560099600
1780323095018
571244961
1780323096018
582488013
1780323097019
593696181
1780323098018
604948780
1780323099018
616309535
1780323100016
627402999
1780323101019
638614533
1780323102020
649844641
1780323103018
660921872
1780323104019
672072680
1780323105019
683335240
1780323106018
694472049
1780323107018
705794232
1780323108020
716935616
1780323109019
728419444
1780323110017
739627627
1780323111020
750816471
1780323112018
761966407
1780323113018
769267720
1780323114020
776687914
1780323115020
783036649
1780323116020
790596211
1780323117023
798049086
1780323118019
807959217
1780323119019
819280590
1780323120014
830832518
1780323121018
842081094
1780323122019
853239690
1780323123019
864404008
1780323124018
875425975
1780323125019
887963483
1780323126147
897758696
1780323127019
908967461
1780323128019
920191556
1780323129018
931459394
1780323130017
942689579
1780323131018
953971539
1780323132019
965093231
1780323133021
976381801
1780323134020
987609384
1780323135018
998845567
1780323136018
1010157255
1780323137018
1021349480
1780323138018
1032588432
1780323139019
1043891016
1780323140017
1055075132
1780323141020
1066404736
1780323142020
1077492952
1780323143020
1088455173
1780323144019
1099706456
1780323145018
1110874248
1780323146020
1122133380
1780323147023
1133328895
1780323148022
1144263254
1780323149023
1155465409
1780323150017
1166579176
1780323151021
1177576724
1780323152018
1188733163
1780323153020
1199974410
1780323154018
1211213805
1780323155020
1222474727
1780323156021
1233652815
1780323157020
1244848468
1780323158018
1256228577
1780323159019
1267640587
1780323160015
1278951480
1780323161019
1290193476
1780323162020
1301442755
1780323163020
1312586464
1780323164019
1323666816
1780323165019
1334893405
1780323166018
1345910568
1780323167019
1356997789
1780323168019
1368314144
1780323169021
1379412213
1780323170019
1390692888
1780323171019
1402095641
1780323172018
1413145286
1780323173019
1424435737
1780323174020
1435798144
1780323175021
1447020342
1780323176019
1458192907
1780323177021
1469122524
1780323178019
1480266539
1780323179019
1491545255
1780323180017
1502707370
1780323181020
1513900452
1780323182019
1525001643
1780323183020
1536032116
1780323184018
1547212851
1780323185021
1558453410
1780323186021
1569631421
1780323187019
1580602302
1780323188018
1591855788
1780323189021
1603141619
1780323190018
1614296558
1780323191019
1625434897
1780323192019
1636789884
1780323193023
1647806710
1780323194018
1658919743
1780323195018
1670213851
1780323196020
1681285589
1780323197020
1692365940
1780323198019
1703517850
1780323199019
1714755823
1780323200018
1727515793
1780323201147
1737302056
1780323202019
1748411738
1780323203021
1759429803
1780323204019
1770466366
1780323205019
1781526216
1780323206020
1792762077
1780323207021
1803984046
1780323208020
1815151730
1780323209021
1826283796
1780323210018
1837416902
1780323211019
1848721292
1780323212018
1859710119
1780323213020
1870872968
1780323214019
1882015469
1780323215019
1893217869
1780323216019
1904426006
1780323217018
1915637907
1780323218018
1926832106
1780323219021
1938304000
1780323220018
1949373290
1780323221020
1960501118
1780323222018
1971826423
1780323223018
1982781391
1780323224018
1994002105
1780323225020
2005251354
1780323226018
2016290854
1780323227018
2027451914
1780323228018
2038532158
1780323229018
2049800731
1780323230017
2061063275
1780323231019
2072084584
1780323232020
2083277268
1780323233020
2094463557
1780323234020
2105587055
1780323235019
2116727398
1780323236020
2127739650
1780323237021
2138882257
1780323238018
2150261464
1780323239018
2161425843
1780323240017
2172718636
1780323241020
2184036260
1780323242021
2195035308
1780323243018
2206240722
1780323244018
2217376291
1780323245021
2231065385
1780323246247
2239765990
1780323247017
2250741414
1780323248019
2261994518
1780323249020
2273327442
1780323250017
2284650483
1780323251019
2296113029
1780323252025
2307070629
1780323253020
2318052984
1780323254018
2329175273
1780323255019
2340161055
1780323256020
2351380500
1780323257019
2362566681
1780323258018
2373882806
1780323259024
2385230449
1780323260018
2397751372
1780323261150
2407485324
1780323262017
2418817743
1780323263019
2429889481
1780323264019
2441026887
1780323265019
2452187579
1780323266019
2463429453
1780323267018
2474786673
1780323268020
2485831239
1780323269019
2497051249
1780323270015
2508383148
1780323271018
2519509400
1780323272019
2530624008
1780323273018
2541875062
1780323274018
2552893296
1780323275018
2564158135
1780323276018
2575304766
1780323277019
2586306736
1780323278018
2597402556
1780323279019
2608483887
1780323280017
2619650883
1780323281020
2630751064
1780323282021
2641834965
1780323283018
2652995183
1780323284018
2664248088
1780323285020
2675550795
1780323286019
2686739670
1780323287019
2697793598
1780323288018
2709143337
1780323289019
2720352867
1780323290014
2731545108
1780323291018
2742839782
1780323292016
2753883261
1780323293021
2764873878
1780323294018
2776171505
1780323295019
2787318733
1780323296020
2798509107
1780323297019
2809570166
1780323298019
2820813019
1780323299020
2832114150
1780323300017
2843272225
1780323301018
2854323599
1780323302019
2865525188
1780323303020
2876487148
1780323304016
2887584560
1780323305018
2898894656
1780323306018
2909924380
1780323307018
2921161725
1780323308018
2932226502
1780323309019
2943472247
1780323310017
2954680736
1780323311018
2965815525
1780323312019
2976949075
1780323313021
2988171747
1780323314018
2999379533
1780323315021
3010521406
1780323316018
3021656792
1780323317019
3032668202
1780323318020
3043871443
1780323319022
3055022986
1780323320017
3066199820
1780323321019
3077378459
1780323322019
3088397733
1780323323018
3099626296
1780323324018
3110723661
1780323325020
3121786663
1780323326018
3132985727
1780323327019
3144186337
1780323328019
3155407464
1780323329018
3166846570
1780323330017
3177939973
1780323331019
3189077011
1780323332020
3200312979
1780323333019
3211439354
1780323334019
3222671436
1780323335018
3233898224
1780323336019
3245140832
1780323337019
3256326035
1780323338019
3267501767
1780323339018
3278888164
1780323340018
3290218610
1780323341018
3301437901
1780323342019
3312790700
1780323343018
3324025215
1780323344019
3335234545
1780323345018
3346397441
1780323346018
3357599167
1780323347018
3368799854
1780323348019
3379989463
1780323349019
3390982253
1780323350016
3402294430
1780323351019
3413499309
1780323352018
3424733043
1780323353020
3436003788
1780323354020
3446996042
1780323355018
3458221928
1780323356018
3469367106
1780323357018
3480610464
1780323358020
3491872641
1780323359019
3502997622
1780323360015
3514080116
1780323361018
3525189507
1780323362020
3536238923
1780323363021
3547373253
1780323364019
3558620635
1780323365019
3572574464
1780323366258
3581170218
1780323367019
3592258832
1780323368019
3603263021
1780323369018
3614512483
1780323370017
3625643876
1780323371019
3636795526
1780323372018
3647833864
1780323373019
3658864445
1780323374019
3670232314
1780323375020
3681336014
1780323376018
3692365677
1780323377018
3703650054
1780323378018
3714732318
1780323379018
3725911034
1780323380018
3738581576
1780323381147
3748331394
1780323382020
3759650073
1780323383019
3770806466
1780323384019
3781900328
1780323385019
3793230666
1780323386018
3804437565
1780323387018
3815761768
1780323388020
3827038434
1780323389019
3838356318
1780323390015
3849845471
1780323391019
3860923665
1780323392018
3871794040
1780323393019
3883059338
1780323394019
3893994829
1780323395018
3906637311
1780323396147
3916529174
1780323397019
3927708854
1780323398019
3938870005
1780323399020
3950072558
1780323400018
3961190853
1780323401019
3972416800
1780323402019
3983459789
1780323403018
3994493843
1780323404018
4005796795
1780323405021
4016724422
1780323406019
4027824756
1780323407019
4039024707
1780323408021
4050168325
1780323409019
4061538367
1780323410015
4072725987
1780323411018
4083869115
1780323412020
4094975629
1780323413019
4106081517
1780323414018
4117408321
1780323415019
4128598649
1780323416019
4139658912
1780323417018
4150949960
1780323418020
4162135194
1780323419023
4173323120
1780323420015
4184713465
1780323421018
4195875075
1780323422018
4207159498
1780323423020
4218404554
1780323424017
4229672836
1780323425018
4241425959
1780323426056
4252070736
1780323427020
4263156335
1780323428015
4274566264
1780323429018
4285571325
1780323430017
4296727764
1780323431018
4307936987
1780323432018
4319068120
1780323433020
4330360851
1780323434019
4341537929
1780323435020
4352747015
1780323436019
4364060264
1780323437022
4375051279
1780323438020
4386333177
1780323439019
4397682702
1780323440020
4410398716
1780323441148
4420221438
1780323442018
4431432421
1780323443019
4442625580
1780323444019
4454008183
1780323445020
4465088520
1780323446019
4476218719
1780323447019
4487348230
1780323448019
4498411155
1780323449018
4509827173
1780323450016
4520999187
1780323451019
4532174124
1780323452020
4543425315
1780323453018
4554649426
1780323454022
4565854748
1780323455020
4577028858
1780323456019
4588153550
1780323457019
4599272060
1780323458022
4610480289
1780323459022
4621768292
1780323460015
4633140140
1780323461020
4644253769
1780323462021
4655463941
1780323463018
4666747554
1780323464020
4677645009
1780323465019
4688987848
1780323466021
4700146015
1780323467020
4711109261
1780323468019
4722196131
1780323469019
4733330690
1780323470017
4744681760
1780323471020
4755896599
1780323472018
4766890812
1780323473015
4778057838
1780323474018
4789245841
1780323475019
4800411873
1780323476018
4811551374
1780323477017
4822688749
1780323478018
4833756417
1780323479018
4844918624
1780323480015
4856201012
1780323481019
4867444676
1780323482019
4878423513
1780323483018
4889500590
1780323484017
4900652393
1780323485019
4911697188
1780323486021
4922919386
1780323487021
4934058673
1780323488018
4944985290
1780323489019
4956209875
1780323490016
4967443548
1780323491019
4978661294
1780323492020
4989820961
1780323493018
5000743295
1780323494019
5011804231
1780323495018
5023165506
1780323496019
5034231430
1780323497018
5045435451
1780323498020
5056660954
1780323499020
5067842454
1780323500018
5079230229
1780323501018
5090496384
1780323502021
5101517663
1780323503017
5112803432
1780323504019
5123768407
1780323505018
5134874952
1780323506018
5145887632
1780323507019
5156791407
1780323508018
5168086218
1780323509019
5179424574
1780323510016
5190645564
1780323511018
5201837208
1780323512019
5212896216
1780323513021
5224048952
1780323514019
5235053814
1780323515018
5246636633
1780323516055
5257432236
1780323517018
5268542102
1780323518019
5279738703
1780323519019
5291033209
1780323520016
5302166912
1780323521018
5313407623
1780323522018
5324646559
1780323523018
5335549829
1780323524019
5346756329
1780323525018
5357977900
1780323526018
5369155361
1780323527018
5380538989
1780323528019
5391764813
1780323529019
5402976929
1780323530016
5414267304
1780323531018
5425533474
1780323532019
5436753255
1780323533019
5447917160
1780323534019
5459169698
1780323535019
5470366085
1780323536020
5481464735
1780323537019
5492690131
1780323538019
5503745070
1780323539018
5514849993
1780323540015
5526098584
1780323541023
5537191573
1780323542018
5548375215
1780323543021
5559648255
1780323544019
5570766490
1780323545019
5583476766
1780323546150
5593350927
1780323547020
5604441897
1780323548019
5615718227
1780323549023
5627022066
1780323550017
5638185313
1780323551019
5649494124
1780323552019
5660557141
1780323553018
5671629506
1780323554019
5682787001
1780323555019
5693752052
1780323556019
5704963127
1780323557020
5716080183
1780323558018
5727357752
1780323559018
5738730946
1780323560016
5750033362
1780323561019
5761197328
1780323562019
5772366466
1780323563018
5783434455
1780323564019
5794496569
1780323565019
5805614131
1780323566020
5816660455
1780323567019
5828008496
1780323568019
5839137930
1780323569019
5850303335
1780323570017
5861714136
1780323571022
5872830412
1780323572019
5883996551
1780323573018
5895271228
1780323574020
5906384383
1780323575018
5919177662
1780323576150
5928871451
1780323577020
5939928623
1780323578019
5951275945
1780323579018
5962445603
1780323580018
5973670784
1780323581018
5985014923
1780323582019
5996145903
1780323583019
6007422370
1780323584018
6018364150
1780323585018
6029562296
1780323586021
6040757276
1780323587019
6051769542
1780323588018
6063169068
1780323589018
6074567139
1780323590016
6085809992
1780323591019
6097127463
1780323592019
6108381225
1780323593020
6119518891
1780323594018
6130728237
1780323595017
6141788821
1780323596018
6152870305
1780323597018
6164139092
1780323598020
6175428824
1780323599018
6186895685
1780323600015
6198248560
1780323601019
6209565358
1780323602018
6220759741
1780323603018
6231928802
1780323604018
6243132594
1780323605018
6254407577
1780323606018
6265572676
1780323607018
6276868299
1780323608018
6288070821
1780323609015
6299340204
1780323610018
6310601172
1780323611019
6321691133
1780323612019
6332948720
1780323613019
6344196239
1780323614022
6355447691
1780323615018
6366767687
1780323616019
6377716397
1780323617019
6388685640
1780323618018
6399987521
1780323619018
6411235775
1780323620016
6422425996
1780323621019
6433656181
1780323622019
6444724231
1780323623018
6456085002
1780323624022
6467187554
1780323625020
6478243104
1780323626020
6489477986
1780323627019
6500714979
1780323628018
6511994843
1780323629017
6523355108
1780323630016
6534588353
1780323631019
6545842222
1780323632018
6557221322
1780323633019
6568450405
1780323634020
6579664861
1780323635019
6590769203
1780323636021
6601860938
1780323637019
6613077368
1780323638019
6624242604
1780323639017
6635658791
1780323640016
6646989313
1780323641018
6658232625
1780323642019
6669605789
1780323643018
6680858893
1780323644019
6692056871
1780323645020
6703275213
1780323646019
6714382937
1780323647018
6725675178
1780323648020
6736892144
1780323649019
6748094070
1780323650018
6759565520
1780323651019
6770857394
1780323652019
6781923639
1780323653019
6793266845
1780323654020
6804385218
1780323655019
6815664959
1780323656023
6826720158
1780323657018
6837852040
1780323658020
6849039492
1780323659019
6860113280
1780323660017
6871341873
1780323661019
6882624889
1780323662020
6893857736
1780323663019
6905142710
1780323664019
6916358313
1780323665019
6927486738
1780323666020
6938771375
1780323667019
6950027126
1780323668019
6961305843
1780323669018
6972812009
1780323670017
6983927489
1780323671021
6995085443
1780323672019
7006228555
1780323673018
7017366328
1780323674020
7028541371
1780323675019
7039660799
1780323676019
7050760750
1780323677018
7062172470
1780323678018
7073327195
1780323679019
7084577881
1780323680017
7095740302
1780323681019
7107055693
1780323682020
7118228610
1780323683018
7129357615
1780323684020
7140524244
1780323685019
7151897361
1780323686018
7163094115
1780323687018
7174316115
1780323688018
7185653430
1780323689020
7196881763
1780323690019
7208032816
1780323691018
7219252230
1780323692018
7230342465
1780323693021
7241652593
1780323694019
7252785010
1780323695019
7265447306
1780323696147
7275231747
1780323697020
7286307157
1780323698018
7297572150
1780323699018
7308793659
1780323700018
7320004229
1780323701022
7331368274
1780323702021
7342457025
1780323703019
7353689505
1780323704018
7364921648
1780323705019
7376207479
1780323706019
7387491244
1780323707018
7398615507
1780323708018
7409761710
1780323709019
7421147480
1780323710017
7433926071
1780323711150
7443732483
1780323712019
7455048057
1780323713019
7466128807
1780323714018
7477485385
1780323715018
7488614926
1780323716018
7499634139
1780323717019
7510970093
1780323718019
7520903496
1780323719020
7527919693
1780323720020
7536688735
1780323721020
7544220313
1780323722023
7551008632
1780323723019
7559348586
1780323724046
7566293317
1780323725024
7573035446
1780323726019
7584226692
1780323727017
7595249485
1780323728018
7606537657
1780323729019
7617840853
1780323730015
7629258585
1780323731019
7640482558
1780323732019
7651473298
1780323733020
7662583638
1780323734018
7673619069
1780323735018
7684792949
1780323736019
7695934899
1780323737019
7706928255
1780323738019
7718130532
1780323739020
7729440354
1780323740017
7740726138
1780323741019
7752073383
1780323742019
7763256521
1780323743017
7774305798
1780323744018
7785506423
1780323745018
7796654523
1780323746020
7807853251
1780323747018
7818894282
1780323748020
7829972951
1780323749021
7841170914
1780323750015
7852374859
1780323751019
7863390247
1780323752019
7874694973
1780323753019
7885799989
1780323754018
7897120137
1780323755019
7908477297
1780323756020
7919746604
1780323757019
7931074234
1780323758020
7942290220
1780323759018
7953453605
1780323760016
7964985353
1780323761022
7976018979
1780323762020
7987336128
1780323763018
7998752759
1780323764018
8009879669
1780323765019
8021164413
1780323766019
8032386642
1780323767019
8043547395
1780323768018
8054714988
1780323769021
8065867815
1780323770014
8077200265
1780323771021
8088438039
1780323772019
8099506151
1780323773020
8110637451
1780323774021
8121764101
1780323775018
8132841209
1780323776020
8144075265
1780323777018
8155242964
1780323778018
8166538908
1780323779022
8177938464
1780323780017
8189214962
1780323781019
8200535554
1780323782018
8211715555
1780323783019
8222902992
1780323784018
8234441288
1780323785018
8245655928
1780323786020
8256829961
1780323787022
8267972324
1780323788018
8278949340
1780323789018
8290188888
1780323790015
8301549260
1780323791019
8312700084
1780323792019
8324007029
1780323793018
8335070413
1780323794018
8346191111
1780323795017
8357479772
1780323796019
8368434740
1780323797020
8379581678
1780323798019
8390816514
1780323799018
8401941587
1780323800014
8415820110
1780323801247
8424494032
1780323802018
8435762451
1780323803020
8447061241
1780323804019
8458263121
1780323805019
8469476659
1780323806020
8480681844
1780323807018
8491946408
1780323808020
8503355465
1780323809021
8514605004
1780323810017
8525882160
1780323811019
8537177522
1780323812020
8548312617
1780323813020
8559557873
1780323814018
8570748124
1780323815019
8582041116
1780323816022
8593369832
1780323817021
8604368865
1780323818018
8615665421
1780323819019
8627070454
1780323820017
8638219548
1780323821019
8649568951
1780323822019
8660887156
1780323823019
8672083222
1780323824018
8683444512
1780323825019
8694716191
1780323826018
8705837608
1780323827018
8717100825
1780323828018
8728335187
1780323829019
8739643019
1780323830019
8750824213
1780323831019
8761911542
1780323832019
8773130802
1780323833018
8784355846
1780323834019
8795521449
1780323835020
8806766337
1780323836020
8817932798
1780323837018
8829133698
1780323838018
8840397941
1780323839018
8851691223
1780323840017
8863005848
1780323841019
8874240317
1780323842020
8885363998
1780323843018
8896635508
1780323844017
8907713657
1780323845019
8918983499
1780323846020
8930260731
1780323847018
8941418761
1780323848018
8952743530
1780323849019
8964056213
1780323850017
8975241522
1780323851018
8986553991
1780323852020
8997692911
1780323853019
9008996459
1780323854018
9020216637
1780323855019
9031365977
1780323856020
9042747463
1780323857021
9053901561
1780323858019
9065111626
1780323859019
9076461763
1780323860016
9087802659
1780323861019
9099012663
1780323862019
9110186253
1780323863018
9121129134
1780323864018
9132449420
1780323865018
9143669629
1780323866023
9154804939
1780323867018
9166147380
1780323868018
9177389009
1780323869018
9188688579
1780323870017
9200105990
1780323871019
9211275540
1780323872018
9222530725
1780323873018
9233761752
1780323874019
9244933031
1780323875018
9256333077
1780323876018
9267554051
1780323877019
9278655471
1780323878019
9289860043
1780323879018
9301133190
1780323880016
9312404287
1780323881019
9323609104
1780323882018
9334489745
1780323883020
9345603726
1780323884018
9356757228
1780323885019
9368011877
1780323886020
9379317276
1780323887018
9390527831
1780323888020
9401864948
1780323889019
9413168970
1780323890017
9424372089
1780323891018
9435720160
1780323892019
9446899901
1780323893018
9458092188
1780323894019
9469356736
1780323895020
9480456855
1780323896019
9491618940
1780323897019
9502843494
1780323898018
9514015554
1780323899020
9525403696
1780323900015
9536664251
1780323901022
9547794007
1780323902019
9558909702
1780323903018
9570032358
1780323904017
9581352476
1780323905019
9592637343
1780323906020
9603837509
1780323907020
9615164267
1780323908018
9626428173
1780323909020
9637746455
1780323910016
9649147434
1780323911020
9660403950
1780323912020
9671630707
1780323913018
9682857618
1780323914018
9694141582
1780323915019
9705525180
1780323916018
9716791289
1780323917018
9728095939
1780323918019
9739416042
1780323919019
9750580635
1780323920016
9761823580
1780323921019
9773143071
1780323922022
9784325810
1780323923020
9795700611
1780323924020
9806890556
1780323925018
9818155288
1780323926018
9829516487
1780323927019
9840627913
1780323928018
9851976107
1780323929019
9863374500
1780323930019
9874557147
1780323931018
9885946896
1780323932021
9897106838
1780323933018
9908204907
1780323934019
9919563030
1780323935018
9930671626
1780323936018
9941937322
1780323937019
9953251825
1780323938020
9964378291
1780323939021
9975752342
1780323940016
9987170793
1780323941019
9998497643
1780323942019
10009899402
1780323943020
10021146570
1780323944022
10032459910
1780323945019
10043822745
1780323946019
10055078619
1780323947020
10066390184
1780323948019
10077665596
1780323949018
10088630815
1780323950016
10100083477
1780323951019
10111305553
1780323952018
10122598100
1780323953019
10133864393
1780323954018
10145050713
1780323955020
10156252424
1780323956020
10167496639
1780323957020
10178690409
1780323958018
10190050858
1780323959020
10201305141
1780323960017
10212633199
1780323961019
10223876940
1780323962021
10235014452
1780323963019
10246366242
1780323964019
10257677409
1780323965019
10268827514
1780323966019
10280179410
1780323967018
10291417948
1780323968019
10302690483
1780323969020
10314065406
1780323970017
10325239027
1780323971020
10336584711
1780323972019
10347861454
1780323973018
10358883360
1780323974019
10370203875
1780323975018
10381402466
1780323976020
10392530125
1780323977018
10403855965
1780323978019
10415047150
1780323979019
10426382339
1780323980018
10437658102
1780323981018
10448956280
1780323982019
10460181079
1780323983019
10471309886
1780323984018
10482472292
1780323985018
10493767639
1780323986018
10504868340
1780323987018
10516060627
1780323988020
10527257641
1780323989020
10538487474
1780323990017
10549792552
1780323991019
10560959379
1780323992019
10571972304
1780323993018
10583257508
1780323994021
10594295693
1780323995019
10605517279
1780323996018
10616814753
1780323997019
10627906962
1780323998018
10639269966
1780323999021
10650384559
1780324000016
10661538122
1780324001018
10672942023
1780324002019
10684186635
1780324003019
10695271531
1780324004020
10706412348
1780324005019
10717468725
1780324006019
10728733809
1780324007018
10739933103
1780324008019
10751206128
1780324009021
10762527363
1780324010017
10776299153
1780324011249
10785078522
1780324012020
10796407790
1780324013022
10807741846
1780324014018
10818883383
1780324015019
10830119963
1780324016019
10841423083
1780324017018
10852757644
1780324018019
10863885212
1780324019019
10875112596
1780324020018
10886436463
1780324021021
10897297398
1780324022019
10908556132
1780324023019
10919689055
1780324024016
10930816852
1780324025019
10941992614
1780324026018
10953145611
1780324027019
10964354620
1780324028019
10975662804
1780324029020
10986868050
1780324030017
10998038855
1780324031017
11009284830
1780324032019
11020537123
1780324033019
11031849361
1780324034019
11043096070
1780324035019
11054396283
1780324036019
11065686505
1780324037019
11076857540
1780324038018
11088216122
1780324039019
11099541060
1780324040017
11110651155
1780324041019
11121951291
1780324042019
11133100110
1780324043018
11144250383
1780324044020
11155561199
1780324045023
11166690357
1780324046019
11177845542
1780324047018
11189060595
1780324048019
11200284216
1780324049025
11211589034
1780324050017
11222741326
1780324051019
11234054712
1780324052019
11245385785
1780324053019
11256390631
1780324054018
11267614436
1780324055019
11278864618
1780324056019
11290164509
1780324057020
11301475830
1780324058018
11312729577
1780324059019
11323918650
1780324060017
11335290498
1780324061021
11346434559
1780324062018
11357706726
1780324063020
11368918949
1780324064019
11379995996
1780324065018
11391353614
1780324066019
11402416417
1780324067018
11413477124
1780324068020
11424782890
1780324069018
11435975835
1780324070019
11447186084
1780324071019
11458507166
1780324072019
11469736815
1780324073020
11481000690
1780324074018
11492143451
1780324075020
11503315266
1780324076020
11514599750
1780324077020
11525705026
1780324078020
11537009676
1780324079020
11548409292
1780324080019
11559624988
1780324081019
11570892474
1780324082018
11582045317
1780324083023
11593279985
1780324084018
11604646309
1780324085019
11615842206
1780324086018
11627140614
1780324087020
11638287337
1780324088018
11649400079
1780324089020
11660683110
1780324090017
11671871587
1780324091019
11683074155
1780324092022
11694277626
1780324093018
11705452379
1780324094018
11716620246
1780324095018
11727835697
1780324096018
11738894461
1780324097019
11750105016
1780324098019
11761346507
1780324099019
11772491256
1780324100017
11783874640
1780324101020
11795193534
1780324102018
11806423489
1780324103019
11817692781
1780324104019
11828721174
1780324105019
11839978761
1780324106019
11851128177
1780324107020
11862262079
1780324108018
11873387244
1780324109018
11884598809
1780324110017
11895881564
1780324111020
11907077752
1780324112019
11918058256
1780324113020
11929277333
1780324114021
11940395354
1780324115018
11951595535
1780324116018
11962777800
1780324117019
11973965895
1780324118019
11985256285
1780324119019
11996589515
1780324120018
12007723371
1780324121019
12018941973
1780324122020
12030073290
1780324123019
12041114091
1780324124019
12052386672
1780324125018
12063542529
1780324126018
12074578021
1780324127018
12085799454
1780324128019
12096973366
1780324129019
12108222477
1780324130016
12119494491
1780324131020
12130713354
1780324132019
12142009665
1780324133021
12153131603
1780324134021
12164335884
1780324135019
12175658037
1780324136017
12186868149
1780324137020
12198025811
1780324138020
12209233673
1780324139019
12220410874
1780324140017
12231793202
1780324141019
12242912462
1780324142019
12254065504
1780324143019
12265358143
1780324144021
12276458966
1780324145019
12287603134
1780324146018
12298878133
1780324147021
12309955256
1780324148020
12321149899
1780324149019
12332451428
1780324150017
12343634595
1780324151019
12354954499
1780324152020
12366002232
1780324153021
12377268126
1780324154019
12388528330
1780324155018
12399666271
1780324156018
12410851963
1780324157018
12422110805
1780324158018
12433379760
1780324159019
12444816096
1780324160017
12456002232
1780324161019
12467334912
1780324162018
12478574736
1780324163018
12489688870
1780324164019
12500981081
1780324165018
12512121745
1780324166018
12523309702
1780324167019
12534633415
1780324168020
12545771372
1780324169018
12557099538
1780324170016
12568392743
1780324171019
12579561054
1780324172019
12590775189
1780324173019
12601862411
1780324174019
12613039933
1780324175019
12624390529
1780324176019
12635597014
1780324177019
12646896462
1780324178018
12658228039
1780324179019
12669290536
1780324180016
12680598827
1780324181022
12691925004
1780324182021
12703156122
1780324183019
12714488955
1780324184019
12725623683
1780324185020
12736714637
1780324186018
12747998556
1780324187019
12759156035
1780324188018
12770379243
1780324189020
12781621958
1780324190018
12793092720
1780324191058
12803963094
1780324192019
12815184160
1780324193021
12826407200
1780324194018
12837712722
1780324195020
12848808940
1780324196019
12860120061
1780324197020
12871402496
1780324198019
12882647843
1780324199019
12893921877
1780324200015
12905153469
1780324201020
12916366182
1780324202019
12927514006
1780324203019
12938579854
1780324204018
12949801929
1780324205018
12961056319
1780324206019
12972266843
1780324207024
12983537435
1780324208018
12994643858
1780324209019
13005941975
1780324210017
13017229993
1780324211019
13028398611
1780324212016
13039790348
1780324213020
13051028963
1780324214018
13062027827
1780324215018
13073224704
1780324216020
13084230591
1780324217018
13095346347
1780324218019
13106573624
1780324219020
13117737132
1780324220016
13129069750
1780324221019
13140367836
1780324222019
13151626693
1780324223021
13162906159
1780324224019
13174170202
1780324225022
13185154057
1780324226019
13196502373
1780324227021
13207693344
1780324228020
13218825869
1780324229020
13230043875
1780324230017
13241212339
1780324231019
13252328998
1780324232019
13263502695
1780324233018
13274714244
1780324234018
13286014503
1780324235019
13297142132
1780324236018
13308280241
1780324237019
13319385562
1780324238018
13330504455
1780324239019
13341827985
1780324240014
13353103473
1780324241018
13364364120
1780324242019
13375674400
1780324243019
13386844578
1780324244019
13398072315
1780324245018
13409327898
1780324246018
13420499636
1780324247018
13431681335
1780324248020
13442758688
1780324249019
13453916672
1780324250015
13465579541
1780324251055
13476383636
1780324252020
13487740229
1780324253019
13498949208
1780324254018
13510076347
1780324255019
13521383644
1780324256018
13532599156
1780324257018
13543642268
1780324258019
13554814113
1780324259018
13566048475
1780324260017
13577302467
1780324261019
13588513465
1780324262018
13599631134
1780324263022
13610843677
1780324264019
13622033684
1780324265021
13633283637
1780324266020
13644550128
1780324267019
13655622264
1780324268018
13666546280
1780324269019
13677894015
1780324270017
13689241902
1780324271020
13700411836
1780324272019
13711644392
1780324273018
13722878509
1780324274018
13734087228
1780324275019
13745191860
1780324276018
13756434484
1780324277024
13767576770
1780324278018
13778620494
1780324279018
13789965627
1780324280018
13801625849
1780324281054
13812342795
1780324282018
13823623623
1780324283022
13834782739
1780324284019
13845904554
1780324285020
13857105822
1780324286018
13868231125
1780324287022
13879482148
1780324288019
13890668055
1780324289021
13901876789
1780324290014
13913178777
1780324291019
13924255319
1780324292020
13935492694
1780324293019
13946640351
1780324294018
13957771116
1780324295020
13969164735
1780324296024
13980387928
1780324297018
13991559651
1780324298018
14002697914
1780324299021
14013827746
1780324300018
14024995063
1780324301021
14036111737
1780324302022
14047136825
1780324303019
14058287939
1780324304018
14069460076
1780324305018
14080566208
1780324306021
14091874239
1780324307021
14103172922
1780324308022
14114331946
1780324309019
14125742411
1780324310016
14138568432
1780324311147
14148475686
1780324312019
14159759804
1780324313020
14170867864
1780324314020
14182113578
1780324315023
14193250968
1780324316019
14204391250
1780324317017
14215680829
1780324318018
14226926023
1780324319018
14238167805
1780324320017
14249425698
1780324321020
14260492571
1780324322019
14271759506
1780324323019
14282816633
1780324324019
14291626082
1780324325021
14300376703
1780324326018
14308033955
1780324327023
14315946166
1780324328020
14324156514
1780324329024
14334485161
1780324330016
14345670746
1780324331018
14356909530
1780324332021
14368213430
1780324333018
14379431925
1780324334018
14390625313
1780324335020
14401872695
1780324336019
14413031276
1780324337018
14424166172
1780324338022
14435527080
1780324339018
14446856302
1780324340017
14458001969
1780324341018
14469208393
1780324342020
14480384202
1780324343020
14491668487
1780324344019
14502961601
1780324345020
14514238251
1780324346019
14525468360
1780324347015
14536811336
1780324348019
14547991811
1780324349022
14559188779
1780324350018
14570329092
1780324351020
14581637077
1780324352019
14592860086
1780324353018
14604019447
1780324354018
14615291355
1780324355020
14626420896
1780324356019
14637623327
1780324357019
14648896657
1780324358018
14660127072
1780324359018
14671295521
1780324360016
14682604149
1780324361019
14693784012
1780324362019
14705204253
1780324363020
14716492593
1780324364020
14727587434
1780324365021
14738703542
1780324366018
14749880314
1780324367018
14761202283
1780324368020
14772481704
1780324369018
14783708905
1780324370018
14795011198
1780324371019
14806188950
1780324372020
14817385582
1780324373019
14828566409
1780324374020
14839620781
1780324375020
14850853460
1780324376019
14862108354
1780324377019
14873423270
1780324378018
14884612374
1780324379019
14895936455
1780324380018
14907090690
1780324381020
14918208558
1780324382018
14929405297
1780324383018
14940650613
1780324384019
14951835617
1780324385020
14962921997
1780324386020
14974116563
1780324387019
14985390934
1780324388019
14996626290
1780324389020
15007807270
1780324390015
15019065301
1780324391019
15030318405
1780324392019
15041591583
1780324393019
15052724720
1780324394018
15064045832
1780324395020
15075252960
1780324396019
15086263850
1780324397019
15097388801
1780324398018
15108543495
1780324399021
15119826159
1780324400018
15131127474
1780324401020
15142321703
1780324402018
15153707045
1780324403020
15164802345
1780324404019
15176058938
1780324405019
15187310451
1780324406018
15198402920
1780324407019
15209532293
1780324408019
15220722376
1780324409019
15231981769
1780324410017
15243183113
1780324411019
15254400002
1780324412019
15265545838
1780324413019
15276814976
1780324414018
15287916320
1780324415018
15300483097
1780324416148
15310303417
1780324417019
15321568792
1780324418018
15332797615
1780324419019
15344132742
1780324420019
15355325366
1780324421020
15366442851
1780324422019
15377699596
1780324423016
15389063992
1780324424019
15400354704
1780324425018
15411511984
1780324426018
15422563388
1780324427019
15433806731
1780324428019
15444931147
1780324429019
15456234389
1780324430017
15467590401
1780324431019
15478788593
1780324432019
15490084522
1780324433019
15501248641
1780324434018
15512442733
1780324435018
15523700580
1780324436018
15534946157
1780324437019
15546184114
1780324438018
15557424075
1780324439019
15568605882
1780324440017
15579883129
1780324441019
15591064828
1780324442019
15602194140
1780324443019
15613511733
1780324444018
15624824339
1780324445019
15636237527
1780324446020
15647568692
1780324447020
15658694439
1780324448020
15669880529
1780324449019
15681210148
1780324450017
15692400461
1780324451019
15703741449
1780324452019
15715037408
1780324453019
15726180383
1780324454019
15737529494
1780324455019
15748699672
1780324456018
15759752163
1780324457018
15771014416
1780324458022
15782322111
1780324459021
15793700231
1780324460017
15804987255
1780324461019
15816263585
1780324462019
15827473589
1780324463019
15838669425
1780324464019
15849892128
1780324465019
15861181248
1780324466018
15872385683
1780324467019
15883566449
1780324468022
15894673928
1780324469019
15905815893
1780324470016
15917188367
1780324471021
15928418016
1780324472020
15939715185
1780324473020
15951026597
1780324474018
15962319343
1780324475018
15973617521
1780324476019
15984826852
1780324477020
15996065176
1780324478019
16007302506
1780324479018
16018591366
1780324480015
16029678114
1780324481019
16040882074
1780324482019
16052229793
1780324483019
16063490746
1780324484019
16074625505
1780324485018
16085873897
1780324486018
16097119550
1780324487018
16108382323
1780324488018
16119601859
1780324489019
16130886282
1780324490019
16143513418
1780324491147
16153464982
1780324492019
16164711048
1780324493022
16175958476
1780324494022
16187242318
1780324495022
16198465082
1780324496019
16209568246
1780324497019
16220730055
1780324498018
16231770244
1780324499019
16243024787
1780324500018
16254325428
1780324501019
16265298511
1780324502019
16276595220
1780324503018
16287913411
1780324504018
16299208544
1780324505020
16311905172
1780324506147
16321607392
1780324507018
16332893146
1780324508018
16344164855
1780324509022
16355247548
1780324510018
16366462586
1780324511019
16377623109
1780324512018
16388796960
1780324513020
16400028751
1780324514019
16411214183
1780324515019
16422490941
1780324516019
16433671156
1780324517018
16444903788
1780324518020
16456003602
1780324519019
16467205803
1780324520017
16478606001
1780324521019
16489750047
1780324522019
16501005369
1780324523019
16512126633
1780324524019
16523335016
1780324525019
16534563196
1780324526018
16545825511
1780324527020
16557034015
1780324528019
16568263068
1780324529018
16579505064
1780324530018
16590599859
1780324531019
16601783318
1780324532019
16612924089
1780324533018
16624219437
1780324534018
16635498474
1780324535019
16646705020
1780324536019
16657927142
1780324537018
16669184132
1780324538020
16680393876
1780324539019
16691609526
1780324540016
16702830286
1780324541019
16714002927
1780324542022
16725154256
1780324543018
16736396925
1780324544020
16747708368
1780324545019
16758927583
1780324546021
16770222104
1780324547018
16781478360
1780324548017
16792735365
1780324549022
16803908848
1780324550016
16815074467
1780324551018
16826341509
1780324552020
16837544338
1780324553019
16848652520
1780324554020
16859891242
1780324555019
16871085824
1780324556018
16882429336
1780324557018
16893724102
1780324558015
16905054440
1780324559019
16916338175
1780324560019
16927611750
1780324561022
16938838998
1780324562023
16949945543
1780324563018
16961175437
1780324564018
16972382167
1780324565022
16983415578
1780324566018
16994656182
1780324567020
17005894231
1780324568018
17017144535
1780324569020
17028483977
1780324570017
17039664192
1780324571018
17050867954
1780324572019
17062122221
1780324573019
17073383923
1780324574019
17084647569
1780324575020
17095855171
1780324576019
17107123759
1780324577023
17118281177
1780324578019
17129633333
1780324579018
17140899840
1780324580014
17152284998
1780324581020
17163574853
1780324582020
17174768562
1780324583019
17185933095
1780324584019
17197059224
1780324585021
17208234145
1780324586018
17219397928
1780324587018
17230599242
1780324588018
17241856354
1780324589019
17253226656
1780324590016
17264529195
1780324591018
17275892811
1780324592018
17287263342
1780324593021
17298456165
1780324594020
17309626128
1780324595018
17321001112
1780324596019
17332254018
1780324597020
17343478587
1780324598019
17354747879
1780324599020
17366080482
1780324600017
17377432347
1780324601021
17388621528
1780324602019
17399913035
1780324603018
17411207143
1780324604018
17422445452
1780324605018
17433521474
1780324606018
17444711175
1780324607018
17456000525
1780324608020
17467284030
1780324609019
17478546115
1780324610018
17490204455
1780324611055
17501086809
1780324612021
17512226984
1780324613020
17523473540
1780324614020
17534663746
1780324615018
17545933557
1780324616021
17556966663
1780324617018
17568149678
1780324618018
17579436090
1780324619018
17590783212
1780324620015
17602090815
1780324621019
17613323280
1780324622018
17624412490
1780324623019
17635617690
1780324624021
17646748379
1780324625018
17657944108
1780324626020
17669214899
1780324627019
17680364636
1780324628018
17691585488
1780324629019
17702868442
1780324630017
17714080787
1780324631018
17725282973
1780324632018
17736548592
1780324633019
17747693816
1780324634018
17758975271
1780324635019
17770230945
1780324636020
17781466653
1780324637019
17792652621
1780324638018
17803884045
1780324639019
17815204944
1780324640020
17826497766
1780324641019
17837699095
1780324642018
17848887557
1780324643018
17860031847
1780324644020
17871233375
1780324645020
17882342231
1780324646018
17893401193
1780324647018
17904631669
1780324648018
17916062421
1780324649021
17927220941
1780324650014
17938590019
1780324651019
17949772972
1780324652019
17960923062
1780324653019
17972145566
1780324654020
17983330447
1780324655021
17994504511
1780324656018
18005800211
1780324657018
18016973923
1780324658018
18028171090
1780324659019
18039456508
1780324660018
18050725723
1780324661020
18061956581
1780324662019
18073049448
1780324663020
18084306056
1780324664019
18095601357
1780324665020
18106856818
1780324666021
18118033758
1780324667019
18129309032
1780324668018
18140549835
1780324669019
18151903521
1780324670018
18163138816
1780324671019
18174417655
1780324672018
18185643296
1780324673019
18196864851
1780324674019
18208118598
1780324675018
18219261817
1780324676020
18230357056
1780324677021
18241558247
1780324678018
18252656362
1780324679019
18263942331
1780324680015
18275160995
1780324681020
18286216331
1780324682019
18297370612
1780324683019
18308686401
1780324684020
18319845532
1780324685021
18331125977
1780324686019
18342390572
1780324687019
18353523770
1780324688018
18364824702
1780324689019
18376085532
1780324690018
18387376641
1780324691019
18398687993
1780324692018
18409881289
1780324693018
18421123836
1780324694018
18432350226
1780324695018
18443623190
1780324696018
18454882123
1780324697021
18466025741
1780324698018
18477328264
1780324699021
18488519449
1780324700016
18499772966
1780324701021
18511057879
1780324702019
18522270254
1780324703018
18533389545
1780324704019
18544649610
1780324705019
18555827193
1780324706021
18566945627
1780324707019
18578022123
1780324708021
18589194214
1780324709019
18600523588
1780324710018
18611684449
1780324711018
18622962324
1780324712018
18634104962
1780324713019
18645295443
1780324714020
18656463402
1780324715018
18667551159
1780324716019
18678691824
1780324717019
18689928021
1780324718019
18701190244
1780324719019
18712401993
1780324720018
18723654944
1780324721020
18734899036
1780324722018
18746166843
1780324723019
18757416061
1780324724019
18768631833
1780324725020
18779877639
1780324726018
18791129076
1780324727019
18802373382
1780324728019
18813732959
1780324729018
18824882345
1780324730018
18836212882
1780324731018
18847559224
1780324732021
18858823467
1780324733021
18870072471
1780324734020
18881390661
1780324735019
18892645555
1780324736020
18903941469
1780324737019
18915233190
1780324738019
18926621102
1780324739019
18937947922
1780324740017
18949286522
1780324741021
18960601821
1780324742018
18971884010
1780324743019
18983098558
1780324744019
18994367498
1780324745018
19005575452
1780324746019
19016932336
1780324747019
19028102912
1780324748018
19039279562
1780324749020
19050637578
1780324750021
19061920792
1780324751019
19073199845
1780324752019
19084512818
1780324753018
19095827597
1780324754018
19107091931
1780324755018
19118441808
1780324756019
19129630851
1780324757019
19140871776
1780324758018
19151995289
1780324759019
19163318498
1780324760017
19176127137
1780324761148
19186006470
1780324762018
19197228178
1780324763019
19208513963
1780324764021
19219796000
1780324765019
19231117678
1780324766019
19242300357
1780324767018
19253384885
1780324768018
19264734395
1780324769015
19276147720
1780324770018
19287494843
1780324771019
19298898453
1780324772022
19310118846
1780324773021
19321446645
1780324774020
19332769073
1780324775021
19343886787
1780324776019
19355167309
1780324777019
19366260390
1780324778018
19377518635
1780324779019
19388939259
1780324780019
19400243312
1780324781020
19411535890
1780324782019
19422701953
1780324783019
19433849533
1780324784018
19445104473
1780324785018
19456306597
1780324786019
19467411766
1780324787019
19478644031
1780324788018
19489914256
1780324789018
19501325164
1780324790017
19512673771
1780324791019
19523915431
1780324792020
19535233927
1780324793019
19546554443
1780324794020
19557759230
1780324795019
19568970243
1780324796019
19580177050
1780324797018
19591460234
1780324798019
19602820193
1780324799021
19614151189
1780324800017
19625510934
1780324801021
19636431876
1780324802018
19647631430
1780324803020
19658892337
1780324804018
19670161169
1780324805019
19681500764
1780324806019
19692817088
1780324807019
19703912357
1780324808018
19715202916
1780324809020
19726570357
1780324810017
19737819513
1780324811018
19749128463
1780324812018
19760396974
1780324813019
19771754041
1780324814019
19783151241
1780324815019
19794354482
1780324816018
19805713615
1780324817019
19817047197
1780324818019
19828314240
1780324819019
19839725179
1780324820020
19850996735
1780324821019
19862268183
1780324822019
19873432899
1780324823020
19884832899
1780324824023
19896128109
1780324825021
19907235756
1780324826019
19918530613
1780324827018
19929882586
1780324828018
19940998572
1780324829018
19952286973
1780324830016
19963692465
1780324831019
19974847618
1780324832020
19986091956
1780324833022
19997293682
1780324834021
20008438952
1780324835018
20019723895
1780324836018
20030950576
1780324837021
20042061436
1780324838019
20053320752
1780324839019
20064466129
1780324840016
20075800308
1780324841020
20086914396
1780324842018
20098153042
1780324843020
20109478362
1780324844018
20120630379
1780324845018
20131945127
1780324846019
20143274379
1780324847019
20154254194
1780324848018
20165594233
1780324849020
20176893972
1780324850017
20188103761
1780324851019
20199451603
1780324852018
20210724092
1780324853019
20221922346
1780324854021
20233121563
1780324855020
20244347066
1780324856018
20255545167
1780324857019
20266757496
1780324858018
20277951726
1780324859018
20289304188
1780324860017
20300667973
1780324861018
20311848509
1780324862021
20323002362
1780324863018
20334115410
1780324864017
20345430892
1780324865018
20356727494
1780324866019
20367982342
1780324867019
20379251496
1780324868019
20390490616
1780324869021
20401787432
1780324870018
20413083422
1780324871019
20424166130
1780324872019
20435427175
1780324873018
20446559103
1780324874018
20457816185
1780324875019
20469120177
1780324876019
20480261484
1780324877019
20491502241
1780324878019
20502671731
1780324879018
20513909198
1780324880016
20525203016
1780324881019
20536408980
1780324882020
20547498130
1780324883018
20558836485
1780324884019
20569850068
1780324885019
20581102637
1780324886021
20592418195
1780324887019
20603660146
1780324888018
20614906304
1780324889018
20626275902
1780324890019
20637413996
1780324891020
20648733946
1780324892018
20659825359
1780324893020
20670963606
1780324894019
20682161661
1780324895017
20693382253
1780324896019
20704725703
1780324897018
20715972014
1780324898020
20727096537
1780324899018
20738421873
1780324900015
20749683897
1780324901019
20760863867
1780324902018
20772132454
1780324903019
20783131119
1780324904021
20794313614
1780324905020
20805774722
1780324906019
20816949796
1780324907018
20828269807
1780324908018
20839664864
1780324909019
20850822971
1780324910017
20862137091
1780324911018
20873224037
1780324912019
20884318450
1780324913021
20895509665
1780324914019
20906659709
1780324915019
20917855621
1780324916019
20928971898
1780324917018
20940136797
1780324918019
20951430492
1780324919019
20962468662
1780324920016
20973880274
1780324921019
20985237908
1780324922019
20996404001
1780324923018
21007726398
1780324924022
21018822295
1780324925019
21029986093
1780324926018
21041296863
1780324927019
21052326174
1780324928019
21063400390
1780324929020
21072687108
1780324930017
21080618567
1780324931023
21088613153
1780324932022
21095884249
1780324933019
21101954677
1780324934022
21109986641
1780324935022
21118766072
1780324936023
21126527900
1780324937023
21133083246
1780324938022
21138818971
1780324939024
21144685634
1780324940019
21150170883
1780324941023
21155769306
1780324942023
21161304387
1780324943024
21166739084
1780324944024
21172075908
1780324945023
21177456291
1780324946020
21182832512
1780324947023
21188223283
1780324948022
21193632047
1780324949026
21199265477
1780324950020
21204857627
1780324951024
21210191329
1780324952023
21215494584
1780324953022
21221068650
1780324954024
21226237066
1780324955022
21231815967
1780324956024
21237286650
1780324957024
21242478873
1780324958024
21248102189
1780324959024
21253707650
1780324960022
21259464750
1780324961024
21265038601
1780324962024
21270336731
1780324963024
21276053713
1780324964023
21281620312
1780324965025
21287105714
1780324966022
21292701047
1780324967023
21298226290
1780324968024
21303615455
1780324969022
21309285757
1780324970020
21315520538
1780324971150
21320384698
1780324972026
21325838230
1780324973022
21331439086
1780324974023
21337014727
1780324975025
21342465215
1780324976023
21347796714
1780324977022
21353193666
1780324978023
21358628502
1780324979024
21364372611
1780324980018
21370075013
1780324981023
21375444564
1780324982023
21380943751
1780324983024
21386374884
1780324984022
21391814416
1780324985022
21397373732
1780324986023
21402744874
1780324987022
21407970252
1780324988022
21413194911
1780324989020
21418543746
1780324990020
21424049971
1780324991024
21429271417
1780324992024
21434727764
1780324993022
21440336760
1780324994020
21445772207
1780324995023
21451398277
1780324996018
21456943884
1780324997024
21462278535
1780324998022
21467824158
1780324999024
21473423484
1780325000020
21478957111
1780325001023
21484523160
1780325002024
21489630208
1780325003024
21495007301
1780325004024
21500491234
1780325005022
21505766169
1780325006024
21511507464
1780325007024
21517044824
1780325008023
21522365996
1780325009024
21528188855
1780325010020
21533856709
1780325011025
21539364296
1780325012022
21544909750
1780325013024
21550324313
1780325014024
21555771358
1780325015023
21561273269
1780325016024
21566612601
1780325017021
21571993749
1780325018020
21577408083
1780325019022
21582904653
1780325020020
21588476653
1780325021023
21593957205
1780325022024
21599348191
1780325023022
21604746689
1780325024022
21610136251
1780325025024
21615549238
1780325026023
21620940683
1780325027024
21626178439
1780325028025
21631627932
1780325029020
21637064511
1780325030020
21642586205
1780325031023
21648016726
1780325032024
21653154909
1780325033023
21658637695
1780325034023
21664013472
1780325035024
21669527394
1780325036025
21675033802
1780325037021
21680357942
1780325038023
21685984303
1780325039024
21691723455
1780325040020
21697401897
1780325041027
21703050367
1780325042023
21708569031
1780325043024
21714042897
1780325044027
21719843647
1780325045024
21725299627
1780325046023
21730712568
1780325047022
21736132103
1780325048021
21741607025
1780325049022
21747332346
1780325050020
21752702478
1780325051023
21757889040
1780325052023
21763284493
1780325053024
21768452481
1780325054022
21774025476
1780325055023
21779469935
1780325056024
21785132878
1780325057022
21790589424
1780325058022
21796010336
1780325059024
21801474104
1780325060019
21807746584
1780325061151
21812436110
1780325062022
21817801805
1780325063022
21823411259
1780325064021
21828715356
1780325065023
21834186422
1780325066024
21839563423
1780325067020
21845175479
1780325068023
21850834872
1780325069023
21856442980
1780325070022
21862197341
1780325071023
21867903659
1780325072024
21873336796
1780325073021
21878926850
1780325074023
21884365189
1780325075024
21889764927
1780325076023
21895360779
1780325077022
21900616344
1780325078024
21906066954
1780325079021
21911767658
1780325080020
21917189121
1780325081024
21922726436
1780325082024
21928460738
1780325083024
21933886011
1780325084024
21939378894
1780325085021
21944728953
1780325086024
21950199238
1780325087022
21955682008
1780325088022
21960836930
1780325089024
21966401250
1780325090022
21971858010
1780325091022
21977251795
1780325092020
21982809903
1780325093023
21988078657
1780325094025
21993439165
1780325095022
21998912923
1780325096023
22004144039
1780325097023
22009573474
1780325098024
22015152420
1780325099023
22020803643
1780325100023
22026515454
1780325101024
22031947444
1780325102022
22037465343
1780325103024
22043007202
1780325104022
22048489376
1780325105021
22054076936
1780325106023
22059615367
1780325107022
22064830923
1780325108022
22070419126
1780325109022
22076093819
1780325110022
22081626345
1780325111025
22087274738
1780325112024
22092567972
1780325113024
22098128956
1780325114024
22103813028
1780325115021
22109121945
1780325116023
22114664002
1780325117024
22120159594
1780325118023
22125582710
1780325119024
22131220591
1780325120020
22136625714
1780325121022
22142040552
1780325122023
22147293593
1780325123023
22152660543
1780325124021
22157980628
1780325125021
22163330120
1780325126023
22168721060
1780325127023
22174075631
1780325128024
22179488067
1780325129023
22184992992
1780325130020
22190582725
1780325131024
22195832017
1780325132024
22201312798
1780325133023
22206779198
1780325134023
22212049007
1780325135024
22217637654
1780325136023
22222980521
1780325137020
22228267038
1780325138022
22233767265
1780325139022
22239470142
1780325140023
22245077959
1780325141023
22250562060
1780325142027
22256013343
1780325143023
22261644416
1780325144023
22267327203
1780325145024
22272865436
1780325146020
22278420805
1780325147023
22283640997
1780325148024
22289143749
1780325149023
22294648429
1780325150020
22300067750
1780325151024
22305563005
1780325152024
22310957142
1780325153024
22316270603
1780325154023
22321762263
1780325155024
22327157043
1780325156024
22332574008
1780325157024
22337920378
1780325158024
22343111255
1780325159022
22348654002
1780325160019
22354069482
1780325161020
22359370978
1780325162021
22364863877
1780325163020
22370287329
1780325164021
22375643783
1780325165023
22381009340
1780325166023
22386237625
1780325167027
22391519063
1780325168024
22396812113
1780325169024
22402330563
1780325170020
22407885504
1780325171023
22413290657
1780325172024
22418728935
1780325173026
22424011795
1780325174023
22429486044
1780325175023
22435130168
1780325176024
22440617344
1780325177020
22446033009
1780325178023
22451557778
1780325179024
22457145812
1780325180020
22462697845
1780325181023
22468203703
1780325182023
22473457693
1780325183022
22479103010
1780325184020
22484698542
1780325185023
22490407033
1780325186023
22495955348
1780325187023
22501449288
1780325188024
22506896516
1780325189024
22512367980
1780325190023
22517571357
1780325191024
22522919517
1780325192024
22528130208
1780325193024
22533467307
1780325194020
22538901699
1780325195023
22544857346
1780325196149
22549505211
1780325197024
22554772572
1780325198024
22559952785
1780325199024
22565559562
1780325200023
22570985385
1780325201023
22576257689
1780325202020
22581796335
1780325203022
22587000890
1780325204023
22592311290
1780325205022
22597725884
1780325206023
22603085290
1780325207022
22608494942
1780325208020
22613993150
1780325209024
22619380724
1780325210022
22625043361
1780325211024
22630550825
1780325212023
22635765142
1780325213024
22641339727
1780325214024
22646759400
1780325215022
22652240656
1780325216020
22657810300
1780325217022
22663441954
1780325218023
