7932372576
1781754909060
7970458782
1781754910013
8010632202
1781754911014
8052796767
1781754912014
8094299163
1781754913014
8135642930
1781754914012
8180068780
1781754915010
8220033277
1781754916012
8259077916
1781754917012
8297930112
1781754918014
8336925312
1781754919013
8379527498
1781754920014
8421686020
1781754921013
8470171431
1781754922013
8528381426
1781754923012
8609734001
1781754924010
8656880121
1781754925009
8706267567
1781754926013
8767404435
1781754927014
8839867323
1781754928012
8890897710
1781754929013
8937323739
1781754930012
8982709181
1781754931013
9023646882
1781754932013
9063973439
1781754933013
9103987130
1781754934014
9142824738
1781754935012
9183367115
1781754936013
9222529551
1781754937013
9262218537
1781754938013
9305431439
1781754939014
9345123049
1781754940013
9385926106
1781754941013
9429708037
1781754942014
9485730233
1781754943014
9543687238
1781754944012
9636542774
1781754945008
9732826463
1781754946012
9829398298
1781754947012
9925861491
1781754948012
10022155800
1781754949012
10118874242
1781754950012
10215964996
1781754951013
10312050993
1781754952012
10409762474
1781754953012
10506053487
1781754954011
10604581311
1781754955008
10704636597
1781754956011
10807788921
1781754957012
10908818386
1781754958012
11004775599
1781754959012
11100093592
1781754960010
11194670316
1781754961012
11289675566
1781754962012
11386089564
1781754963011
11482542015
1781754964012
11578812948
1781754965009
11673667075
1781754966012
11768557763
1781754967012
11864361350
1781754968012
11960874409
1781754969011
12057822708
1781754970012
12153820814
1781754971012
12246928181
1781754972011
12342336262
1781754973011
12439311417
1781754974012
12534718704
1781754975008
12631924266
1781754976012
12728232186
1781754977012
12824258307
1781754978011
12920177678
1781754979012
13016527834
1781754980011
13113118041
1781754981012
13209203916
1781754982011
13305624995
1781754983012
13403314137
1781754984011
13499590379
1781754985008
13599254126
1781754986012
13702846146
1781754987012
13801786017
1781754988009
13900492551
1781754989012
14001811811
1781754990012
14104322169
1781754991011
14201966633
1781754992012
14297845538
1781754993012
14393728227
1781754994013
14489800491
1781754995010
14585994947
1781754996012
14681838879
1781754997012
14777714488
1781754998012
14874201545
1781754999011
14971754885
1781755000012
15068196410
1781755001012
15164292417
1781755002011
15260311519
1781755003012
15356983696
1781755004012
15452182122
1781755005010
15549229908
1781755006012
15645338609
1781755007012
15740946641
1781755008011
15837138839
1781755009013
15933332562
1781755010012
16028963970
1781755011011
16125592812
1781755012012
16221299415
1781755013011
16317977268
1781755014010
16414818329
1781755015009
16511340543
1781755016012
16607031582
1781755017012
16702950648
1781755018013
16797518216
1781755019011
16893383449
1781755020012
16989106837
1781755021012
17086585042
1781755022012
17185786326
1781755023012
17285144409
1781755024011
17384418264
1781755025008
17481527634
1781755026012
17576910447
1781755027012
17672650985
1781755028011
17768436873
1781755029012
17864414044
1781755030011
17961446145
1781755031011
18057103737
1781755032013
18153003149
1781755033011
18247731911
1781755034012
18344091222
1781755035009
18439969944
1781755036014
18536424348
1781755037012
18632222320
1781755038012
18728101408
1781755039012
18824333584
1781755040012
18920261134
1781755041012
19016220300
1781755042013
19110704738
1781755043012
19205917690
1781755044011
19303516806
1781755045008
19402915233
1781755046012
19505620353
1781755047011
19603926437
1781755048011
19699030075
1781755049011
19795052901
1781755050011
19891540630
1781755051012
19987364298
1781755052012
20083652870
1781755053011
20179891393
1781755054012
20276030124
1781755055008
20372811553
1781755056011
20472359150
1781755057012
20574231387
1781755058013
20676339768
1781755059012
20773316693
1781755060010
20869566751
1781755061013
20966528478
1781755062012
21062264378
1781755063011
21157813328
1781755064011
21254657868
1781755065008
21351293607
1781755066012
21447660608
1781755067012
21543838219
1781755068013
21639406761
1781755069012
21735212790
1781755070011
21831346699
1781755071012
21927309283
1781755072012
22023423295
1781755073011
22119579970
1781755074012
22215417188
1781755075010
22313963017
1781755076011
22409753971
1781755077011
22505473147
1781755078012
22600299137
1781755079012
22696217776
1781755080012
22792143983
1781755081012
22888218322
1781755082012
22984377927
1781755083012
23080359554
1781755084012
23176027705
1781755085008
23271984368
1781755086012
23367834038
1781755087013
23463424613
1781755088011
23559987965
1781755089012
23658061261
1781755090013
23757029635
1781755091010
23859643997
1781755092009
23960525819
1781755093011
24055972596
1781755094012
24151441223
1781755095008
24246574464
1781755096012
24342374634
1781755097012
24438598752
1781755098011
24534541195
1781755099011
24631046441
1781755100012
24726123529
1781755101011
24821995537
1781755102013
24917807609
1781755103012
25014152333
1781755104012
25109806873
1781755105009
25208624918
1781755106009
25313400407
1781755107013
25412613654
1781755108012
25507239632
1781755109012
25603499518
1781755110012
25699818912
1781755111013
25795557742
1781755112011
25891771973
1781755113013
25987456177
1781755114011
26083388060
1781755115008
26179917110
1781755116012
26275416560
1781755117011
26371503045
1781755118013
26467548759
1781755119012
26563669667
1781755120012
26660037279
1781755121012
26755813401
1781755122012
26853193157
1781755123012
26949066630
1781755124011
27047559176
1781755125009
27147217612
1781755126012
27247410287
1781755127012
27348545954
1781755128012
27444867668
1781755129012
27540812002
1781755130011
27636578236
1781755131012
27732688525
1781755132012
27828446764
1781755133012
27923907518
1781755134009
28020378218
1781755135008
28115933088
1781755136010
28212116680
1781755137011
28309769995
1781755138012
28404834387
1781755139012
28501225376
1781755140012
28597198824
1781755141010
28693232819
1781755142012
28789036834
1781755143012
28884668974
1781755144012
28980521268
1781755145009
29076654689
1781755146011
29172493067
1781755147011
29268495873
1781755148012
29364013084
1781755149012
29460043478
1781755150012
29555862813
1781755151011
29651450337
1781755152011
29748016130
1781755153010
29844137893
1781755154012
29939654128
1781755155009
30032981098
1781755156013
30126796837
1781755157011
30221033412
1781755158011
30319388934
1781755159013
30417837535
1781755160012
30519186274
1781755161011
30620667277
1781755162010
30715995219
1781755163012
30811986794
1781755164012
30908105384
1781755165008
31007241177
1781755166011
31111139471
1781755167012
31208767761
1781755168011
31305837337
1781755169012
31401953363
1781755170011
31497934806
1781755171012
31593716666
1781755172011
31689950001
1781755173013
31786061266
1781755174012
31882189438
1781755175008
31978131880
1781755176012
32073571761
1781755177012
32169261030
1781755178012
32264720502
1781755179012
32360617351
1781755180013
32456430583
1781755181011
32552087747
1781755182011
32648147743
1781755183013
32744311315
1781755184010
32839324256
1781755185008
32935791782
1781755186012
33031959383
1781755187011
33128767424
1781755188012
33224504300
1781755189011
33320906641
1781755190011
33416669580
1781755191011
33512620262
1781755192013
33610741531
1781755193012
33710385808
1781755194012
33812804430
1781755195009
33913393650
1781755196012
34009572114
1781755197013
34105730682
1781755198012
34202416958
1781755199012
34296618560
1781755200011
34392415861
1781755201009
34483745461
1781755202012
34577869549
1781755203011
34674029947
1781755204011
34770076271
1781755205008
34865967871
1781755206012
34961912511
1781755207012
35057713230
1781755208012
35153695467
1781755209012
35249554536
1781755210012
35345461273
1781755211012
35441389616
1781755212012
35537559658
1781755213011
35633055080
1781755214008
35729019739
1781755215009
35823203824
1781755216011
35918079680
1781755217012
36015336694
1781755218012
36110791467
1781755219012
36207961506
1781755220012
36303438923
1781755221011
36398716938
1781755222011
36494759722
1781755223011
36590647660
1781755224011
36685620379
1781755225008
36782798352
1781755226012
36889281844
1781755227011
36991075773
1781755228012
37091446732
1781755229012
37192405580
1781755230012
37289233274
1781755231012
37385163510
1781755232012
37481673883
1781755233011
37577906485
1781755234012
37673901418
1781755235009
37770237292
1781755236012
37866363327
1781755237013
37962122299
1781755238012
38058162092
1781755239013
38153778241
1781755240010
38249838603
1781755241012
38346064675
1781755242012
38442024207
1781755243012
38537084145
1781755244012
38633193090
1781755245008
38729773715
1781755246012
38825753144
1781755247012
38922750149
1781755248012
39018503261
1781755249011
39115106591
1781755250011
39211170859
1781755251013
39307100362
1781755252012
39402595540
1781755253012
39498181538
1781755254012
39593974872
1781755255008
39690097855
1781755256012
39787120434
1781755257012
39883264780
1781755258011
39978258312
1781755259012
40074278940
1781755260011
40174033995
1781755261012
40273889513
1781755262012
40376727079
1781755263012
40476805314
1781755264012
40572846328
1781755265009
40669065381
1781755266012
40764822765
1781755267012
40860682505
1781755268012
40956543100
1781755269012
41053253790
1781755270012
41149061589
1781755271012
41245568300
1781755272012
41342034056
1781755273012
41437416319
1781755274010
41533988277
1781755275009
41630709098
1781755276011
41726880849
1781755277012
41822466542
1781755278012
41919702621
1781755279012
42016442120
1781755280014
42113081460
1781755281012
42209493750
1781755282012
42305357701
1781755283012
42401714144
1781755284012
42497685822
1781755285008
42596375755
1781755286012
42702965020
1781755287011
42800526294
1781755288012
42892342893
1781755289011
42986691040
1781755290013
43083198300
1781755291012
43180395500
1781755292011
43276498159
1781755293011
43372035390
1781755294012
43470044050
1781755295008
43569602817
1781755296012
43671932083
1781755297011
43771601323
1781755298011
43867339481
1781755299012
43963518068
1781755300013
44057906254
1781755301012
44152847661
1781755302012
44249456423
1781755303012
44344529422
1781755304012
44439825747
1781755305010
44536711486
1781755306012
44631146364
1781755307012
44726706239
1781755308012
44823750241
1781755309012
44919839167
1781755310012
45016198906
1781755311011
45111912528
1781755312011
45207634573
1781755313012
45303937671
1781755314014
45399577136
1781755315009
45496084823
1781755316012
45592012983
1781755317010
45687991864
1781755318012
45782331954
1781755319012
45878197553
1781755320012
45974142498
1781755321012
46070281534
1781755322012
46167846531
1781755323012
46263680453
1781755324012
46359789765
1781755325008
46455605865
1781755326012
46551281158
1781755327011
46647029631
1781755328012
46745146872
1781755329012
46845424142
1781755330012
46948319692
1781755331012
47047911173
1781755332011
47144173744
1781755333012
47239283730
1781755334012
47334291726
1781755335009
47431326817
1781755336010
47527296481
1781755337011
47623227510
1781755338012
47719902555
1781755339012
47816221401
1781755340012
47911788539
1781755341012
48007977563
1781755342012
48103948508
1781755343012
48199887594
1781755344013
48295530782
1781755345009
48394690013
1781755346012
48498127309
1781755347009
48598528236
1781755348010
48694715917
1781755349011
48790832126
1781755350013
48886856050
1781755351012
48983296660
1781755352011
49081118919
1781755353011
49177104391
1781755354012
49272635763
1781755355009
49367611838
1781755356010
49462143213
1781755357012
49558269309
1781755358012
49654578389
1781755359012
49751194413
1781755360015
49847186844
1781755361013
49943912914
1781755362012
50043608033
1781755363012
50145395553
1781755364013
50246628387
1781755365008
50344053064
1781755366012
50441438679
1781755367013
50537508196
1781755368012
50633634842
1781755369012
50730900646
1781755370012
50827007333
1781755371013
50923541205
1781755372012
51019890445
1781755373012
51115766238
1781755374012
51212263122
1781755375010
51308196470
1781755376011
51405704521
1781755377009
51501793997
1781755378011
51595408503
1781755379014
51691925041
1781755380012
51787981130
1781755381012
51883617177
1781755382012
51979507679
1781755383011
52077590680
1781755384012
52172957074
1781755385008
52268867839
1781755386011
52364482889
1781755387010
52460106302
1781755388012
52555833352
1781755389013
52651778724
1781755390012
52747489721
1781755391012
52843546360
1781755392013
52939321078
1781755393011
53034896762
1781755394012
53131143891
1781755395009
53228039700
1781755396012
53327052264
1781755397012
53426486824
1781755398010
53528887501
1781755399013
53626332015
1781755400011
53723408732
1781755401012
53819274514
1781755402012
53915805212
1781755403011
54011635716
1781755404013
54107412632
1781755405008
54206417261
1781755406012
54310459231
1781755407014
54410009269
1781755408011
54504822686
1781755409012
54601021414
1781755410012
54697155934
1781755411012
54793115832
1781755412011
54889104173
1781755413011
54986397381
1781755414012
55082822915
1781755415009
55178896827
1781755416012
55275601719
1781755417012
55371820100
1781755418012
55467251619
1781755419012
55563398345
1781755420012
55659559720
1781755421012
55755033536
1781755422013
55851129603
1781755423012
55946501796
1781755424012
56041652980
1781755425009
56137895776
1781755426013
56233425072
1781755427011
56329280784
1781755428011
56425869526
1781755429010
56523733655
1781755430013
56623663575
1781755431012
56725957869
1781755432011
56826769501
1781755433008
56923366299
1781755434012
57018567594
1781755435009
57114179226
1781755436011
57209747707
1781755437011
57305768091
1781755438010
57400813136
1781755439011
57496721033
1781755440011
57590781705
1781755441011
57683524937
1781755442013
57776049358
1781755443010
57872021647
1781755444012
57969509861
1781755445008
58065594515
1781755446012
58161203646
1781755447012
58256908906
1781755448012
58352097810
1781755449011
58447907990
1781755450012
58543678557
1781755451012
58639555387
1781755452012
58735266690
1781755453012
58830382047
1781755454012
58926335903
1781755455009
59022691125
1781755456011
59118599876
1781755457012
59214466208
1781755458012
59310660359
1781755459012
59407174394
1781755460011
59503259536
1781755461013
59600186229
1781755462011
59696750923
1781755463011
59795597411
1781755464011
59894999439
1781755465008
59998094634
1781755466011
60105358825
1781755467012
60203553947
1781755468010
60298499749
1781755469012
60393759454
1781755470011
60490899891
1781755471012
60586917101
1781755472011
60682356005
1781755473012
60777930223
1781755474011
60874256820
1781755475008
60971885781
1781755476012
61067619728
1781755477012
61163574377
1781755478013
61259475926
1781755479012
61355599826
1781755480012
61451822602
1781755481012
61547320038
1781755482011
61643489286
1781755483011
61738848173
1781755484011
61834758450
1781755485010
61930499721
1781755486012
62026153407
1781755487012
62121988855
1781755488014
62217261072
1781755489012
62314416585
1781755490011
62410449420
1781755491012
62507513869
1781755492012
62603322706
1781755493011
62699242748
1781755494011
62795434946
1781755495008
62891559639
1781755496011
62987435065
1781755497011
63086445248
1781755498011
63184777943
1781755499011
63284779763
1781755500011
63383061615
1781755501010
63480365566
1781755502011
63576422937
1781755503013
63672930929
1781755504014
63768694112
1781755505008
63866262588
1781755506012
63962881054
1781755507012
64059098642
1781755508012
64154454599
1781755509012
64250997992
1781755510012
64346843755
1781755511012
64442884159
1781755512012
64538894350
1781755513012
64634379762
1781755514012
64730076294
1781755515008
64826564512
1781755516012
64922435665
1781755517012
65018229854
1781755518011
65114254327
1781755519011
65210527396
1781755520011
65307994615
1781755521011
65404270003
1781755522012
65501580301
1781755523012
65597622597
1781755524011
65693773229
1781755525009
65792638455
1781755526010
65896218085
1781755527012
65995398678
1781755528010
66091060908
1781755529012
66186695857
1781755530012
66282910820
1781755531009
66381885603
1781755532010
66484765162
1781755533012
66586856148
1781755534012
66684469240
1781755535008
66780598755
1781755536012
66878971977
1781755537012
66974744865
1781755538012
67070505056
1781755539012
67166900806
1781755540011
67262991746
1781755541011
67359312117
1781755542012
67427578483
1781755543013
67482672092
1781755544011
67536962053
1781755545010
67583167440
1781755546013
67624500769
1781755547013
67669924420
1781755548014
67725323632
1781755549010
67781986328
1781755550013
67842571805
1781755551012
67933707925
1781755552012
68029964209
1781755553012
68126049412
1781755554011
68221959323
1781755555009
68318790679
1781755556012
68414056182
1781755557011
68509871550
1781755558008
68606239650
1781755559012
68702766808
1781755560012
68799054281
1781755561012
68895289264
1781755562012
68992261062
1781755563012
69088591687
1781755564012
69185691902
1781755565008
69284369994
1781755566012
69385168809
1781755567012
69487748868
1781755568012
69583455410
1781755569012
69678957607
1781755570012
69775076319
1781755571012
69870804223
1781755572012
69966603111
1781755573013
70061911949
1781755574011
70157179589
1781755575009
70252838401
1781755576011
70349002401
1781755577012
70444892963
1781755578012
70540354328
1781755579011
70636622819
1781755580012
70732661941
1781755581012
70829003674
1781755582012
70924343884
1781755583012
71019807812
1781755584012
71114801038
1781755585010
71214452761
1781755586012
71317779095
1781755587012
71416510349
1781755588009
71512484774
1781755589012
71608099214
1781755590011
71704165741
1781755591012
71799767241
1781755592012
71896309658
1781755593012
71992879784
1781755594013
72088536583
1781755595008
72185407429
1781755596010
72281355547
1781755597012
72376832659
1781755598010
72477651370
1781755599011
72578006643
1781755600012
72680925142
1781755601012
72779333887
1781755602012
72875415367
1781755603012
72970842246
1781755604012
73066505576
1781755605009
73160790796
1781755606012
73254831632
1781755607012
73349127411
1781755608012
73444757659
1781755609012
73540985867
1781755610012
73636303006
1781755611010
73730593109
1781755612012
73827484402
1781755613012
73924092431
1781755614012
74019544701
1781755615008
74115402060
1781755616012
74211298605
1781755617012
74306787862
1781755618012
74402285909
1781755619012
74497829487
1781755620012
74592993306
1781755621012
74688079794
1781755622011
74783503683
1781755623011
74877292505
1781755624011
74973480247
1781755625010
75069031638
1781755626012
75164632224
1781755627012
75260006430
1781755628012
75356496112
1781755629012
75453642348
1781755630012
75549569104
1781755631012
75647056709
1781755632012
75746365231
1781755633012
75844505727
1781755634011
75945369177
1781755635009
76041428990
1781755636013
76137139133
1781755637012
76232646091
1781755638012
76328244601
1781755639011
76424545319
1781755640012
76519995941
1781755641012
76616122343
1781755642012
76711739347
1781755643012
76809144310
1781755644013
76906654986
1781755645009
77005381662
1781755646012
77108897449
1781755647010
77207240886
1781755648011
77302225384
1781755649011
77397967815
1781755650012
77493461650
1781755651011
77589092631
1781755652012
77684602457
1781755653011
77780343606
1781755654011
77876541114
1781755655008
77972765660
1781755656012
78068494785
1781755657012
78164134799
1781755658012
78259584994
1781755659013
78357677333
1781755660012
78450554109
1781755661012
78542993814
1781755662012
78638219767
1781755663012
78733337809
1781755664012
78828906412
1781755665009
78927577485
1781755666012
79026463097
1781755667012
79125729749
1781755668011
79226807188
1781755669011
79323437922
1781755670012
79419321161
1781755671010
79515057000
1781755672013
79610734916
1781755673012
79708053881
1781755674012
79803968552
1781755675009
79901175396
1781755676012
79997383951
1781755677012
80094079199
1781755678012
80189764806
1781755679012
80285509312
1781755680012
80381054416
1781755681012
80476682773
1781755682012
80572186679
1781755683011
80668740692
1781755684013
80764863309
1781755685008
80862273582
1781755686012
80958287741
1781755687012
81054658344
1781755688012
81150601396
1781755689012
81247331190
1781755690012
81344861031
1781755691012
81441062506
1781755692012
81537068425
1781755693012
81632825260
1781755694013
81729251710
1781755695008
81825666563
1781755696012
81921828792
1781755697012
82018124627
1781755698012
82114058891
1781755699011
82212628951
1781755700012
82311816685
1781755701012
82412212425
1781755702011
82513931036
1781755703010
82610255863
1781755704012
82707385558
1781755705009
82806433400
1781755706012
82910632352
1781755707012
83009869281
1781755708011
83104977741
1781755709010
83200901995
1781755710012
83296955033
1781755711012
83392883925
1781755712012
83488623792
1781755713011
83584860973
1781755714012
83680998178
1781755715009
83777058357
1781755716011
83873173956
1781755717013
83968654546
1781755718012
84064374699
1781755719012
84160659731
1781755720012
84258265987
1781755721012
84354975456
1781755722012
84450931021
1781755723012
84546574942
1781755724012
84642227895
1781755725010
84737968861
1781755726010
84834471055
1781755727012
84930430160
1781755728012
85026652326
1781755729012
85122555523
1781755730011
85218235087
1781755731013
85314505898
1781755732012
85410053566
1781755733011
85507249789
1781755734011
85606414819
1781755735008
85707262827
1781755736012
85809202630
1781755737011
85905571829
1781755738011
86001322865
1781755739008
86097954881
1781755740012
86193887680
1781755741011
86289776900
1781755742012
86385826337
1781755743012
86481612651
1781755744012
86578063943
1781755745010
86674197241
1781755746011
86770960971
1781755747012
86867166169
1781755748011
86962877777
1781755749011
87059305386
1781755750012
87155431178
1781755751011
87253363239
1781755752012
87349307391
1781755753013
87444509295
1781755754011
87540632157
1781755755009
87636872878
1781755756011
87732953442
1781755757012
87828660595
1781755758011
87924973519
1781755759012
88021372137
1781755760013
88116790899
1781755761012
88213112369
1781755762012
88308677249
1781755763011
88404494387
1781755764012
88500601379
1781755765010
88599897817
1781755766011
88704129118
1781755767012
88805981579
1781755768011
88907144101
1781755769011
89007920088
1781755770012
89104015301
1781755771012
89198078476
1781755772012
89293864607
1781755773012
89389726300
1781755774010
89485293805
1781755775007
89578600329
1781755776012
89670726558
1781755777012
89764882750
1781755778013
89860831296
1781755779012
89955705198
1781755780010
90051409726
1781755781012
90148092584
1781755782011
90245554310
1781755783012
90340708485
1781755784012
90435824758
1781755785008
90532498399
1781755786012
90628705001
1781755787012
90724496687
1781755788012
90820541363
1781755789010
90916749125
1781755790012
91012556985
1781755791013
91108456459
1781755792011
91203781898
1781755793012
91299668127
1781755794012
91395137854
1781755795009
91491391452
1781755796012
91588646758
1781755797012
91685403651
1781755798011
91781189050
1781755799011
91877887167
1781755800011
91973598836
1781755801012
92072737803
1781755802012
92172408264
1781755803012
92274624433
1781755804012
92373916781
1781755805008
92469732942
1781755806010
92565876617
1781755807012
92661985196
1781755808012
92758625513
1781755809012
92854935203
1781755810012
92951001119
1781755811012
93046823567
1781755812011
93144718885
1781755813012
93240476208
1781755814012
93336221507
1781755815009
93432750374
1781755816012
93528558356
1781755817012
93624669194
1781755818012
93719867681
1781755819012
93815403996
1781755820012
93911912600
1781755821012
94007811707
1781755822012
94103624755
1781755823012
94199386290
1781755824013
94295325070
1781755825009
94394728990
1781755826012
94499986595
1781755827012
94599450024
1781755828011
94696258065
1781755829011
94794004641
1781755830011
94890252258
1781755831012
94986569272
1781755832012
95079440678
1781755833011
95172367686
1781755834012
95268172372
1781755835009
95367000366
1781755836012
95466576832
1781755837012
95567661168
1781755838012
95664502900
1781755839012
95761022307
1781755840014
95856704618
1781755841011
95952856166
1781755842012
96049709251
1781755843012
96146587177
1781755844012
96242443682
1781755845010
96338181291
1781755846012
96433472551
1781755847012
96528667741
1781755848011
96624313798
1781755849012
96720717116
1781755850012
96816440137
1781755851012
96912328380
1781755852013
97008346262
1781755853012
97104276009
1781755854011
97200005806
1781755855009
97296081487
1781755856012
97392197269
1781755857012
97489956784
1781755858012
97586376704
1781755859012
97682598564
1781755860011
97778986562
1781755861011
97874959827
1781755862012
97971003832
1781755863012
98067286361
1781755864012
98163258039
1781755865011
98258923993
1781755866012
98354467083
1781755867012
98450161235
1781755868012
98548018163
1781755869011
98648503684
1781755870012
98750710881
1781755871013
98850308038
1781755872011
98946235405
1781755873012
99043862719
1781755874011
99139347398
1781755875009
99235191758
1781755876012
99330624130
1781755877013
99426494429
1781755878013
99522228865
1781755879011
99618393047
1781755880012
99713625103
1781755881011
99809784403
1781755882012
99905720253
1781755883012
100001360267
1781755884011
100097069434
1781755885009
100196312161
1781755886012
100299224617
1781755887012
100396418765
1781755888011
100493641112
1781755889015
100591384636
1781755890011
100688353809
1781755891012
100784208117
1781755892012
100880079636
1781755893012
100976134872
1781755894012
101071984846
1781755895008
101168033733
1781755896012
101263700542
1781755897012
101360104531
1781755898012
101456110999
1781755899010
101553134676
1781755900012
101649724273
1781755901012
101745992276
1781755902011
101845314836
1781755903012
101945904362
1781755904012
102048420640
1781755905008
102144943525
1781755906012
102239807052
1781755907012
102335782514
1781755908012
102431536297
1781755909011
102527664896
1781755910012
102623264932
1781755911012
102719137489
1781755912012
102814759498
1781755913012
102910732946
1781755914011
103006634312
1781755915010
103102856661
1781755916013
103197042882
1781755917012
103291534340
1781755918012
103388024571
1781755919012
103484597566
1781755920008
103581434537
1781755921012
103677755641
1781755922012
103773538538
1781755923012
103869398034
1781755924012
103965137901
1781755925009
104061543538
1781755926012
104157208698
1781755927012
104253033587
1781755928011
104348888200
1781755929011
104445111587
1781755930010
104541556164
1781755931011
104638961310
1781755932012
104734899785
1781755933010
104830306157
1781755934011
104926427310
1781755935009
105025661126
1781755936012
105124515121
1781755937011
105225964019
1781755938011
105328361889
1781755939012
105426266973
1781755940012
105522171329
1781755941012
105618076235
1781755942012
105714113343
1781755943012
105809795471
1781755944011
105906201474
1781755945009
106005060169
1781755946012
106108635709
1781755947012
106207235921
1781755948012
106303019489
1781755949012
106400063125
1781755950010
106498088997
1781755951013
106594465032
1781755952012
106690389591
1781755953011
106784956732
1781755954012
106880730290
1781755955008
106977072390
1781755956012
107073061463
1781755957011
107169420286
1781755958012
107265084409
1781755959012
107361199092
1781755960012
107457709953
1781755961012
107554526600
1781755962012
107650999925
1781755963011
107746634568
1781755964012
107842052231
1781755965009
107939507304
1781755966012
108036399817
1781755967012
108132593297
1781755968011
108228659640
1781755969011
108325019867
1781755970012
108423293907
1781755971012
108523793528
1781755972012
108626060112
1781755973012
108724959334
1781755974012
108820882245
1781755975008
108917455484
1781755976012
109013392250
1781755977012
109111112520
1781755978009
109207865751
1781755979011
109305219811
1781755980012
109402400654
1781755981012
109496889609
1781755982012
109592493551
1781755983012
109689013201
1781755984012
109785284927
1781755985009
109881480726
1781755986013
109977572155
1781755987011
110073949289
1781755988012
110169684761
1781755989012
110265756293
1781755990012
110361914860
1781755991012
110458077517
1781755992012
110555120298
1781755993012
110650951657
1781755994012
110747029047
1781755995008
110843743827
1781755996012
110941671432
1781755997012
111036219713
1781755998012
111132035874
1781755999012
111227852279
1781756000013
111323826155
1781756001011
111419838421
1781756002012
111516125223
1781756003012
111612384498
1781756004012
111710904693
1781756005009
111813124280
1781756006012
111922362586
1781756007012
112023757713
1781756008012
112118921287
1781756009012
112214761435
1781756010012
112311918474
1781756011012
112409308666
1781756012011
112505486704
1781756013011
112601826606
1781756014011
112698132390
1781756015009
112792693183
1781756016012
112887921211
1781756017012
112983999151
1781756018012
113080005863
1781756019013
113176038271
1781756020012
113271530885
1781756021012
113367111146
1781756022012
113463651304
1781756023012
113559247129
1781756024012
113654880734
1781756025008
113751104609
1781756026011
113848133902
1781756027011
113945085802
1781756028012
114041266891
1781756029012
114137000044
1781756030012
114233094647
1781756031012
114329053325
1781756032012
114425285378
1781756033012
114521256812
1781756034013
114617291600
1781756035010
114713194675
1781756036013
114809031283
1781756037012
114904668184
1781756038012
115001953458
1781756039011
115101033526
1781756040010
115204337400
1781756041011
115306342022
1781756042009
115399376879
1781756043011
115495510238
1781756044012
115591006820
1781756045008
115687019087
1781756046012
115783066936
1781756047012
115879282816
1781756048012
115975393776
1781756049012
116071670873
1781756050012
116164269147
1781756051010
116259165083
1781756052012
116354196395
1781756053012
116450915691
1781756054012
116546916910
1781756055009
116643239600
1781756056012
116739214269
1781756057012
116837230803
1781756058012
116933241482
1781756059013
117029610010
1781756060013
117125308678
1781756061012
117221411643
1781756062011
117317451436
1781756063010
117413467120
1781756064012
117509354265
1781756065009
117608018380
1781756066011
117711486377
1781756067012
117810703713
1781756068011
117906100137
1781756069012
118001722328
1781756070012
118098086645
1781756071011
118192831092
1781756072010
118293006312
1781756073012
118394579294
1781756074011
118497097159
1781756075010
118595800092
1781756076012
118691480694
1781756077012
118787353435
1781756078012
118883149576
1781756079011
118979297646
1781756080012
119075462927
1781756081012
119171252415
1781756082012
119267020603
1781756083011
119361684911
1781756084012
119454559735
1781756085009
119547723864
1781756086012
119641373893
1781756087013
119736897757
1781756088012
119834789291
1781756089012
119929144762
1781756090013
120023022513
1781756091011
120119073109
1781756092011
120215483873
1781756093011
120311828475
1781756094012
120407959455
1781756095010
120504290324
1781756096012
120600486672
1781756097011
120696174110
1781756098011
120791473487
1781756099012
120887285437
1781756100012
120985477751
1781756101008
121083138695
1781756102012
121179716146
1781756103012
121276745805
1781756104012
121373089369
1781756105008
121469375622
1781756106012
121567430485
1781756107012
121666576533
1781756108012
121768809303
1781756109010
121869417505
1781756110012
121965262414
1781756111012
122061191917
1781756112013
122156906027
1781756113012
122252003806
1781756114011
122349244585
1781756115008
122446026686
1781756116012
122541740674
1781756117012
122637413708
1781756118011
122735305914
1781756119012
122831937685
1781756120012
122928015564
1781756121011
123023721130
1781756122013
123119825925
1781756123011
123215657772
1781756124013
123311259456
1781756125009
123408962453
1781756126012
123509704139
1781756127012
123607770904
1781756128010
123702781769
1781756129011
123798634551
1781756130012
123894478544
1781756131009
123991606775
1781756132010
124088456197
1781756133012
124185627701
1781756134010
124282340955
1781756135009
124378543650
1781756136012
124474279184
1781756137011
124569786081
1781756138011
124665208444
1781756139012
124761343696
1781756140012
124858725587
1781756141012
124957818779
1781756142012
125058346903
1781756143012
125158894314
1781756144012
125254581813
1781756145008
125351462241
1781756146011
125447369222
1781756147012
125543672625
1781756148012
125639187273
1781756149011
125716065251
1781756150013
125766868038
1781756151012
125811665164
1781756152013
125857681770
1781756153012
125902571060
1781756154013
125947751669
1781756155010
125994874901
1781756156014
126050169315
1781756157013
126105667769
1781756158013
126186739705
1781756159012
126280809715
1781756160011
126376024132
1781756161011
126472254233
1781756162012
126567325889
1781756163011
126661765344
1781756164011
126757005518
1781756165010
126851715969
1781756166012
126947111599
1781756167011
127042448330
1781756168012
127137853115
1781756169012
127233649744
1781756170011
127328695400
1781756171011
127421561983
1781756172012
127516782259
1781756173012
127611722507
1781756174012
127709165190
1781756175009
127809257585
1781756176012
127911762144
1781756177011
128010675404
1781756178011
128104479607
1781756179012
128201780567
1781756180012
128297746324
1781756181011
128393399400
1781756182011
128489462325
1781756183012
128584921920
1781756184011
128680668684
1781756185008
128779613072
1781756186012
128884365916
1781756187011
128982828555
1781756188012
129077774601
1781756189012
129173208073
1781756190012
129268878970
1781756191013
129364620302
1781756192012
129459988405
1781756193012
129557164914
1781756194012
129654209588
1781756195010
129751325123
1781756196010
129847100024
1781756197012
129942812304
1781756198012
130038298143
1781756199011
130134106919
1781756200012
130229966537
1781756201012
130325594771
1781756202012
130420881270
1781756203012
130514670276
1781756204014
130609359669
1781756205009
130705149463
1781756206010
130801876022
1781756207012
130897258896
1781756208011
130995903480
1781756209012
131096264612
1781756210013
131198681281
1781756211013
131296570679
1781756212012
131392456664
1781756213012
131488079954
1781756214012
131582018617
1781756215008
131677010928
1781756216011
131772595156
1781756217012
131868346986
1781756218011
131962844730
1781756219012
132058103458
1781756220012
132153614017
1781756221012
132249688112
1781756222013
132345031679
1781756223012
132440512391
1781756224013
132537975521
1781756225008
132634330194
1781756226008
132730822683
1781756227012
132826289114
1781756228012
132921661855
1781756229012
133017360097
1781756230012
133112874012
1781756231011
133208297901
1781756232012
133303676502
1781756233011
133399003895
1781756234012
133493489005
1781756235009
133587900201
1781756236011
133684743703
1781756237012
133780506642
1781756238011
133876461840
1781756239011
133972498216
1781756240012
134067114367
1781756241012
134164908856
1781756242011
134263584262
1781756243012
134364400227
1781756244012
134466240665
1781756245009
134566131767
1781756246012
134669242343
1781756247012
134768130212
1781756248011
134863270776
1781756249012
134959392784
1781756250012
135055161765
1781756251012
135151078023
1781756252012
135246930744
1781756253012
135342749774
1781756254011
135438962113
1781756255008
135536943124
1781756256011
135633640386
1781756257011
135729623478
1781756258012
135825609683
1781756259012
135921614075
1781756260013
136017637816
1781756261012
136113290465
1781756262012
136209034665
1781756263012
136304208860
1781756264012
136399583311
1781756265009
136495105405
1781756266012
136590811947
1781756267011
136687003290
1781756268011
136783208733
1781756269012
136878797111
1781756270012
136974177055
1781756271012
137070102163
1781756272011
137168124190
1781756273012
137264019635
1781756274012
137359798504
1781756275008
137457611730
1781756276012
137557042140
1781756277012
137659332039
1781756278012
137759553157
1781756279011
137856144645
1781756280012
137952167837
1781756281013
138048469898
1781756282012
138145297103
1781756283014
138240890853
1781756284011
138337299969
1781756285009
138435129003
1781756286012
138531695284
1781756287011
138628812040
1781756288012
138724704556
1781756289011
138821081567
1781756290012
138917004784
1781756291012
139012481895
1781756292014
139108797567
1781756293012
139203783041
1781756294011
139298987815
1781756295009
139395379230
1781756296012
139491346941
1781756297012
139588194289
1781756298013
139683971509
1781756299010
139780233226
1781756300013
139875470592
1781756301012
139970870677
1781756302012
140068221014
1781756303010
140159291948
1781756304012
140249729277
1781756305008
140347135461
1781756306012
140450863406
1781756307011
140550193108
1781756308011
140645129205
1781756309011
140743590806
1781756310011
140844382235
1781756311012
140945794207
1781756312008
141043598033
1781756313012
141138763134
1781756314012
141234424083
1781756315008
141330285532
1781756316012
141428499514
1781756317011
141524569031
1781756318011
141620179382
1781756319012
141716097716
1781756320011
141812057187
1781756321011
141907706905
1781756322011
142003253414
1781756323012
142097981382
1781756324013
142193016722
1781756325010
142288865292
1781756326011
142384212277
1781756327012
142479776119
1781756328010
142576152948
1781756329012
142672128166
1781756330014
142767535698
1781756331011
142863266349
1781756332013
142958519340
1781756333010
143056540024
1781756334013
143152123336
1781756335008
143247663619
1781756336012
143343195845
1781756337015
143438999128
1781756338012
143533604049
1781756339012
143629092208
1781756340012
143724608382
1781756341012
143819779708
1781756342010
143917309122
1781756343012
144014803318
1781756344012
144115138449
1781756345008
144216388556
1781756346010
144313888612
1781756347012
144410519712
1781756348013
144506456478
1781756349011
144602449824
1781756350012
144697961481
1781756351012
144793646966
1781756352012
144889345818
1781756353012
144984271966
1781756354012
145079348871
1781756355009
145174997003
1781756356011
145271132987
1781756357012
145366835684
1781756358012
145463543078
1781756359012
145559671372
1781756360012
145655311813
1781756361012
145751372358
1781756362012
145847119794
1781756363012
145944720618
1781756364010
146040772802
1781756365012
146139182523
1781756366012
146242114877
1781756367012
146340691345
1781756368011
146435328127
1781756369013
146530998170
1781756370012
146626519898
1781756371012
146722144654
1781756372013
146818005248
1781756373012
146913437194
1781756374011
147009284238
1781756375009
147105270992
1781756376013
147203934619
1781756377011
147304492955
1781756378009
147406934649
1781756379011
147506871404
1781756380012
147602782475
1781756381012
147698694888
1781756382012
147794542299
1781756383011
147889862978
1781756384011
147985268373
1781756385009
148081537170
1781756386012
148177538511
1781756387012
148273089291
1781756388013
148368554074
1781756389012
148465508782
1781756390012
148559801387
1781756391012
148655127681
1781756392013
148751005915
1781756393012
148846928460
1781756394012
148944511950
1781756395009
149040327684
1781756396012
149135859239
1781756397011
149231349290
1781756398012
149325652759
1781756399012
149420885975
1781756400012
149516174244
1781756401012
149611030569
1781756402013
149706470754
1781756403010
149802092396
1781756404011
149897883960
1781756405010
149993318652
1781756406012
150088454456
1781756407012
150184396288
1781756408012
150281956829
1781756409011
150379226112
1781756410012
150478152921
1781756411013
150578340348
1781756412012
150680200561
1781756413012
150776507199
1781756414012
150871894467
1781756415008
150967637325
1781756416011
151063301570
1781756417012
151158830866
1781756418012
151254163020
1781756419012
151350275933
1781756420011
151446754018
1781756421014
151542245473
1781756422011
151638066090
1781756423012
151733801562
1781756424012
151829933274
1781756425009
151929915867
1781756426012
152032999649
1781756427012
152130826425
1781756428008
152225634166
1781756429011
152321290171
1781756430012
152416657358
1781756431013
152511907603
1781756432012
152607387522
1781756433012
152703103891
1781756434012
152798508676
1781756435008
152893462961
1781756436012
152988635142
1781756437011
153083645885
1781756438012
153180911017
1781756439010
153277073857
1781756440009
153373834717
1781756441012
153468933961
1781756442011
153564629761
1781756443013
153659220828
1781756444012
153756167296
1781756445009
153856323045
1781756446012
153958277130
1781756447012
154057872517
1781756448012
154153205464
1781756449012
154248835102
1781756450012
154345516007
1781756451011
154441181839
1781756452011
154536445633
1781756453011
154631858474
1781756454011
154727201797
1781756455009
154825242501
1781756456013
154921250922
1781756457015
155016453376
1781756458013
155111254708
1781756459012
155206663949
1781756460012
155302171578
1781756461012
155397378426
1781756462012
155492914498
1781756463011
155589000494
1781756464011
155684921513
1781756465008
155780463383
1781756466012
155875951237
1781756467012
155971076726
1781756468013
156066932681
1781756469012
156164675656
1781756470011
156260612667
1781756471012
156356035396
1781756472011
156451915522
1781756473012
156546649105
1781756474012
156641489011
1781756475009
156737321285
1781756476012
156832222776
1781756477012
156928484431
1781756478012
157027284349
1781756479011
157126894690
1781756480012
157229481768
1781756481011
157328110605
1781756482012
157424098336
1781756483012
157519886298
1781756484011
157615484625
1781756485009
157714282529
1781756486012
157819719881
1781756487014
157918084315
1781756488011
158013121120
1781756489012
158108774500
1781756490015
158204267542
1781756491012
158300207177
1781756492011
158395745018
1781756493009
158492465046
1781756494012
158588375873
1781756495010
158683634906
1781756496012
158778956989
1781756497012
158874832415
1781756498015
158970184343
1781756499013
159066952772
1781756500011
159163530894
1781756501012
159259588693
1781756502012
159355302315
1781756503012
159449828806
1781756504011
159545338755
1781756505009
159641463387
1781756506012
159736954109
1781756507012
159832635199
1781756508012
159927850105
1781756509012
160023743780
1781756510012
160118969977
1781756511012
160216286988
1781756512012
160315203727
1781756513012
160417266515
1781756514012
160518985249
1781756515009
160615064044
1781756516012
160710236468
1781756517013
160807761609
1781756518011
160902527541
1781756519014
160997836074
1781756520011
161093274306
1781756521012
161188998426
1781756522012
161284319532
1781756523009
161380177014
1781756524010
161475416211
1781756525008
161570870068
1781756526012
161666335766
1781756527012
161761387342
1781756528011
161856566114
1781756529012
161950880265
1781756530012
162047935498
1781756531010
162144490182
1781756532012
162239930978
1781756533011
162334779429
1781756534013
162429898387
1781756535008
162525737802
1781756536012
162621510018
1781756537012
162716851510
1781756538013
162812496956
1781756539012
162908496466
1781756540013
163003584357
1781756541012
163099211493
1781756542013
163195667484
1781756543012
163290705815
1781756544010
163386261295
1781756545009
163485899773
1781756546011
163593063866
1781756547012
163697802429
1781756548011
163795977898
1781756549012
163891467399
1781756550012
163986959769
1781756551013
164082006584
1781756552012
164177476738
1781756553011
164273283743
1781756554012
164368648368
1781756555008
164464271292
1781756556012
164559532522
1781756557012
164654559135
1781756558012
164749743888
1781756559013
164844983391
1781756560012
164941848682
1781756561012
165037060047
1781756562012
165133046191
1781756563012
165228534533
1781756564011
165324191393
1781756565009
165420356307
1781756566012
165516595380
1781756567012
165612398601
1781756568012
165708796182
1781756569013
165805178259
1781756570012
165900922033
1781756571010
165997115573
1781756572012
166093406708
1781756573012
166190471768
1781756574012
166286288295
1781756575009
166381794764
1781756576012
166477562830
1781756577012
166573436669
1781756578012
166672157546
1781756579011
166774088743
1781756580012
166873330005
1781756581012
166972916359
1781756582012
167070791535
1781756583012
167166552582
1781756584012
167261954071
1781756585009
167357640411
1781756586012
167453366606
1781756587012
167549189176
1781756588011
167644830593
1781756589012
167741063745
1781756590012
167837250816
1781756591012
167934493304
1781756592011
168031253737
1781756593012
168127405835
1781756594012
168222834363
1781756595009
168319452951
1781756596011
168415639167
1781756597014
168511700505
1781756598013
168607625431
1781756599012
168703747743
1781756600012
168799346742
1781756601011
168895219177
1781756602013
168990838500
1781756603011
169086444212
1781756604012
169182881465
1781756605010
169281385852
1781756606012
169384413786
1781756607012
169482419517
1781756608011
169577273217
1781756609012
169674646381
1781756610011
169770324786
1781756611012
169866346207
1781756612013
169961995743
1781756613011
170061284978
1781756614013
170162445181
1781756615009
170264773166
1781756616012
170362361295
1781756617013
170458027920
1781756618012
170553280057
1781756619012
170649165004
1781756620012
170745149805
1781756621012
170840976281
1781756622012
170939252824
1781756623012
171034926590
1781756624010
171127697593
1781756625008
171220687955
1781756626012
171314374178
1781756627012
171410464874
1781756628012
171506751676
1781756629012
171603282374
1781756630012
171699246911
1781756631011
171793358120
1781756632011
171887733306
1781756633012
171983827664
1781756634012
172079966212
1781756635009
172177330098
1781756636011
172273461444
1781756637012
172369664567
1781756638012
172464633989
1781756639011
172560706741
1781756640012
172658243601
1781756641011
172754736152
1781756642012
172850462714
1781756643012
172946770328
1781756644012
173042791079
1781756645009
173139118835
1781756646012
173236185725
1781756647011
173335408433
1781756648011
173434819616
1781756649011
173536222127
1781756650012
173634084121
1781756651012
173730629589
1781756652012
173829009525
1781756653011
173925128847
1781756654010
174021763365
1781756655009
174118581721
1781756656014
174215062003
1781756657011
174311304738
1781756658013
174407132068
1781756659012
174503614060
1781756660011
174599774947
1781756661011
174695850262
1781756662011
174792585977
1781756663012
174888793738
1781756664012
174984741674
1781756665010
175083547024
1781756666012
175187297063
1781756667012
175285612119
1781756668010
175379760682
1781756669012
175475288514
1781756670012
175571686094
1781756671011
175669741995
1781756672012
175766006763
1781756673012
175862510728
1781756674010
175958716597
1781756675008
176055287212
1781756676012
176151241983
1781756677012
176247357277
1781756678012
176343837071
1781756679011
176439311436
1781756680011
176533699622
1781756681011
176630677157
1781756682012
176729476587
1781756683014
176828257645
1781756684011
176928965395
1781756685008
177025416076
1781756686012
177121665646
1781756687012
177215496461
1781756688012
177308696540
1781756689010
177404846928
1781756690012
177500920779
1781756691011
177595547002
1781756692012
177690825383
1781756693012
177786601566
1781756694012
177882367556
1781756695010
177978148317
1781756696010
178074319397
1781756697011
178170967282
1781756698011
178266030393
1781756699012
178360988218
1781756700012
178455606751
1781756701012
178551147339
1781756702012
178648827081
1781756703012
178744261895
1781756704009
178840237480
1781756705008
178935753288
1781756706012
179030798393
1781756707011
179126186760
1781756708012
179221368279
1781756709012
179317352164
1781756710012
179412659843
1781756711012
179508286551
1781756712012
179603836416
1781756713012
179700232349
1781756714011
179795461841
1781756715009
179895804052
1781756716012
179994662076
1781756717012
180096662791
1781756718012
180195123843
1781756719012
180290973451
1781756720012
180386888183
1781756721012
180482500976
1781756722013
180578401243
1781756723012
180674170468
1781756724013
180769576474
1781756725008
180867099356
1781756726012
180967612283
1781756727012
181066347687
1781756728014
181161393586
1781756729011
181257084808
1781756730011
181353075529
1781756731012
181448401152
1781756732012
181546329185
1781756733012
181642503316
1781756734011
181738647601
1781756735008
181834135760
1781756736011
181929973161
1781756737012
182025776078
1781756738014
182121106522
1781756739011
182216496476
1781756740011
182312335403
1781756741011
182408395704
1781756742013
182503947400
1781756743012
182599110242
1781756744012
182696119943
1781756745009
182793324345
1781756746013
182889504641
1781756747012
182985222718
1781756748012
183081477111
1781756749011
183180241323
1781756750012
183281076209
1781756751011
183382984700
1781756752012
183480442886
1781756753012
183575622391
1781756754012
183671212356
1781756755009
183767426282
1781756756011
183830164952
1781756757012
183877470495
1781756758012
183928045073
1781756759012
183976990443
1781756760012
184021295566
1781756761012
184063691332
1781756762010
184110169118
1781756763010
184167036038
1781756764012
184227604975
1781756765009
184322772578
1781756766012
184418126338
1781756767012
184513799249
1781756768012
184609557427
1781756769012
184705785330
1781756770012
184801804433
1781756771012
184897482166
1781756772012
184993464525
1781756773012
185088616259
1781756774012
185182424613
1781756775010
185277773917
1781756776012
185371648677
1781756777011
185464588991
1781756778011
185557287850
1781756779011
185652189096
1781756780012
185747807931
1781756781011
185843753730
1781756782011
185941025576
1781756783011
186040285515
1781756784011
186141252969
1781756785009
186246253555
1781756786014
186350485221
1781756787013
186449047225
1781756788012
186545580303
1781756789011
186641956338
1781756790011
186738091834
1781756791012
186834066808
1781756792012
186930064182
1781756793011
187026605744
1781756794012
187124994347
1781756795008
187221426290
1781756796008
187318293779
1781756797012
187414691725
1781756798013
187510672254
1781756799012
187607112559
1781756800012
187703252266
1781756801012
187799427252
1781756802012
187895804569
1781756803012
187991369815
1781756804013
188087055300
1781756805009
188184859554
1781756806011
188278553406
1781756807012
188373903503
1781756808012
188468708070
1781756809011
188565259154
1781756810012
188661355648
1781756811012
188757481684
1781756812012
188853750480
1781756813012
188950085439
1781756814012
189046566271
1781756815009
189143062484
1781756816012
189241169044
1781756817013
189340536893
1781756818012
189441714124
1781756819012
189542895262
1781756820012
189639103145
1781756821012
189735256891
1781756822012
189831279411
1781756823012
189927408926
1781756824012
190024944870
1781756825008
190122329386
1781756826011
190218687050
1781756827012
190314834814
1781756828012
190410565709
1781756829012
190506943392
1781756830013
190603324493
1781756831012
190699670743
1781756832011
190796021814
1781756833011
190888957062
1781756834012
190981672462
1781756835009
191077653479
1781756836012
191175438873
1781756837011
191272928613
1781756838012
191368396204
1781756839012
191463432887
1781756840012
191557275908
1781756841012
191652227081
1781756842012
191748266874
1781756843012
191843699735
1781756844012
191939841762
1781756845009
192038777544
1781756846012
192142144162
1781756847013
192241428392
1781756848012
192336730883
1781756849012
192432402940
1781756850011
192532003088
1781756851012
192631952783
1781756852011
192734278754
1781756853012
192832950682
1781756854011
192928811642
1781756855009
193026820547
1781756856012
193122490895
1781756857013
193217997548
1781756858013
193313467091
1781756859011
193409275195
1781756860013
193504675158
1781756861012
193600833238
1781756862012
193696357895
1781756863010
193791057482
1781756864012
193886410937
1781756865009
193979891166
1781756866012
194072978269
1781756867012
194168536130
1781756868011
194265729363
1781756869013
194361581290
1781756870012
194456833793
1781756871012
194552495535
1781756872011
194648984973
1781756873012
194745121873
1781756874011
194841025802
1781756875009
194937151472
1781756876012
195032993573
1781756877012
195129236124
1781756878012
195224255717
1781756879012
195320089334
1781756880012
195416567542
1781756881011
195512625890
1781756882012
195608610019
1781756883012
195705628508
1781756884012
195805019672
1781756885008
195906496952
1781756886012
196010407025
1781756887012
196106394084
1781756888012
196202032450
1781756889012
196297616312
1781756890012
196393428628
1781756891012
196489111976
1781756892012
196584963110
1781756893013
196680439856
1781756894012
196775982519
1781756895008
196872434970
1781756896012
196968762116
1781756897012
197066200282
1781756898012
197163445028
1781756899012
197259513508
1781756900012
197355301470
1781756901012
197451398575
1781756902012
197547630018
1781756903012
197643301832
1781756904012
197739548411
1781756905009
197838292421
1781756906012
197943108559
1781756907011
198042132537
1781756908012
198136610200
1781756909012
198232523712
1781756910012
198328661588
1781756911012
198424702541
1781756912011
198521480431
1781756913012
198617619528
1781756914012
198713662251
1781756915008
198810294755
1781756916012
198906015518
1781756917010
199005554021
1781756918011
199105956901
1781756919011
199208591404
1781756920010
199308733603
1781756921012
199404429464
1781756922012
199500703022
1781756923012
199596262042
1781756924012
199691521808
1781756925009
199787707109
1781756926012
199883525833
1781756927012
199980044751
1781756928012
200077081551
1781756929012
200174273441
1781756930012
200270251283
1781756931011
200366345276
1781756932012
200462108702
1781756933012
200558199399
1781756934012
200654470515
1781756935008
200750765495
1781756936012
200847194386
1781756937012
200943060413
1781756938010
201038295582
1781756939012
201134227526
1781756940012
201229884630
1781756941013
201325388353
1781756942011
201422207380
1781756943012
201517608503
1781756944011
201613587871
1781756945008
201710016580
1781756946012
201805987525
1781756947012
201903923798
1781756948012
201999798797
1781756949014
202095899503
1781756950012
202191596279
1781756951012
202290610125
1781756952012
202390036079
1781756953011
202489382199
1781756954011
202587424306
1781756955010
202683141713
1781756956012
202778578541
1781756957012
202874301624
1781756958012
202970925339
1781756959011
203067919475
1781756960012
203165027564
1781756961013
203260408240
1781756962013
203356067480
1781756963012
203451842931
1781756964012
203547045385
1781756965009
203645782254
1781756966012
203749866094
1781756967012
203849163935
1781756968012
203944179805
1781756969011
204039992182
1781756970012
204136121147
1781756971011
204232116751
1781756972012
204327815359
1781756973011
204425020615
1781756974012
204520749740
1781756975009
204617087873
1781756976013
204713073955
1781756977012
204808803141
1781756978012
204906342137
1781756979012
205002662691
1781756980013
205098296236
1781756981012
205194156647
1781756982013
205290109954
1781756983012
205385243865
1781756984013
205481351407
1781756985008
205581390214
1781756986011
205681950198
1781756987012
205782151052
1781756988012
205877523184
1781756989012
205976032697
1781756990011
206072704813
1781756991010
206165647934
1781756992011
206259457326
1781756993012
206355236743
1781756994012
206451107531
1781756995009
206547179428
1781756996011
206642579941
1781756997012
206738280135
1781756998012
206833140854
1781756999012
206928589829
1781757000012
207026285868
1781757001009
207121928201
1781757002011
207217955360
1781757003012
207314316625
1781757004012
207409710912
1781757005008
207505951693
1781757006012
207601644624
1781757007012
207697126985
1781757008011
207792974335
1781757009012
207890717493
1781757010011
207986473839
1781757011012
208082258995
1781757012012
208177503685
1781757013011
208272381555
1781757014012
208367601343
1781757015008
208463606102
1781757016012
208559403220
1781757017012
208655071432
1781757018012
208751124287
1781757019012
208851186775
1781757020012
208952709769
1781757021012
209054764684
1781757022010
209149278724
1781757023011
209243503519
1781757024013
209338628703
1781757025008
209437016452
1781757026012
209542284859
1781757027011
209641011901
1781757028012
209734919986
1781757029011
209830588869
1781757030012
209925955935
1781757031012
210021623964
1781757032012
210117409668
1781757033013
210213835996
1781757034012
210310858026
1781757035009
210406566948
1781757036012
210499921812
1781757037012
210591366097
1781757038012
210683114031
1781757039011
210779599624
1781757040011
210877744697
1781757041012
210973937810
1781757042011
211070571474
1781757043012
211165953615
1781757044011
211262175842
1781757045010
211358622372
1781757046012
211454926386
1781757047012
211551019157
1781757048012
211647183035
1781757049012
211743384205
1781757050012
211841547100
1781757051012
211937648234
1781757052010
212036055208
1781757053012
212134836022
1781757054012
212236109567
1781757055008
212338360648
1781757056012
212436264145
1781757057011
212532512067
1781757058011
212628159650
1781757059012
212724368510
1781757060012
212820530922
1781757061011
212916487036
1781757062012
213012840061
1781757063012
213108821871
1781757064012
213205245819
1781757065008
213302579310
1781757066011
213398483178
1781757067014
213491100189
1781757068012
213583462380
1781757069010
213678861733
1781757070012
213776593294
1781757071010
213872851959
1781757072011
213969299527
1781757073011
214064508939
1781757074012
214160242886
1781757075009
214256493921
1781757076012
214352094689
1781757077011
214448592428
1781757078012
214544630146
1781757079012
214640763994
1781757080012
214736881546
1781757081012
214834722787
1781757082013
214931835820
1781757083012
215027869571
1781757084012
215123570192
1781757085010
215222358453
1781757086012
215326970734
1781757087011
215429467175
1781757088011
215530013061
1781757089011
215631950361
1781757090012
215729126931
1781757091012
215825106727
1781757092012
215921174596
1781757093014
216017246677
1781757094011
216112835055
1781757095008
216209269561
1781757096008
216306481837
1781757097011
216402651513
1781757098012
216498679892
1781757099012
216595240558
1781757100011
216691339800
1781757101012
216789247508
1781757102012
216885549874
1781757103011
216980996224
1781757104011
217077086187
1781757105009
217173751956
1781757106011
217269773988
1781757107013
217365369324
1781757108012
217461047302
1781757109012
217556075440
1781757110012
217650795778
1781757111012
217748014218
1781757112013
217844875665
1781757113012
217941349905
1781757114013
218036583670
1781757115009
218132433034
1781757116012
218227909779
1781757117010
218324265917
1781757118012
218418845631
1781757119010
218513901052
1781757120012
218609939685
1781757121012
218709111367
1781757122012
218810628808
1781757123012
218911794198
1781757124010
219007974921
1781757125008
219103616034
1781757126008
219200952088
1781757127011
219296652954
1781757128012
219392332580
1781757129011
219488551328
1781757130012
219583861142
1781757131012
219679769893
1781757132012
219777044608
1781757133012
219872346854
1781757134012
219967662833
1781757135008
220063545400
1781757136011
220159800769
1781757137011
220255583483
1781757138012
220351037462
1781757139011
220447285262
1781757140010
220542626937
1781757141012
220638241133
1781757142013
220735832009
1781757143012
220832944798
1781757144013
220928160069
1781757145009
221026868923
1781757146011
221130137030
1781757147012
221228237731
1781757148009
221323548339
1781757149012
221419170897
1781757150012
221514861326
1781757151012
221610086729
1781757152012
221705726865
1781757153012
221801807246
1781757154009
221900988572
1781757155008
222002169465
1781757156012
222104104263
1781757157012
222202627631
1781757158012
222297921516
1781757159011
222394082097
1781757160012
222489957706
1781757161012
222585637515
1781757162012
222683381711
1781757163012
222778401487
1781757164011
222873277526
1781757165009
222969007933
1781757166011
223064826596
1781757167012
223160838313
1781757168012
223256648371
1781757169012
223352941886
1781757170012
223448424491
1781757171012
223543543999
1781757172011
223640966662
1781757173012
223737622237
1781757174012
223833950726
1781757175008
223930218302
1781757176012
224025797708
1781757177012
224121607277
1781757178013
224216607461
1781757179011
224313273412
1781757180009
224410681000
1781757181011
224506161163
1781757182012
224601990202
1781757183012
224697723478
1781757184012
224793031095
1781757185008
224888948941
1781757186012
224984812037
1781757187012
225080292567
1781757188011
225178743914
1781757189012
225277707650
1781757190011
225378924493
1781757191012
225479213482
1781757192012
225575453897
1781757193012
225672560155
1781757194012
225768319736
1781757195009
225864525361
1781757196014
225960594146
1781757197016
226055936554
1781757198012
226151351165
1781757199012
226247051299
1781757200012
226342595488
1781757201012
226438163908
1781757202011
226533893948
1781757203011
226631435263
1781757204012
226728200519
1781757205009
226825979809
1781757206012
226930235158
1781757207010
227029722452
1781757208012
227124944132
1781757209013
227220600625
1781757210012
227316588844
1781757211011
227412594458
1781757212013
227508244908
1781757213012
227603806370
1781757214011
227699618442
1781757215009
227795921235
1781757216012
227891917815
1781757217011
227988093778
1781757218013
228083802517
1781757219012
228180493920
1781757220013
228276712851
1781757221012
228372635945
1781757222012
228470974500
1781757223011
228571153870
1781757224012
228673654034
1781757225009
228773769196
1781757226012
228869548125
1781757227012
228965708462
1781757228012
229061437893
1781757229012
229157945763
1781757230012
229253679039
1781757231012
229349684225
1781757232013
229445448140
1781757233012
229542119279
1781757234010
229638838148
1781757235009
229736276314
1781757236012
229832148322
1781757237011
229928216741
1781757238010
230023713994
1781757239011
230119759036
1781757240012
230215984070
1781757241012
230311572327
1781757242012
230407783079
1781757243012
230504056087
1781757244012
230599972894
1781757245008
230696013542
1781757246012
230791758353
1781757247012
230887844777
1781757248012
230984049487
1781757249012
231080467575
1781757250012
231177469890
1781757251012
231273429850
1781757252012
231369523781
1781757253012
231464580361
1781757254011
231561806431
1781757255009
231658632111
1781757256012
231757558493
1781757257012
231857169688
1781757258010
231959474846
1781757259012
232058170822
1781757260012
232153923872
1781757261011
232249787946
1781757262012
232345987651
1781757263013
232441709207
1781757264012
232539955538
1781757265009
232640132589
1781757266012
232744126829
1781757267012
232842421866
1781757268009
232937803885
1781757269012
233033980335
1781757270011
233129669543
1781757271011
233225462511
1781757272012
233321521530
1781757273012
233417369185
1781757274013
233513489362
1781757275009
233609476848
1781757276012
233705240214
1781757277008
233801428932
1781757278011
233897574743
1781757279011
233993937167
1781757280012
234090215485
1781757281012
234187075650
1781757282013
234283121303
1781757283012
234378475917
1781757284012
234473889491
1781757285010
234571739277
1781757286011
234667823626
1781757287012
234763594133
1781757288011
234859409500
1781757289011
234957076425
1781757290011
235056289794
1781757291011
235155104849
1781757292011
235255827308
1781757293012
235353159152
1781757294012
235449186860
1781757295009
235546660853
1781757296012
235644034078
1781757297013
235739851643
1781757298011
235835003011
1781757299012
235931143146
1781757300012
236027294694
1781757301012
236123851270
1781757302014
236219747875
1781757303013
236316110056
1781757304012
236411768441
1781757305008
236506615427
1781757306012
236601639903
1781757307011
236697300852
1781757308012
236792688608
1781757309012
236888774605
1781757310012
236984476936
1781757311012
237081262516
1781757312011
237177195742
1781757313011
237271981632
1781757314012
237367647464
1781757315009
237464284484
1781757316012
237560963192
1781757317012
237657063959
1781757318011
237751868587
1781757319010
237848012689
1781757320012
237943836724
1781757321012
238039427360
1781757322012
238135085868
1781757323012
238232473314
1781757324012
238331361977
1781757325009
238435037187
1781757326012
238544992167
1781757327012
238647414573
1781757328012
238742628868
1781757329012
238838799703
1781757330012
238934505208
1781757331011
239030516681
1781757332011
239126747575
1781757333014
239222741103
1781757334013
239318273085
1781757335008
239413922743
1781757336012
239506599813
1781757337011
239601934957
1781757338012
239697611470
1781757339012
239793414142
1781757340012
239889115252
1781757341011
239984845170
1781757342013
240081077224
1781757343012
240176155960
1781757344012
240271520279
1781757345008
240367758131
1781757346012
240464848153
1781757347012
240561248236
1781757348012
240656705572
1781757349012
240752886722
1781757350012
240848758120
1781757351012
240944243410
1781757352012
241039685121
1781757353011
241134748843
1781757354012
241230739259
1781757355008
241326528869
1781757356012
241424366327
1781757357012
241522014880
1781757358012
241620608988
1781757359012
241721883875
1781757360012
241823451792
1781757361011
241919329598
1781757362012
242015254951
1781757363012
242077504120
1781757364012
242125988737
1781757365010
242187931877
1781757366012
242234348628
1781757367012
242277494636
1781757368013
242324005808
1781757369013
242364500822
1781757370013
242408471351
1781757371011
242448366574
1781757372013
242487235127
1781757373013
242530355439
1781757374013
242572577559
1781757375012
242612407963
1781757376013
242651172451
1781757377012
242695460790
1781757378013
242734493222
1781757379014
242773437946
1781757380012
242812866434
1781757381012
242852707274
1781757382013
242892196309
1781757383014
242931829631
1781757384013
242971238343
1781757385011
243017405339
1781757386013
243070372550
1781757387015
243139614194
1781757388012
243188131831
1781757389099
243231668829
1781757390013
243273685445
1781757391013
243318508389
1781757392012
243365851469
1781757393012
243419832654
1781757394012
243500732654
1781757395010
243551667033
1781757396012
243597435532
1781757397013
243644401293
1781757398012
243688687312
1781757399013
243728000810
1781757400012
243767339821
1781757401013
243806628355
1781757402014
243846173908
1781757403013
243887472326
1781757404012
243932191816
1781757405011
243971429447
1781757406013
244009964627
1781757407012
244048160147
1781757408014
244093010618
1781757409012
244131303611
1781757410012
244169755478
1781757411015
244209495183
1781757412013
244248441372
1781757413012
244287960375
1781757414013
244326446849
1781757415012
244366721892
1781757416014
244405945119
1781757417013
244448920229
1781757418012
244495420904
1781757419099
244534584561
1781757420013
244573071156
1781757421012
244612724925
1781757422013
244652275727
1781757423014
244691267082
1781757424013
244730220290
1781757425011
244775108542
1781757426013
244841045690
1781757427012
244923151803
1781757428012
244990643452
1781757429012
245032216404
1781757430012
245073842946
1781757431012
245116030765
1781757432013
245159101272
1781757433012
245204520101
1781757434014
245249220610
1781757435011
245291552105
1781757436014
245329954778
1781757437014
245368601652
1781757438012
245409169541
1781757439013
245451965391
1781757440015
245490706869
1781757441013
245530613749
1781757442011
245571420285
1781757443014
245611508745
1781757444013
245650955299
1781757445012
245697704691
1781757446012
245749821928
1781757447013
245807109684
1781757448011
245855298953
1781757449013
245903725343
1781757450013
245944196919
1781757451012
245983748636
1781757452013
246026361259
1781757453013
246065903211
1781757454012
246107357329
1781757455009
246150363872
1781757456012
246189011295
1781757457013
246229382773
1781757458012
246271505041
1781757459015
246319064489
1781757460013
246366259193
1781757461012
246444937153
1781757462014
246501332822
1781757463013
246543700877
1781757464012
246588885088
1781757465010
246631843169
1781757466014
246670059318
1781757467012
246708661820
1781757468012
246748172095
1781757469012
246794384867
1781757470012
246839025927
1781757471013
246878662361
1781757472014
246918490689
1781757473013
246957853320
1781757474012
246996339855
1781757475012
247036664459
1781757476014
247074984795
1781757477012
247113843583
1781757478013
247158883140
1781757479013
247205010769
1781757480013
247243738575
1781757481013
247283684701
1781757482014
247323315825
1781757483014
247362783497
1781757484014
247401624096
1781757485012
247442128692
1781757486013
247481043937
1781757487012
247521742746
1781757488011
247562463650
1781757489012
247602886825
1781757490012
247643065495
1781757491012
247682551355
1781757492012
247722536544
1781757493013
247769667771
1781757494014
247817514328
1781757495011
247882511049
1781757496012
247956882257
1781757497012
247998514963
1781757498012
248039212796
1781757499012
248081217083
1781757500014
248124698783
1781757501012
248167904483
1781757502013
248208769796
1781757503013
248248727884
1781757504014
248287613283
1781757505012
248334300541
1781757506014
248400837358
1781757507011
248466190646
1781757508012
248514374848
1781757509013
248561185642
1781757510013
248605061750
1781757511014
248645262148
1781757512014
248690144662
1781757513012
248730495999
1781757514014
248770887192
1781757515014
248811204350
1781757516014
248849501188
1781757517012
248888390187
1781757518013
248929845220
1781757519014
248969940577
1781757520013
249009496994
1781757521014
249049223699
1781757522013
249088845668
1781757523013
249129715497
1781757524013
249172587458
1781757525011
249212471206
1781757526014
249253385103
1781757527012
249300079380
1781757528012
249347523717
1781757529014
249418442114
1781757530012
249491505221
1781757531012
249546920606
1781757532012
249589504176
1781757533013
249629641952
1781757534014
249670742555
1781757535013
249714125866
1781757536012
249755086089
1781757537012
249793977347
1781757538013
249838114990
1781757539014
249883884831
1781757540012
249926033283
1781757541012
249968288851
1781757542013
250008074882
1781757543014
250048403331
1781757544013
250087898774
1781757545012
250129278856
1781757546015
250167971323
1781757547014
250207900115
1781757548013
250249268417
1781757549013
250288870428
1781757550013
250328432216
1781757551012
250368425400
1781757552014
250408607426
1781757553015
250452567580
1781757554099
250491515600
1781757555012
250531609064
1781757556013
250570877152
1781757557013
250612953521
1781757558013
250651521843
1781757559012
250691224256
1781757560012
250730228002
1781757561012
250778604587
1781757562012
250827874846
1781757563012
250907876534
1781757564012
250972197719
1781757565010
251020456385
1781757566013
251089251863
1781757567012
251155381881
1781757568012
251200231803
1781757569013
251245678525
1781757570014
251291006046
1781757571013
251334432448
1781757572011
251374542270
1781757573013
251413912286
1781757574014
251452653886
1781757575011
251493272923
1781757576014
251531940732
1781757577012
251571539935
1781757578014
251612993869
1781757579013
251652874809
1781757580014
251692086989
1781757581014
251731273657
1781757582014
251771025630
1781757583014
251812699779
1781757584013
251855628319
1781757585012
251896732645
1781757586014
251934850711
1781757587013
251973850794
1781757588013
252015964090
1781757589012
252055780028
1781757590012
252094783529
1781757591013
252134263836
1781757592013
252177793876
1781757593012
252220772831
1781757594012
252259554226
1781757595011
252306973111
1781757596014
252354482449
1781757597012
252430926101
1781757598010
252497984157
1781757599013
252546599145
1781757600012
252592448271
1781757601012
252637240026
1781757602013
252680592027
1781757603013
252724572872
1781757604013
252767894477
1781757605011
252807967495
1781757606013
252847768540
1781757607014
252888073124
1781757608014
252929308065
1781757609013
252968829693
1781757610014
253008807801
1781757611015
253048248312
1781757612014
253088662272
1781757613012
253129004453
1781757614014
253172249521
1781757615012
253211792877
1781757616014
253251318105
1781757617010
253289617812
1781757618014
253328464880
1781757619013
253371840929
1781757620013
253411547981
1781757621013
253451744594
1781757622014
253490721301
1781757623013
253536147698
1781757624012
253575607070
1781757625012
253622847244
1781757626014
253682326767
1781757627012
253751178154
1781757628012
253792107431
1781757629014
253840079598
1781757630014
253888462653
1781757631013
253972433263
1781757632011
254042900734
1781757633012
254085334097
1781757634013
254127636235
1781757635012
254172367383
1781757636013
254213414519
1781757637012
254253443652
1781757638013
254295021427
1781757639010
254335485496
1781757640013
254374961469
1781757641013
254415431824
1781757642014
254455510823
1781757643014
254497219335
1781757644012
254540296617
1781757645012
254580166876
1781757646013
254618826201
1781757647014
254658339283
1781757648014
254697617503
1781757649014
