24801092899
1781754909071
24808247791
1781754910022
24815680439
1781754911023
24824100748
1781754912024
24832232101
1781754913026
24839763067
1781754914023
24848123400
1781754915019
24855749349
1781754916024
24863322772
1781754917024
24870875770
1781754918024
24878500632
1781754919026
24887066812
1781754920023
24895421897
1781754921024
24903470462
1781754922024
24913923804
1781754923021
24927153944
1781754924019
24935534075
1781754925016
24943609385
1781754926023
24953767881
1781754927026
24965621143
1781754928020
24974979694
1781754929023
24983552773
1781754930020
24992305215
1781754931024
25000205584
1781754932024
25008578830
1781754933022
25016377409
1781754934023
25024037170
1781754935020
25031824595
1781754936024
25039498386
1781754937024
25046845461
1781754938024
25055884197
1781754939023
25063802069
1781754940023
25071566467
1781754941024
25079882461
1781754942026
25095481698
1781754943027
25112667194
1781754944022
25131379017
1781754945017
25150481098
1781754946019
25169839239
1781754947021
25189165618
1781754948020
25208453700
1781754949021
25227747016
1781754950019
25247196590
1781754951020
25266496071
1781754952020
25286210289
1781754953019
25305491196
1781754954019
25325004281
1781754955016
25344444537
1781754956022
25363706105
1781754957020
25383266757
1781754958020
25402481461
1781754959019
25421843168
1781754960022
25441098738
1781754961020
25460227548
1781754962021
25479502304
1781754963018
25498872073
1781754964021
25518104632
1781754965016
25537503303
1781754966021
25556577829
1781754967019
25575939810
1781754968022
25595416022
1781754969019
25614860027
1781754970020
25634220846
1781754971021
25652763268
1781754972021
25671776838
1781754973019
25691406799
1781754974022
25710535915
1781754975015
25730086331
1781754976020
25749419319
1781754977021
25768564286
1781754978019
25787728117
1781754979021
25806908335
1781754980020
25826274142
1781754981020
25845607130
1781754982018
25864963726
1781754983022
25884618473
1781754984021
25903827271
1781754985015
25923333379
1781754986021
25942795530
1781754987021
25962706613
1781754988020
25982001428
1781754989020
26001306769
1781754990023
26020464526
1781754991019
26040034083
1781754992022
26059335064
1781754993020
26078484819
1781754994023
26097621019
1781754995016
26116899876
1781754996020
26136213662
1781754997022
26155492182
1781754998019
26174811018
1781754999019
26194467341
1781755000021
26213757765
1781755001019
26233040248
1781755002019
26252351342
1781755003019
26271941645
1781755004020
26291147368
1781755005017
26310714247
1781755006020
26330048077
1781755007021
26349215183
1781755008019
26368528434
1781755009021
26387778205
1781755010019
26407093277
1781755011020
26426616858
1781755012020
26445864059
1781755013019
26465376348
1781755014019
26484789141
1781755015017
26504115565
1781755016022
26523359997
1781755017019
26542628404
1781755018022
26561837064
1781755019020
26581183149
1781755020022
26600492346
1781755021021
26620053136
1781755022021
26639405096
1781755023019
26658728782
1781755024021
26678058297
1781755025016
26697590093
1781755026020
26716968905
1781755027023
26736267285
1781755028019
26755705644
1781755029021
26775078259
1781755030022
26794726473
1781755031020
26814060425
1781755032022
26833370769
1781755033020
26852642542
1781755034022
26872186548
1781755035016
26891680967
1781755036023
26911087089
1781755037020
26930524561
1781755038023
26949795982
1781755039021
26969136345
1781755040023
26988454737
1781755041020
27007898650
1781755042023
27027156209
1781755043019
27046537974
1781755044020
27066034350
1781755045015
27085602867
1781755046021
27105116319
1781755047020
27124754297
1781755048022
27143951681
1781755049020
27163168542
1781755050019
27182444722
1781755051019
27201795473
1781755052020
27221050982
1781755053019
27240443656
1781755054021
27259727760
1781755055017
27279215891
1781755056022
27298550761
1781755057019
27317899539
1781755058022
27337313250
1781755059021
27356771223
1781755060020
27376047999
1781755061021
27395626476
1781755062021
27414905165
1781755063021
27434078314
1781755064022
27453627338
1781755065017
27472981700
1781755066020
27492443713
1781755067020
27511826901
1781755068020
27531126504
1781755069022
27550293671
1781755070019
27569610457
1781755071019
27588955991
1781755072022
27608318707
1781755073018
27627764196
1781755074021
27647020669
1781755075017
27666816498
1781755076020
27686121349
1781755077019
27705418520
1781755078020
27724745924
1781755079020
27744010398
1781755080019
27763287863
1781755081020
27782642026
1781755082020
27801948347
1781755083020
27821375078
1781755084021
27840607346
1781755085015
27859905787
1781755086020
27879097878
1781755087022
27898247220
1781755088020
27917552347
1781755089023
27936912232
1781755090022
27956105623
1781755091019
27975766598
1781755092018
27995068557
1781755093018
28014377968
1781755094022
28033829914
1781755095015
28053382381
1781755096020
28072773494
1781755097022
28092222073
1781755098018
28111487374
1781755099018
28130808337
1781755100023
28149889732
1781755101019
28169149571
1781755102023
28188346588
1781755103023
28207654606
1781755104020
28226858493
1781755105017
28246268685
1781755106019
28266008363
1781755107020
28285716645
1781755108019
28304849340
1781755109020
28324176331
1781755110021
28343522691
1781755111020
28362760927
1781755112019
28382176688
1781755113021
28401496595
1781755114019
28420758377
1781755115018
28440155074
1781755116022
28459384435
1781755117019
28478697595
1781755118022
28498053992
1781755119020
28517330554
1781755120022
28536690470
1781755121022
28555970444
1781755122019
28575600543
1781755123019
28595053284
1781755124020
28614361532
1781755125016
28633962699
1781755126023
28653534321
1781755127022
28672914387
1781755128023
28692264894
1781755129019
28711514007
1781755130022
28730631097
1781755131020
28749990585
1781755132019
28769197517
1781755133019
28788396890
1781755134018
28807724829
1781755135015
28826917532
1781755136019
28846122750
1781755137020
28865757148
1781755138021
28884885208
1781755139022
28904116068
1781755140021
28923292170
1781755141019
28942553478
1781755142023
28961889297
1781755143022
28981090368
1781755144019
29000241960
1781755145016
29019482643
1781755146019
29038693721
1781755147019
29058041061
1781755148019
29077255045
1781755149019
29096601589
1781755150025
29115836734
1781755151019
29135184502
1781755152022
29154668134
1781755153018
29174106524
1781755154021
29193283008
1781755155016
29211941297
1781755156023
29230885696
1781755157020
29249839596
1781755158020
29269660945
1781755159021
29288824363
1781755160022
29307973675
1781755161019
29327413733
1781755162016
29346709710
1781755163019
29366118234
1781755164021
29385541982
1781755165015
29404982835
1781755166020
29424498368
1781755167020
29444181022
1781755168021
29463760279
1781755169021
29483111000
1781755170022
29502366586
1781755171019
29521713635
1781755172019
29541195400
1781755173024
29560468978
1781755174021
29579772162
1781755175015
29599152963
1781755176020
29618345451
1781755177020
29637656224
1781755178019
29656942073
1781755179022
29676314198
1781755180021
29695684136
1781755181021
29714954639
1781755182019
29734395783
1781755183023
29753995710
1781755184020
29773276954
1781755185015
29792753043
1781755186022
29812212149
1781755187020
29831805482
1781755188022
29851151246
1781755189019
29870619853
1781755190020
29890081162
1781755191021
29909409545
1781755192024
29928997906
1781755193023
29948331384
1781755194020
29967599316
1781755195015
29987422899
1781755196022
30006713644
1781755197020
30026027430
1781755198020
30045718806
1781755199019
30064653306
1781755200022
30083074368
1781755201017
30101739067
1781755202021
30120472969
1781755203020
30139854550
1781755204019
30159173385
1781755205015
30178566105
1781755206020
30197964852
1781755207021
30217260294
1781755208019
30236613157
1781755209022
30255941250
1781755210022
30275212043
1781755211021
30294586265
1781755212019
30313962460
1781755213019
30333285106
1781755214017
30352959758
1781755215017
30372307373
1781755216020
30391610863
1781755217020
30411327529
1781755218020
30430662384
1781755219022
30450095939
1781755220021
30469432033
1781755221018
30488757479
1781755222021
30508082190
1781755223019
30527442917
1781755224019
30546546925
1781755225015
30565601713
1781755226022
30585225769
1781755227018
30605011484
1781755228020
30624355809
1781755229019
30644215944
1781755230020
30663656200
1781755231021
30682979289
1781755232022
30702267540
1781755233019
30721634372
1781755234020
30740851188
1781755235016
30760256392
1781755236019
30779721954
1781755237020
30799030784
1781755238020
30818472984
1781755239021
30837741589
1781755240020
30857085089
1781755241019
30876514375
1781755242019
30895863933
1781755243020
30915160094
1781755244022
30934712469
1781755245015
30954217062
1781755246021
30973587107
1781755247020
30993243920
1781755248021
31012523159
1781755249019
31031881346
1781755250019
31051339397
1781755251020
31070664306
1781755252019
31090061754
1781755253021
31109354809
1781755254019
31128652898
1781755255015
31148063931
1781755256021
31167539454
1781755257019
31186924508
1781755258020
31206268191
1781755259019
31225627878
1781755260020
31245615477
1781755261021
31264934526
1781755262020
31284345759
1781755263022
31303759975
1781755264022
31323002739
1781755265015
31342442429
1781755266020
31361845706
1781755267020
31381167204
1781755268021
31400492511
1781755269020
31419861240
1781755270019
31439248650
1781755271022
31458638555
1781755272022
31477919446
1781755273019
31497196375
1781755274020
31516762612
1781755275017
31536157351
1781755276020
31555509189
1781755277020
31574763688
1781755278020
31594393527
1781755279021
31613809824
1781755280023
31633204149
1781755281019
31652573888
1781755282019
31671897283
1781755283020
31691186728
1781755284021
31710415355
1781755285016
31729922289
1781755286021
31749614827
1781755287019
31769542908
1781755288023
31788737019
1781755289020
31808182615
1781755290024
31827664824
1781755291022
31847174711
1781755292021
31866538437
1781755293020
31885803386
1781755294020
31905257060
1781755295015
31924715111
1781755296020
31943989836
1781755297019
31963502829
1781755298021
31982824572
1781755299020
32002158356
1781755300022
32021492369
1781755301019
32040832043
1781755302019
32060209860
1781755303019
32079573387
1781755304020
32098825041
1781755305018
32118611965
1781755306020
32137996223
1781755307020
32157403524
1781755308023
32177128054
1781755309020
32196396277
1781755310019
32215856944
1781755311019
32235259058
1781755312020
32254601624
1781755313019
32274026121
1781755314023
32293264754
1781755315017
32312622590
1781755316020
32331940722
1781755317018
32351508580
1781755318022
32370829236
1781755319020
32390240790
1781755320021
32409542673
1781755321019
32428965090
1781755322022
32448671934
1781755323020
32467987098
1781755324019
32487299752
1781755325015
32506716156
1781755326021
32526026791
1781755327020
32545368347
1781755328021
32564768074
1781755329020
32584142433
1781755330019
32603491134
1781755331019
32623000532
1781755332020
32642339319
1781755333019
32661654084
1781755334021
32680858935
1781755335016
32700628310
1781755336018
32719973706
1781755337019
32739362035
1781755338023
32758974493
1781755339020
32778203854
1781755340020
32797596130
1781755341019
32817124881
1781755342020
32836439800
1781755343019
32855874671
1781755344023
32875070480
1781755345016
32894625517
1781755346019
32914111811
1781755347017
32933902300
1781755348019
32953431969
1781755349019
32972816733
1781755350022
32992140526
1781755351021
33011493343
1781755352023
33031031672
1781755353018
33050290318
1781755354019
33069561479
1781755355018
33088876826
1781755356018
33108165964
1781755357019
33127541930
1781755358022
33146792268
1781755359019
33166210661
1781755360023
33185515313
1781755361022
33204805844
1781755362019
33224328613
1781755363022
33243487549
1781755364020
33262701029
1781755365017
33282315292
1781755366023
33301886073
1781755367023
33321196861
1781755368022
33340531838
1781755369021
33360188207
1781755370022
33379594299
1781755371022
33399013166
1781755372022
33418316258
1781755373020
33437650730
1781755374020
33456948253
1781755375017
33476403549
1781755376021
33495791357
1781755377018
33515253676
1781755378022
33534487719
1781755379022
33553939007
1781755380019
33573300989
1781755381021
33592627215
1781755382022
33611914089
1781755383019
33631781016
1781755384021
33650996378
1781755385015
33670475496
1781755386022
33689805578
1781755387021
33709150194
1781755388019
33728578302
1781755389023
33747952141
1781755390022
33767236980
1781755391019
33786695337
1781755392024
33805938392
1781755393020
33825252163
1781755394019
33844556647
1781755395016
33864215908
1781755396021
33883566430
1781755397022
33902990836
1781755398018
33922594374
1781755399021
33942120219
1781755400020
33961826833
1781755401022
33981158383
1781755402022
34000668897
1781755403020
34020111770
1781755404023
34039381064
1781755405015
34059007720
1781755406021
34078564257
1781755407023
34098295764
1781755408020
34117569327
1781755409023
34136964984
1781755410020
34156320096
1781755411020
34175646429
1781755412019
34194972976
1781755413020
34214739994
1781755414023
34234011125
1781755415015
34253523903
1781755416022
34272867984
1781755417020
34292286453
1781755418023
34311559251
1781755419019
34330875226
1781755420020
34350309026
1781755421023
34369665132
1781755422023
34388891189
1781755423020
34408306215
1781755424019
34427642967
1781755425017
34447025283
1781755426020
34466310489
1781755427018
34485636623
1781755428021
34505383002
1781755429021
34524969633
1781755430021
34544622116
1781755431021
34564075668
1781755432020
34583654451
1781755433015
34603233004
1781755434020
34622559215
1781755435017
34641950771
1781755436020
34661279215
1781755437020
34680562417
1781755438018
34699773939
1781755439020
34719181591
1781755440019
34737929324
1781755441019
34756329517
1781755442023
34774918665
1781755443020
34794066294
1781755444020
34813687212
1781755445015
34833118534
1781755446020
34852461712
1781755447019
34871842497
1781755448022
34891098236
1781755449021
34910291596
1781755450021
34929636564
1781755451019
34948921158
1781755452020
34968268988
1781755453022
34987598977
1781755454020
35006795107
1781755455017
35026209414
1781755456022
35045506555
1781755457019
35064899917
1781755458022
35084597412
1781755459025
35103965024
1781755460019
35123378766
1781755461023
35143149242
1781755462022
35162384020
1781755463018
35182150686
1781755464020
35201462530
1781755465015
35220921804
1781755466019
35240599762
1781755467021
35260342958
1781755468018
35279757189
1781755469022
35299044109
1781755470019
35318596071
1781755471021
35338009859
1781755472020
35357353740
1781755473019
35376753957
1781755474021
35396066458
1781755475015
35415727983
1781755476020
35435094417
1781755477020
35454569130
1781755478023
35473863669
1781755479021
35493260825
1781755480021
35512705136
1781755481021
35531981132
1781755482020
35551368068
1781755483019
35570784548
1781755484022
35590051180
1781755485016
35609500051
1781755486020
35628858192
1781755487021
35648290875
1781755488023
35667599001
1781755489021
35687212239
1781755490022
35706514505
1781755491020
35726268320
1781755492022
35745576155
1781755493019
35764967834
1781755494018
35784405290
1781755495015
35803888876
1781755496022
35823242321
1781755497021
35842678783
1781755498020
35862014586
1781755499019
35881376430
1781755500021
35900839116
1781755501020
35920423239
1781755502022
35939681609
1781755503020
35959055050
1781755504021
35978326701
1781755505016
35998111253
1781755506022
36017362111
1781755507019
36036733227
1781755508020
36056078853
1781755509019
36075459179
1781755510020
36094792458
1781755511019
36114217537
1781755512023
36133552285
1781755513021
36152855438
1781755514022
36172100727
1781755515015
36191522654
1781755516019
36210912864
1781755517022
36230223453
1781755518019
36249556946
1781755519020
36268854316
1781755520019
36288559262
1781755521020
36307920678
1781755522020
36327610646
1781755523020
36346990299
1781755524019
36366373762
1781755525017
36385951917
1781755526019
36405546413
1781755527020
36425307556
1781755528018
36444674694
1781755529020
36464050553
1781755530022
36483321852
1781755531019
36502874334
1781755532020
36522323724
1781755533019
36541729602
1781755534021
36561156210
1781755535016
36580529499
1781755536022
36600323063
1781755537019
36619636054
1781755538020
36639022806
1781755539019
36658344702
1781755540019
36677665695
1781755541018
36697153749
1781755542023
36709606587
1781755543021
36720092228
1781755544019
36731043279
1781755545017
36740535966
1781755546023
36749419268
1781755547023
36758147092
1781755548024
36767420605
1781755549018
36784005193
1781755550024
36801671247
1781755551020
36820283895
1781755552020
36839771551
1781755553022
36859252644
1781755554020
36878535769
1781755555017
36898146009
1781755556020
36917444817
1781755557019
36936740503
1781755558016
36956165628
1781755559021
36975478313
1781755560020
36994876525
1781755561019
37014261579
1781755562022
37033759548
1781755563019
37053059717
1781755564020
37072489554
1781755565015
37091996748
1781755566022
37111341717
1781755567020
37131239458
1781755568021
37150625859
1781755569020
37169848442
1781755570020
37189178707
1781755571019
37208515413
1781755572020
37227886621
1781755573020
37247221644
1781755574020
37266495192
1781755575016
37285901467
1781755576022
37305248210
1781755577019
37324622722
1781755578022
37343921362
1781755579019
37363346303
1781755580024
37382600083
1781755581021
37402108776
1781755582022
37421614502
1781755583019
37441337349
1781755584020
37460695521
1781755585017
37480533899
1781755586023
37499954893
1781755587019
37519783907
1781755588019
37539183618
1781755589020
37558554688
1781755590020
37577834616
1781755591019
37597129308
1781755592019
37616653531
1781755593021
37635939549
1781755594022
37655146725
1781755595016
37674632774
1781755596019
37693977100
1781755597019
37713234261
1781755598019
37733092391
1781755599021
37752273864
1781755600019
37771671540
1781755601019
37791140805
1781755602019
37810403781
1781755603022
37829784704
1781755604021
37849009399
1781755605016
37868397299
1781755606022
37887607489
1781755607019
37906865721
1781755608019
37926125377
1781755609019
37945280380
1781755610019
37964479034
1781755611019
37983793311
1781755612019
38003423991
1781755613020
38023119513
1781755614020
38042382870
1781755615016
38061752028
1781755616020
38081144961
1781755617019
38100524661
1781755618023
38119748896
1781755619019
38139155217
1781755620021
38158260480
1781755621019
38177499909
1781755622019
38196670763
1781755623018
38215934687
1781755624023
38235284873
1781755625017
38254518181
1781755626020
38273695584
1781755627019
38292929091
1781755628020
38312306710
1781755629019
38331916873
1781755630019
38351340024
1781755631022
38370863574
1781755632021
38390222174
1781755633020
38409501566
1781755634019
38428829123
1781755635016
38448268079
1781755636020
38467548144
1781755637019
38486948116
1781755638021
38506218787
1781755639018
38525623946
1781755640021
38544903843
1781755641019
38564256782
1781755642020
38583591974
1781755643020
38603387236
1781755644020
38623019630
1781755645016
38642649606
1781755646022
38662313977
1781755647019
38681939349
1781755648018
38701198606
1781755649021
38720361688
1781755650021
38739485525
1781755651018
38758891479
1781755652022
38778221468
1781755653021
38797517935
1781755654019
38816995401
1781755655016
38836417803
1781755656020
38855827582
1781755657022
38875118740
1781755658019
38894479314
1781755659020
38914133495
1781755660019
38932542899
1781755661020
38950879796
1781755662020
38969912078
1781755663019
38989144147
1781755664019
39008347820
1781755665016
39027786179
1781755666020
39046996063
1781755667020
39066233702
1781755668020
39085590742
1781755669018
39104981472
1781755670020
39124329959
1781755671019
39143750020
1781755672025
39162979687
1781755673019
39182659725
1781755674020
39201815830
1781755675017
39221509516
1781755676020
39240832926
1781755677019
39260380833
1781755678020
39279685700
1781755679019
39298923844
1781755680020
39318214237
1781755681020
39337533730
1781755682020
39356746338
1781755683019
39376142362
1781755684022
39395398667
1781755685017
39414954408
1781755686019
39434328002
1781755687019
39453636097
1781755688019
39473012522
1781755689021
39492484649
1781755690020
39512065986
1781755691019
39531449556
1781755692020
39550703352
1781755693020
39570010774
1781755694022
39589264845
1781755695016
39608654305
1781755696019
39627987951
1781755697019
39647331925
1781755698021
39666568079
1781755699019
39686177064
1781755700020
39705433598
1781755701020
39724780066
1781755702019
39744294787
1781755703018
39763646120
1781755704020
39783281620
1781755705016
39802797367
1781755706021
39822588651
1781755707020
39842529248
1781755708020
39861701586
1781755709017
39880932600
1781755710020
39900125073
1781755711019
39919454971
1781755712021
39938765040
1781755713019
39958100353
1781755714019
39977359213
1781755715016
39996712413
1781755716019
40016022435
1781755717023
40035265031
1781755718019
40054606878
1781755719020
40073923633
1781755720019
40093561443
1781755721019
40112933202
1781755722022
40132202159
1781755723020
40151539018
1781755724019
40170777147
1781755725017
40190148660
1781755726018
40209472927
1781755727019
40228688197
1781755728020
40247910781
1781755729022
40267099597
1781755730019
40286314836
1781755731022
40305610998
1781755732019
40324776252
1781755733022
40343995806
1781755734022
40363126207
1781755735015
40382669769
1781755736020
40402293518
1781755737020
40421694882
1781755738022
40440985015
1781755739016
40460278330
1781755740019
40479454769
1781755741019
40498563658
1781755742020
40517882999
1781755743019
40537150533
1781755744019
40556480722
1781755745016
40575854117
1781755746020
40595280527
1781755747019
40614731387
1781755748023
40634013778
1781755749021
40653312739
1781755750022
40672702781
1781755751019
40692264091
1781755752022
40711585344
1781755753022
40730893102
1781755754020
40750166084
1781755755016
40769609064
1781755756020
40788959188
1781755757020
40808284021
1781755758022
40827644687
1781755759019
40846945331
1781755760024
40866102767
1781755761020
40885453932
1781755762022
40904600153
1781755763019
40923990440
1781755764021
40943314783
1781755765017
40962911574
1781755766022
40982660707
1781755767019
41003113395
1781755768019
41022500882
1781755769019
41041748404
1781755770021
41060380851
1781755771019
41079273995
1781755772020
41098506248
1781755773021
41117668534
1781755774019
41136848538
1781755775015
41155282391
1781755776021
41173509006
1781755777019
41192503145
1781755778023
41211677946
1781755779022
41230945450
1781755780019
41250267637
1781755781020
41269657694
1781755782020
41289114643
1781755783020
41308358447
1781755784022
41327456580
1781755785017
41346888713
1781755786022
41366154840
1781755787023
41385304366
1781755788020
41404587399
1781755789020
41423747880
1781755790020
41443052533
1781755791021
41462358333
1781755792019
41481674231
1781755793019
41501041889
1781755794020
41520182633
1781755795016
41539565101
1781755796019
41559236617
1781755797022
41578694897
1781755798019
41598110061
1781755799019
41617447487
1781755800019
41636733504
1781755801023
41656226530
1781755802021
41675490959
1781755803019
41694799513
1781755804019
41714206584
1781755805016
41733538593
1781755806021
41752838870
1781755807019
41772073265
1781755808020
41791601313
1781755809021
41810863829
1781755810019
41830136749
1781755811019
41849403948
1781755812019
41869048153
1781755813022
41888289831
1781755814019
41907550710
1781755815016
41926827792
1781755816019
41945957627
1781755817020
41965271888
1781755818019
41984393445
1781755819019
42003626479
1781755820020
42022929984
1781755821020
42042242654
1781755822020
42061589703
1781755823022
42080912608
1781755824023
42100110161
1781755825016
42119767800
1781755826020
42139542667
1781755827019
42159277892
1781755828019
42178949959
1781755829018
42198392266
1781755830019
42217768629
1781755831020
42237100455
1781755832020
42255414891
1781755833018
42273993727
1781755834021
42293037760
1781755835016
42312513007
1781755836022
42331828615
1781755837019
42351085424
1781755838020
42370553313
1781755839019
42389998389
1781755840022
42409294182
1781755841021
42428661534
1781755842019
42448167856
1781755843021
42467687153
1781755844021
42487010961
1781755845018
42506313410
1781755846019
42525714162
1781755847021
42545043861
1781755848018
42564371310
1781755849019
42583709332
1781755850022
42602956426
1781755851020
42622245198
1781755852021
42641602390
1781755853021
42660876535
1781755854019
42680211145
1781755855016
42699674642
1781755856026
42718850897
1781755857019
42738593344
1781755858019
42758283847
1781755859022
42777555926
1781755860020
42796914465
1781755861018
42816267879
1781755862022
42835610491
1781755863020
42854993296
1781755864021
42874286259
1781755865018
42893664994
1781755866019
42912992352
1781755867021
42932371791
1781755868022
42951883116
1781755869019
42971378636
1781755870020
42990757723
1781755871023
43010204391
1781755872021
43029458339
1781755873019
43049248415
1781755874018
43068546565
1781755875016
43087890844
1781755876020
43107300990
1781755877020
43126631806
1781755878023
43145962836
1781755879019
43165359702
1781755880020
43184679608
1781755881022
43204058374
1781755882023
43223330744
1781755883020
43242647896
1781755884020
43261952212
1781755885016
43281562712
1781755886022
43300414576
1781755887021
43319716689
1781755888020
43339400996
1781755889023
43359084614
1781755890020
43378578023
1781755891019
43397916642
1781755892020
43417268005
1781755893019
43436656104
1781755894021
43455915514
1781755895015
43475304302
1781755896020
43494639111
1781755897019
43514108697
1781755898021
43533494302
1781755899020
43552963598
1781755900019
43572469124
1781755901024
43591938313
1781755902020
43611409017
1781755903021
43630756448
1781755904020
43650422471
1781755905015
43670068023
1781755906020
43689412701
1781755907019
43708740946
1781755908020
43728090443
1781755909020
43747474563
1781755910021
43766732383
1781755911019
43786056130
1781755912021
43805374308
1781755913021
43824722657
1781755914020
43844051285
1781755915018
43863490210
1781755916023
43882869894
1781755917019
43902206845
1781755918019
43921846414
1781755919020
43941511963
1781755920017
43961058295
1781755921019
43980452667
1781755922020
43999841943
1781755923021
44019173386
1781755924019
44038518385
1781755925016
44057916062
1781755926019
44077284117
1781755927021
44096668789
1781755928024
44115877220
1781755929018
44135254486
1781755930018
44154606814
1781755931020
44174088839
1781755932019
44193411408
1781755933018
44212701021
1781755934019
44232033229
1781755935018
44251965074
1781755936019
44271213132
1781755937018
44290557963
1781755938019
44309928482
1781755939021
44329175560
1781755940019
44348611732
1781755941019
44367986443
1781755942020
44387306549
1781755943021
44406679271
1781755944021
44425977008
1781755945016
44445493504
1781755946020
44465144993
1781755947020
44484867886
1781755948020
44504379395
1781755949019
44523833513
1781755950017
44543604785
1781755951020
44563222965
1781755952019
44582565118
1781755953019
44601942537
1781755954020
44621271900
1781755955014
44640710917
1781755956021
44660043981
1781755957020
44679397288
1781755958020
44698708504
1781755959022
44718056563
1781755960020
44737388572
1781755961019
44756887504
1781755962019
44776248246
1781755963019
44795617970
1781755964020
44814975821
1781755965017
44834769951
1781755966020
44854153123
1781755967020
44873518058
1781755968019
44892837980
1781755969018
44912235442
1781755970019
44931688199
1781755971020
44950940877
1781755972020
44970260478
1781755973019
44989826393
1781755974020
45009171193
1781755975017
45028569466
1781755976020
45047962522
1781755977022
45067272652
1781755978017
45086726908
1781755979020
45106410282
1781755980019
45126123521
1781755981019
45145581877
1781755982021
45164904171
1781755983019
45184199766
1781755984019
45203421630
1781755985015
45222791736
1781755986024
45242119874
1781755987019
45261443575
1781755988019
45280830328
1781755989020
45300156676
1781755990019
45319475175
1781755991021
45338856756
1781755992021
45358319213
1781755993021
45377645301
1781755994022
45396933337
1781755995015
45416375935
1781755996019
45436074057
1781755997021
45455423661
1781755998022
45474633439
1781755999020
45494042988
1781756000023
45513326313
1781756001020
45532561197
1781756002019
45551866232
1781756003021
45571221084
1781756004020
45590438909
1781756005015
45609997710
1781756006023
45629179932
1781756007019
45649152078
1781756008019
45668263905
1781756009020
45687702111
1781756010020
45707267567
1781756011022
45726831800
1781756012018
45746328330
1781756013018
45765686180
1781756014022
45784832157
1781756015016
45804291813
1781756016022
45823631962
1781756017020
45842931902
1781756018020
45862322005
1781756019023
45881472602
1781756020019
45900812583
1781756021022
45920032902
1781756022020
45939514453
1781756023019
45958895376
1781756024022
45978116215
1781756025015
45997482144
1781756026019
46017105113
1781756027019
46036626689
1781756028019
46056054201
1781756029021
46075427826
1781756030020
46094763599
1781756031022
46114095455
1781756032019
46133424572
1781756033020
46152852665
1781756034023
46172158664
1781756035017
46191575726
1781756036023
46210919240
1781756037020
46230245848
1781756038020
46249645713
1781756039020
46269053013
1781756040019
46288762550
1781756041019
46308224196
1781756042018
46326789996
1781756043020
46346110943
1781756044019
46365375066
1781756045015
46384811956
1781756046020
46404178926
1781756047020
46423483946
1781756048019
46442866934
1781756049020
46462142563
1781756050019
46480577120
1781756051018
46499828115
1781756052022
46519104111
1781756053019
46538630338
1781756054019
46557954483
1781756055017
46577325721
1781756056020
46596567781
1781756057019
46616276048
1781756058019
46635648525
1781756059023
46654896675
1781756060023
46674074047
1781756061020
46693497611
1781756062021
46712718833
1781756063018
46732128122
1781756064020
46751431581
1781756065016
46770899684
1781756066021
46790285794
1781756067019
46809970590
1781756068019
46829227966
1781756069019
46848516003
1781756070020
46867922599
1781756071020
46887456400
1781756072023
46907326066
1781756073022
46926656361
1781756074021
46945876053
1781756075016
46965341585
1781756076020
46984589796
1781756077022
47003836676
1781756078021
47023041802
1781756079021
47042364004
1781756080019
47061600174
1781756081019
47080734996
1781756082020
47099943014
1781756083018
47118845261
1781756084020
47137120805
1781756085016
47155648906
1781756086022
47174176273
1781756087024
47193407516
1781756088022
47212970922
1781756089020
47231781094
1781756090020
47250694128
1781756091018
47269986449
1781756092022
47289275159
1781756093019
47308607841
1781756094020
47327834754
1781756095017
47347220038
1781756096021
47366547748
1781756097019
47385690450
1781756098019
47405000442
1781756099020
47424306900
1781756100019
47443565561
1781756101015
47463392112
1781756102019
47482956207
1781756103020
47502436855
1781756104019
47521800474
1781756105015
47541224466
1781756106021
47560754825
1781756107022
47580001536
1781756108022
47599306051
1781756109020
47618776816
1781756110019
47637978025
1781756111020
47657249890
1781756112022
47676414073
1781756113019
47695589823
1781756114022
47714891477
1781756115015
47734264184
1781756116019
47753559595
1781756117019
47772860913
1781756118019
47792600315
1781756119021
47812013597
1781756120019
47831386090
1781756121019
47850827234
1781756122021
47870185819
1781756123020
47889426778
1781756124021
47908438466
1781756125016
47927804211
1781756126021
47946348653
1781756127019
47965787028
1781756128018
47985038528
1781756129018
48004227620
1781756130020
48023424101
1781756131017
48043033086
1781756132019
48062614638
1781756133021
48082246420
1781756134020
48101518132
1781756135016
48120827803
1781756136022
48140058480
1781756137019
48159034244
1781756138018
48178195260
1781756139020
48197411402
1781756140022
48216783711
1781756141022
48236088700
1781756142020
48255135181
1781756143019
48274273293
1781756144021
48293766273
1781756145015
48312893385
1781756146019
48332176648
1781756147020
48351402230
1781756148020
48370638216
1781756149020
48385017126
1781756150025
48395830309
1781756151020
48405440254
1781756152024
48415925283
1781756153023
48425243197
1781756154023
48435073631
1781756155018
48444273138
1781756156023
48460884700
1781756157024
48478120655
1781756158025
48496665892
1781756159023
48515877077
1781756160020
48535177415
1781756161019
48554532864
1781756162021
48574121637
1781756163018
48593665628
1781756164019
48613125728
1781756165018
48632761044
1781756166020
48652002355
1781756167020
48671289963
1781756168020
48690720153
1781756169022
48709580310
1781756170020
48728613249
1781756171019
48747205641
1781756172019
48766459681
1781756173021
48785744169
1781756174022
48805152157
1781756175016
48824581719
1781756176022
48843871883
1781756177018
48863357550
1781756178019
48882711132
1781756179019
48902430980
1781756180022
48921699051
1781756181019
48941049557
1781756182020
48960403705
1781756183021
48979631766
1781756184018
48998902682
1781756185016
49018429904
1781756186021
49037797057
1781756187020
49057555508
1781756188019
49076783752
1781756189020
49096241986
1781756190023
49115513376
1781756191021
49134708420
1781756192020
49154109539
1781756193019
49173787313
1781756194021
49193392243
1781756195017
49212873182
1781756196019
49232105711
1781756197019
49251495906
1781756198020
49270796733
1781756199020
49289880928
1781756200020
49309128542
1781756201019
49328412754
1781756202022
49347749399
1781756203021
49367108504
1781756204023
49386283857
1781756205016
49405754055
1781756206019
49425204134
1781756207020
49444500907
1781756208020
49464019286
1781756209021
49483399643
1781756210022
49502983643
1781756211021
49522478168
1781756212023
49541730663
1781756213020
49561159965
1781756214020
49580332288
1781756215015
49599572191
1781756216019
49618844453
1781756217022
49638052655
1781756218020
49657259112
1781756219022
49676420970
1781756220020
49695677504
1781756221020
49714954127
1781756222021
49734093325
1781756223019
49753325609
1781756224022
49773075277
1781756225015
49792578478
1781756226019
49811974487
1781756227019
49831343292
1781756228021
49850545634
1781756229020
49869976542
1781756230023
49889282005
1781756231019
49908532389
1781756232022
49927740835
1781756233019
49946973409
1781756234020
49966226761
1781756235017
49985648856
1781756236023
50005090582
1781756237020
50024479430
1781756238021
50043743874
1781756239019
50063059069
1781756240020
50082385386
1781756241021
50102131352
1781756242019
50121380313
1781756243019
50140635439
1781756244019
50159744634
1781756245016
50179432032
1781756246021
50198896814
1781756247019
50218583814
1781756248018
50237963207
1781756249019
50257252024
1781756250020
50276643810
1781756251022
50295913624
1781756252019
50315239773
1781756253019
50334661180
1781756254021
50354048070
1781756255017
50374039892
1781756256019
50393655532
1781756257021
50412971048
1781756258019
50432299630
1781756259019
50451714641
1781756260022
50471036552
1781756261019
50490461356
1781756262024
50509802881
1781756263020
50529132045
1781756264019
50548472820
1781756265016
50567870466
1781756266020
50587213583
1781756267020
50606706487
1781756268019
50626094601
1781756269020
50645416879
1781756270019
50664778173
1781756271019
50684151231
1781756272022
50703769855
1781756273019
50723119842
1781756274019
50742382618
1781756275015
50762110454
1781756276022
50781449256
1781756277019
50800843903
1781756278020
50820331284
1781756279019
50839637634
1781756280019
50859002232
1781756281023
50878278090
1781756282019
50897677894
1781756283023
50916954960
1781756284020
50936224821
1781756285016
50956156437
1781756286022
50975647948
1781756287019
50995136507
1781756288022
51014509260
1781756289020
51033883298
1781756290020
51053187951
1781756291020
51072612815
1781756292023
51091856375
1781756293021
51111090112
1781756294020
51130361686
1781756295016
51149784929
1781756296020
51169198854
1781756297022
51188786863
1781756298020
51208079046
1781756299019
51227568369
1781756300022
51246869993
1781756301023
51266137864
1781756302021
51285873227
1781756303018
51304299201
1781756304021
51322680070
1781756305016
51342187968
1781756306022
51361664225
1781756307021
51381600263
1781756308019
51400972113
1781756309019
51420358712
1781756310018
51439702563
1781756311020
51458905440
1781756312016
51478442760
1781756313019
51497754680
1781756314022
51516969813
1781756315015
51536494357
1781756316020
51556584588
1781756317020
51576123453
1781756318022
51595489979
1781756319021
51614808172
1781756320021
51634068791
1781756321019
51653352743
1781756322019
51672695446
1781756323019
51692132903
1781756324020
51711425805
1781756325017
51730804816
1781756326019
51750095331
1781756327019
51769306287
1781756328020
51788802755
1781756329020
51808195062
1781756330022
51827480880
1781756331019
51846883101
1781756332021
51866108132
1781756333019
51885949463
1781756334023
51905131256
1781756335015
51924549450
1781756336019
51943945903
1781756337024
51963242768
1781756338021
51982541958
1781756339019
52001928068
1781756340019
52021216395
1781756341021
52040432430
1781756342019
52059944061
1781756343020
52079319584
1781756344022
52098455569
1781756345015
52118086907
1781756346020
52137940401
1781756347019
52157527477
1781756348021
52177027480
1781756349020
52196408158
1781756350023
52215699959
1781756351021
52234929565
1781756352020
52254287217
1781756353019
52273690937
1781756354020
52292870405
1781756355016
52312288400
1781756356020
52331724449
1781756357022
52350977525
1781756358022
52370563942
1781756359020
52389896058
1781756360019
52409228924
1781756361019
52428649872
1781756362021
52447999140
1781756363020
52467726669
1781756364018
52487072586
1781756365018
52506505972
1781756366020
52526044960
1781756367019
52545866890
1781756368020
52565058736
1781756369020
52584354224
1781756370020
52603595121
1781756371019
52623000050
1781756372022
52642287750
1781756373019
52661578510
1781756374020
52680860565
1781756375016
52700292651
1781756376021
52719784790
1781756377019
52739761373
1781756378018
52759187783
1781756379020
52778958657
1781756380021
52798239059
1781756381019
52817606365
1781756382021
52836932897
1781756383018
52856132025
1781756384019
52875430879
1781756385016
52894865505
1781756386020
52914209540
1781756387019
52933588979
1781756388020
52952854861
1781756389019
52972390605
1781756390023
52991800200
1781756391019
53011238820
1781756392025
53030490473
1781756393019
53049879108
1781756394019
53069414423
1781756395016
53088827124
1781756396020
53108190927
1781756397019
53127527388
1781756398022
53146647308
1781756399020
53165864812
1781756400021
53185033096
1781756401020
53204288758
1781756402021
53223544848
1781756403019
53242917111
1781756404020
53262282474
1781756405018
53281675102
1781756406019
53300939883
1781756407022
53320318389
1781756408021
53340185607
1781756409019
53359922745
1781756410020
53379305534
1781756411020
53398658061
1781756412020
53417982450
1781756413019
53437312317
1781756414022
53456604623
1781756415016
53475946806
1781756416020
53495317341
1781756417021
53514646641
1781756418020
53533882949
1781756419019
53553303943
1781756420020
53572875504
1781756421025
53592082022
1781756422020
53611436614
1781756423019
53630771974
1781756424021
53650085684
1781756425016
53669928789
1781756426022
53689229678
1781756427021
53708869600
1781756428015
53728168653
1781756429020
53747233585
1781756430019
53766526839
1781756431023
53785691451
1781756432020
53805082150
1781756433019
53824477976
1781756434019
53843698708
1781756435015
53862906664
1781756436020
53882092206
1781756437019
53901185719
1781756438023
53920876590
1781756439018
53940297461
1781756440019
53959798091
1781756441021
53979015350
1781756442022
53998267141
1781756443020
54017447237
1781756444019
54036746366
1781756445016
54056205594
1781756446022
54075497181
1781756447019
54095014366
1781756448022
54114284379
1781756449019
54133726456
1781756450020
54153073995
1781756451020
54172273185
1781756452020
54191432655
1781756453018
54210647803
1781756454020
54229882611
1781756455016
54249672105
1781756456023
54268971036
1781756457024
54288268237
1781756458021
54307510420
1781756459020
54326841312
1781756460020
54346178829
1781756461020
54365499455
1781756462020
54384680529
1781756463020
54403854780
1781756464020
54423065032
1781756465016
54442295694
1781756466020
54461381327
1781756467021
54480592634
1781756468021
54500102919
1781756469021
54519915501
1781756470020
54539380956
1781756471020
54558682074
1781756472019
54578015415
1781756473019
54597228772
1781756474019
54616317909
1781756475016
54635561958
1781756476021
54654688106
1781756477019
54674101939
1781756478023
54693410004
1781756479019
54712772551
1781756480019
54732160635
1781756481018
54751697802
1781756482019
54771067785
1781756483019
54790317924
1781756484019
54809430393
1781756485015
54828941427
1781756486022
54848820564
1781756487023
54868523583
1781756488018
54887737706
1781756489019
54907184327
1781756490024
54926408058
1781756491021
54945688582
1781756492020
54964941184
1781756493017
54984303059
1781756494020
55003642458
1781756495018
55022944785
1781756496022
55042111171
1781756497019
55061596655
1781756498025
55080811619
1781756499023
55100335857
1781756500021
55119922687
1781756501021
55139392733
1781756502019
55158652572
1781756503021
55177774634
1781756504020
55196957484
1781756505017
55216326549
1781756506022
55235614203
1781756507020
55254855851
1781756508022
55273976582
1781756509019
55293049715
1781756510020
55312278617
1781756511019
55331886286
1781756512021
55351004876
1781756513019
55370236195
1781756514020
55389523666
1781756515016
55408856807
1781756516023
55428145624
1781756517022
55447819588
1781756518022
55467075602
1781756519023
55486271548
1781756520020
55505512828
1781756521020
55524880410
1781756522019
55544101601
1781756523016
55563345558
1781756524019
55582508885
1781756525015
55601785370
1781756526020
55620997749
1781756527020
55640242272
1781756528022
55659410892
1781756529022
55678615942
1781756530022
55698571258
1781756531020
55717890782
1781756532020
55737142206
1781756533020
55756279201
1781756534022
55775473709
1781756535015
55794840449
1781756536020
55814108596
1781756537020
55833509730
1781756538022
55852835313
1781756539022
55872155128
1781756540021
55891484123
1781756541020
55910905270
1781756542024
55930365202
1781756543022
55949682645
1781756544018
55968921585
1781756545017
55988658738
1781756546020
56008066742
1781756547019
56027931787
1781756548020
56047599754
1781756549019
56066814305
1781756550021
56086084165
1781756551023
56105361308
1781756552022
56124538542
1781756553020
56143793715
1781756554020
56162951289
1781756555014
56182154640
1781756556021
56201397955
1781756557019
56220603341
1781756558019
56239804734
1781756559022
56259011956
1781756560022
56278723298
1781756561019
56298292686
1781756562019
56317745871
1781756563020
56337035285
1781756564020
56356353172
1781756565016
56375738181
1781756566019
56395103482
1781756567020
56414416795
1781756568019
56433778623
1781756569022
56453111122
1781756570020
56472432987
1781756571019
56491857928
1781756572021
56511153891
1781756573019
56530695311
1781756574019
56550023433
1781756575016
56569433274
1781756576022
56588726788
1781756577019
56608097184
1781756578020
56627848934
1781756579019
56647445985
1781756580019
56666808333
1781756581019
56686069656
1781756582020
56705546771
1781756583020
56724846175
1781756584019
56744047997
1781756585015
56763381061
1781756586022
56782720552
1781756587020
56802049317
1781756588019
56821435060
1781756589020
56840747485
1781756590020
56860113919
1781756591021
56879950063
1781756592019
56899592157
1781756593021
56919110979
1781756594020
56938408762
1781756595018
56957784713
1781756596019
56977216447
1781756597023
56996534013
1781756598020
57015844173
1781756599020
57035283696
1781756600023
57054472328
1781756601020
57073851247
1781756602022
57093106756
1781756603019
57112492422
1781756604020
57131976452
1781756605019
57151488634
1781756606020
57171002468
1781756607019
57190948527
1781756608020
57210249860
1781756609019
57229904102
1781756610020
57249250524
1781756611021
57268590366
1781756612023
57287900756
1781756613019
57307504937
1781756614023
57326693202
1781756615016
57346069581
1781756616020
57365261488
1781756617020
57384638831
1781756618023
57403907238
1781756619021
57423179439
1781756620022
57442482945
1781756621020
57461729365
1781756622022
57481519716
1781756623019
57500980429
1781756624018
57519348966
1781756625016
57537793009
1781756626020
57556591752
1781756627023
57575887194
1781756628021
57595270672
1781756629022
57614598856
1781756630020
57633822526
1781756631018
57652632208
1781756632020
57671367288
1781756633022
57690706733
1781756634023
57709844325
1781756635016
57729240027
1781756636018
57748570522
1781756637021
57767860548
1781756638021
57786975909
1781756639019
57806403741
1781756640021
57826037313
1781756641023
57845330812
1781756642020
57864679208
1781756643020
57883967780
1781756644019
57903310851
1781756645018
57922760058
1781756646021
57942171076
1781756647019
57961543982
1781756648020
57980693952
1781756649021
57999982998
1781756650020
58019539351
1781756651022
58038928567
1781756652024
58058730041
1781756653019
58078195971
1781756654019
58097618433
1781756655015
58117177755
1781756656023
58136495565
1781756657019
58155889095
1781756658021
58175190918
1781756659019
58194563487
1781756660019
58213994120
1781756661019
58233394015
1781756662019
58252776238
1781756663021
58272111935
1781756664020
58291413803
1781756665017
58310912046
1781756666020
58330537402
1781756667020
58350203869
1781756668019
58369611674
1781756669019
58388947478
1781756670020
58408206261
1781756671019
58427987922
1781756672020
58447338183
1781756673019
58466565387
1781756674019
58485907494
1781756675017
58505328901
1781756676021
58524675445
1781756677020
58544004823
1781756678020
58563304824
1781756679019
58582665597
1781756680020
58602078283
1781756681019
58621551480
1781756682020
58640970302
1781756683022
58660026880
1781756684020
58679731260
1781756685015
58699146241
1781756686020
58718451690
1781756687021
58737306002
1781756688021
58756024588
1781756689020
58775346530
1781756690022
58794641482
1781756691019
58813962291
1781756692020
58833330225
1781756693020
58852713795
1781756694020
58872057049
1781756695017
58891369857
1781756696019
58910786307
1781756697018
58930297173
1781756698019
58949672985
1781756699019
58969010625
1781756700023
58988358255
1781756701021
59007542803
1781756702020
59027049767
1781756703019
59046329970
1781756704018
59065713877
1781756705017
59084989643
1781756706023
59104147814
1781756707019
59123349711
1781756708020
59142692997
1781756709020
59162053356
1781756710019
59181280775
1781756711022
59200601309
1781756712019
59219883853
1781756713021
59239530338
1781756714022
59258836123
1781756715016
59278671410
1781756716020
59297972758
1781756717019
59317308194
1781756718020
59336789485
1781756719020
59356148636
1781756720020
59375454482
1781756721021
59394658415
1781756722020
59413927480
1781756723019
59433381139
1781756724022
59452516436
1781756725015
59471897068
1781756726020
59490539506
1781756727019
59510263700
1781756728022
59529401292
1781756729021
59548554811
1781756730020
59567844271
1781756731019
59587085291
1781756732021
59606628822
1781756733020
59626004375
1781756734019
59645236735
1781756735015
59664634534
1781756736022
59683924208
1781756737021
59703136066
1781756738024
59722342875
1781756739020
59741578387
1781756740022
59760847253
1781756741019
59780249811
1781756742023
59799407553
1781756743021
59818607079
1781756744020
59838345471
1781756745016
59858132135
1781756746020
59877490797
1781756747020
59896747300
1781756748022
59915967849
1781756749022
59935162203
1781756750020
59954367574
1781756751018
59973659008
1781756752019
59993087040
1781756753019
60012293986
1781756754020
60031473011
1781756755016
60050739903
1781756756019
60062370443
1781756757020
60072665354
1781756758020
60082403697
1781756759020
60092209023
1781756760024
60100734734
1781756761021
60109265998
1781756762018
60119418895
1781756763018
60136133150
1781756764022
60153596754
1781756765016
60172970379
1781756766022
60192120578
1781756767019
60211521468
1781756768022
60230831016
1781756769020
60250174760
1781756770023
60269444208
1781756771019
60288616026
1781756772019
60307827425
1781756773019
60327048998
1781756774020
60345641053
1781756775017
60364713177
1781756776020
60383609809
1781756777022
60401832231
1781756778020
60420060085
1781756779018
60438899832
1781756780019
60458082436
1781756781018
60477443806
1781756782020
60496820323
1781756783020
60516165168
1781756784019
60535406387
1781756785016
60554998710
1781756786024
60574464487
1781756787020
60594229639
1781756788021
60613612521
1781756789020
60632973401
1781756790019
60652266257
1781756791019
60671605564
1781756792022
60690921768
1781756793019
60710142868
1781756794022
60729740928
1781756795016
60749032469
1781756796015
60768418395
1781756797020
60787801797
1781756798022
60807116502
1781756799020
60826439514
1781756800020
60845794381
1781756801019
60865159484
1781756802022
60884503335
1781756803021
60903832912
1781756804023
60922938052
1781756805016
60942671686
1781756806019
60961397892
1781756807021
60980906646
1781756808021
61000220816
1781756809018
61019528742
1781756810019
61038889714
1781756811019
61058321892
1781756812022
61077559623
1781756813019
61096918254
1781756814021
61116111507
1781756815016
61135558266
1781756816020
61155095448
1781756817020
61174387295
1781756818020
61193686485
1781756819020
61213313126
1781756820020
61232582084
1781756821020
61251913710
1781756822020
61271154853
1781756823019
61290377926
1781756824019
61309977593
1781756825017
61329363993
1781756826020
61348720391
1781756827020
61368120791
1781756828020
61387434394
1781756829020
61406777373
1781756830020
61426147785
1781756831021
61445361601
1781756832019
61464697007
1781756833019
61483132421
1781756834023
61501551081
1781756835016
61521038706
1781756836023
61540673288
1781756837020
61560371961
1781756838020
61579675727
1781756839019
61598975193
1781756840019
61618320161
1781756841020
61637668632
1781756842022
61656885662
1781756843021
61676002369
1781756844020
61695179573
1781756845016
61714719968
1781756846020
61734196776
1781756847022
61753931619
1781756848022
61773311502
1781756849019
61792583626
1781756850019
61812125046
1781756851020
61831427894
1781756852020
61850652359
1781756853019
61870163363
1781756854020
61889287827
1781756855017
61908838733
1781756856020
61928214240
1781756857021
61947546601
1781756858021
61966744597
1781756859020
61986105432
1781756860020
62005283002
1781756861020
62024680098
1781756862022
62043860973
1781756863018
62063046653
1781756864020
62082299943
1781756865016
62100789427
1781756866021
62119160749
1781756867020
62138314819
1781756868020
62157832769
1781756869023
62176994489
1781756870022
62196141950
1781756871022
62215252981
1781756872018
62234595623
1781756873020
62253732297
1781756874019
62272830843
1781756875016
62292063739
1781756876019
62311332115
1781756877019
62330665042
1781756878021
62349753108
1781756879020
62368870412
1781756880020
62388183082
1781756881019
62407415932
1781756882020
62426700648
1781756883022
62446204140
1781756884023
62465263136
1781756885014
62484625546
1781756886024
62504236948
1781756887019
62523448148
1781756888022
62542668314
1781756889019
62561773241
1781756890023
62580873852
1781756891019
62600144585
1781756892022
62619334120
1781756893022
62638530587
1781756894022
62657620718
1781756895016
62676939921
1781756896021
62696257334
1781756897021
62716013489
1781756898019
62735509805
1781756899019
62754734898
1781756900022
62773841216
1781756901021
62793015773
1781756902019
62812370105
1781756903022
62831441708
1781756904020
62850615362
1781756905016
62870078905
1781756906021
62889434231
1781756907019
62909269472
1781756908022
62928179140
1781756909020
62947363887
1781756910019
62966651357
1781756911019
62985937512
1781756912020
63005352462
1781756913021
63024561612
1781756914020
63043785496
1781756915015
63063243945
1781756916022
63082495782
1781756917018
63102294609
1781756918020
63121641076
1781756919020
63140840710
1781756920019
63160390698
1781756921020
63179697661
1781756922020
63199034520
1781756923019
63218374378
1781756924020
63237562123
1781756925015
63256838348
1781756926020
63276223372
1781756927022
63295785018
1781756928021
63315331197
1781756929021
63334778094
1781756930020
63353971056
1781756931019
63373310883
1781756932020
63392641041
1781756933019
63411948325
1781756934021
63431189559
1781756935015
63450472440
1781756936020
63469815526
1781756937021
63489113676
1781756938019
63508257450
1781756939021
63527531349
1781756940019
63546695073
1781756941020
63565874985
1781756942019
63585339018
1781756943019
63604410575
1781756944018
63623551931
1781756945016
63642822327
1781756946020
63662016666
1781756947020
63681670220
1781756948019
63700937342
1781756949023
63720119181
1781756950021
63739376694
1781756951020
63758916860
1781756952019
63778273762
1781756953019
63797553797
1781756954020
63816956370
1781756955019
63836265398
1781756956020
63855515093
1781756957023
63874825651
1781756958021
63894458259
1781756959018
63913819201
1781756960020
63933504196
1781756961020
63952765213
1781756962021
63971943228
1781756963020
63991226093
1781756964020
64010193472
1781756965016
64029593413
1781756966020
64049173894
1781756967019
64068795318
1781756968020
64088110528
1781756969021
64107371254
1781756970021
64126576564
1781756971019
64145900647
1781756972019
64165156814
1781756973018
64184627885
1781756974019
64203860444
1781756975016
64223125714
1781756976020
64242279953
1781756977019
64261554235
1781756978020
64281055110
1781756979020
64300451991
1781756980022
64319662839
1781756981020
64339000677
1781756982021
64358252652
1781756983019
64377619270
1781756984020
64396931251
1781756985015
64416466674
1781756986020
64435742440
1781756987019
64455039549
1781756988019
64474378826
1781756989019
64494269163
1781756990020
64513907982
1781756991021
64532316269
1781756992019
64551286250
1781756993020
64570668550
1781756994019
64589954445
1781756995016
64609272072
1781756996020
64628619870
1781756997019
64647950089
1781756998019
64667300749
1781756999019
64686707361
1781757000023
64705916924
1781757001016
64725207638
1781757002021
64744537903
1781757003021
64764051462
1781757004019
64783321873
1781757005015
64802753622
1781757006023
64822027721
1781757007020
64841345516
1781757008019
64860700338
1781757009021
64880392340
1781757010020
64899705714
1781757011020
64918989757
1781757012020
64938258623
1781757013019
64957459006
1781757014022
64976673787
1781757015017
64996014486
1781757016020
65015382817
1781757017019
65034784992
1781757018022
65054226503
1781757019020
65073812400
1781757020020
65093444381
1781757021022
65112945195
1781757022018
65131773222
1781757023022
65150566059
1781757024024
65169667620
1781757025015
65189282051
1781757026021
65208740913
1781757027019
65228458650
1781757028019
65247687369
1781757029019
65266934661
1781757030021
65286202824
1781757031019
65305444042
1781757032023
65324815281
1781757033021
65344262590
1781757034023
65363668299
1781757035016
65383021300
1781757036020
65402291038
1781757037020
65420922139
1781757038022
65439497349
1781757039019
65458828669
1781757040023
65478435221
1781757041023
65497711829
1781757042020
65517046668
1781757043020
65536367814
1781757044020
65555654949
1781757045018
65574898906
1781757046020
65594242620
1781757047021
65613648941
1781757048021
65632989349
1781757049020
65652334853
1781757050022
65672033924
1781757051019
65691383452
1781757052019
65711264486
1781757053020
17526884
1781757054019
36816741
1781757055016
56307825
1781757056020
75739115
1781757057019
95029156
1781757058019
114251112
1781757059020
133601359
1781757060020
152866308
1781757061019
172175949
1781757062020
191556826
1781757063019
210932394
1781757064019
230181829
1781757065015
249765033
1781757066018
269184635
1781757067023
287626306
1781757068022
306108660
1781757069021
325115636
1781757070023
344682622
1781757071018
364033925
1781757072021
383204213
1781757073019
402496748
1781757074020
421723431
1781757075016
441110597
1781757076022
460399123
1781757077019
479695896
1781757078019
499107986
1781757079022
518320410
1781757080021
537555187
1781757081019
557552930
1781757082023
577049490
1781757083019
596417378
1781757084020
615754864
1781757085017
635283432
1781757086022
654950726
1781757087020
674809101
1781757088019
694183353
1781757089019
713584839
1781757090019
733125204
1781757091023
752446166
1781757092020
771869990
1781757093022
791156268
1781757094021
810458916
1781757095016
829828823
1781757096019
849353061
1781757097019
868721545
1781757098021
888070491
1781757099022
907409217
1781757100022
926717083
1781757101019
946460371
1781757102021
965806165
1781757103018
985129285
1781757104022
1004384840
1781757105017
1023750417
1781757106022
1042904640
1781757107021
1062076152
1781757108020
1081288836
1781757109019
1100617357
1781757110022
1119925360
1781757111020
1139873699
1781757112021
1159367827
1781757113020
1179071748
1781757114023
1198385459
1781757115017
1217803821
1781757116020
1237198315
1781757117020
1256427401
1781757118019
1275748914
1781757119018
1295173350
1781757120021
1314658696
1781757121019
1334061636
1781757122021
1353378421
1781757123019
1372829893
1781757124019
1392130812
1781757125015
1411412071
1781757126017
1430930449
1781757127019
1450322633
1781757128021
1469516055
1781757129018
1488847528
1781757130021
1508114252
1781757131019
1527595176
1781757132020
1547201040
1781757133019
1566455279
1781757134023
1585652128
1781757135015
1605071178
1781757136020
1624404381
1781757137020
1643731310
1781757138019
1663001079
1781757139018
1682391060
1781757140020
1701697166
1781757141019
1721051543
1781757142024
1740963468
1781757143020
1760746429
1781757144020
1779935062
1781757145016
1799529038
1781757146020
1819048365
1781757147022
1838728311
1781757148017
1858183959
1781757149020
1877522823
1781757150019
1896880505
1781757151019
1916284653
1781757152019
1935601194
1781757153019
1954945657
1781757154018
1974406064
1781757155015
1993767250
1781757156020
2013241809
1781757157020
2032959791
1781757158023
2052225934
1781757159018
2071607928
1781757160019
2090928615
1781757161019
2110278724
1781757162021
2130012098
1781757163020
2149295820
1781757164020
2168629527
1781757165017
2187986827
1781757166019
2207389614
1781757167019
2226835179
1781757168023
2246151276
1781757169020
2265585505
1781757170022
2284878560
1781757171021
2304131300
1781757172020
2323879866
1781757173019
2343493564
1781757174021
2363058347
1781757175017
2382578255
1781757176022
2401870637
1781757177020
2421251132
1781757178021
2440523440
1781757179023
2459762334
1781757180017
2479233159
1781757181019
2498688272
1781757182023
2517974550
1781757183022
2537351112
1781757184019
2556622656
1781757185015
2576060739
1781757186021
2595362041
1781757187019
2614743944
1781757188022
2634509157
1781757189020
2653851861
1781757190020
2673166045
1781757191019
2692794935
1781757192023
2712142566
1781757193020
2731892754
1781757194020
2751150298
1781757195015
2770618890
1781757196024
2790047228
1781757197023
2809418359
1781757198020
2828812440
1781757199021
2848198734
1781757200019
2867413851
1781757201020
2886767188
1781757202022
2906063532
1781757203020
2925817332
1781757204020
2945525308
1781757205017
2965145003
1781757206021
2984719272
1781757207022
3004482251
1781757208021
3023858753
1781757209020
3043224605
1781757210020
3062584292
1781757211018
3082014940
1781757212022
3101393736
1781757213019
3120752888
1781757214019
3140071111
1781757215017
3159457191
1781757216019
3178741770
1781757217019
3198141359
1781757218022
3217433985
1781757219020
3236910289
1781757220023
3256271154
1781757221020
3275734299
1781757222021
3295235006
1781757223019
3314772004
1781757224021
3334208451
1781757225016
3353808057
1781757226020
3373144579
1781757227020
3392540802
1781757228021
3411875841
1781757229020
3431173042
1781757230021
3450468010
1781757231019
3469849071
1781757232020
3489118396
1781757233019
3508805732
1781757234018
3528369735
1781757235017
3548154945
1781757236022
3567480192
1781757237022
3586827699
1781757238020
3606104047
1781757239018
3625449428
1781757240022
3644805902
1781757241021
3664160035
1781757242019
3683553672
1781757243019
3702870947
1781757244019
3722097524
1781757245015
3741410102
1781757246020
3760351976
1781757247019
3779777315
1781757248020
3799199655
1781757249022
3818552564
1781757250021
3838112895
1781757251021
3857412009
1781757252020
3876788954
1781757253022
3896089170
1781757254020
3915824456
1781757255016
3935317712
1781757256019
3954791980
1781757257020
3974140529
1781757258018
3993568576
1781757259019
4013051672
1781757260019
4032398308
1781757261020
4051796826
1781757262020
4071183426
1781757263021
4090509513
1781757264020
4110323671
1781757265015
4130336913
1781757266021
4150009393
1781757267020
4169724300
1781757268016
4189112658
1781757269020
4208505057
1781757270019
4227810092
1781757271020
4247213353
1781757272020
4266578073
1781757273021
4285880997
1781757274023
4305130049
1781757275016
4324541832
1781757276023
4343723565
1781757277016
4363164066
1781757278021
4382418458
1781757279019
4401886102
1781757280023
4421189867
1781757281019
4440765620
1781757282020
4460120809
1781757283019
4479421437
1781757284020
4498676564
1781757285017
4518528467
1781757286023
4537867254
1781757287021
4557202782
1781757288018
4576539228
1781757289019
4596086309
1781757290020
4615454747
1781757291019
4634780407
1781757292019
4654072422
1781757293019
4673524490
1781757294019
4692921845
1781757295016
4712798106
1781757296021
4732373339
1781757297021
4751683729
1781757298020
4771013596
1781757299020
4790377000
1781757300022
4809651956
1781757301019
4829080584
1781757302025
4848368514
1781757303020
4867752543
1781757304019
4887019863
1781757305015
4906396625
1781757306019
4925776814
1781757307020
4945041625
1781757308020
4964350975
1781757309019
4983743985
1781757310019
5003095761
1781757311019
5022610544
1781757312018
5041962443
1781757313020
5061349073
1781757314020
5080646397
1781757315017
5100313476
1781757316022
5120012379
1781757317022
5139364814
1781757318023
5158606384
1781757319018
5178029046
1781757320020
5197363182
1781757321019
5216662510
1781757322019
5236046738
1781757323019
5255575933
1781757324019
5274857437
1781757325016
5294941624
1781757326021
5314639655
1781757327019
5335062156
1781757328018
5354387602
1781757329019
5373673038
1781757330022
5393011258
1781757331018
5412400505
1781757332019
5431826241
1781757333022
5451177911
1781757334020
5470438041
1781757335015
5489995174
1781757336023
5508423396
1781757337019
5527465776
1781757338020
5546844022
1781757339020
5566301369
1781757340021
5585578114
1781757341019
5605044426
1781757342023
5624382861
1781757343019
5643766799
1781757344021
5662957298
1781757345015
5682440731
1781757346020
5702173294
1781757347019
5721643049
1781757348021
5740928133
1781757349019
5760146417
1781757350020
5779530125
1781757351020
5798961890
1781757352021
5818257699
1781757353019
5837578600
1781757354020
5856872589
1781757355016
5876228450
1781757356020
5896133062
1781757357022
5915887596
1781757358023
5935227974
1781757359020
5954539878
1781757360020
5973948877
1781757361020
5993410477
1781757362022
6012735479
1781757363020
6024439994
1781757364020
6033318859
1781757365017
6043644294
1781757366020
6053504394
1781757367020
6063296302
1781757368023
6072483769
1781757369023
6080457501
1781757370023
6088809328
1781757371020
6096351356
1781757372024
6103925865
1781757373024
6112537119
1781757374024
6119847275
1781757375020
6127480736
1781757376024
6135022764
1781757377023
6144131481
1781757378025
6151736346
1781757379023
6159509082
1781757380022
6167043277
1781757381023
6174885460
1781757382024
6182678607
1781757383024
6190317009
1781757384023
6198006254
1781757385020
6205924325
1781757386024
6214942788
1781757387024
6227775189
1781757388020
6237734448
1781757389108
6245436514
1781757390024
6253359665
1781757391022
6261862013
1781757392023
6269735393
1781757393023
6278856901
1781757394019
6292052156
1781757395017
6301854438
1781757396022
6311288999
1781757397024
6319909922
1781757398021
6328449846
1781757399024
6335838002
1781757400022
6343342224
1781757401024
6350951327
1781757402025
6358545849
1781757403023
6366212052
1781757404022
6374418911
1781757405019
6382118865
1781757406024
6389421922
1781757407024
6396997549
1781757408024
6406013411
1781757409022
6413636498
1781757410024
6421311070
1781757411024
6428739969
1781757412024
6436353846
1781757413024
6443991866
1781757414023
6451768045
1781757415020
6459556449
1781757416024
6467244194
1781757417023
6476162886
1781757418024
6485987398
1781757419112
6493221146
1781757420023
6500867979
1781757421024
6508648381
1781757422024
6516332485
1781757423024
6523965563
1781757424024
6531672433
1781757425019
6540067390
1781757426024
6551234462
1781757427020
6564459767
1781757428019
6576148661
1781757429020
6584257171
1781757430022
6591811302
1781757431024
6599882801
1781757432022
6608256476
1781757433020
6615886035
1781757434024
6624970731
1781757435019
6633657750
1781757436027
6641198508
1781757437024
6648824457
1781757438022
6657059773
1781757439023
6665365944
1781757440024
6673085376
1781757441024
6680608722
1781757442020
6688261125
1781757443024
6695812455
1781757444023
6703302340
1781757445020
6711234702
1781757446023
6719329947
1781757447023
6729740955
1781757448018
6740052803
1781757449024
6749751182
1781757450023
6757826859
1781757451024
6766131622
1781757452022
6774663942
1781757453021
6782402560
1781757454021
6790732018
1781757455016
6798790390
1781757456023
6806723211
1781757457024
6814410910
1781757458021
6822992695
1781757459024
6830655562
1781757460022
6838207857
1781757461023
6851522345
1781757462023
6861440295
1781757463024
6869317821
1781757464022
6877523593
1781757465018
6886322455
1781757466023
6894739077
1781757467020
6902587701
1781757468022
6910550388
1781757469024
6919490866
1781757470020
6927452833
1781757471026
6934996605
1781757472024
6942588939
1781757473023
6950226577
1781757474022
6957774358
1781757475020
6965440392
1781757476024
6972927080
1781757477024
6980521342
1781757478024
6990232696
1781757479023
6999104309
1781757480024
7006692191
1781757481024
7014283638
1781757482024
7021902885
1781757483023
7029714652
1781757484024
7037304660
1781757485020
7045085169
1781757486024
7052681268
1781757487023
7060059861
1781757488020
7067947378
1781757489022
7075734068
1781757490023
7083488231
1781757491022
7091327002
1781757492023
7099020546
1781757493022
7107377039
1781757494023
7114808187
1781757495019
7125711120
1781757496020
7138111036
1781757497019
7145966653
1781757498024
7153653357
1781757499021
7161766075
1781757500024
7170801567
1781757501024
7178594913
1781757502024
7186346306
1781757503024
7193870478
1781757504023
7201522360
1781757505023
7209411759
1781757506023
7220072203
1781757507018
7231235282
1781757508022
7239938427
1781757509023
7249124210
1781757510023
7258175736
1781757511023
7265953996
1781757512022
7274472776
1781757513021
7282833216
1781757514024
7290852543
1781757515023
7298493057
1781757516024
7305878856
1781757517022
7313305185
1781757518023
7320967272
1781757519024
7328299736
1781757520023
7335775806
1781757521024
7343281557
1781757522023
7350628985
1781757523022
7358436192
1781757524023
7365821273
1781757525019
7373608437
1781757526025
7381877093
1781757527022
7389809255
1781757528023
7397238384
1781757529024
7409064122
1781757530020
7421285180
1781757531020
7431593081
1781757532024
7439869172
1781757533021
7447947526
1781757534023
7455778740
1781757535023
7463787050
1781757536024
7471393965
1781757537024
7478973019
1781757538023
7486964194
1781757539023
7495899868
1781757540022
7503860734
1781757541023
7512741466
1781757542023
7520225048
1781757543023
7527400885
1781757544023
7534898084
1781757545019
7542508350
1781757546024
7549830915
1781757547023
7557352762
1781757548024
7564888134
1781757549023
7572460701
1781757550024
7580071044
1781757551024
7587662062
1781757552023
7595216468
1781757553024
7604161888
1781757554197
7610316588
1781757555020
7618031568
1781757556024
7625531628
1781757557022
7633603403
1781757558022
7641170951
1781757559021
7648713025
1781757560020
7656383068
1781757561023
7665396619
1781757562023
7673928236
1781757563022
7687139449
1781757564019
7698102480
1781757565017
7706048612
1781757566023
7717484444
1781757567020
7728942170
1781757568020
7737225070
1781757569022
7746158725
1781757570024
7755948705
1781757571024
7764995626
1781757572020
7772614995
1781757573024
7780222691
1781757574026
7787801133
1781757575020
7795246342
1781757576025
7802636946
1781757577020
7810170880
1781757578024
7817487065
1781757579023
7825206710
1781757580025
7832611910
1781757581024
7840010241
1781757582023
7847593288
1781757583024
7854924864
1781757584024
7862307680
1781757585022
7869748851
1781757586024
7876838029
1781757587024
7884224808
1781757588024
7892432814
1781757589021
7899687921
1781757590020
7907227241
1781757591022
7914568747
1781757592024
7922730838
1781757593020
7931073117
1781757594020
7938709791
1781757595019
7946994037
1781757596024
7954333065
1781757597020
7967139991
1781757598022
7978475501
1781757599023
7988132172
1781757600022
7997783443
1781757601020
8007107446
1781757602022
8016355608
1781757603024
8025159503
1781757604022
8032827542
1781757605019
8040213954
1781757606024
8047804222
1781757607024
8055161334
1781757608023
8062978135
1781757609023
8070903428
1781757610023
8078597783
1781757611024
8086299206
1781757612024
8093855738
1781757613024
8101573135
1781757614023
8109210099
1781757615022
8116895595
1781757616025
8124289840
1781757617022
8131911336
1781757618024
8139638280
1781757619023
8147988546
1781757620022
8155629687
1781757621024
8162833524
1781757622023
8170286536
1781757623024
8179164713
1781757624021
8186706114
1781757625020
8194600210
1781757626025
8204142438
1781757627020
8215730749
1781757628023
8223924144
1781757629024
8232457887
1781757630023
8240513001
1781757631022
8254555509
1781757632022
8266721457
1781757633022
8274767467
1781757634023
8282443278
1781757635021
8290833247
1781757636024
8298895383
1781757637019
8306464615
1781757638022
8314150203
1781757639018
8321620213
1781757640024
8328988724
1781757641024
8336702204
1781757642023
8343988859
1781757643024
8351663186
1781757644022
8359286625
1781757645019
8366831530
1781757646024
8374685188
1781757647024
8382595212
1781757648024
8390217366
1781757649024
