148645254660
1781754912915
148649488657
1781754913011
148690006742
1781754914013
148732156109
1781754915013
148772554810
1781754916013
148812810322
1781754917013
148853268653
1781754918013
148893683650
1781754919013
148934667432
1781754920013
148975720977
1781754921013
149017217575
1781754922014
149058557557
1781754923013
149098881062
1781754924013
149143825954
1781754925076
149185698100
1781754926013
149227687861
1781754927013
149268470166
1781754928013
149308080599
1781754929013
149348305472
1781754930013
149388917551
1781754931013
149430019252
1781754932013
149472654702
1781754933013
149513095883
1781754934014
149554054091
1781754935013
149594563936
1781754936013
149634242301
1781754937013
149673611768
1781754938013
149714052888
1781754939015
149755174426
1781754940013
149798795347
1781754941013
149843567083
1781754942014
149901367594
1781754943011
149967684868
1781754944012
150059550477
1781754945013
150154754640
1781754946012
150250882812
1781754947012
150346527038
1781754948013
150442486448
1781754949013
150538951533
1781754950011
150635165032
1781754951012
150731356985
1781754952012
150828320055
1781754953012
150924481247
1781754954013
151020906781
1781754955013
151116592083
1781754956013
151212376445
1781754957012
151308429360
1781754958011
151404847815
1781754959012
151500515478
1781754960012
151595257483
1781754961013
151691307409
1781754962013
151788964812
1781754963011
151885457729
1781754964012
151980243681
1781754965013
152074352693
1781754966012
152169976715
1781754967012
152265812102
1781754968013
152361482207
1781754969012
152462839735
1781754970075
152552736600
1781754971012
152647944608
1781754972010
152743886989
1781754973010
152839849634
1781754974011
152935631799
1781754975012
153031623679
1781754976013
153127451376
1781754977013
153223097432
1781754978013
153318696065
1781754979013
153414554035
1781754980012
153510134173
1781754981013
153605894426
1781754982013
153701654435
1781754983012
153797600295
1781754984012
153893088759
1781754985011
153988616713
1781754986013
154084354993
1781754987013
154180330883
1781754988009
154276261729
1781754989013
154371978036
1781754990013
154467809822
1781754991011
154563792670
1781754992012
154659876225
1781754993013
154754849432
1781754994013
154851138431
1781754995011
154947427674
1781754996013
155043655516
1781754997013
155140066890
1781754998013
155236001337
1781754999013
155337759133
1781755000075
155427433769
1781755001012
155523685476
1781755002011
155620463976
1781755003012
155716983748
1781755004012
155813207867
1781755005011
155909329508
1781755006010
156005536171
1781755007013
156101482764
1781755008012
156197463658
1781755009011
156294019014
1781755010012
156390559355
1781755011013
156486875881
1781755012013
156583764000
1781755013013
156679953268
1781755014011
156776307758
1781755015013
156871979815
1781755016011
156968418838
1781755017013
157064764233
1781755018012
157161249521
1781755019013
157257259957
1781755020012
157353858098
1781755021013
157450779664
1781755022013
157547053038
1781755023013
157643447872
1781755024013
157740174919
1781755025013
157836459340
1781755026013
157932946581
1781755027013
158029525191
1781755028013
158125568830
1781755029013
158221360760
1781755030013
158317377909
1781755031013
158414044776
1781755032013
158510920138
1781755033013
158607103608
1781755034013
158703827176
1781755035012
158800304285
1781755036013
158896809104
1781755037013
158993234944
1781755038012
159089753862
1781755039013
159183427206
1781755040012
159278237998
1781755041013
159374883564
1781755042012
159472311049
1781755043013
159568922801
1781755044013
159665511421
1781755045013
159761693364
1781755046012
159857732486
1781755047013
159953797609
1781755048013
160050530149
1781755049013
160146597592
1781755050013
160242799921
1781755051012
160339591482
1781755052012
160436396593
1781755053013
160533048934
1781755054012
160629744243
1781755055012
160725828836
1781755056012
160822421728
1781755057012
160918553867
1781755058011
161014970002
1781755059013
161110285310
1781755060012
161206216156
1781755061013
161302581876
1781755062013
161399245020
1781755063013
161495734274
1781755064013
161592744402
1781755065012
161688843338
1781755066012
161785388928
1781755067012
161881551097
1781755068012
161977714425
1781755069012
162074820561
1781755070013
162171058779
1781755071012
162267889341
1781755072013
162364852411
1781755073013
162461441580
1781755074013
162557664844
1781755075013
162653870714
1781755076013
162750157150
1781755077011
162846552899
1781755078012
162942841715
1781755079013
163038997108
1781755080013
163135251501
1781755081011
163232065401
1781755082012
163328763334
1781755083013
163424962917
1781755084012
163521201684
1781755085012
163617064354
1781755086012
163713056662
1781755087012
163809323383
1781755088013
163905580705
1781755089012
164006732302
1781755090073
164096896195
1781755091013
164192820204
1781755092013
164289377147
1781755093013
164385511789
1781755094012
164482089850
1781755095015
164577718755
1781755096012
164673465153
1781755097012
164769510684
1781755098013
164865807556
1781755099015
164962215879
1781755100013
165057835446
1781755101012
165154188288
1781755102012
165250592460
1781755103012
165346716420
1781755104013
165442636280
1781755105013
165538404894
1781755106012
165634622788
1781755107013
165730656233
1781755108012
165826632550
1781755109013
165922727336
1781755110013
166018770669
1781755111013
166115228552
1781755112014
166210168433
1781755113013
166306151891
1781755114012
166402455173
1781755115012
166498623567
1781755116013
166594475494
1781755117013
166690321196
1781755118011
166786475186
1781755119013
166885705828
1781755120072
166974892550
1781755121012
167070712251
1781755122013
167166935515
1781755123012
167262919217
1781755124013
167359056606
1781755125013
167454710658
1781755126013
167550608361
1781755127013
167646369896
1781755128014
167742041221
1781755129012
167837820761
1781755130012
167934015034
1781755131013
168030066790
1781755132013
168126405044
1781755133013
168222481885
1781755134012
168318591014
1781755135013
168414570261
1781755136013
168510729439
1781755137013
168606695379
1781755138012
168702832401
1781755139012
168798594668
1781755140013
168894398744
1781755141013
168990085267
1781755142013
169084831057
1781755143013
169181096741
1781755144012
169277655454
1781755145011
169373866450
1781755146013
169470081719
1781755147013
169566552724
1781755148013
169662454395
1781755149013
169763846165
1781755150073
169854091844
1781755151013
169950286056
1781755152013
170047106731
1781755153013
170142994791
1781755154013
170238860207
1781755155012
170334904761
1781755156011
170430988195
1781755157011
170527293246
1781755158013
170623488007
1781755159013
170719321319
1781755160011
170815288114
1781755161013
170911443080
1781755162013
171007728295
1781755163013
171102437098
1781755164012
171197410976
1781755165013
171292977382
1781755166012
171387453947
1781755167013
171483254910
1781755168013
171579516565
1781755169013
171675624046
1781755170013
171771382224
1781755171012
171867763081
1781755172013
171963784258
1781755173013
172059666276
1781755174012
172155861892
1781755175013
172251731275
1781755176013
172347801647
1781755177012
172443941476
1781755178012
172539917976
1781755179013
172635075448
1781755180012
172730613045
1781755181013
172826452521
1781755182012
172922947635
1781755183013
173018878847
1781755184012
173115116089
1781755185012
173211430845
1781755186013
173307434017
1781755187013
173403477594
1781755188013
173499339470
1781755189011
173595620535
1781755190012
173691674183
1781755191013
173787516589
1781755192013
173883716538
1781755193012
173979638473
1781755194013
174081025664
1781755195073
174171159101
1781755196013
174267124553
1781755197013
174363036661
1781755198012
174459076088
1781755199008
174555320776
1781755200012
174651062535
1781755201011
174747195590
1781755202009
174842922335
1781755203012
174939176116
1781755204013
175035371183
1781755205013
175131023404
1781755206011
175227212611
1781755207012
175323435692
1781755208011
175419559896
1781755209012
175514056053
1781755210012
175609704185
1781755211013
175705753256
1781755212013
175802357684
1781755213012
175898426346
1781755214012
175994974988
1781755215012
176090918957
1781755216013
176187024729
1781755217013
176283349860
1781755218013
176379501104
1781755219013
176475978640
1781755220013
176572156494
1781755221011
176668191160
1781755222012
176765174311
1781755223012
176861771720
1781755224012
176957765614
1781755225013
177054074023
1781755226013
177150090867
1781755227013
177246191329
1781755228012
177342479901
1781755229012
177438763284
1781755230012
177534892555
1781755231013
177630717505
1781755232013
177727328220
1781755233012
177823883942
1781755234012
177920636379
1781755235013
178016768702
1781755236012
178113060569
1781755237013
178209461690
1781755238011
178306001238
1781755239012
178401529496
1781755240012
178497110734
1781755241012
178593687757
1781755242013
178690238596
1781755243013
178786253304
1781755244013
178882571539
1781755245013
178978801273
1781755246013
179074824037
1781755247013
179170743531
1781755248013
179266878600
1781755249012
179363177486
1781755250012
179459252192
1781755251011
179555580741
1781755252013
179652145069
1781755253013
179747807483
1781755254012
179849204807
1781755255075
179937830495
1781755256013
180033643604
1781755257012
180130105088
1781755258012
180226113265
1781755259013
180322433331
1781755260012
180418435222
1781755261013
180514247416
1781755262013
180610947180
1781755263012
180707235081
1781755264013
180803624665
1781755265013
180899324921
1781755266012
180995550993
1781755267013
181091585171
1781755268013
181187537501
1781755269012
181289049936
1781755270074
181379234276
1781755271013
181475162497
1781755272012
181571642597
1781755273013
181667814165
1781755274013
181764259718
1781755275012
181860747325
1781755276012
181957200204
1781755277013
182053283942
1781755278013
182149486088
1781755279013
182245575442
1781755280013
182341532288
1781755281012
182437942869
1781755282013
182534535090
1781755283013
182630738152
1781755284012
182726949454
1781755285013
182822689199
1781755286013
182918766895
1781755287012
183015141404
1781755288013
183111338973
1781755289012
183207921550
1781755290013
183304071206
1781755291013
183399955604
1781755292012
183496905063
1781755293012
183592796053
1781755294012
183689402739
1781755295013
183785280668
1781755296013
183881233364
1781755297011
183977911583
1781755298012
184074268636
1781755299013
184175804021
1781755300075
184265361775
1781755301012
184361800188
1781755302013
184458249465
1781755303013
184554363416
1781755304013
184650799997
1781755305013
184746868965
1781755306013
184842973272
1781755307011
184939301761
1781755308013
185035548158
1781755309013
185132018797
1781755310013
185228185238
1781755311012
185324595575
1781755312013
185421302908
1781755313012
185517330860
1781755314012
185613662828
1781755315013
185709518539
1781755316013
185805595198
1781755317013
185901614544
1781755318013
185997710856
1781755319013
186094034035
1781755320011
186190189123
1781755321011
186286173069
1781755322012
186383165130
1781755323013
186479380094
1781755324013
186575866114
1781755325012
186671698205
1781755326012
186767784629
1781755327012
186864344440
1781755328013
186960322710
1781755329011
187056202775
1781755330012
187152392104
1781755331013
187248505078
1781755332012
187345299203
1781755333012
187441589484
1781755334012
187538019779
1781755335013
187634172182
1781755336013
187727712225
1781755337012
187821333385
1781755338012
187917348398
1781755339013
188013363594
1781755340012
188109211432
1781755341012
188205067449
1781755342011
188301433291
1781755343012
188397367432
1781755344012
188499145248
1781755345075
188588721252
1781755346012
188684997250
1781755347013
188781374201
1781755348013
188877507561
1781755349012
188973491263
1781755350012
189069405934
1781755351013
189165398242
1781755352011
189262131027
1781755353011
189358163191
1781755354012
189453053573
1781755355013
189548312484
1781755356013
189644180647
1781755357013
189740333294
1781755358012
189835932170
1781755359013
189937261928
1781755360076
190026882609
1781755361013
190122631570
1781755362011
190219055640
1781755363013
190314811254
1781755364011
190411082858
1781755365013
190506831270
1781755366013
190602787446
1781755367013
190698592804
1781755368012
190794563139
1781755369012
190890549465
1781755370012
190986381740
1781755371011
191082483178
1781755372013
191178335106
1781755373010
191274515523
1781755374011
191375829107
1781755375074
191465698384
1781755376013
191561956316
1781755377012
191657855790
1781755378012
191754014052
1781755379013
191849952344
1781755380009
191945848094
1781755381011
192041872202
1781755382013
192138137336
1781755383011
192233944403
1781755384013
192329914677
1781755385013
192425750735
1781755386015
192521444949
1781755387012
192617245057
1781755388012
192713263915
1781755389012
192808522705
1781755390012
192904203612
1781755391013
192999901243
1781755392013
193096183162
1781755393012
193192110285
1781755394011
193288680289
1781755395012
193384570852
1781755396012
193480388539
1781755397012
193576460436
1781755398013
193672037462
1781755399013
193767835373
1781755400012
193863527023
1781755401011
193959101791
1781755402012
194055450665
1781755403011
194151565348
1781755404013
194247350320
1781755405012
194340800032
1781755406012
194435803939
1781755407013
194531785261
1781755408013
194627742474
1781755409013
194723862467
1781755410011
194820287696
1781755411011
194916467382
1781755412012
195012696750
1781755413013
195109059357
1781755414013
195205106413
1781755415013
195300846830
1781755416012
195396927028
1781755417012
195492804163
1781755418013
195588495263
1781755419012
195689973885
1781755420073
195779884178
1781755421013
195875613303
1781755422012
195972114948
1781755423013
196068044756
1781755424013
196164562331
1781755425012
196260713269
1781755426013
196356671642
1781755427012
196452624216
1781755428011
196548166146
1781755429011
196644303901
1781755430012
196740377874
1781755431013
196836351871
1781755432012
196932912476
1781755433012
197028583862
1781755434011
197130560835
1781755435073
197220178647
1781755436011
197316269527
1781755437013
197412431573
1781755438013
197508306816
1781755439013
197604200003
1781755440012
197700464161
1781755441013
197796608141
1781755442012
197893108809
1781755443012
197989582317
1781755444013
198085880838
1781755445013
198181502968
1781755446012
198277593604
1781755447012
198373664708
1781755448012
198469393467
1781755449013
198564896335
1781755450012
198660611239
1781755451012
198756921539
1781755452013
198852851164
1781755453011
198949006009
1781755454012
199044871425
1781755455012
199140575709
1781755456013
199236394433
1781755457012
199332033348
1781755458013
199428053305
1781755459013
199524005086
1781755460013
199619453816
1781755461012
199715612322
1781755462013
199811744889
1781755463011
199907561599
1781755464012
200003829602
1781755465013
200099371228
1781755466013
200195375743
1781755467013
200291460519
1781755468013
200387361335
1781755469013
200483063117
1781755470013
200579100041
1781755471013
200674761906
1781755472013
200771186708
1781755473013
200867294616
1781755474013
200963615719
1781755475012
201059394161
1781755476012
201155161738
1781755477012
201250962213
1781755478012
201346733574
1781755479012
201447860879
1781755480073
201537684867
1781755481013
201633425406
1781755482012
201729876026
1781755483013
201825924059
1781755484013
201921119066
1781755485013
202017040574
1781755486012
202113333418
1781755487012
202209338543
1781755488013
202305257976
1781755489013
202401109720
1781755490013
202497125832
1781755491012
202593411657
1781755492012
202689738009
1781755493012
202786022614
1781755494013
202881855743
1781755495012
202977052887
1781755496011
203073445401
1781755497013
203169196255
1781755498013
203264678798
1781755499011
203360961450
1781755500013
203456835228
1781755501011
203552890585
1781755502013
203649388812
1781755503012
203745720352
1781755504013
203842253125
1781755505013
203938163158
1781755506013
204034088511
1781755507012
204130491645
1781755508013
204226468206
1781755509013
204327343192
1781755510075
204415752634
1781755511013
204511488534
1781755512013
204607842108
1781755513012
204704116153
1781755514012
204800234682
1781755515012
204895933350
1781755516013
204991785278
1781755517012
205087739073
1781755518012
205183583615
1781755519013
205279635127
1781755520012
205375405145
1781755521012
205471455681
1781755522013
205567831411
1781755523013
205663950549
1781755524012
205766004121
1781755525073
205855695359
1781755526012
205951760115
1781755527011
206047900006
1781755528012
206144150797
1781755529013
206240494972
1781755530012
206336913670
1781755531012
206433093295
1781755532013
206529196808
1781755533012
206625888822
1781755534013
206722616845
1781755535013
206818351952
1781755536013
206914456320
1781755537012
207010530720
1781755538011
207106713885
1781755539013
207202242632
1781755540013
207298344864
1781755541013
207394385328
1781755542012
207462334129
1781755543011
207517680179
1781755544011
207569793021
1781755545013
207622781716
1781755546013
207674836881
1781755547013
207726456500
1781755548012
207783594964
1781755549009
207841693265
1781755550013
207917240801
1781755551013
208012070759
1781755552013
208108150530
1781755553012
208203074054
1781755554012
208298146992
1781755555011
208393827045
1781755556013
208489687212
1781755557013
208585669388
1781755558013
208681810194
1781755559011
208777945263
1781755560013
208874450692
1781755561012
208970817084
1781755562013
209067382510
1781755563013
209163818115
1781755564012
209260425534
1781755565013
209356417110
1781755566012
209452448724
1781755567013
209548368217
1781755568012
209644184500
1781755569011
209739818899
1781755570013
209835593068
1781755571013
209931983629
1781755572013
210028403915
1781755573013
210124787762
1781755574012
210220844096
1781755575012
210316557840
1781755576012
210412826698
1781755577013
210508699011
1781755578013
210604806675
1781755579013
210700847506
1781755580011
210797068146
1781755581012
210893118071
1781755582012
210989134976
1781755583013
211080935461
1781755584013
211182183249
1781755585073
211272104893
1781755586013
211368320406
1781755587013
211464367768
1781755588013
211559567353
1781755589013
211655201935
1781755590013
211751909818
1781755591009
211848568078
1781755592013
211945199667
1781755593012
212041473529
1781755594009
212138158890
1781755595011
212234173842
1781755596013
212330276379
1781755597012
212426555490
1781755598012
212522852058
1781755599013
212624087455
1781755600073
212714164861
1781755601013
212810304752
1781755602012
212907068420
1781755603013
213003355894
1781755604013
213099558345
1781755605013
213195528131
1781755606012
213291366326
1781755607013
213387695913
1781755608013
213483898914
1781755609013
213580017503
1781755610014
213675973740
1781755611013
213771942976
1781755612012
213868677470
1781755613012
213964731850
1781755614012
214066671897
1781755615076
214156466345
1781755616012
214252966952
1781755617011
214349690887
1781755618013
214445923795
1781755619013
214541842800
1781755620012
214637933557
1781755621009
214734646627
1781755622013
214831241351
1781755623013
214927360307
1781755624011
215024221387
1781755625011
215120424265
1781755626012
215216566719
1781755627013
215313075139
1781755628013
215409101017
1781755629013
215510420337
1781755630074
215600544069
1781755631013
215696907653
1781755632013
215793700984
1781755633012
215890085137
1781755634013
215986986988
1781755635011
216083078539
1781755636013
216179324936
1781755637012
216275480268
1781755638012
216371485943
1781755639012
216467684977
1781755640012
216563271158
1781755641013
216659561988
1781755642013
216756392367
1781755643013
216852400911
1781755644011
216948744902
1781755645013
217042890352
1781755646012
217137139378
1781755647013
217233331820
1781755648013
217329513581
1781755649013
217425941618
1781755650011
217522888025
1781755651012
217619476217
1781755652013
217716421526
1781755653012
217813007765
1781755654013
217910138559
1781755655013
218006632819
1781755656013
218102691045
1781755657012
218197714178
1781755658013
218293536809
1781755659013
218394834584
1781755660073
218484886294
1781755661013
218581144593
1781755662013
218677819577
1781755663013
218774203059
1781755664013
218870629814
1781755665013
218966630178
1781755666012
219062419789
1781755667012
219158741015
1781755668013
219254710679
1781755669013
219350738448
1781755670012
219446910382
1781755671013
219542781780
1781755672013
219639491554
1781755673013
219736107884
1781755674013
219838138384
1781755675075
219928191132
1781755676012
220024528288
1781755677013
220120856960
1781755678013
220216930139
1781755679013
220312812035
1781755680013
220409156820
1781755681013
220505464679
1781755682012
220602088760
1781755683012
220698232252
1781755684012
220794893442
1781755685012
220891097115
1781755686013
220986888984
1781755687013
221082895207
1781755688012
221178985904
1781755689012
221280480944
1781755690073
221370238649
1781755691013
221466234436
1781755692013
221562734311
1781755693012
221658820674
1781755694012
221755137627
1781755695013
221851144095
1781755696012
221947071218
1781755697011
222043326465
1781755698012
222139282335
1781755699012
222235387069
1781755700013
222331129134
1781755701013
222427224591
1781755702013
222523644571
1781755703011
222619940894
1781755704011
222721981099
1781755705073
222811865757
1781755706012
222908555268
1781755707011
223004983549
1781755708012
223101509425
1781755709013
223198043662
1781755710013
223294385090
1781755711012
223391223588
1781755712013
223487904004
1781755713013
223584224558
1781755714013
223679468455
1781755715012
223775049998
1781755716013
223870524180
1781755717013
223966142160
1781755718012
224062166816
1781755719013
224163447990
1781755720073
224253562628
1781755721013
224349326299
1781755722012
224445657412
1781755723013
224541187441
1781755724011
224637534484
1781755725012
224733250670
1781755726012
224829555904
1781755727013
224925827752
1781755728013
225022003959
1781755729013
225118042653
1781755730013
225214342456
1781755731012
225310404405
1781755732012
225406869062
1781755733011
225503445780
1781755734013
225599532571
1781755735013
225694892678
1781755736013
225790428688
1781755737013
225886286170
1781755738013
225982322728
1781755739012
226077957799
1781755740013
226174070406
1781755741013
226270422211
1781755742012
226366455473
1781755743011
226462468777
1781755744012
226558664209
1781755745012
226654350427
1781755746012
226750300132
1781755747011
226846619588
1781755748012
226942187764
1781755749011
227043536748
1781755750074
227133240619
1781755751013
227229082354
1781755752012
227324977067
1781755753010
227420823562
1781755754013
227517289075
1781755755013
227613293590
1781755756012
227709083567
1781755757013
227805068734
1781755758013
227900821540
1781755759013
227996717291
1781755760013
228092183355
1781755761012
228187736272
1781755762011
228284464540
1781755763011
228380605163
1781755764012
228482304915
1781755765074
228572413022
1781755766013
228667982723
1781755767013
228763689143
1781755768012
228859677545
1781755769013
228955537407
1781755770013
229051593558
1781755771013
229147843250
1781755772012
229243644641
1781755773011
229339470262
1781755774012
229435822799
1781755775011
229531840680
1781755776012
229627770305
1781755777013
229723687784
1781755778012
229819670998
1781755779012
229914984353
1781755780013
230010343056
1781755781013
230106272132
1781755782013
230202578770
1781755783012
230298557040
1781755784013
230394761262
1781755785013
230490490997
1781755786012
230586726652
1781755787016
230682122464
1781755788012
230777991482
1781755789012
230874284814
1781755790016
230969658655
1781755791013
231065942344
1781755792013
231162544086
1781755793016
231258116046
1781755794013
231354074907
1781755795013
231449381181
1781755796012
231544956498
1781755797013
231640826065
1781755798012
231736680739
1781755799013
231832287733
1781755800011
231928617381
1781755801013
232024510202
1781755802012
232120749458
1781755803013
232216632269
1781755804012
232312323674
1781755805012
232408297367
1781755806011
232503899112
1781755807013
232599681520
1781755808013
232695456544
1781755809013
232790564455
1781755810013
232886160340
1781755811013
232982070068
1781755812013
233077748656
1781755813012
233173765561
1781755814013
233269964228
1781755815013
233365705988
1781755816012
233461621880
1781755817011
233557578421
1781755818012
233653491872
1781755819013
233749624438
1781755820013
233843096611
1781755821012
233938965201
1781755822013
234035099904
1781755823011
234131109424
1781755824013
234226933641
1781755825012
234322377672
1781755826012
234418343674
1781755827012
234514510481
1781755828012
234610175092
1781755829012
234705963604
1781755830011
234801782084
1781755831012
234897359903
1781755832011
234994385656
1781755833013
235090083409
1781755834013
235186548677
1781755835013
235282904204
1781755836013
235378517851
1781755837011
235474500333
1781755838013
235570512294
1781755839013
235665857509
1781755840012
235761559778
1781755841013
235857439843
1781755842012
235953891256
1781755843012
236050054767
1781755844013
236146228838
1781755845012
236242215897
1781755846012
236338339979
1781755847013
236434187939
1781755848012
236530435984
1781755849013
236626418648
1781755850013
236722414496
1781755851013
236818451421
1781755852012
236914816287
1781755853013
237010707521
1781755854013
237106517578
1781755855012
237201833801
1781755856012
237297791319
1781755857012
237393760007
1781755858011
237490095453
1781755859011
237586251274
1781755860013
237681826774
1781755861011
237777757620
1781755862013
237873944935
1781755863012
237970050096
1781755864016
238066353317
1781755865013
238162133345
1781755866012
238256844040
1781755867013
238351858750
1781755868013
238447601547
1781755869013
238549001373
1781755870073
238638648727
1781755871013
238734712201
1781755872013
238831347818
1781755873013
238927549842
1781755874013
239023908666
1781755875013
239119797641
1781755876013
239215816805
1781755877012
239312045257
1781755878013
239408087553
1781755879013
239504118435
1781755880013
239600184534
1781755881013
239696010216
1781755882012
239792791219
1781755883013
239889027362
1781755884013
239990586977
1781755885073
240080634537
1781755886015
240176375564
1781755887013
240272625379
1781755888013
240368804820
1781755889013
240464966439
1781755890014
240561071540
1781755891013
240656975042
1781755892011
240753638490
1781755893013
240849736450
1781755894013
240946372067
1781755895013
241041977474
1781755896013
241137790034
1781755897012
241233884453
1781755898012
241330025626
1781755899013
241425699087
1781755900013
241521483754
1781755901013
241617595934
1781755902013
241714005661
1781755903013
241809871260
1781755904012
241906007489
1781755905013
242002126383
1781755906013
242097879922
1781755907012
242194010352
1781755908012
242289769873
1781755909012
242385951939
1781755910013
242481980196
1781755911011
242577895173
1781755912013
242674105315
1781755913013
242770322720
1781755914011
242872229441
1781755915073
242962086267
1781755916012
243057856835
1781755917011
243154017966
1781755918012
243250095845
1781755919011
243345758808
1781755920011
243442096146
1781755921012
243538045913
1781755922012
243634785412
1781755923011
243731169869
1781755924012
243827684454
1781755925011
243923873661
1781755926011
244020019044
1781755927010
244116669981
1781755928012
244212949703
1781755929012
244308581660
1781755930013
244404408197
1781755931013
244500653617
1781755932013
244597229847
1781755933012
244693262377
1781755934013
244789524155
1781755935013
244885140975
1781755936011
244981201093
1781755937012
245077285320
1781755938013
245173411172
1781755939013
245269656959
1781755940012
245365918553
1781755941012
245462028536
1781755942013
245558380035
1781755943011
245654393462
1781755944012
245756221326
1781755945073
245846506373
1781755946013
245942609215
1781755947012
246038849203
1781755948012
246135137775
1781755949013
246231220293
1781755950013
246327368118
1781755951013
246423344008
1781755952012
246519952037
1781755953012
246616236214
1781755954013
246712681097
1781755955012
246808891299
1781755956013
246903732731
1781755957013
246998950139
1781755958013
247094898685
1781755959012
247196351489
1781755960073
247286184938
1781755961013
247382493530
1781755962011
247478897580
1781755963012
247574949580
1781755964012
247671202996
1781755965012
247767176627
1781755966013
247863253224
1781755967012
247959307178
1781755968012
248055463181
1781755969013
248151462631
1781755970013
248247402204
1781755971013
248343550274
1781755972013
248439908608
1781755973013
248535757423
1781755974012
248631672461
1781755975012
248727353002
1781755976013
248823381748
1781755977012
248919624665
1781755978013
249015453400
1781755979012
249111406096
1781755980011
249207462002
1781755981012
249303606226
1781755982013
249400418173
1781755983013
249496675373
1781755984013
249592983659
1781755985013
249688953751
1781755986011
249785516065
1781755987013
249881570506
1781755988012
249977706429
1781755989013
250078975518
1781755990073
250169189826
1781755991012
250265256475
1781755992012
250361369266
1781755993011
250457763977
1781755994012
250554052427
1781755995013
250650053646
1781755996013
250745964167
1781755997011
250841912835
1781755998012
250937982475
1781755999012
251034033437
1781756000011
251129920277
1781756001013
251225906725
1781756002013
251322485763
1781756003013
251418227217
1781756004012
251514382183
1781756005013
251610202677
1781756006013
251706029703
1781756007013
251802069862
1781756008013
251898015600
1781756009012
251993963292
1781756010013
252090224886
1781756011013
252184096167
1781756012012
252278547158
1781756013012
252374525428
1781756014012
252471003941
1781756015012
252567041537
1781756016013
252662766511
1781756017012
252758641815
1781756018013
252854665800
1781756019013
252955635512
1781756020075
253045553312
1781756021013
253141476712
1781756022012
253238102197
1781756023013
253334038596
1781756024012
253430259603
1781756025012
253526387164
1781756026013
253622229448
1781756027011
253718185379
1781756028013
253814311598
1781756029012
253910253796
1781756030012
254006208201
1781756031012
254102192880
1781756032012
254198563056
1781756033011
254294758061
1781756034013
254390926516
1781756035012
254486606996
1781756036012
254582697082
1781756037013
254678674131
1781756038013
254774366269
1781756039013
254870263729
1781756040013
254966247614
1781756041013
255062160393
1781756042012
255158427359
1781756043009
255255234179
1781756044015
255351224045
1781756045013
255446786179
1781756046012
255542891401
1781756047011
255638997845
1781756048012
255734814799
1781756049013
255829858745
1781756050013
255925903726
1781756051013
256021766701
1781756052013
256118022436
1781756053013
256214062901
1781756054013
256310480989
1781756055011
256406670257
1781756056011
256502748868
1781756057012
256598426480
1781756058013
256694098659
1781756059012
256790169947
1781756060013
256885807519
1781756061013
256981763938
1781756062013
257078109212
1781756063012
257174048847
1781756064011
257270217851
1781756065013
257365485979
1781756066012
257461726028
1781756067013
257557589247
1781756068013
257653594311
1781756069013
257749586314
1781756070013
257845596200
1781756071012
257941746649
1781756072013
258038315006
1781756073013
258134638367
1781756074012
258231102842
1781756075013
258326825559
1781756076012
258423567865
1781756077015
258519173760
1781756078013
258615111320
1781756079013
258710541800
1781756080012
258806140677
1781756081013
258902580676
1781756082016
258998657579
1781756083012
259094806991
1781756084012
259191212201
1781756085013
259286945476
1781756086013
259382634623
1781756087013
259478547342
1781756088013
259574413856
1781756089012
259670497168
1781756090012
259766627109
1781756091013
259862476107
1781756092013
259958327180
1781756093011
260054477325
1781756094011
260150599576
1781756095013
260246080655
1781756096013
260341879665
1781756097012
260437785487
1781756098013
260533782372
1781756099012
260629587974
1781756100013
260725650716
1781756101011
260821769367
1781756102012
260917906511
1781756103013
261014498427
1781756104013
261110716808
1781756105012
261206671824
1781756106012
261303257514
1781756107012
261399138372
1781756108012
261495489078
1781756109013
261596756397
1781756110073
261686135318
1781756111013
261782207155
1781756112013
261878992307
1781756113012
261975083309
1781756114013
262071339532
1781756115013
23932006
1781756116011
120252255
1781756117012
216117610
1781756118011
311183102
1781756119012
406246640
1781756120012
501999081
1781756121013
597665401
1781756122011
694500114
1781756123012
790288382
1781756124012
891932897
1781756125076
981743580
1781756126013
1077205067
1781756127012
1172909961
1781756128012
1268867479
1781756129012
1364735336
1781756130012
1460970197
1781756131011
1557034038
1781756132013
1653316751
1781756133013
1749463722
1781756134012
1845798924
1781756135013
1941688510
1781756136013
2037937776
1781756137011
2133847808
1781756138013
2230331814
1781756139012
2331992809
1781756140073
2422071741
1781756141013
2518164940
1781756142014
2614451803
1781756143013
2710720477
1781756144013
2806714677
1781756145013
2902366105
1781756146013
2998091445
1781756147013
3093712478
1781756148013
3189215041
1781756149013
3258428792
1781756150013
3320827497
1781756151013
3373699371
1781756152013
3429696481
1781756153013
3484244498
1781756154013
3540163361
1781756155009
3596873604
1781756156013
3654521833
1781756157015
3731037506
1781756158013
3826705413
1781756159012
3922240813
1781756160012
4018266385
1781756161012
4114696131
1781756162012
4211396750
1781756163013
4307425191
1781756164013
4402314962
1781756165012
4498152913
1781756166012
4594547564
1781756167008
4691418531
1781756168011
4787869884
1781756169013
4883739511
1781756170013
4979900032
1781756171013
5076533329
1781756172013
5173211854
1781756173014
5269406615
1781756174012
5366093318
1781756175013
5462148919
1781756176013
5558418814
1781756177013
5654513356
1781756178012
5750600634
1781756179013
5846732163
1781756180013
5942421188
1781756181013
6038742414
1781756182011
6136288978
1781756183012
6232449376
1781756184012
6328667819
1781756185013
6424993561
1781756186013
6521258390
1781756187012
6617350796
1781756188012
6713147914
1781756189013
6808813502
1781756190013
6904277918
1781756191012
7001922687
1781756192011
7100872996
1781756193012
7198947513
1781756194011
7300305651
1781756195012
7397518293
1781756196013
7493491741
1781756197012
7589410746
1781756198012
7685280435
1781756199012
7780517374
1781756200012
7875966287
1781756201013
7971292703
1781756202011
8067746375
1781756203013
8162283975
1781756204013
8257364603
1781756205012
8353445534
1781756206011
8449818761
1781756207013
8545507115
1781756208013
8641755159
1781756209013
8737633210
1781756210013
8833569671
1781756211013
8928665802
1781756212012
9023617219
1781756213012
9117646336
1781756214011
9219276935
1781756215073
9308939670
1781756216013
9405195405
1781756217013
9501119781
1781756218013
9597085172
1781756219012
9693166225
1781756220012
9789021082
1781756221011
9885207115
1781756222013
9980318627
1781756223013
10075986839
1781756224009
10172452596
1781756225012
10268081135
1781756226012
10364258196
1781756227013
10460575027
1781756228012
10556387587
1781756229012
10651847853
1781756230012
10747683667
1781756231012
10843870127
1781756232013
10939755990
1781756233012
11035507454
1781756234010
11131572272
1781756235012
11227416509
1781756236011
11323422977
1781756237011
11419194643
1781756238014
11514820070
1781756239012
11610861694
1781756240013
11706182251
1781756241011
11802270933
1781756242013
11898484432
1781756243013
11994464533
1781756244013
12089800226
1781756245013
12185258234
1781756246013
12280894769
1781756247011
12376892692
1781756248013
12472813528
1781756249015
12568577382
1781756250014
12664453662
1781756251013
12760486192
1781756252013
12856314255
1781756253013
12952044601
1781756254012
13048448102
1781756255013
13144211406
1781756256013
13239926432
1781756257011
13336036843
1781756258012
13431792213
1781756259013
13532933983
1781756260073
13623031470
1781756261013
13718903966
1781756262013
13814359593
1781756263013
13908904761
1781756264012
14005056676
1781756265013
14100784641
1781756266013
14196817354
1781756267013
14292575959
1781756268013
14388329437
1781756269012
14484228606
1781756270013
14580029142
1781756271012
14675770169
1781756272014
14771876246
1781756273013
14867703088
1781756274012
14963255212
1781756275010
15058600121
1781756276013
15154494163
1781756277013
15250054282
1781756278012
15345623984
1781756279013
15439658289
1781756280013
15535051660
1781756281012
15630764489
1781756282013
15726795676
1781756283012
15822995076
1781756284013
15919416887
1781756285011
16015359269
1781756286013
16111469679
1781756287013
16207522412
1781756288013
16303117992
1781756289012
16404236264
1781756290074
16494120555
1781756291013
16589905405
1781756292013
16686328986
1781756293013
16782140692
1781756294012
16878851443
1781756295013
16974750367
1781756296013
17070562744
1781756297013
17166741697
1781756298013
17262606991
1781756299012
17358599177
1781756300012
17454254877
1781756301011
17550088677
1781756302012
17646592153
1781756303012
17742644398
1781756304013
17838309497
1781756305013
17933622119
1781756306012
18029612413
1781756307011
18125731002
1781756308013
18221633528
1781756309012
18317274640
1781756310013
18413365764
1781756311013
18509301065
1781756312012
18605745582
1781756313011
18701930272
1781756314013
18796931860
1781756315012
18890349772
1781756316012
18984657209
1781756317013
19080519330
1781756318012
19176516703
1781756319012
19277983973
1781756320073
19367960732
1781756321012
19464317114
1781756322016
19559785009
1781756323013
19655873569
1781756324012
19752383271
1781756325013
19848167511
1781756326012
19944225492
1781756327013
20039962613
1781756328013
20135720730
1781756329013
20231725672
1781756330012
20327758873
1781756331012
20424104147
1781756332013
20520144978
1781756333012
20616196795
1781756334012
20711985978
1781756335012
20807650040
1781756336012
20903320205
1781756337013
20999538037
1781756338013
21095247814
1781756339012
21191063487
1781756340013
21286733286
1781756341012
21382550485
1781756342013
21478489509
1781756343011
21573036447
1781756344011
21668943428
1781756345012
21764770453
1781756346013
21860762456
1781756347013
21957051150
1781756348011
22053032899
1781756349012
22154071154
1781756350075
22244220947
1781756351012
22340470457
1781756352013
22435826963
1781756353011
22530382812
1781756354013
22625093935
1781756355013
22719267339
1781756356013
22815112735
1781756357013
22910842043
1781756358013
23006745362
1781756359012
23102773315
1781756360013
23198256164
1781756361012
23294366757
1781756362011
23390811884
1781756363012
23486838127
1781756364013
23582636161
1781756365012
23678166068
1781756366012
23774220570
1781756367013
23869900684
1781756368013
23965619922
1781756369012
24061659288
1781756370013
24157505356
1781756371013
24253598188
1781756372012
24349575848
1781756373013
24445374248
1781756374013
24541487771
1781756375011
24637393104
1781756376012
24733372656
1781756377012
24829034337
1781756378009
24925401705
1781756379013
25026304157
1781756380074
25114407203
1781756381011
25208810038
1781756382012
25305108863
1781756383013
25401062658
1781756384016
25496979893
1781756385013
25592962924
1781756386013
25688985017
1781756387013
25784486725
1781756388012
25880391875
1781756389011
25976423978
1781756390012
26072410488
1781756391013
26168510095
1781756392013
26265103537
1781756393013
26361334187
1781756394013
26463162722
1781756395074
26552756487
1781756396012
26648752823
1781756397011
26744881606
1781756398013
26840846021
1781756399013
26936860362
1781756400012
27032904367
1781756401013
27128970466
1781756402013
27225022283
1781756403012
27321135868
1781756404012
27417477479
1781756405012
27513419860
1781756406013
27609377867
1781756407013
27705500484
1781756408012
27801616999
1781756409013
27896823542
1781756410012
27993314872
1781756411013
28089120352
1781756412012
28185721728
1781756413012
28281505235
1781756414012
28377456467
1781756415012
28473505232
1781756416013
28569570782
1781756417013
28665301372
1781756418011
28761391641
1781756419013
28857159462
1781756420013
28953093299
1781756421012
29048914404
1781756422012
29145508028
1781756423012
29241657440
1781756424013
29337069306
1781756425011
29432779754
1781756426011
29528951871
1781756427011
29625446924
1781756428016
29720980615
1781756429013
29816876305
1781756430013
29912986777
1781756431015
30008585775
1781756432013
30104871417
1781756433013
30200943437
1781756434013
30297336501
1781756435010
30393065687
1781756436013
30489123546
1781756437012
30583362136
1781756438011
30679253553
1781756439012
30780602536
1781756440073
30870663707
1781756441012
30966356822
1781756442012
31062821174
1781756443012
31159081670
1781756444013
31254868961
1781756445012
31350734866
1781756446013
31446519533
1781756447012
31542747070
1781756448013
31638650511
1781756449013
31734702999
1781756450013
31830952570
1781756451013
31927117057
1781756452013
32023546315
1781756453013
32119490344
1781756454012
32215365648
1781756455013
32311106858
1781756456013
32407082442
1781756457013
32502808821
1781756458012
32598802411
1781756459013
32694105084
1781756460013
32789984538
1781756461013
32886072976
1781756462012
32982018837
1781756463013
33078227514
1781756464013
33173301977
1781756465012
33268611426
1781756466010
33364712437
1781756467012
33460430576
1781756468012
33555738132
1781756469011
33650302526
1781756470013
33745629187
1781756471013
33841536168
1781756472013
33937840242
1781756473012
34033905304
1781756474013
34130455960
1781756475012
34226573512
1781756476013
34322442163
1781756477013
34418466576
1781756478013
34513922447
1781756479012
34609569358
1781756480013
34705500081
1781756481013
34799859520
1781756482011
34895112267
1781756483012
34990783775
1781756484012
35086721334
1781756485013
35181896567
1781756486012
35277593588
1781756487012
35373386067
1781756488011
35469383929
1781756489013
35565163835
1781756490012
35661235611
1781756491011
35757342359
1781756492012
35853659923
1781756493012
35949612131
1781756494011
36046034675
1781756495013
36141915349
1781756496013
36237814030
1781756497013
36333950441
1781756498012
36429944458
1781756499012
36531441208
1781756500076
36620632874
1781756501011
36716565490
1781756502013
36812728085
1781756503013
36908596553
1781756504013
37004708734
1781756505012
37100334222
1781756506011
37196453482
1781756507013
37291683402
1781756508011
37387363638
1781756509013
37483237416
1781756510013
37578949512
1781756511012
37675178087
1781756512012
37771649520
1781756513013
37867540998
1781756514012
37963545147
1781756515013
38059169108
1781756516013
38154826578
1781756517013
38250755837
1781756518013
38346324074
1781756519013
38442057227
1781756520013
38537851294
1781756521012
38633420751
1781756522013
38729188633
1781756523012
38825216708
1781756524012
38921559418
1781756525013
39017870145
1781756526013
39114021755
1781756527013
39209691126
1781756528012
39306142479
1781756529012
39407231270
1781756530073
39497442831
1781756531015
39592914327
1781756532013
39689267535
1781756533013
39785114275
1781756534013
39880776933
1781756535011
39976542984
1781756536012
40072408278
1781756537012
40168049269
1781756538013
40264034436
1781756539013
40360078379
1781756540013
40455682871
1781756541013
40551810615
1781756542011
40648069585
1781756543012
40744029423
1781756544013
40839795657
1781756545012
40935642763
1781756546012
41031706420
1781756547012
41127769651
1781756548013
41223598568
1781756549013
41319388667
1781756550012
41415244318
1781756551012
41510856012
1781756552012
41607240042
1781756553013
41703278798
1781756554013
41799430773
1781756555012
41895566819
1781756556012
41991438888
1781756557012
42087688336
1781756558012
42183607280
1781756559008
42295009095
1781756560176
42374944559
1781756561013
42470660073
1781756562013
42566574928
1781756563012
42662161109
1781756564012
42758222630
1781756565012
42854043674
1781756566013
42949716159
1781756567013
43045261202
1781756568012
43140938509
1781756569012
43236468354
1781756570011
43332485931
1781756571013
43428050872
1781756572012
43524080472
1781756573012
43620223170
1781756574013
43716044946
1781756575013
43811520288
1781756576013
43907461937
1781756577013
44003394186
1781756578013
44099069235
1781756579012
44194896565
1781756580012
44290692767
1781756581013
44386500628
1781756582013
44482423600
1781756583013
44577971268
1781756584011
44674559094
1781756585013
44770645518
1781756586013
44866573007
1781756587012
44962750861
1781756588012
45058600225
1781756589013
45159707327
1781756590073
45249529241
1781756591013
45345213139
1781756592012
45441575258
1781756593013
45537683227
1781756594013
45633930295
1781756595012
45729751095
1781756596012
45825802546
1781756597012
45921563592
1781756598012
46017285515
1781756599012
46112994926
1781756600012
46208590812
1781756601011
46304444448
1781756602011
46400618762
1781756603012
46496390612
1781756604013
46591959581
1781756605012
46687133227
1781756606013
46783210801
1781756607013
46879383406
1781756608012
46975593426
1781756609013
47071359965
1781756610013
47167192300
1781756611012
47262954690
1781756612013
47358749794
1781756613013
47454660437
1781756614012
47549658668
1781756615013
47644025186
1781756616011
47740270912
1781756617012
47836207128
1781756618012
47932417759
1781756619012
48028167391
1781756620012
48123710421
1781756621011
48219783966
1781756622013
48316184354
1781756623013
48411999661
1781756624013
48508095606
1781756625013
48603839990
1781756626013
48699831565
1781756627012
48795798300
1781756628013
48891571309
1781756629013
48987524554
1781756630013
49083465532
1781756631013
49179013749
1781756632012
49275624891
1781756633013
49371367932
1781756634012
49472722592
1781756635073
49562691478
1781756636013
49658555002
1781756637013
49754405709
1781756638013
49850307746
1781756639010
49946246465
1781756640013
50042278385
1781756641013
50138258120
1781756642011
50234731139
1781756643011
50330930600
1781756644013
50426998592
1781756645013
50522563716
1781756646009
50618780632
1781756647013
50714814627
1781756648013
50810734426
1781756649013
50905837148
1781756650012
50999861444
1781756651012
51095312921
1781756652013
51191647818
1781756653013
51287554128
1781756654013
51383604724
1781756655012
51479625536
1781756656013
51575667648
1781756657013
51671423384
1781756658013
51766787520
1781756659011
51862607221
1781756660013
51958506146
1781756661012
52054374064
1781756662013
52150413369
1781756663011
52246689734
1781756664013
52342401342
1781756665013
52437219214
1781756666013
52532057351
1781756667011
52628160254
1781756668011
52724470188
1781756669011
52820196811
1781756670012
52915972505
1781756671012
53011645539
1781756672012
53108286161
1781756673013
53204426418
1781756674013
53300643029
1781756675013
53396396263
1781756676013
53492246604
1781756677013
53587987143
1781756678011
53684160175
1781756679013
53779836688
1781756680012
53875258197
1781756681013
53970961199
1781756682012
54067320998
1781756683013
54163307203
1781756684013
54259254223
1781756685013
54355098216
1781756686013
54451251168
1781756687013
54547056037
1781756688013
54642840765
1781756689013
54739040409
1781756690012
54834776370
1781756691011
54931002991
1781756692013
55027169249
1781756693013
55123124021
1781756694013
55218951778
1781756695013
55314540767
1781756696013
55410680658
1781756697013
55506922049
1781756698013
55603006093
1781756699013
55698765308
1781756700012
55794745287
1781756701013
55890831955
1781756702013
55986866194
1781756703010
56081770431
1781756704012
56176702500
1781756705011
56271723680
1781756706012
56367785751
1781756707011
56461662891
1781756708013
56557047291
1781756709013
56652509998
1781756710012
56748096545
1781756711013
56843782213
1781756712012
56940203781
1781756713013
57036212263
1781756714013
57132519145
1781756715013
57228079569
1781756716013
57324008523
1781756717012
57419818764
1781756718012
57515583411
1781756719013
57611462743
1781756720013
57707446934
1781756721013
57803360079
1781756722012
57899589081
1781756723012
57995637419
1781756724011
58091539761
1781756725013
58186645292
1781756726012
58282688076
1781756727013
58378724268
1781756728013
58474488915
1781756729012
58570324363
1781756730013
58666378683
1781756731013
58762252034
1781756732013
58858612322
1781756733013
58954190507
1781756734010
59050813429
1781756735011
59146459607
1781756736011
59242619273
1781756737013
59338634591
1781756738013
59434614387
1781756739013
59535913993
1781756740073
59626349797
1781756741013
59721903385
1781756742013
59818291322
1781756743011
59914421936
1781756744012
60010656491
1781756745013
60106427792
1781756746013
60202472163
1781756747013
60298387261
1781756748013
60394401420
1781756749013
60489842826
1781756750013
60585483816
1781756751013
60681553150
1781756752013
60777862230
1781756753012
60874050582
1781756754015
60975542510
1781756755075
61061571648
1781756756008
61123220782
1781756757013
61174254770
1781756758012
61225893676
1781756759012
61275185420
1781756760012
61326240221
1781756761012
61380085420
1781756762011
61432492573
1781756763012
61490017145
1781756764014
61554550427
1781756765012
61649915418
1781756766013
61745836803
1781756767012
61841976327
1781756768013
61938038764
1781756769013
62033483772
1781756770013
62129428777
1781756771013
62225519718
1781756772013
62322292297
1781756773013
62418296934
1781756774012
62515002680
1781756775012
62610575068
1781756776013
62706318414
1781756777012
62802404533
1781756778013
62898251211
1781756779013
62994068532
1781756780013
63089913928
1781756781013
63185726305
1781756782011
63282044540
1781756783010
63378899456
1781756784012
63474703776
1781756785013
63570163920
1781756786012
63666294472
1781756787013
63762078162
1781756788011
63858049474
1781756789013
63953538854
1781756790013
64049142125
1781756791012
64145092135
1781756792013
64241086641
1781756793013
64336914032
1781756794013
64433236417
1781756795013
64528592557
1781756796012
64624727382
1781756797012
64720473841
1781756798012
64816263147
1781756799011
64911642053
1781756800013
65007622093
1781756801013
65103471335
1781756802011
65199954669
1781756803012
65295865740
1781756804013
65391959915
1781756805012
65487754286
1781756806013
65583163466
1781756807013
65678940443
1781756808013
65774789257
1781756809013
65870578013
1781756810013
65966461984
1781756811013
66061756601
1781756812012
66158013130
1781756813011
66253845526
1781756814012
66354848136
1781756815073
66444304328
1781756816013
66540043158
1781756817012
66636168339
1781756818012
66732347658
1781756819013
66827882020
1781756820013
66923685974
1781756821013
67019600524
1781756822013
67115446042
1781756823012
67211489193
1781756824012
67307374018
1781756825011
67402993585
1781756826011
67499302237
1781756827013
67595042288
1781756828012
67690779225
1781756829012
67791954931
1781756830073
67882126880
1781756831013
67978130602
1781756832012
68074110764
1781756833012
68169821700
1781756834013
68265970929
1781756835013
68361763531
1781756836013
68457516764
1781756837013
68553284647
1781756838013
68649189553
1781756839013
68744994849
1781756840013
68840615393
1781756841012
68936735020
1781756842013
69033272248
1781756843013
69128930512
1781756844013
69224780730
1781756845013
69320405119
1781756846012
69416128568
1781756847012
69511841885
1781756848011
69607827540
1781756849012
69703480250
1781756850012
69799283654
1781756851013
69893830104
1781756852012
69989846887
1781756853011
70085659264
1781756854012
70181881857
1781756855011
70277823933
1781756856011
70374174822
1781756857009
70470480422
1781756858011
70566553052
1781756859013
70661998304
1781756860013
70757654370
1781756861013
70853781138
1781756862012
70950030891
1781756863012
71046095892
1781756864012
71142318180
1781756865011
71238383364
1781756866013
71334340332
1781756867012
71430381590
1781756868012
71526328610
1781756869011
71622845270
1781756870013
71718625603
1781756871013
71814591422
1781756872012
71910808583
1781756873012
72006786304
1781756874013
72102635973
1781756875013
72198147447
1781756876013
72293989914
1781756877012
72389866561
1781756878012
72485411055
1781756879012
72581219404
1781756880012
72676933758
1781756881012
72772920817
1781756882013
72869130837
1781756883012
72965024268
1781756884013
73061064672
1781756885011
73156815281
1781756886012
73252937838
1781756887013
73348740510
1781756888012
73444304963
1781756889012
73545613480
1781756890075
73635568755
1781756891012
73731546720
1781756892012
73827994227
1781756893013
73924117455
1781756894013
74020475302
1781756895012
74116360371
1781756896012
74212247027
1781756897012
74308401444
1781756898013
74404418838
1781756899012
74500456617
1781756900013
74596095349
1781756901013
74692236949
1781756902012
74788781928
1781756903013
74884565130
1781756904013
74979533515
1781756905013
75075070014
1781756906013
75171089238
1781756907013
75266995792
1781756908012
75362646914
1781756909012
75458466676
1781756910013
75554283509
1781756911012
75650112548
1781756912013
75746146238
1781756913012
75842187069
1781756914012
75938504937
1781756915013
76034371940
1781756916013
76130188956
1781756917013
76226162160
1781756918012
76321924427
1781756919012
76423087986
1781756920073
76512528187
1781756921009
76609054612
1781756922013
76705335250
1781756923013
76801279645
1781756924013
76897444316
1781756925013
76993292093
1781756926013
77089105507
1781756927013
77184870643
1781756928013
77280664953
1781756929012
77376573033
1781756930012
77472624423
1781756931013
77568352633
1781756932013
77664451630
1781756933013
77760530546
1781756934012
77856465603
1781756935013
77951995327
1781756936013
78048246362
1781756937016
78144060021
1781756938013
78239712242
1781756939011
78335608969
1781756940013
78431245077
1781756941013
78527296772
1781756942013
78623486772
1781756943012
78719273514
1781756944011
78815763746
1781756945013
78911575024
1781756946013
79007581919
1781756947013
79103649666
1781756948013
79199443306
1781756949013
79294672920
1781756950012
79390052681
1781756951013
79486233099
1781756952012
79582494571
1781756953012
79678372927
1781756954013
79774706481
1781756955013
79870537657
1781756956012
79966084776
1781756957011
80062073055
1781756958013
80157983210
1781756959015
80252313840
1781756960012
80347932004
1781756961015
80443319088
1781756962012
80539757501
1781756963012
80635748161
1781756964012
80731532584
1781756965013
80827128653
1781756966012
80923366749
1781756967012
81019354174
1781756968013
81112857352
1781756969013
81208023124
1781756970011
81304257253
1781756971015
81399716603
1781756972012
81495688892
1781756973012
81591526598
1781756974012
81687775986
1781756975013
81783366683
1781756976013
81879294477
1781756977013
81975465618
1781756978013
82071257914
1781756979013
82166493632
1781756980012
82261779216
1781756981013
82357955178
1781756982012
82454283301
1781756983013
82550035375
1781756984013
82646246921
1781756985013
82742295991
1781756986013
82838448699
1781756987012
82934301054
1781756988012
83030242337
1781756989013
83126264796
1781756990013
83221901758
1781756991013
83317760827
1781756992013
83414124105
1781756993012
83510111775
1781756994013
83606132586
1781756995013
83702038957
1781756996013
83798286086
1781756997013
83894306531
1781756998013
83990290538
1781756999012
84086113779
1781757000013
84181864083
1781757001013
84277627632
1781757002012
84373873540
1781757003013
84469939151
1781757004013
84566060548
1781757005013
84661910706
1781757006011
84758071654
1781757007013
84854255672
1781757008012
84950093135
1781757009013
85050829876
1781757010073
85138997619
1781757011011
85235241575
1781757012012
85331433406
1781757013012
85427499139
1781757014012
85524069143
1781757015013
85620056935
1781757016013
85715958606
1781757017012
85811918992
1781757018012
85907861191
1781757019012
86003943769
1781757020012
86099467023
1781757021011
86195607890
1781757022012
86291977700
1781757023010
86387861549
1781757024012
86483837194
1781757025013
86579408238
1781757026012
86675494296
1781757027011
86771734101
1781757028012
86867559356
1781757029011
86963544767
1781757030013
87059436062
1781757031011
87155258937
1781757032013
87251432580
1781757033013
87345706875
1781757034013
87441428493
1781757035012
87537401575
1781757036013
87633088280
1781757037012
87729274741
1781757038012
87825377583
1781757039013
87926493047
1781757040073
88016683734
1781757041013
88113263748
1781757042013
88209668897
1781757043012
88305825450
1781757044013
88402067818
1781757045011
88498188971
1781757046012
88594339543
1781757047011
88690827150
1781757048013
88786958862
1781757049012
88883073911
1781757050012
88979139888
1781757051013
89075385186
1781757052012
89171615958
1781757053012
89267748463
1781757054013
89369360447
1781757055076
89458861438
1781757056013
89555214158
1781757057013
89651674360
1781757058013
89747638165
1781757059013
89843832255
1781757060012
89939806923
1781757061013
90035824622
1781757062013
90132146580
1781757063012
90227891025
1781757064012
90324602874
1781757065015
90420416106
1781757066015
90516289456
1781757067012
90612463527
1781757068009
90708750878
1781757069012
90804092553
1781757070012
90899832847
1781757071013
90996211385
1781757072012
91093051286
1781757073013
91189209181
1781757074013
91285532482
1781757075013
91381502635
1781757076011
91477513741
1781757077012
91573435798
1781757078013
91669511846
1781757079013
91765210331
1781757080011
91861319094
1781757081013
91957708557
1781757082013
92054268551
1781757083012
92150358149
1781757084012
92246430291
1781757085013
92342011833
1781757086013
92437904776
1781757087013
92533783925
1781757088013
92630196154
1781757089013
92726076768
1781757090011
92822062057
1781757091013
92918079695
1781757092013
93014054730
1781757093012
93110020487
1781757094012
93206710608
1781757095013
93302262732
1781757096012
93398225804
1781757097012
93494651583
1781757098013
93591109710
1781757099012
93692558913
1781757100073
93782440946
1781757101013
93878405178
1781757102009
93975164635
1781757103012
94071038535
1781757104012
94167696308
1781757105013
94263800676
1781757106013
94359625137
1781757107011
94455869337
1781757108013
94551869518
1781757109013
94647521678
1781757110013
94743518564
1781757111013
94839392708
1781757112011
94936206242
1781757113013
95031964969
1781757114011
95128147523
1781757115012
95223604737
1781757116012
95319784850
1781757117013
95415489927
1781757118013
95511176022
1781757119011
95607587397
1781757120013
95703592583
1781757121013
95799658438
1781757122013
95896006275
1781757123013
95992202013
1781757124013
96089052961
1781757125014
96184631086
1781757126012
96280835063
1781757127012
96376991860
1781757128013
96473206763
1781757129013
96568607581
1781757130013
96664052283
1781757131013
96760485874
1781757132013
96856985016
1781757133012
96952977202
1781757134013
97049660243
1781757135013
97145589014
1781757136013
97241736717
1781757137013
97337978780
1781757138012
97434187152
1781757139013
97530466141
1781757140013
97626408523
1781757141013
97722407483
1781757142013
97818749827
1781757143013
97914958321
1781757144013
98010556831
1781757145012
98106329169
1781757146012
98202251043
1781757147012
98298312869
1781757148012
98394474733
1781757149012
98490295105
1781757150013
98586266417
1781757151012
98682222897
1781757152011
98778815057
1781757153013
98875111747
1781757154013
98969680780
1781757155013
99065562309
1781757156013
99161609243
1781757157012
99257731739
1781757158013
99353822313
1781757159013
99449361253
1781757160012
99545072495
1781757161013
99641488264
1781757162012
99738481790
1781757163012
99834924414
1781757164013
99931683627
1781757165012
100027421114
1781757166012
100123303315
1781757167012
100219521269
1781757168011
100314415069
1781757169012
100410062651
1781757170012
100506260464
1781757171013
100602390772
1781757172013
100698979148
1781757173012
100795231770
1781757174013
100891303485
1781757175013
100987025713
1781757176013
101083097061
1781757177013
101179492200
1781757178013
101275776988
1781757179011
101372095467
1781757180013
101468257086
1781757181013
101564071538
1781757182013
101658298103
1781757183013
101753602058
1781757184012
101850040288
1781757185013
101944985174
1781757186012
102039655342
1781757187013
102135465278
1781757188013
102232011905
1781757189012
102332939626
1781757190075
102420805001
1781757191013
102516968024
1781757192012
102614037966
1781757193011
102710709227
1781757194012
102806410643
1781757195012
102901820371
1781757196012
102998047969
1781757197013
103094262140
1781757198013
103190466178
1781757199013
103286514028
1781757200012
103382687915
1781757201012
103479206772
1781757202013
103576494120
1781757203013
103672685158
1781757204012
103775053732
1781757205076
103864617467
1781757206014
103960953829
1781757207012
104057332794
1781757208012
104153467436
1781757209013
104249355801
1781757210012
104345432704
1781757211011
104441572777
1781757212013
104538056661
1781757213013
104634648089
1781757214016
104731203322
1781757215015
104826860487
1781757216012
104922719739
1781757217011
105018981944
1781757218013
105115174935
1781757219013
105216514031
1781757220073
105306656256
1781757221012
105402993534
1781757222013
105500032470
1781757223013
105596705318
1781757224013
105693110040
1781757225011
105789444876
1781757226012
105885771412
1781757227011
105982043321
1781757228012
106078214278
1781757229012
106174646099
1781757230012
106270488750
1781757231013
106366775735
1781757232012
106463630650
1781757233012
106559657016
1781757234011
106661749467
1781757235076
106751351105
1781757236013
106847226714
1781757237012
106943102201
1781757238011
107039229091
1781757239013
107135532250
1781757240013
107231756552
1781757241012
107327650106
1781757242013
107424049578
1781757243012
107519963456
1781757244012
107616353834
1781757245013
107712302258
1781757246013
107808047924
1781757247012
107903857798
1781757248013
107999931344
1781757249009
108101902213
1781757250074
108192016301
1781757251012
108288421023
1781757252013
108385493589
1781757253013
108481852168
1781757254012
108578441398
1781757255012
108674626577
1781757256012
108770809497
1781757257012
108867213486
1781757258013
108963639326
1781757259016
109058952619
1781757260011
109155310405
1781757261013
109251231180
1781757262013
109347749976
1781757263013
109443943150
1781757264012
109545880023
1781757265074
109636123566
1781757266013
109732323149
1781757267012
109828450405
1781757268013
109924386439
1781757269013
110020746971
1781757270013
110116986227
1781757271013
110212882099
1781757272012
110308959856
1781757273013
110403237630
1781757274013
110499199360
1781757275013
110595130999
1781757276013
110691310440
1781757277013
110787636243
1781757278013
110883313916
1781757279009
110979219127
1781757280012
111075490914
1781757281013
111171471320
1781757282012
111268162052
1781757283010
111364701111
1781757284013
111461338498
1781757285016
111557059872
1781757286013
111653102289
1781757287013
111749191948
1781757288013
111843526118
1781757289013
111938371640
1781757290013
112034568720
1781757291013
112130438287
1781757292013
112226959585
1781757293013
112323132251
1781757294013
112418890734
1781757295012
112514476305
1781757296013
112610346787
1781757297012
112706375411
1781757298012
112802401654
1781757299012
112898394023
1781757300012
112994208719
1781757301012
113090139443
1781757302012
113186066810
1781757303013
113282155492
1781757304012
113378437167
1781757305012
113473747897
1781757306012
113569772493
1781757307013
113665584381
1781757308012
113761175018
1781757309013
113856758147
1781757310012
113952420561
1781757311013
114048610195
1781757312013
114144801233
1781757313009
114239691859
1781757314013
114335452966
1781757315012
114431159081
1781757316012
114527155296
1781757317013
114623167562
1781757318012
114718814351
1781757319013
114814861102
1781757320013
114910697771
1781757321012
115006717850
1781757322013
115103162976
1781757323012
115199176646
1781757324012
115294989573
1781757325012
115391110298
1781757326012
115486685249
1781757327012
115582939580
1781757328013
115678629399
1781757329011
115774350284
1781757330013
115870445863
1781757331013
115966475036
1781757332012
116062733579
1781757333013
116158563900
1781757334012
116255024285
1781757335013
116350719536
1781757336013
116446843802
1781757337013
116542861805
1781757338014
116639019457
1781757339013
116735149582
1781757340012
116830887862
1781757341013
116926784345
1781757342013
117022857647
1781757343013
117119054178
1781757344013
117215235389
1781757345012
117311091894
1781757346013
117407341892
1781757347013
117503239291
1781757348012
117599080659
1781757349013
117695069488
1781757350013
117790933500
1781757351012
117887078335
1781757352013
117983385644
1781757353010
118079599754
1781757354013
118175490743
1781757355012
118271257222
1781757356013
118366878376
1781757357013
118462717364
1781757358013
118556992635
1781757359013
118652244467
1781757360013
118748060200
1781757361012
118843995013
1781757362013
118940220963
1781757363013
118996898675
1781757364013
119046138905
1781757365009
119100970491
1781757366013
119156558911
1781757367013
119203141921
1781757368013
119248837605
1781757369014
119299011427
1781757370013
119347114636
1781757371013
119390434472
1781757372014
119432255104
1781757373013
119473116084
1781757374014
119514374706
1781757375013
119555386076
1781757376013
119595395251
1781757377014
119635191169
1781757378013
119676137353
1781757379013
119715292588
1781757380012
119756348269
1781757381013
119798425798
1781757382013
119839988069
1781757383013
119882960554
1781757384013
119928536671
1781757385076
119970324405
1781757386013
120010507103
1781757387013
120049838301
1781757388013
120089665347
1781757389013
120129909873
1781757390013
120170069988
1781757391013
120211351437
1781757392013
120253549083
1781757393014
120293627045
1781757394013
120334235949
1781757395015
120374937750
1781757396013
120414623561
1781757397013
120454301011
1781757398013
120494757694
1781757399013
120538824232
1781757400074
120580396513
1781757401013
120622693158
1781757402014
120664517208
1781757403013
120705532240
1781757404013
120746386323
1781757405013
120787110095
1781757406013
120827927007
1781757407013
120867290005
1781757408013
120907441391
1781757409013
120947141363
1781757410013
120987385767
1781757411014
121028874979
1781757412014
121071181206
1781757413013
121111687145
1781757414013
121153875697
1781757415013
121199408844
1781757416014
121241451339
1781757417012
121280888311
1781757418012
121320926111
1781757419013
121360903548
1781757420013
121400675053
1781757421013
121442121907
1781757422015
121484006382
1781757423014
121523310359
1781757424014
121565545480
1781757425014
121606831813
1781757426012
121647073226
1781757427013
121686917362
1781757428014
121726932335
1781757429013
121771784576
1781757430074
121813195237
1781757431014
121855544738
1781757432013
121898017652
1781757433013
121938607575
1781757434013
121979954210
1781757435013
122020070867
1781757436013
122060250940
1781757437013
122100167952
1781757438013
122139510564
1781757439013
122179300623
1781757440014
122220164837
1781757441014
122260437683
1781757442013
122302273148
1781757443013
122342339390
1781757444013
122387376812
1781757445074
122429106807
1781757446013
122472799872
1781757447013
122512127713
1781757448013
122552110765
1781757449013
122592413640
1781757450014
122632135951
1781757451013
122673236614
1781757452014
122715817743
1781757453011
122755545730
1781757454015
122796345247
1781757455013
122837333118
1781757456014
122876611094
1781757457013
122916707793
1781757458013
122956161122
1781757459013
122998060124
1781757460013
123042058790
1781757461013
123083385955
1781757462013
123124964889
1781757463013
123166509949
1781757464013
123207367205
1781757465013
123248075475
1781757466012
123287463436
1781757467013
123327262955
1781757468013
123366767493
1781757469014
123405921018
1781757470013
123446625260
1781757471013
123487082065
1781757472015
123529209765
1781757473013
123569302802
1781757474013
123613910476
1781757475075
123655821196
1781757476014
123695497059
1781757477013
123734544933
1781757478013
123774852141
1781757479013
123815460375
1781757480014
123856286076
1781757481014
123897039695
1781757482013
123939422643
1781757483014
123979231745
1781757484013
124019605726
1781757485014
124060722259
1781757486013
124099837516
1781757487013
124138856153
1781757488013
124180068633
1781757489014
124224629677
1781757490074
124266544608
1781757491013
124308278754
1781757492015
124350384298
1781757493013
124390990152
1781757494010
124432403131
1781757495014
124472497450
1781757496013
124511824254
1781757497013
124551552179
1781757498013
124591379104
1781757499012
124630394934
1781757500013
124673081409
1781757501014
124713693183
1781757502013
124756159932
1781757503013
124795766825
1781757504013
124838152337
1781757505013
124882113345
1781757506013
124927000498
1781757507013
124966079316
1781757508013
125005255730
1781757509013
125045743114
1781757510013
125086677702
1781757511015
125127513596
1781757512013
125170014036
1781757513014
125209860126
1781757514013
125250984288
1781757515013
125291442863
1781757516014
125331309888
1781757517014
125370215611
1781757518013
125410482232
1781757519013
125454364077
1781757520076
125496099871
1781757521013
125537484714
1781757522013
125578661488
1781757523013
125618705026
1781757524014
125661608786
1781757525013
125702238321
1781757526015
125742221800
1781757527012
125782150042
1781757528013
125821612222
1781757529014
125861311827
1781757530013
125901633562
1781757531013
125942680088
1781757532014
125985176317
1781757533013
126025188849
1781757534013
126070473218
1781757535074
126112840968
1781757536013
126155144449
1781757537014
126194778625
1781757538014
126234471211
1781757539012
126274693215
1781757540013
126314848080
1781757541013
126356278333
1781757542013
126398910609
1781757543013
126439039596
1781757544013
126479876039
1781757545014
126521578874
1781757546014
126560940468
1781757547014
126600855893
1781757548013
126641410843
1781757549015
126681540806
1781757550013
126725613081
1781757551013
126768235409
1781757552013
126810870309
1781757553013
126850286590
1781757554013
126892518477
1781757555013
126932886476
1781757556013
126972897116
1781757557013
127012951091
1781757558014
127052865539
1781757559013
127092074118
1781757560013
127132915261
1781757561013
127173654293
1781757562013
127216390023
1781757563013
127257329921
1781757564014
127302299776
1781757565076
127344718735
1781757566014
127386803649
1781757567014
127426480366
1781757568014
127465724040
1781757569013
127505892761
1781757570013
127545355001
1781757571013
127585987343
1781757572012
127628715933
1781757573012
127668286632
1781757574014
127708920256
1781757575013
127750076279
1781757576013
127789877141
1781757577013
127829645289
1781757578013
127869712264
1781757579013
127912592892
1781757580076
127955310434
1781757581013
127997792686
1781757582013
128040176671
1781757583013
128080477533
1781757584014
128122485054
1781757585013
128163281703
1781757586013
128203321762
1781757587012
128243496097
1781757588014
128283635338
1781757589014
128322769027
1781757590013
128363713868
1781757591014
128404196797
1781757592013
128446226169
1781757593013
128485875848
1781757594014
128527804634
1781757595013
128572136552
1781757596013
128612486302
1781757597014
128652145198
1781757598013
128691415788
1781757599014
128731553075
1781757600014
128771354243
1781757601014
128812058606
1781757602013
128854497035
1781757603015
128894078050
1781757604013
128935538210
1781757605013
128976323567
1781757606013
129017017799
1781757607013
129056303465
1781757608013
129096390459
1781757609013
129139495085
1781757610076
129180906600
1781757611013
129222873717
1781757612013
129264855238
1781757613013
129305408357
1781757614014
129347316697
1781757615013
129387414433
1781757616013
129427660546
1781757617013
129468076764
1781757618013
129507691469
1781757619013
129547829062
1781757620013
129588406350
1781757621012
129629688838
1781757622013
129671688974
1781757623012
129712775661
1781757624013
129756776891
1781757625076
129798617910
1781757626013
129841182315
1781757627013
129880767724
1781757628015
129920448835
1781757629012
129960164249
1781757630013
129999954186
1781757631012
130041692910
1781757632013
130083911674
1781757633013
130124889230
1781757634013
130165740993
1781757635013
130206268355
1781757636014
130246578616
1781757637014
130285978967
1781757638014
130325556014
1781757639013
130368724726
1781757640075
130410363048
1781757641011
130454380330
1781757642013
130495922765
1781757643014
130535675898
1781757644013
130578279000
1781757645015
130618563198
1781757646013
130658900802
1781757647013
130698944157
1781757648013
130738370875
1781757649013
130778262802
1781757650013
130819310487
1781757651014
130860375750
1781757652013
130902641084
1781757653013
130943211049
1781757654014
130987950375
1781757655076
131031073617
1781757656014
