212053414844
1781754916577
212072088258
1781754917012
212113440264
1781754918013
212155459871
1781754919012
212196566211
1781754920015
212237725774
1781754921014
212279350484
1781754922011
212320526770
1781754923013
212365572736
1781754924012
212407991817
1781754925015
212449865672
1781754926012
212491520473
1781754927012
212531920394
1781754928011
212572236941
1781754929012
212612836935
1781754930015
212654566503
1781754931012
212695713798
1781754932015
212736993599
1781754933012
212780710406
1781754934014
212826483910
1781754935014
212869182653
1781754936015
212910768423
1781754937015
212950715892
1781754938013
212991404264
1781754939015
213032986433
1781754940014
213075284970
1781754941015
213120935060
1781754942013
213179953586
1781754943014
213250090797
1781754944011
213344132304
1781754945011
213438966412
1781754946014
213535651772
1781754947010
213634587310
1781754948035
213728470126
1781754949011
213825524199
1781754950011
213922257167
1781754951011
214019587240
1781754952011
214116885941
1781754953011
214213803967
1781754954010
214311564703
1781754955011
214409557860
1781754956014
214506894769
1781754957014
214604249806
1781754958011
214700369860
1781754959014
214796804916
1781754960011
214894242349
1781754961012
214991333287
1781754962010
215088343476
1781754963011
215185351895
1781754964013
215282586631
1781754965012
215379520587
1781754966014
215476545363
1781754967011
215573967843
1781754968011
215671357303
1781754969011
215769197995
1781754970015
215866272698
1781754971011
215963735583
1781754972011
216061488079
1781754973017
216158428749
1781754974011
216255738559
1781754975011
216352268646
1781754976011
216449832422
1781754977014
216545812767
1781754978011
216641995077
1781754979014
216738526568
1781754980011
216835190872
1781754981013
216931881542
1781754982011
217027495006
1781754983012
217123772225
1781754984011
217220889958
1781754985011
217317543336
1781754986011
217414633968
1781754987011
217511621940
1781754988014
217608033498
1781754989011
217704603441
1781754990011
217800958602
1781754991010
217897646770
1781754992012
217993955178
1781754993012
218090402380
1781754994011
218187833466
1781754995013
218284345731
1781754996011
218381046228
1781754997011
218477584677
1781754998011
218574463458
1781754999014
218671153945
1781755000011
218768317209
1781755001011
218863957284
1781755002011
218958226391
1781755003014
219053060682
1781755004013
219150116525
1781755005011
219246547186
1781755006011
219344002625
1781755007011
219440717771
1781755008011
219536852779
1781755009010
219633147881
1781755010011
219730495410
1781755011011
219828074506
1781755012011
219925161294
1781755013011
220022099217
1781755014010
220119618865
1781755015014
220216507838
1781755016011
220314213337
1781755017013
220411408218
1781755018011
220508370616
1781755019011
220605651190
1781755020011
220702811952
1781755021014
220799417845
1781755022011
220895944819
1781755023011
220992601127
1781755024011
221089879931
1781755025012
221186744673
1781755026011
221283820291
1781755027011
221381232456
1781755028014
221477704194
1781755029011
221574558622
1781755030012
221671458520
1781755031011
221768740925
1781755032014
221865900771
1781755033014
221962655529
1781755034011
222059965338
1781755035011
222157166261
1781755036012
222254404232
1781755037012
222351140435
1781755038011
222447720388
1781755039014
222544247729
1781755040011
222641188643
1781755041014
222738364419
1781755042014
222835462437
1781755043011
222932913299
1781755044013
223029755885
1781755045011
223126851462
1781755046014
223223802446
1781755047011
223321158093
1781755048011
223418122506
1781755049010
223515320621
1781755050011
223612600340
1781755051013
223709783990
1781755052014
223806207694
1781755053011
223903099719
1781755054011
224000760724
1781755055011
224097082315
1781755056011
224193655249
1781755057014
224289230322
1781755058010
224386932587
1781755059014
224484172999
1781755060011
224581556722
1781755061011
224679190322
1781755062011
224776662851
1781755063014
224873689885
1781755064011
224971552550
1781755065010
225068856683
1781755066011
225166746386
1781755067014
225263834700
1781755068011
225360433634
1781755069012
225457662145
1781755070011
225554964692
1781755071014
225652737513
1781755072014
225749913900
1781755073011
225847175552
1781755074013
225944658945
1781755075011
226042138859
1781755076011
226139831175
1781755077011
226237416802
1781755078015
226334413319
1781755079011
226431926863
1781755080011
226529318704
1781755081014
226626533726
1781755082013
226725166774
1781755083035
226819280425
1781755084011
226916120020
1781755085011
227013213339
1781755086011
227111256179
1781755087014
227208428476
1781755088013
227305677983
1781755089010
227403647398
1781755090014
227500866998
1781755091011
227598290027
1781755092011
227695785993
1781755093014
227792728555
1781755094010
227890111179
1781755095010
227987403716
1781755096011
228085468528
1781755097014
228194207508
1781755098136
228279103653
1781755099011
228376316905
1781755100011
228473390631
1781755101010
228570788148
1781755102011
228667889034
1781755103009
228765538199
1781755104010
228863528548
1781755105014
228958849166
1781755106011
229055214947
1781755107011
229152854407
1781755108010
229250416962
1781755109011
229347866481
1781755110010
229443651514
1781755111011
229540197287
1781755112011
229637114947
1781755113013
229733538467
1781755114011
229831160837
1781755115014
229928100835
1781755116011
230025844115
1781755117014
230122219174
1781755118011
230219082573
1781755119014
230315977284
1781755120011
230413292769
1781755121011
230510802102
1781755122014
230608157261
1781755123014
230705482024
1781755124011
230802644983
1781755125011
230899425680
1781755126011
230996711381
1781755127011
231093989147
1781755128014
231190356088
1781755129011
231287521794
1781755130011
231384808898
1781755131011
231482279840
1781755132014
231578946401
1781755133010
231676528305
1781755134014
231773502910
1781755135011
231870435279
1781755136013
231967835848
1781755137011
232065237942
1781755138011
232163014975
1781755139011
232260539871
1781755140011
232357637767
1781755141011
232454678352
1781755142011
232551198551
1781755143011
232647976563
1781755144011
232745872125
1781755145011
232843110707
1781755146011
232940801741
1781755147014
233037742166
1781755148011
233134602514
1781755149010
233232186066
1781755150011
233329595362
1781755151014
233426672079
1781755152012
233523789628
1781755153011
233620739392
1781755154011
233718384467
1781755155014
233816020936
1781755156014
233912713254
1781755157012
234010562796
1781755158035
234104740778
1781755159010
234202416492
1781755160010
234299989118
1781755161012
234397671546
1781755162011
234495235689
1781755163011
234592986476
1781755164011
234690365743
1781755165009
234787978775
1781755166011
234885759042
1781755167011
234983794558
1781755168014
235081465938
1781755169011
235179154287
1781755170010
235276630844
1781755171011
235374647256
1781755172011
235472085727
1781755173013
235568832306
1781755174010
235666312036
1781755175010
235764116413
1781755176013
235861712598
1781755177011
235959434760
1781755178011
236056816103
1781755179011
236154563472
1781755180014
236251119255
1781755181011
236348947801
1781755182014
236446106000
1781755183014
236543401771
1781755184011
236641073518
1781755185011
236738405056
1781755186011
236836161703
1781755187012
236935672556
1781755188035
237030511364
1781755189014
237127757636
1781755190011
237224841677
1781755191011
237323019282
1781755192014
237420598744
1781755193010
237518514082
1781755194011
237616740515
1781755195014
237714074616
1781755196010
237811898280
1781755197011
237909569660
1781755198014
238006950209
1781755199011
238104904487
1781755200010
238202862122
1781755201014
238300345576
1781755202011
238397544913
1781755203014
238494482226
1781755204011
238592272319
1781755205014
238689695837
1781755206014
238787155182
1781755207014
238884601039
1781755208011
238982063802
1781755209011
239079562149
1781755210012
239177291940
1781755211011
239275218874
1781755212011
239372559751
1781755213011
239470360342
1781755214011
239567854478
1781755215011
239665827616
1781755216014
239763560092
1781755217012
239860432098
1781755218011
239957486171
1781755219014
240054789205
1781755220011
240152039017
1781755221011
240250014841
1781755222014
240347930911
1781755223014
240446239741
1781755224014
240544123341
1781755225011
240641481856
1781755226014
240738976785
1781755227011
240836323032
1781755228011
240933425750
1781755229012
241030960351
1781755230013
241127789144
1781755231010
241225191727
1781755232011
241322433055
1781755233011
241419425971
1781755234011
241517292175
1781755235014
241614273738
1781755236011
241712092702
1781755237012
241809502853
1781755238011
241906851664
1781755239011
242004665561
1781755240014
242101811614
1781755241010
242199654076
1781755242014
242297098345
1781755243011
242394675366
1781755244011
242492264411
1781755245011
242589892457
1781755246012
242687477656
1781755247011
242784345450
1781755248010
242881362169
1781755249012
242978802472
1781755250011
243076165626
1781755251012
243174009186
1781755252013
243271324123
1781755253012
243368966695
1781755254010
243467270459
1781755255013
243564477120
1781755256010
243662617433
1781755257011
243760295466
1781755258011
243858006642
1781755259011
243956223187
1781755260011
244053419777
1781755261011
244150608493
1781755262011
244247995512
1781755263011
244345181420
1781755264012
244443641556
1781755265012
244540974254
1781755266012
244639210880
1781755267011
244737226925
1781755268011
244834656668
1781755269011
244933095137
1781755270013
245030271036
1781755271011
245127754002
1781755272011
245225124785
1781755273011
245322819603
1781755274011
245420688127
1781755275011
245518410533
1781755276010
245616511662
1781755277011
245713885375
1781755278013
245810962641
1781755279010
245908926562
1781755280011
246006903057
1781755281013
246104435461
1781755282011
246201747346
1781755283011
246299963159
1781755284011
246397683307
1781755285014
246494880507
1781755286011
246593009711
1781755287014
246690398622
1781755288011
246788350275
1781755289011
246886127796
1781755290012
246983242294
1781755291011
247080761453
1781755292011
247178524386
1781755293014
247275319671
1781755294012
247372700647
1781755295011
247470047566
1781755296014
247567603224
1781755297011
247665018380
1781755298010
247762190678
1781755299011
247859638854
1781755300011
247956380061
1781755301011
248053719961
1781755302011
248151732161
1781755303013
248248707621
1781755304011
248346693027
1781755305011
248444369229
1781755306014
248542139853
1781755307011
248639404375
1781755308011
248736137708
1781755309011
248833281381
1781755310010
248930625370
1781755311011
249028328184
1781755312014
249126163993
1781755313014
249223271532
1781755314008
249321514567
1781755315011
249418968297
1781755316011
249516596526
1781755317014
249613218166
1781755318012
249710505270
1781755319011
249807634477
1781755320011
249905646799
1781755321013
250003180852
1781755322011
250100300171
1781755323014
250197397029
1781755324014
250294548453
1781755325011
250391705919
1781755326014
250489352397
1781755327014
250586577918
1781755328012
250684003083
1781755329012
250781423671
1781755330010
250878729758
1781755331011
250976743972
1781755332013
251073895090
1781755333011
251171143194
1781755334011
251268491943
1781755335013
251363807923
1781755336010
251461343195
1781755337013
251560136521
1781755338034
251653206046
1781755339013
251750050281
1781755340011
251847157332
1781755341013
251944111369
1781755342011
252041323278
1781755343011
252138912200
1781755344014
252236687585
1781755345011
252334186664
1781755346011
252431656507
1781755347011
252529162483
1781755348011
252626348392
1781755349014
252723168029
1781755350011
252820610162
1781755351014
252918615710
1781755352014
253015643415
1781755353011
253113394935
1781755354014
253211361420
1781755355014
253308615932
1781755356012
253406648579
1781755357011
253504138991
1781755358011
253601937569
1781755359013
253699201297
1781755360011
253796352293
1781755361011
253893809319
1781755362011
253991544848
1781755363014
254089018048
1781755364010
254186931677
1781755365011
254284011873
1781755366012
254381809352
1781755367010
254479154439
1781755368011
254576058183
1781755369011
254673502147
1781755370014
254770543830
1781755371011
254868222779
1781755372014
254965157346
1781755373011
255062143975
1781755374011
255159844958
1781755375011
255257124127
1781755376011
255354777869
1781755377011
255452189607
1781755378011
255549592129
1781755379014
255647527303
1781755380014
255745029800
1781755381013
255842112864
1781755382012
255939144354
1781755383011
256036068422
1781755384014
256133477048
1781755385011
256231417837
1781755386017
256328844650
1781755387011
256426586038
1781755388014
256523699620
1781755389013
256621033295
1781755390010
256718735681
1781755391012
256816412616
1781755392011
256914483959
1781755393014
257011860175
1781755394011
257109856933
1781755395014
257206962337
1781755396012
257305034168
1781755397010
257402135299
1781755398012
257498984538
1781755399010
257596741185
1781755400014
257694141937
1781755401014
257791365626
1781755402010
257889202350
1781755403011
257987150464
1781755404011
258085173284
1781755405011
258182588440
1781755406014
258280491327
1781755407010
258377907093
1781755408013
258475084701
1781755409013
258572695107
1781755410010
258669920261
1781755411011
258767688627
1781755412011
258865067955
1781755413011
258962291583
1781755414014
259059802137
1781755415011
259155534436
1781755416011
259253014838
1781755417012
259350985229
1781755418011
259448353998
1781755419011
259546328113
1781755420011
259643760237
1781755421010
259741757971
1781755422013
259839574860
1781755423011
259937322840
1781755424014
260034972797
1781755425011
260132645032
1781755426011
260230838446
1781755427011
260328595275
1781755428013
260425377742
1781755429011
260523034231
1781755430014
260620401230
1781755431011
260718129617
1781755432011
260816156954
1781755433013
260914061428
1781755434014
261011850362
1781755435010
261109915358
1781755436014
261207527962
1781755437011
261304780581
1781755438011
261402132200
1781755439011
261499708366
1781755440014
261596660938
1781755441011
261694309919
1781755442011
261794079378
1781755443035
261888952975
1781755444012
261986853054
1781755445012
262084192832
1781755446011
38692466
1781755447011
136737198
1781755448014
234665781
1781755449014
332611270
1781755450011
430339657
1781755451012
528577504
1781755452013
626251509
1781755453011
724300819
1781755454011
822283417
1781755455011
920140832
1781755456014
1017828693
1781755457011
1115103468
1781755458011
1212140878
1781755459011
1309827152
1781755460012
1407019225
1781755461011
1504050531
1781755462011
1601723804
1781755463011
1699418134
1781755464011
1797922887
1781755465011
1895399261
1781755466011
1991896023
1781755467011
2086607817
1781755468014
2184302757
1781755469011
2281988970
1781755470011
2379847606
1781755471011
2477460515
1781755472011
2575003539
1781755473014
2672369501
1781755474011
2770552538
1781755475010
2868392620
1781755476011
2966736545
1781755477011
3064538724
1781755478013
3162293723
1781755479010
3260603957
1781755480011
3358111764
1781755481010
3456015749
1781755482012
3553556210
1781755483010
3651049491
1781755484010
3748908859
1781755485011
3846049480
1781755486011
3943903599
1781755487010
4041580412
1781755488011
4139058861
1781755489013
4237011553
1781755490011
4335040171
1781755491014
4432846989
1781755492011
4530891843
1781755493011
4628701468
1781755494011
4726454452
1781755495009
4824159952
1781755496012
4922365084
1781755497011
5020374965
1781755498011
5118396870
1781755499014
5216341626
1781755500011
5313858283
1781755501012
5411203127
1781755502012
5508175352
1781755503010
5605520134
1781755504011
5703393602
1781755505011
5801175761
1781755506014
5899052403
1781755507011
5997503567
1781755508014
6094853049
1781755509011
6192483414
1781755510012
6289806468
1781755511010
6387851139
1781755512011
6486123898
1781755513011
6584061086
1781755514011
6682712262
1781755515014
6780051063
1781755516011
6877680147
1781755517014
6973905486
1781755518013
7070745692
1781755519011
7168829426
1781755520011
7266675916
1781755521014
7363914009
1781755522010
7461524599
1781755523012
7559331417
1781755524012
7657360707
1781755525011
7755210798
1781755526011
7852837989
1781755527011
7950672700
1781755528010
8049030297
1781755529013
8147306291
1781755530014
8245006541
1781755531011
8342815495
1781755532014
8439874573
1781755533011
8537038203
1781755534011
8631984493
1781755535011
8727478695
1781755536012
8825565785
1781755537011
8923467329
1781755538011
9021764379
1781755539013
9119617217
1781755540010
9217817955
1781755541011
9315751908
1781755542011
9385944416
1781755543011
9436325452
1781755544009
9496488079
1781755545011
9549574857
1781755546011
9597157132
1781755547012
9650594374
1781755548011
9705424555
1781755549010
9762834992
1781755550012
9823298521
1781755551010
9920280207
1781755552010
10018211291
1781755553010
10116907999
1781755554013
10215517976
1781755555012
10314016869
1781755556012
10412108354
1781755557012
10510033152
1781755558011
10608450503
1781755559014
10706883295
1781755560011
10805291491
1781755561011
10904021524
1781755562014
11002022371
1781755563012
11099629788
1781755564011
11198176044
1781755565014
11295807264
1781755566011
11394496098
1781755567014
11492576780
1781755568010
11591114796
1781755569011
11685896963
1781755570011
11782800280
1781755571011
11880829265
1781755572013
11978354100
1781755573011
12076219512
1781755574011
12174243492
1781755575011
12272224625
1781755576013
12370345651
1781755577010
12468148501
1781755578011
12565767941
1781755579014
12663428152
1781755580011
12761102463
1781755581011
12860414281
1781755582014
12958232940
1781755583012
13056058129
1781755584011
13151414696
1781755585014
13248372028
1781755586011
13346723278
1781755587013
13444141547
1781755588011
13541822815
1781755589011
13640313835
1781755590014
13737777392
1781755591011
13835626384
1781755592011
13933813816
1781755593014
14030949554
1781755594011
14129005943
1781755595011
14226492205
1781755596010
14324731089
1781755597011
14422442143
1781755598012
14519996825
1781755599010
14618062797
1781755600014
14716084702
1781755601013
14813967386
1781755602011
14912371736
1781755603014
15010050502
1781755604011
15108118183
1781755605011
15205736158
1781755606011
15304097112
1781755607014
15401772277
1781755608010
15499436456
1781755609011
15597697252
1781755610014
15695443218
1781755611011
15793488133
1781755612013
15891251859
1781755613011
15989123252
1781755614011
16087639784
1781755615014
16184181468
1781755616011
16280074716
1781755617015
16378520876
1781755618011
16476520808
1781755619011
16575669114
1781755620014
16673591714
1781755621010
16771855867
1781755622011
16869859645
1781755623011
16967844501
1781755624014
17066468516
1781755625011
17163456854
1781755626014
17258654731
1781755627014
17356822387
1781755628012
17454731377
1781755629011
17552935594
1781755630013
17650681925
1781755631011
17748806613
1781755632013
17847014492
1781755633011
17945071003
1781755634011
18043601208
1781755635011
18141629887
1781755636011
18239957211
1781755637011
18340412154
1781755638035
18436010298
1781755639013
18533956642
1781755640011
18631804414
1781755641014
18729852503
1781755642011
18827904376
1781755643011
18926398752
1781755644014
19024134586
1781755645011
19122397579
1781755646014
19220309926
1781755647011
19318528730
1781755648011
19416716223
1781755649011
19515158109
1781755650014
19613028464
1781755651011
19711154190
1781755652010
19808980294
1781755653014
19906727725
1781755654014
20004944514
1781755655011
20102758534
1781755656014
20201081402
1781755657011
20299126256
1781755658014
20396864654
1781755659011
20494871055
1781755660011
20592625383
1781755661010
20690732615
1781755662014
20788956545
1781755663011
20886889278
1781755664010
20985823473
1781755665011
21083437603
1781755666012
21181553624
1781755667011
21279890530
1781755668009
21377930562
1781755669011
21475730971
1781755670011
21573553108
1781755671012
21671849121
1781755672014
21770021722
1781755673011
21868715866
1781755674014
21966975685
1781755675012
22065154938
1781755676009
22163728050
1781755677012
22261936905
1781755678012
22359962350
1781755679013
22457578983
1781755680010
22555714046
1781755681011
22653761586
1781755682011
22751450972
1781755683011
22848991738
1781755684013
22946503695
1781755685011
23044260952
1781755686011
23142317281
1781755687011
23240042311
1781755688011
23338073616
1781755689012
23435869203
1781755690011
23533411739
1781755691011
23630909353
1781755692011
23728858931
1781755693011
23826972266
1781755694014
23924439241
1781755695010
24022149501
1781755696014
24120085408
1781755697011
24217952589
1781755698011
24315693488
1781755699011
24413632752
1781755700011
24510928157
1781755701011
24608561696
1781755702011
24706464034
1781755703011
24804053811
1781755704011
24902468903
1781755705011
25000224695
1781755706009
25098482317
1781755707011
25196600474
1781755708014
25294197453
1781755709011
25392601376
1781755710014
25490302481
1781755711011
25588131515
1781755712010
25685973367
1781755713011
25783968538
1781755714011
25882266138
1781755715014
25979459188
1781755716012
26077646497
1781755717010
26175685065
1781755718014
26273310486
1781755719011
26371259515
1781755720011
26469238512
1781755721011
26567455729
1781755722011
26665268833
1781755723011
26763454312
1781755724012
26861103171
1781755725011
26957966692
1781755726011
27056430002
1781755727011
27156131163
1781755728035
27251590086
1781755729014
27349626456
1781755730011
27447702499
1781755731014
27545450601
1781755732011
27642946262
1781755733012
27741239712
1781755734017
27838877951
1781755735010
27936591751
1781755736011
28035251105
1781755737014
28133045227
1781755738012
28230796503
1781755739011
28328974230
1781755740014
28426203290
1781755741012
28523654884
1781755742011
28633023623
1781755743137
28718230314
1781755744011
28816032981
1781755745011
28913544267
1781755746011
29011832834
1781755747012
29110290955
1781755748014
29208285578
1781755749014
29306435046
1781755750013
29404414958
1781755751013
29502575596
1781755752011
29600914822
1781755753014
29698938496
1781755754011
29797027540
1781755755011
29894760566
1781755756011
29992959045
1781755757011
30090388971
1781755758011
30188519885
1781755759014
30286521587
1781755760011
30384520665
1781755761014
30482108550
1781755762011
30579901634
1781755763013
30677799028
1781755764012
30776035898
1781755765010
30873893008
1781755766011
30972311884
1781755767011
31070562426
1781755768011
31168805156
1781755769013
31266634861
1781755770011
31363861358
1781755771011
31461466638
1781755772010
31559062152
1781755773011
31656419630
1781755774014
31753996651
1781755775011
31851682802
1781755776011
31949687495
1781755777011
32047498707
1781755778012
32145507306
1781755779012
32243612463
1781755780010
32341507415
1781755781012
32438611842
1781755782011
32537033343
1781755783014
32634611096
1781755784011
32732877385
1781755785011
32830596617
1781755786010
32928465995
1781755787011
33026077318
1781755788011
33123639385
1781755789011
33221638524
1781755790014
33319650114
1781755791011
33418056600
1781755792014
33515570449
1781755793011
33613487191
1781755794011
33711810975
1781755795011
33810118646
1781755796014
33908370103
1781755797011
34006354532
1781755798013
34104113987
1781755799011
34202537746
1781755800014
34300755085
1781755801014
34399036388
1781755802011
34496763189
1781755803014
34592512883
1781755804011
34689823059
1781755805011
34786816035
1781755806011
34884534291
1781755807011
34982528303
1781755808013
35079898110
1781755809011
35177729524
1781755810011
35275248074
1781755811011
35372791952
1781755812010
35470206010
1781755813011
35567927622
1781755814014
35665658573
1781755815010
35763228819
1781755816012
35861184989
1781755817011
35958584093
1781755818011
36056428508
1781755819013
36153500403
1781755820010
36250824922
1781755821011
36348461268
1781755822013
36445423972
1781755823011
36543306412
1781755824014
36641082223
1781755825011
36738616276
1781755826011
36837197688
1781755827014
36934896718
1781755828014
37032285873
1781755829011
37130259682
1781755830014
37227690280
1781755831014
37325287930
1781755832011
37422396569
1781755833011
37518198691
1781755834013
37615588640
1781755835014
37712835950
1781755836011
37810625311
1781755837011
37907936952
1781755838012
38005742487
1781755839011
38103709705
1781755840012
38201121382
1781755841010
38299281470
1781755842013
38396922272
1781755843014
38494410182
1781755844011
38592741656
1781755845014
38688867508
1781755846011
38786040905
1781755847014
38883197028
1781755848011
38980265627
1781755849009
39078215572
1781755850012
39175242484
1781755851011
39273050156
1781755852011
39370422587
1781755853012
39467654882
1781755854011
39565513336
1781755855011
39662743311
1781755856011
39760303608
1781755857010
39858411084
1781755858011
39956278937
1781755859011
40053869751
1781755860011
40151151119
1781755861013
40248446097
1781755862011
40345726548
1781755863014
40442563153
1781755864012
40539288614
1781755865011
40635773535
1781755866010
40734296598
1781755867012
40832267478
1781755868014
40929231829
1781755869011
41026362135
1781755870011
41123617318
1781755871011
41221096255
1781755872012
41318252684
1781755873011
41415744073
1781755874012
41513481310
1781755875010
41609479783
1781755876011
41705805281
1781755877011
41803134194
1781755878011
41900736056
1781755879014
41998712856
1781755880011
42096151571
1781755881011
42194320571
1781755882014
42291954598
1781755883012
42389633425
1781755884011
42487249081
1781755885011
42584555228
1781755886011
42682536728
1781755887010
42780841347
1781755888012
42878723054
1781755889012
42976682948
1781755890011
43074337178
1781755891011
43172396375
1781755892014
43269944831
1781755893014
43366631656
1781755894014
43463913634
1781755895011
43561449151
1781755896011
43659338610
1781755897012
43756960491
1781755898012
43854668310
1781755899011
43952546355
1781755900012
44049984765
1781755901012
44147468158
1781755902011
44245175977
1781755903011
44342989264
1781755904011
44440925842
1781755905014
44538285456
1781755906011
44636275257
1781755907011
44733806440
1781755908013
44830560099
1781755909011
44928742465
1781755910013
45026169034
1781755911011
45124360250
1781755912011
45222512953
1781755913011
45320509162
1781755914014
45418441162
1781755915011
45515876887
1781755916011
45614425951
1781755917014
45710858565
1781755918014
45806832319
1781755919011
45904707495
1781755920011
46002879058
1781755921011
46101070274
1781755922014
46200612927
1781755923035
46295678907
1781755924011
46394019780
1781755925011
46491511047
1781755926014
46589126275
1781755927011
46686918567
1781755928011
46785045818
1781755929011
46883394504
1781755930014
46981411221
1781755931011
47079471334
1781755932014
47176628250
1781755933011
47273588574
1781755934011
47370924140
1781755935011
47468508729
1781755936011
47566618463
1781755937011
47664223926
1781755938011
47761714704
1781755939011
47859659949
1781755940011
47957140168
1781755941010
48055162561
1781755942011
48152903522
1781755943011
48250898389
1781755944011
48348781072
1781755945011
48446367309
1781755946012
48544444085
1781755947011
48642708909
1781755948011
48740423564
1781755949011
48838589267
1781755950014
48936095792
1781755951012
49033893882
1781755952011
49131694229
1781755953013
49228657848
1781755954011
49326897892
1781755955012
49424273131
1781755956011
49522344413
1781755957014
49620100023
1781755958014
49717168927
1781755959011
49815447850
1781755960014
49912891875
1781755961011
50010537439
1781755962012
50107740681
1781755963010
50205633924
1781755964011
50303574164
1781755965013
50400795106
1781755966011
50498830378
1781755967014
50596438771
1781755968014
50693609054
1781755969011
50791966224
1781755970014
50889976227
1781755971014
50987729090
1781755972011
51085591571
1781755973011
51183180311
1781755974011
51281380499
1781755975011
51379039428
1781755976011
51477167534
1781755977011
51575549362
1781755978014
51673568215
1781755979011
51771656648
1781755980012
51869134060
1781755981011
51966932943
1781755982015
52064252335
1781755983014
52161748179
1781755984011
52260205874
1781755985014
52357402036
1781755986011
52455755727
1781755987011
52553521346
1781755988011
52651267739
1781755989013
52748772128
1781755990011
52846300076
1781755991013
52943894858
1781755992012
53041696915
1781755993011
53139245432
1781755994011
53237583438
1781755995014
53335021420
1781755996011
53433073660
1781755997014
53529994554
1781755998010
53627250531
1781755999011
53724756873
1781756000011
53820666356
1781756001014
53917578645
1781756002011
54015757105
1781756003014
54113006123
1781756004012
54211165845
1781756005011
54308874152
1781756006014
54405424747
1781756007014
54501670289
1781756008011
54599158077
1781756009011
54697280567
1781756010011
54795362531
1781756011011
54893652928
1781756012012
54990939728
1781756013011
55088136561
1781756014014
55185766438
1781756015011
55283638502
1781756016014
55381541511
1781756017010
55479401124
1781756018011
55577671685
1781756019011
55676210740
1781756020014
55773834208
1781756021011
55872015597
1781756022011
55969715909
1781756023011
56067621053
1781756024014
56165731581
1781756025014
56263208932
1781756026011
56361247560
1781756027011
56471216944
1781756028135
56556606069
1781756029011
56654040084
1781756030010
56752088478
1781756031014
56849687899
1781756032010
56947986292
1781756033011
57045602131
1781756034010
57143568128
1781756035011
57241505927
1781756036014
57339127564
1781756037011
57437422539
1781756038013
57534580189
1781756039010
57632717266
1781756040010
57730820348
1781756041011
57826976535
1781756042011
57924629361
1781756043011
58021704308
1781756044010
58119763322
1781756045011
58217609385
1781756046014
58315573978
1781756047011
58413749264
1781756048014
58511718556
1781756049014
58609254561
1781756050012
58707443641
1781756051014
58805665436
1781756052011
58903843224
1781756053014
59001670366
1781756054011
59099992319
1781756055011
59197461918
1781756056011
59295964412
1781756057013
59393305716
1781756058012
59490709519
1781756059011
59589265602
1781756060011
59687079744
1781756061011
59785353296
1781756062014
59882922871
1781756063011
59980416334
1781756064011
60079004461
1781756065014
60176156312
1781756066011
60274679070
1781756067014
60372924973
1781756068012
60470788431
1781756069011
60568906710
1781756070014
60666712063
1781756071011
60765331745
1781756072013
60863305859
1781756073012
60961072393
1781756074011
61059201170
1781756075010
61157728384
1781756076014
61255411667
1781756077011
61353091531
1781756078011
61450960788
1781756079011
61549231166
1781756080011
61646890828
1781756081011
61744969068
1781756082013
61842661201
1781756083011
61940631348
1781756084012
62038787042
1781756085011
62136388659
1781756086012
62234333782
1781756087011
62331720618
1781756088011
62429463166
1781756089014
62527508569
1781756090014
62625182208
1781756091011
62723460033
1781756092014
62821036870
1781756093011
62918650512
1781756094011
63017012870
1781756095014
63114611253
1781756096011
63212894448
1781756097011
63310655856
1781756098010
63409060145
1781756099011
63507131000
1781756100014
63604696729
1781756101011
63702782171
1781756102011
63800714721
1781756103014
63897859492
1781756104011
63995871509
1781756105010
64094007549
1781756106013
64192511448
1781756107014
64290495083
1781756108011
64388620870
1781756109014
64486623854
1781756110014
64584320320
1781756111011
64682370118
1781756112013
64780138056
1781756113011
64877975086
1781756114011
64976786478
1781756115013
65074426731
1781756116011
65172553372
1781756117012
65269990440
1781756118011
65367192950
1781756119011
65465769113
1781756120014
65563571048
1781756121010
65661709957
1781756122011
65759847767
1781756123011
65858113812
1781756124013
65956542881
1781756125011
66054660062
1781756126011
66153068623
1781756127011
66251221021
1781756128011
66349697698
1781756129011
66447952695
1781756130011
66545797293
1781756131011
66644502546
1781756132014
66742236060
1781756133011
66839444979
1781756134011
66937724879
1781756135011
67035483418
1781756136011
67134200145
1781756137011
67232791628
1781756138014
67330921077
1781756139011
67429444994
1781756140011
67527738505
1781756141014
67625772983
1781756142014
67723807400
1781756143013
67822185627
1781756144014
67920535595
1781756145011
68018426580
1781756146011
68116915525
1781756147010
68215254689
1781756148013
68312681503
1781756149011
68374728463
1781756150011
68424447025
1781756151010
68476840262
1781756152012
68531948276
1781756153013
68581745084
1781756154011
68639381899
1781756155010
68694012253
1781756156014
68755920053
1781756157014
68826695141
1781756158012
68923900580
1781756159010
69022205748
1781756160011
69119991082
1781756161011
69218201340
1781756162014
69315398479
1781756163010
69412890356
1781756164011
69511134673
1781756165013
69608356958
1781756166010
69706687822
1781756167011
69804582103
1781756168011
69902644351
1781756169011
70001085262
1781756170014
70098590200
1781756171011
70196681502
1781756172012
70294769141
1781756173014
70392361237
1781756174011
70490729211
1781756175012
70588039814
1781756176011
70686552806
1781756177014
70784045232
1781756178011
70880983583
1781756179011
70978991022
1781756180011
71076531971
1781756181011
71175362407
1781756182010
71271933143
1781756183011
71368859531
1781756184014
71466797147
1781756185011
71564931600
1781756186014
71662883437
1781756187010
71761343268
1781756188011
71859835203
1781756189013
71958131094
1781756190012
72055760544
1781756191011
72154225563
1781756192014
72253700161
1781756193035
72348555143
1781756194013
72446823874
1781756195011
72544434708
1781756196011
72642682381
1781756197010
72740962708
1781756198011
72837584043
1781756199013
72934125177
1781756200011
73032560350
1781756201013
73130493998
1781756202011
73229269807
1781756203014
73327066798
1781756204011
73425705218
1781756205014
73523140088
1781756206014
73620655952
1781756207012
73718089418
1781756208011
73815488705
1781756209014
73911664728
1781756210011
74006524043
1781756211011
74103119865
1781756212011
74201702621
1781756213014
74299292886
1781756214011
74397475557
1781756215011
74495399745
1781756216011
74594258806
1781756217014
74692340342
1781756218011
74790008732
1781756219010
74888095456
1781756220011
74985691458
1781756221011
75083756698
1781756222011
75183924777
1781756223035
75279007114
1781756224011
75377539637
1781756225011
75475405171
1781756226011
75574250193
1781756227014
75672516299
1781756228014
75770559444
1781756229014
75868060599
1781756230011
75966167464
1781756231012
76064901708
1781756232012
76163071562
1781756233010
76261613119
1781756234011
76360196363
1781756235014
76457747138
1781756236011
76556331236
1781756237014
76654006951
1781756238011
76751832384
1781756239014
76850373147
1781756240011
76948390047
1781756241010
77046689844
1781756242010
77145149248
1781756243012
77243274363
1781756244012
77341585452
1781756245011
77439708125
1781756246014
77537857593
1781756247014
77635886456
1781756248011
77734355503
1781756249013
77832384183
1781756250012
77930182517
1781756251012
78028056595
1781756252012
78125762033
1781756253011
78223476261
1781756254014
78321313962
1781756255011
78419325552
1781756256011
78517986371
1781756257011
78616362462
1781756258011
78714689297
1781756259014
78812823751
1781756260014
78910779250
1781756261011
79009258673
1781756262014
79107109863
1781756263011
79205769339
1781756264014
79304123885
1781756265011
79401927162
1781756266011
79500343780
1781756267011
79598490136
1781756268011
79696223467
1781756269011
79794420603
1781756270012
79892174503
1781756271010
79990841060
1781756272011
80089229175
1781756273013
80187159527
1781756274011
80285435521
1781756275011
80383455472
1781756276011
80481935750
1781756277010
80580012647
1781756278011
80678068854
1781756279008
80776670530
1781756280011
80874616324
1781756281011
80973096907
1781756282014
81071090248
1781756283010
81168802339
1781756284011
81267263085
1781756285014
81365289201
1781756286014
81461965895
1781756287011
81558710093
1781756288011
81657350343
1781756289011
81756050042
1781756290011
81854478318
1781756291011
81952952858
1781756292010
82051510589
1781756293012
82149756981
1781756294011
82248225051
1781756295013
82346134652
1781756296011
82444927001
1781756297011
82542963005
1781756298013
82640626208
1781756299011
82739393228
1781756300014
82837195345
1781756301012
82935431422
1781756302011
83033736773
1781756303012
83132016185
1781756304011
83230561221
1781756305010
83328489803
1781756306011
83427333239
1781756307011
83525931314
1781756308011
83624350191
1781756309011
83723090966
1781756310011
83821218278
1781756311011
83920106636
1781756312011
84018316650
1781756313011
84116442742
1781756314014
84214849594
1781756315011
84312970559
1781756316014
84411191743
1781756317012
84509622888
1781756318012
84607924028
1781756319011
84706859260
1781756320013
84805361266
1781756321010
84904026602
1781756322012
85002299117
1781756323011
85100888464
1781756324014
85199026946
1781756325010
85297231833
1781756326014
85393671040
1781756327011
85491392408
1781756328011
85589172309
1781756329011
85687941649
1781756330014
85785906180
1781756331011
85884326522
1781756332010
85982797400
1781756333014
86080616302
1781756334011
86178832848
1781756335011
86277048966
1781756336011
86375781624
1781756337011
86473955811
1781756338011
86572330986
1781756339011
86670327012
1781756340010
86768663064
1781756341014
86866723665
1781756342011
86964494350
1781756343011
87062438496
1781756344011
87160839306
1781756345011
87258751714
1781756346012
87357271848
1781756347011
87455317068
1781756348011
87553151107
1781756349011
87651408119
1781756350011
87749431122
1781756351014
87847248193
1781756352011
87945375994
1781756353011
88043700449
1781756354013
88141993533
1781756355013
88239757443
1781756356010
88337957386
1781756357010
88435617842
1781756358011
88533077553
1781756359011
88630748202
1781756360011
88728864162
1781756361011
88827270587
1781756362011
88925818552
1781756363014
89023803592
1781756364013
89121804989
1781756365011
89219616628
1781756366011
89317443526
1781756367010
89415646339
1781756368012
89513552033
1781756369011
89611500330
1781756370014
89708855549
1781756371011
89806651014
1781756372010
89916141823
1781756373137
90001728701
1781756374011
90099896052
1781756375011
90197743580
1781756376011
90296233806
1781756377011
90394460056
1781756378011
90492497586
1781756379010
90591005513
1781756380011
90688991895
1781756381013
90787333196
1781756382011
90885727475
1781756383011
90983994314
1781756384011
91082436750
1781756385010
91180629186
1781756386014
91278682951
1781756387011
91376574608
1781756388011
91473903399
1781756389011
91571720898
1781756390012
91666628614
1781756391012
91764748602
1781756392011
91863190732
1781756393011
91961423025
1781756394011
92059851484
1781756395011
92157928259
1781756396014
92255806793
1781756397011
92354167747
1781756398011
92452255814
1781756399014
92550333383
1781756400011
92646978460
1781756401014
92744410950
1781756402013
92841906672
1781756403011
92939598927
1781756404011
93037390424
1781756405011
93135421423
1781756406011
93233953153
1781756407014
93331965964
1781756408011
93430473097
1781756409014
93528791083
1781756410011
93627317991
1781756411011
93725870412
1781756412011
93824080976
1781756413011
93922478551
1781756414014
94020246551
1781756415011
94117900292
1781756416011
94216348954
1781756417011
94316655155
1781756418035
94412341677
1781756419011
94510728144
1781756420011
94608489063
1781756421011
94707151836
1781756422014
94805250523
1781756423011
94903474392
1781756424011
95001986713
1781756425010
95099621046
1781756426011
95198110784
1781756427012
95296378782
1781756428011
95394321646
1781756429010
95492916609
1781756430011
95591019995
1781756431011
95689058502
1781756432011
95789518083
1781756433034
95885241105
1781756434012
95982885936
1781756435011
96079513557
1781756436011
96178339537
1781756437014
96276793997
1781756438011
96375017988
1781756439013
96473227759
1781756440011
96571871488
1781756441010
96671188434
1781756442014
96772278629
1781756443011
96876587444
1781756444014
96980318868
1781756445011
97082876589
1781756446014
97184850937
1781756447009
97287653469
1781756448008
97391555486
1781756449008
97493112355
1781756450008
97593435157
1781756451010
97694925498
1781756452009
97794562694
1781756453009
97895783871
1781756454010
97997647807
1781756455010
98099045984
1781756456011
98200709787
1781756457010
98302051934
1781756458011
98402314556
1781756459012
98501059482
1781756460011
98599076443
1781756461012
98697727679
1781756462013
98795770214
1781756463011
98893557378
1781756464011
98992698604
1781756465013
99090650318
1781756466011
99189453532
1781756467014
99287892184
1781756468011
99386283778
1781756469011
99485181535
1781756470011
99583496591
1781756471011
99682051209
1781756472011
99781058890
1781756473011
99879671797
1781756474013
99978392858
1781756475011
100076961941
1781756476011
100175346089
1781756477011
100275842048
1781756478035
100371277045
1781756479012
100470144895
1781756480014
100568437856
1781756481011
100667212689
1781756482011
100766112094
1781756483011
100864707056
1781756484011
100963309770
1781756485011
101061567819
1781756486011
101160485047
1781756487014
101258833000
1781756488014
101357630721
1781756489014
101455905189
1781756490010
101554544096
1781756491011
101653410665
1781756492011
101751354384
1781756493011
101849762457
1781756494014
101948158933
1781756495011
102046046317
1781756496010
102144787703
1781756497011
102243266698
1781756498014
102341571256
1781756499010
102440335225
1781756500011
102538516126
1781756501010
102637382389
1781756502013
102735982173
1781756503014
102834572558
1781756504011
102933345010
1781756505011
103031478243
1781756506011
103130390038
1781756507012
103228724442
1781756508011
103326366404
1781756509011
103424972658
1781756510014
103522793391
1781756511011
103621531359
1781756512014
103720082010
1781756513010
103818928436
1781756514014
103917234642
1781756515011
104016060683
1781756516012
104114852178
1781756517011
104213422482
1781756518014
104311593069
1781756519011
104410324383
1781756520014
104508624058
1781756521011
104607336086
1781756522014
104705148519
1781756523011
104803836987
1781756524012
104902638553
1781756525011
105000889217
1781756526014
105099488879
1781756527010
105197941813
1781756528010
105296870637
1781756529014
105395568077
1781756530013
105494097854
1781756531011
105593243474
1781756532014
105691654965
1781756533011
105790086781
1781756534011
105888691448
1781756535011
105986829014
1781756536014
106085704188
1781756537011
106183871357
1781756538012
106282302806
1781756539013
106380983767
1781756540011
106479398554
1781756541011
106578031541
1781756542011
106676445779
1781756543011
106774781465
1781756544011
106874056785
1781756545014
106972024612
1781756546011
107070638496
1781756547011
107169224059
1781756548010
107268023855
1781756549014
107366550763
1781756550011
107465050633
1781756551011
107563589565
1781756552011
107661782307
1781756553011
107759997632
1781756554011
107859088443
1781756555014
107957313228
1781756556011
108055967272
1781756557012
108154056437
1781756558011
108252555636
1781756559014
108351137781
1781756560014
108449745134
1781756561014
108548323678
1781756562014
108646846314
1781756563014
108742947630
1781756564011
108841442922
1781756565014
108939145614
1781756566011
109037549232
1781756567011
109138069177
1781756568035
109233719811
1781756569011
109332447464
1781756570013
109430294686
1781756571011
109529187988
1781756572012
109627566581
1781756573011
109726302840
1781756574013
109824652197
1781756575010
109922595916
1781756576012
110021366171
1781756577013
110119309036
1781756578012
110217290718
1781756579011
110316152343
1781756580011
110414897879
1781756581014
110512876571
1781756582011
110611048011
1781756583011
110709113190
1781756584014
110807734214
1781756585011
110905815872
1781756586011
111004597053
1781756587014
111102861144
1781756588011
111201374198
1781756589014
111299745589
1781756590011
111398457678
1781756591010
111496812528
1781756592011
111595492452
1781756593014
111693910107
1781756594012
111792690128
1781756595013
111889958800
1781756596014
111986816340
1781756597011
112085145861
1781756598011
112183590006
1781756599012
112282286470
1781756600012
112380933007
1781756601014
112479135392
1781756602011
112577561959
1781756603011
112676086304
1781756604013
112774599540
1781756605011
112872757248
1781756606014
112970818276
1781756607011
113069238557
1781756608011
113167575097
1781756609012
113265856584
1781756610011
113364119149
1781756611011
113462434816
1781756612010
113560521906
1781756613011
113658222156
1781756614012
113757100565
1781756615013
113854911350
1781756616012
113953257595
1781756617011
114051407856
1781756618011
114149431043
1781756619011
114247606451
1781756620011
114345849302
1781756621012
114444114126
1781756622011
114542875897
1781756623015
114640818945
1781756624014
114738893462
1781756625011
114837241843
1781756626011
114935588759
1781756627011
115033442330
1781756628011
115131215212
1781756629014
115229183772
1781756630014
115327135975
1781756631012
115425594829
1781756632010
115524000827
1781756633011
115622561000
1781756634011
115721136614
1781756635011
115819497690
1781756636011
115918358521
1781756637014
116016408929
1781756638011
116114805406
1781756639012
116213272378
1781756640014
116311328768
1781756641010
116409509913
1781756642010
116507622699
1781756643011
116605721508
1781756644014
116703543462
1781756645011
116801549498
1781756646011
116900546009
1781756647013
116999206584
1781756648014
117097641208
1781756649010
117196540491
1781756650011
117294769060
1781756651011
117393629647
1781756652014
117491869263
1781756653011
117590376824
1781756654014
117688873215
1781756655011
117786954079
1781756656012
117885671417
1781756657011
117984045555
1781756658011
118081427263
1781756659011
118179506846
1781756660012
118277685550
1781756661011
118376395503
1781756662014
118474040943
1781756663009
118572710857
1781756664011
118671449984
1781756665013
118769610438
1781756666014
118867936969
1781756667014
118966062816
1781756668013
119064778750
1781756669013
119163237055
1781756670011
119261455981
1781756671010
119359730632
1781756672010
119460462307
1781756673035
119556247768
1781756674011
119654051656
1781756675011
119750586259
1781756676011
119848751536
1781756677011
119946832278
1781756678011
120045556391
1781756679013
120144146775
1781756680011
120242549905
1781756681014
120340790620
1781756682011
120439232995
1781756683011
120538220107
1781756684014
120636324593
1781756685011
120734294435
1781756686014
120832155573
1781756687011
120929973011
1781756688011
121027507246
1781756689011
121125834936
1781756690011
121223945708
1781756691011
121322548300
1781756692011
121420569533
1781756693011
121519232489
1781756694013
121617401732
1781756695011
121715434684
1781756696010
121814026839
1781756697015
121911807167
1781756698012
122009907929
1781756699011
122108000024
1781756700011
122205848468
1781756701011
122303821117
1781756702009
122401387762
1781756703011
122499314391
1781756704014
122597590995
1781756705011
122695427415
1781756706014
122793776223
1781756707011
122892644073
1781756708013
122990550377
1781756709011
123089395583
1781756710011
123188188909
1781756711014
123286557920
1781756712011
123384976675
1781756713011
123483481427
1781756714011
123582533786
1781756715011
123680460476
1781756716011
123779142780
1781756717014
123888938885
1781756718137
123974482246
1781756719014
124072773376
1781756720011
124171463248
1781756721011
124270057539
1781756722013
124368247961
1781756723012
124466925992
1781756724011
124565252706
1781756725011
124663314894
1781756726014
124761469550
1781756727014
124859528625
1781756728011
124957805534
1781756729011
125056206283
1781756730011
125154745276
1781756731011
125253400175
1781756732011
125351242881
1781756733011
125448738847
1781756734010
125547467782
1781756735014
125645435854
1781756736014
125743628779
1781756737011
125842177538
1781756738014
125940304911
1781756739011
126039228913
1781756740014
126137133570
1781756741011
126235420427
1781756742011
126333463450
1781756743011
126431858462
1781756744011
126530687005
1781756745011
126628573474
1781756746011
126727422159
1781756747014
126827635769
1781756748037
126923201626
1781756749012
127021427265
1781756750011
127119367627
1781756751011
127218183353
1781756752014
127316396908
1781756753012
127414597767
1781756754011
127513118694
1781756755011
127604321708
1781756756011
127652612661
1781756757014
127703482709
1781756758014
127752241373
1781756759014
127794097895
1781756760014
127836107614
1781756761014
127887057190
1781756762010
127956477484
1781756763237
128002188060
1781756764015
128074419748
1781756765012
128169284190
1781756766011
128266986882
1781756767014
128364551268
1781756768011
128462880912
1781756769014
128560665695
1781756770011
128658583474
1781756771011
128756469943
1781756772011
128854522853
1781756773014
128952047140
1781756774014
129049634048
1781756775011
129147149973
1781756776011
129245161868
1781756777011
129342578733
1781756778011
129439817375
1781756779014
129537430102
1781756780011
129635512065
1781756781014
129733342076
1781756782011
129831920864
1781756783011
129929813130
1781756784011
130026607987
1781756785013
130124022167
1781756786011
130222328983
1781756787014
130320250729
1781756788011
130418211538
1781756789014
130516138106
1781756790011
130613443094
1781756791011
130711331576
1781756792011
130810996543
1781756793035
130906163353
1781756794011
131004440384
1781756795012
131102210581
1781756796011
131200441347
1781756797011
131298636164
1781756798013
131396253773
1781756799011
131494540082
1781756800011
131592595861
1781756801011
131690925199
1781756802011
131788633689
1781756803011
131886510392
1781756804012
131984655526
1781756805011
132082133792
1781756806011
132180083554
1781756807010
132277801504
1781756808012
132375205063
1781756809011
132471992230
1781756810011
132567139203
1781756811011
132665334997
1781756812011
132763616301
1781756813011
132862270467
1781756814013
132960435499
1781756815011
133058539557
1781756816011
133156646727
1781756817012
133254591728
1781756818011
133352688950
1781756819012
133450815957
1781756820011
133549135652
1781756821014
133646852931
1781756822011
133744767597
1781756823014
133840768145
1781756824012
133938966014
1781756825010
134037460268
1781756826014
134135456661
1781756827011
134233628406
1781756828011
134331947247
1781756829011
134430313511
1781756830011
134528545254
1781756831011
134626817830
1781756832012
134725335949
1781756833011
134823088934
1781756834011
134921864071
1781756835013
135019403983
1781756836011
135117849409
1781756837014
135215778419
1781756838014
135312978488
1781756839012
135411300440
1781756840011
135509503863
1781756841011
135608034434
1781756842011
135706277835
1781756843011
135804518794
1781756844012
135902236439
1781756845011
136000567792
1781756846014
136098530920
1781756847011
136196841520
1781756848014
136294720054
1781756849010
136393253798
1781756850011
136491316352
1781756851014
136589246033
1781756852010
136687437554
1781756853011
136785110339
1781756854014
136883173687
1781756855011
136980642004
1781756856010
137079435452
1781756857014
137177406942
1781756858011
137275690382
1781756859011
137373560737
1781756860011
137471602478
1781756861011
137569902702
1781756862012
137667701219
1781756863011
137765652568
1781756864011
137864135592
1781756865011
137961701992
1781756866011
138060073445
1781756867011
138158032545
1781756868011
138255848090
1781756869013
138353665039
1781756870010
138451983574
1781756871014
138550199387
1781756872012
138648638466
1781756873011
138746814790
1781756874009
138845384056
1781756875011
138942522235
1781756876014
139038945389
1781756877012
139137248177
1781756878011
139235467225
1781756879011
139333673761
1781756880013
139431647753
1781756881012
139529676677
1781756882009
139627699925
1781756883011
139725768155
1781756884014
139823980733
1781756885012
139921807753
1781756886014
140019756721
1781756887011
140117613649
1781756888011
140215698908
1781756889011
140313816760
1781756890014
140411617046
1781756891011
140509784764
1781756892011
140608030545
1781756893014
140705971456
1781756894014
140804073073
1781756895011
140901481576
1781756896011
140999454958
1781756897011
141097028011
1781756898011
141194384452
1781756899012
141292661971
1781756900011
141390377236
1781756901011
141488464998
1781756902013
141585979152
1781756903011
141681166897
1781756904011
141778186973
1781756905011
141875767900
1781756906014
141973931589
1781756907014
142072202883
1781756908014
142169392209
1781756909011
142267007926
1781756910011
142364619249
1781756911011
142462421916
1781756912013
142559851110
1781756913010
142657078644
1781756914011
142755426110
1781756915013
142852646198
1781756916011
142950465161
1781756917010
143048209967
1781756918011
143145723084
1781756919012
143243727472
1781756920013
143341791003
1781756921011
143439812541
1781756922011
143537461278
1781756923014
143635233916
1781756924011
143733318931
1781756925011
143830589922
1781756926011
143928208752
1781756927011
144027905762
1781756928035
144122842531
1781756929011
144220901728
1781756930014
144318131154
1781756931010
144415945113
1781756932014
144513195291
1781756933012
144610612217
1781756934012
144708357634
1781756935011
144805714318
1781756936014
144903570146
1781756937011
145001226330
1781756938014
145098419074
1781756939011
145196262024
1781756940012
145293804133
1781756941011
145391461354
1781756942011
145489012373
1781756943011
145586414407
1781756944012
145682991369
1781756945012
145779025669
1781756946014
145876892789
1781756947011
145974287010
1781756948011
146071883501
1781756949012
146169339245
1781756950011
146266776129
1781756951013
146363960207
1781756952011
146461561031
1781756953011
146559337270
1781756954012
146657159712
1781756955012
146754132731
1781756956012
146851828587
1781756957011
146948440400
1781756958014
147045206571
1781756959014
147142434410
1781756960012
147239672381
1781756961012
147337457226
1781756962011
147434931647
1781756963013
147532741089
1781756964014
147630149714
1781756965011
147727179251
1781756966011
147824670457
1781756967011
147921953350
1781756968010
148019920933
1781756969014
148117523345
1781756970011
148214787378
1781756971011
148312553302
1781756972014
148409609938
1781756973011
148506875802
1781756974014
148604481510
1781756975011
148701795164
1781756976011
148799987906
1781756977014
148897505112
1781756978011
148994943340
1781756979011
149092522130
1781756980011
149190428984
1781756981013
149287840173
1781756982011
149385166828
1781756983010
149482638868
1781756984011
149580382698
1781756985013
149677618838
1781756986011
149775460934
1781756987014
149872893301
1781756988013
149969382862
1781756989011
150067126447
1781756990013
150164566139
1781756991011
150261969393
1781756992014
150359172086
1781756993014
150456647361
1781756994011
150554465775
1781756995011
150651912303
1781756996013
150749626225
1781756997011
150846724976
1781756998012
150944252619
1781756999013
151041644399
1781757000011
151139262191
1781757001014
151236920388
1781757002013
151333975499
1781757003011
151431021515
1781757004011
151528701441
1781757005014
151625828084
1781757006014
151723175430
1781757007011
151820575022
1781757008011
151917847173
1781757009010
152015801756
1781757010011
152113116509
1781757011011
152211153612
1781757012010
152309157756
1781757013010
152406742955
1781757014014
152504108001
1781757015012
152601241053
1781757016011
152697844383
1781757017011
152794621234
1781757018035
152889342000
1781757019014
152987632703
1781757020011
153085278693
1781757021011
153183096741
1781757022012
153280927912
1781757023011
153378693287
1781757024011
153477224651
1781757025013
153574639135
1781757026012
153672456328
1781757027011
153770743430
1781757028011
153868261186
1781757029012
153966189951
1781757030012
154063750188
1781757031011
154161310729
1781757032011
154259334953
1781757033011
154356722765
1781757034011
154454708110
1781757035011
154552118139
1781757036011
154650145903
1781757037011
154748152671
1781757038014
154845916520
1781757039014
154943953867
1781757040012
155042423769
1781757041013
155140196345
1781757042012
155238306995
1781757043011
155336190289
1781757044012
155434246374
1781757045011
155531904632
1781757046014
155629688928
1781757047011
155727303363
1781757048014
155824370741
1781757049011
155921911996
1781757050010
156020230225
1781757051011
156118400567
1781757052011
156216614732
1781757053011
156314532939
1781757054013
156412760287
1781757055011
156510584744
1781757056011
156608620992
1781757057011
156707287793
1781757058011
156805505681
1781757059011
156903823972
1781757060012
157001416495
1781757061011
157099015855
1781757062012
157198891820
1781757063035
157294047826
1781757064014
157392001433
1781757065014
157489245752
1781757066011
157587081439
1781757067011
157685847910
1781757068014
157783279972
1781757069011
157880923826
1781757070011
157978348320
1781757071011
158076545030
1781757072014
158174117045
1781757073011
158272865450
1781757074014
158371210474
1781757075011
158469053302
1781757076011
158567196667
1781757077010
158665106938
1781757078011
158762453857
1781757079010
158860029779
1781757080011
158957909900
1781757081014
159056073406
1781757082011
159153066138
1781757083011
159250228976
1781757084011
159348364772
1781757085009
159445926229
1781757086011
159544166883
1781757087014
159642462835
1781757088014
159739938354
1781757089014
159835887266
1781757090011
159933179193
1781757091011
160031819626
1781757092013
160129319376
1781757093011
160226567235
1781757094011
160324434600
1781757095010
160422482139
1781757096011
160520560868
1781757097011
160618716195
1781757098011
160716831361
1781757099014
160814862665
1781757100011
160912859424
1781757101011
161010446515
1781757102011
161108363623
1781757103013
161205651155
1781757104011
161302995937
1781757105011
161400420737
1781757106011
161498606154
1781757107011
161596612922
1781757108014
161693522525
1781757109010
161791393979
1781757110013
161889174979
1781757111014
161986871384
1781757112011
162084941018
1781757113012
162183115938
1781757114010
162281647851
1781757115011
162379836564
1781757116011
162477951670
1781757117011
162575983279
1781757118011
162673695797
1781757119011
162772321522
1781757120012
162870137983
1781757121011
162968131079
1781757122011
163065759613
1781757123011
163163638208
1781757124014
163261552081
1781757125011
163358990003
1781757126011
163457286321
1781757127013
163555046691
1781757128011
163652702324
1781757129011
163751298569
1781757130013
163848942423
1781757131011
163947438020
1781757132013
164045424647
1781757133010
164143856768
1781757134014
164241809337
1781757135012
164339465215
1781757136011
164437621946
1781757137011
164535545951
1781757138014
164632518297
1781757139011
164731450173
1781757140014
164828868015
1781757141011
164926800564
1781757142011
165024245017
1781757143011
165122352371
1781757144012
165220168832
1781757145011
165318659241
1781757146013
165416597284
1781757147012
165514626086
1781757148011
165612943583
1781757149011
165710787205
1781757150011
165808897671
1781757151011
165907040608
1781757152012
166004666030
1781757153011
166102745735
1781757154014
166201168579
1781757155014
166298651056
1781757156011
166396823473
1781757157011
166494761821
1781757158011
166592649266
1781757159011
166690878812
1781757160012
166788800314
1781757161011
166886932753
1781757162011
166985224250
1781757163014
167083279541
1781757164011
167181847159
1781757165014
167279090746
1781757166012
167377357035
1781757167012
167477522855
1781757168035
167572740080
1781757169011
167670871664
1781757170011
167768646744
1781757171010
167866794014
1781757172011
167964569033
1781757173011
168062968561
1781757174014
168160972216
1781757175011
168259064250
1781757176013
168357341465
1781757177011
168455872706
1781757178014
168554501055
1781757179017
168652070385
1781757180011
168750298405
1781757181011
168848464170
1781757182014
168945760490
1781757183011
169043666673
1781757184010
169142309792
1781757185014
169240102022
1781757186013
169338281885
1781757187011
169435865803
1781757188010
169534101086
1781757189014
169631939459
1781757190012
169729909301
1781757191011
169828027214
1781757192011
169924679249
1781757193014
170021686386
1781757194011
170120068336
1781757195011
170215778540
1781757196011
170310960975
1781757197011
170420715821
1781757198138
170505883633
1781757199011
170604035786
1781757200011
170701703017
1781757201013
170799455086
1781757202011
170897592042
1781757203012
170995452570
1781757204011
171093673327
1781757205011
171191375469
1781757206011
171289314672
1781757207012
171386915862
1781757208011
171485149375
1781757209013
171583342422
1781757210014
171681256295
1781757211011
171779215029
1781757212011
171876726254
1781757213011
171974345633
1781757214012
172072352645
1781757215011
172169975564
1781757216012
172267797335
1781757217011
172365594509
1781757218010
172463818318
1781757219011
172562261425
1781757220014
172659847601
1781757221011
172757625610
1781757222010
172855422540
1781757223011
172953807420
1781757224011
173052184792
1781757225013
173149355137
1781757226010
173247607693
1781757227011
173345434896
1781757228013
173442440324
1781757229011
173540508432
1781757230014
173637729436
1781757231011
173735578062
1781757232012
173833359367
1781757233010
173931088487
1781757234011
174029168619
1781757235010
174127273898
1781757236013
174225214138
1781757237011
174323348775
1781757238014
174420979628
1781757239014
174519076179
1781757240011
174617193054
1781757241014
174714765131
1781757242011
174812633533
1781757243014
174909801802
1781757244009
175006817118
1781757245011
175103229896
1781757246012
175201175263
1781757247011
175299472740
1781757248014
175397125506
1781757249011
175495292674
1781757250011
175593539432
1781757251010
175691870601
1781757252012
175789721424
1781757253010
175888221844
1781757254014
175986201878
1781757255013
176083612884
1781757256010
176182023338
1781757257011
176301672690
1781757258237
176377437449
1781757259011
176475320988
1781757260011
176573086606
1781757261011
176671371755
1781757262010
176769086410
1781757263011
176866910867
1781757264014
176964771822
1781757265011
177062498317
1781757266010
177160547078
1781757267011
177258798047
1781757268011
177356413214
1781757269011
177454958067
1781757270011
177552530083
1781757271011
177650697129
1781757272010
177748569376
1781757273011
177846266941
1781757274014
177943031281
1781757275011
178038896025
1781757276011
178135215176
1781757277011
178232019249
1781757278015
178329800737
1781757279014
178427710277
1781757280014
178525181646
1781757281010
178623459226
1781757282013
178721297660
1781757283011
178819033494
1781757284011
178917192361
1781757285011
179014668247
1781757286014
179112307767
1781757287011
179210116111
1781757288014
179307525468
1781757289011
179405652170
1781757290011
179504184327
1781757291015
179601998530
1781757292013
179699668995
1781757293012
179797778913
1781757294010
179895914099
1781757295013
179993420258
1781757296009
180091747215
1781757297011
180189458086
1781757298014
180287152172
1781757299012
180384881963
1781757300011
180482872740
1781757301013
180580517143
1781757302013
180677873034
1781757303011
180775314801
1781757304011
180873709569
1781757305011
180971354766
1781757306011
181069253380
1781757307011
181166827715
1781757308011
181264694164
1781757309014
181362529607
1781757310010
181460265868
1781757311014
181558108635
1781757312014
181656279160
1781757313014
181753638774
1781757314011
181851670017
1781757315011
181949942593
1781757316014
182047765218
1781757317011
182147956185
1781757318036
182242481150
1781757319011
182340568912
1781757320010
182438978877
1781757321014
182536927052
1781757322011
182635377483
1781757323014
182733426854
1781757324011
182831609159
1781757325013
182929266929
1781757326011
183027478225
1781757327011
183125454964
1781757328011
183223067141
1781757329010
183320934322
1781757330012
183418153495
1781757331011
183516170028
1781757332010
183613484049
1781757333010
183711154332
1781757334014
183809100248
1781757335011
183906769309
1781757336011
184005162490
1781757337011
184103234749
1781757338014
184201089296
1781757339010
184299778923
1781757340017
184397106067
1781757341011
184495067730
1781757342011
184592977758
1781757343011
184691143644
1781757344012
184789590536
1781757345011
184886973343
1781757346010
184985040963
1781757347011
185083261109
1781757348011
185180667415
1781757349012
185278237722
1781757350012
185376034774
1781757351014
185473951577
1781757352011
185572243805
1781757353011
185670458764
1781757354011
185768478288
1781757355012
185866145092
1781757356012
185964293522
1781757357014
186061987242
1781757358014
186159336236
1781757359011
186257064684
1781757360014
186354200788
1781757361011
186452259009
1781757362014
186549309725
1781757363013
186608482242
1781757364013
186661018606
1781757365014
186709420460
1781757366011
186759320723
1781757367011
186812325836
1781757368011
186860880948
1781757369014
186910297448
1781757370013
186951023296
1781757371013
186992237546
1781757372015
187032724686
1781757373015
187073635470
1781757374014
187115502672
1781757375012
187158805723
1781757376013
187200828198
1781757377015
187242257108
1781757378014
187285532998
1781757379015
187329060414
1781757380013
187370828129
1781757381015
187411949545
1781757382015
187455434968
1781757383015
187496347339
1781757384014
187538652285
1781757385015
187581193985
1781757386012
187624303371
1781757387012
187665421491
1781757388014
187704945255
1781757389011
187744685265
1781757390012
187785785075
1781757391011
187826722043
1781757392012
187867946852
1781757393015
187910504055
1781757394014
187955519381
1781757395014
187998157883
1781757396015
188040200683
1781757397014
188081589859
1781757398015
188121865574
1781757399012
188161759759
1781757400014
188201519850
1781757401014
188241667025
1781757402012
188281796866
1781757403015
188321495251
1781757404012
188362989530
1781757405013
188406036722
1781757406015
188448144524
1781757407013
188490396308
1781757408037
188531538048
1781757409015
188577424589
1781757410013
188617783982
1781757411011
188658569950
1781757412012
188698774193
1781757413012
188739605265
1781757414012
188782395133
1781757415014
188824549200
1781757416014
188867219745
1781757417012
188908198339
1781757418014
188948389093
1781757419013
188989907053
1781757420014
189030721341
1781757421015
189072548932
1781757422013
189114626583
1781757423014
189157120370
1781757424014
189203324720
1781757425011
189246359705
1781757426011
189288740334
1781757427014
189330158868
1781757428015
189370624218
1781757429012
189410866303
1781757430013
189451150013
1781757431012
189492166876
1781757432013
189532522608
1781757433015
189572373580
1781757434015
189614119506
1781757435012
189657099925
1781757436012
189698392117
1781757437012
189740852641
1781757438015
189784268240
1781757439015
189827342470
1781757440015
189867518454
1781757441013
189907915201
1781757442012
189948549924
1781757443013
189990020521
1781757444014
190032139676
1781757445013
190075082864
1781757446015
190118623158
1781757447012
190159676947
1781757448013
190200016809
1781757449013
190240839642
1781757450015
190281799315
1781757451013
190323403639
1781757452013
190364439118
1781757453012
190408364909
1781757454011
190453806504
1781757455012
190496941525
1781757456012
190538564038
1781757457015
190579806242
1781757458013
190620735093
1781757459012
190661345096
1781757460011
190701550193
1781757461015
190742102275
1781757462015
190783133847
1781757463015
190823443802
1781757464012
190865033723
1781757465011
190907850935
1781757466014
190949668027
1781757467015
190991834668
1781757468015
191035087975
1781757469015
191080901334
1781757470015
191121585983
1781757471014
191162631777
1781757472015
191203318745
1781757473014
191243868812
1781757474014
191285913505
1781757475013
191327570930
1781757476014
191370601581
1781757477010
191411843114
1781757478013
191452595573
1781757479015
191492707897
1781757480014
191532806610
1781757481012
191574570786
1781757482013
191615447024
1781757483012
191658797377
1781757484013
191703289023
1781757485013
191747336151
1781757486011
191789496932
1781757487014
191830665101
1781757488014
191870955098
1781757489015
191910942666
1781757490014
191950962583
1781757491013
191991398454
1781757492013
192032058140
1781757493012
192072663383
1781757494012
192114325507
1781757495012
192157358600
1781757496013
192199061985
1781757497014
192240623097
1781757498013
192283417604
1781757499013
192329528203
1781757500014
192371019186
1781757501014
192412454139
1781757502011
192453014460
1781757503012
192493569593
1781757504014
192535758816
1781757505013
192577876750
1781757506012
192620770134
1781757507012
192662095956
1781757508013
192702065275
1781757509012
192742093981
1781757510015
192782757756
1781757511013
192824440511
1781757512015
192865705725
1781757513015
192908519702
1781757514015
192953321162
1781757515013
192995891061
1781757516012
193037769432
1781757517015
193078419475
1781757518011
193119566708
1781757519015
193160175125
1781757520013
193199935460
1781757521014
193240598320
1781757522012
193280704968
1781757523012
193320914215
1781757524013
193363032272
1781757525012
193405537351
1781757526013
193447755382
1781757527013
193489638942
1781757528015
193532119424
1781757529014
193573999993
1781757530015
193614376233
1781757531012
193654873688
1781757532011
193695422717
1781757533013
193735736762
1781757534014
193777198265
1781757535012
193819476538
1781757536014
193861057364
1781757537015
193902613776
1781757538012
193942758388
1781757539012
193983577192
1781757540015
194024130311
1781757541014
194065456743
1781757542014
194107550385
1781757543036
194150307722
1781757544014
194196611070
1781757545013
194241358270
1781757546012
194283889167
1781757547015
194324878015
1781757548014
194365328229
1781757549012
194405984375
1781757550015
194446266376
1781757551012
194487806003
1781757552012
194528273185
1781757553014
194568467357
1781757554013
194610161830
1781757555013
194652849221
1781757556015
194695140251
1781757557012
194737001472
1781757558014
194779687153
1781757559014
194825992455
1781757560012
194868041724
1781757561012
194909693901
1781757562012
194950125255
1781757563013
194990624540
1781757564015
195032087569
1781757565014
195075078914
1781757566015
195116586132
1781757567012
195158826075
1781757568011
195199605024
1781757569013
195239689882
1781757570012
195280905047
1781757571012
195321668554
1781757572013
195363113516
1781757573015
195406253054
1781757574015
195450651683
1781757575011
195494833943
1781757576011
195536431615
1781757577012
195577039177
1781757578012
195618000376
1781757579014
195658181608
1781757580013
195700396100
1781757581013
195741513670
1781757582015
195782539017
1781757583013
195823318576
1781757584014
195864624683
1781757585012
195907756043
1781757586012
195949776992
1781757587015
195991043244
1781757588012
196034013410
1781757589015
196077352227
1781757590011
196117876843
1781757591013
196158166412
1781757592012
196198507068
1781757593015
196238710823
1781757594015
196281352620
1781757595012
196323664341
1781757596013
196366279344
1781757597012
196407823976
1781757598012
196448426228
1781757599013
196488058451
1781757600015
196528379210
1781757601014
196569982192
1781757602014
196611021698
1781757603013
196654123761
1781757604014
196699135303
1781757605012
196743232358
1781757606011
196785714366
1781757607015
196825487519
1781757608014
196866291431
1781757609012
196906149727
1781757610013
196946282010
1781757611015
196987168563
1781757612012
197027426943
1781757613013
197069331804
1781757614014
197111220308
1781757615014
197154321211
1781757616015
197196690182
1781757617015
197239396433
1781757618038
197281885521
1781757619015
197324375036
1781757620014
197364929131
1781757621013
197406845711
1781757622012
197447496364
1781757623012
197488575421
1781757624015
197530017515
1781757625012
197572363170
1781757626013
197614421107
1781757627013
197656101176
1781757628015
197696833555
1781757629015
197736979143
1781757630015
197777430944
1781757631015
197819205861
1781757632015
197860246955
1781757633012
197903694598
1781757634012
197949988363
1781757635015
197992409703
1781757636012
198034726306
1781757637015
198075374822
1781757638013
198116033471
1781757639014
198156110089
1781757640015
198195727602
1781757641011
198237813921
1781757642015
198278769565
1781757643014
198319181510
1781757644012
198361215033
1781757645012
198403651448
1781757646011
198445290135
1781757647013
198486257559
1781757648012
198529654665
1781757649013
198575717413
1781757650015
198615973719
1781757651013
198656188582
1781757652013
198696804079
1781757653014
198738172503
1781757654014
198780234590
1781757655012
198822718795
1781757656015
198864295044
1781757657015
198905979568
1781757658012
198946883028
1781757659013
198986874259
1781757660013
199027731027
1781757661014
199069582421
1781757662013
