44746887644
1782487696684
44760101234
1782487697013
44799003539
1782487698013
44839172870
1782487699012
44878993141
1782487700012
44920447808
1782487701013
44962701118
1782487702013
45006721330
1782487703012
45045140909
1782487704012
45084406068
1782487705013
45124299154
1782487706014
45162130295
1782487707012
45201007881
1782487708013
45240760404
1782487709013
45281871932
1782487710011
45323214355
1782487711014
45363641070
1782487712014
45404207922
1782487713014
45443479977
1782487714012
45481608359
1782487715013
45521777628
1782487716014
45562840817
1782487717014
45605248545
1782487718012
45646104031
1782487719013
45686065721
1782487720012
45727186954
1782487721014
45767411582
1782487722012
45806167098
1782487723014
45844741462
1782487724011
45883898528
1782487725014
45923770740
1782487726014
45962082593
1782487727012
46000878941
1782487728013
46040672784
1782487729014
46081463268
1782487730011
46122874967
1782487731014
46165975259
1782487732012
46208516166
1782487733013
46252156313
1782487734013
46293051716
1782487735010
46337110685
1782487736012
46380051554
1782487737012
46422341180
1782487738011
46465264715
1782487739013
46509348465
1782487740012
46553532372
1782487741012
46596447729
1782487742011
46639275378
1782487743013
46680893558
1782487744013
46723162920
1782487745014
46765823638
1782487746013
46808892375
1782487747013
46851582574
1782487748012
46894326483
1782487749013
46938106400
1782487750012
46981840175
1782487751013
47024886818
1782487752014
47066884940
1782487753014
47109126409
1782487754012
47151290486
1782487755013
47194243012
1782487756012
47236758407
1782487757012
47278815672
1782487758013
47321095105
1782487759013
47365159201
1782487760012
47409058503
1782487761012
47452660686
1782487762014
47498110032
1782487763014
47540411377
1782487764012
47583156690
1782487765012
47626064844
1782487766013
47668010476
1782487767014
47710723685
1782487768012
47753050603
1782487769013
47796985732
1782487770012
47840509363
1782487771014
47883748450
1782487772013
47926969530
1782487773012
47969314209
1782487774013
48010996171
1782487775012
48054117703
1782487776014
48097610146
1782487777014
48142021226
1782487778014
48184797484
1782487779013
48227843150
1782487780012
48271347860
1782487781014
48314168246
1782487782013
48357078598
1782487783013
48399108397
1782487784013
48441548901
1782487785013
48484273035
1782487786014
48526444924
1782487787013
48568565849
1782487788013
48611599919
1782487789013
48654896927
1782487790013
48698646449
1782487791014
48742446996
1782487792013
48786682417
1782487793013
48831338370
1782487794014
48876909847
1782487795013
48920905645
1782487796014
48963477619
1782487797012
49005820833
1782487798012
49049539777
1782487799013
49093267265
1782487800011
49136790713
1782487801013
49180180678
1782487802014
49222552761
1782487803010
49265296487
1782487804012
49307603691
1782487805012
49350324407
1782487806013
49392703876
1782487807014
49436694242
1782487808013
49479091655
1782487809013
49521906670
1782487810013
49565201909
1782487811013
49608482743
1782487812014
49650820342
1782487813013
49693035871
1782487814012
49735901728
1782487815013
49778662422
1782487816012
49821094747
1782487817013
49863725986
1782487818012
49906970748
1782487819013
49950255855
1782487820012
49993906988
1782487821013
50038292433
1782487822012
50083550801
1782487823014
50125945773
1782487824013
50168350206
1782487825014
50211489011
1782487826012
50253357007
1782487827013
50295717861
1782487828013
50338902992
1782487829014
50383026414
1782487830014
50427096736
1782487831012
50470682623
1782487832012
50512780232
1782487833012
50556853057
1782487834014
50598634383
1782487835012
50641480953
1782487836013
50684016488
1782487837013
50725948571
1782487838014
50768628943
1782487839014
50811790819
1782487840012
50855750607
1782487841013
50900725833
1782487842013
50943125993
1782487843012
50985692901
1782487844013
51028612103
1782487845013
51071533380
1782487846012
51114065558
1782487847013
51156318380
1782487848014
51199084078
1782487849014
51242082870
1782487850013
51286024591
1782487851013
51330623537
1782487852014
51374278210
1782487853014
51416314968
1782487854012
51458337138
1782487855014
51501269462
1782487856011
51544514591
1782487857013
51587305436
1782487858014
51630399869
1782487859012
51673986122
1782487860011
51717666796
1782487861012
51761240354
1782487862012
51803660290
1782487863014
51847255942
1782487864012
51889088049
1782487865013
51931622608
1782487866012
51973914859
1782487867014
52018288341
1782487868014
52061223717
1782487869013
52105142001
1782487870012
52148459944
1782487871014
52191717524
1782487872013
52234413825
1782487873012
52276845907
1782487874014
52319265171
1782487875013
52361774766
1782487876013
52403885743
1782487877014
52446214187
1782487878013
52489130642
1782487879013
52532397926
1782487880010
52575799792
1782487881012
52619668515
1782487882013
52663688300
1782487883012
52705965170
1782487884013
52748852206
1782487885012
52791629623
1782487886014
52834661984
1782487887013
52877069468
1782487888013
52919853111
1782487889014
52963619600
1782487890013
53006966230
1782487891012
53050380975
1782487892013
53093171637
1782487893012
53136085467
1782487894014
53178190340
1782487895012
53221420698
1782487896013
53265414238
1782487897013
53311208493
1782487898013
53353697581
1782487899014
53397368734
1782487900012
53440969086
1782487901014
53483769941
1782487902013
53526184383
1782487903013
53568334788
1782487904014
53610825402
1782487905012
53653527807
1782487906012
53696341418
1782487907012
53739519592
1782487908013
53782692210
1782487909012
53826603475
1782487910012
53870295929
1782487911012
53913914775
1782487912013
53957978261
1782487913013
54000315433
1782487914013
54042454790
1782487915014
54084361299
1782487916014
54127290816
1782487917013
54169532468
1782487918013
54212462289
1782487919014
54256047566
1782487920012
54299371430
1782487921013
54342349591
1782487922013
54384661006
1782487923013
54428190375
1782487924013
54470801472
1782487925012
54513851960
1782487926013
54557361980
1782487927012
54600300591
1782487928013
54643015081
1782487929014
54686586991
1782487930012
54730169704
1782487931014
54773701392
1782487932013
54816211354
1782487933014
54859278749
1782487934013
54901886001
1782487935014
54945796350
1782487936013
54987692361
1782487937014
55030264334
1782487938012
55073237369
1782487939012
55116226333
1782487940013
55161291587
1782487941051
55203720128
1782487942012
55247645491
1782487943012
55290384518
1782487944013
55332816416
1782487945013
55375545616
1782487946013
55418569859
1782487947013
55460891039
1782487948012
55504339659
1782487949013
55548566779
1782487950011
55592981033
1782487951013
55636719874
1782487952013
55678739420
1782487953012
55722278188
1782487954010
55764606143
1782487955014
55807170365
1782487956013
55850492093
1782487957014
55894060463
1782487958012
55936477590
1782487959013
55979926149
1782487960014
56023811656
1782487961014
56067380026
1782487962012
56110098179
1782487963012
56152211108
1782487964013
56194919189
1782487965013
56238220836
1782487966013
56280187587
1782487967013
56322386576
1782487968012
56365127006
1782487969013
56408343570
1782487970011
56452146192
1782487971013
56495539941
1782487972013
56539862215
1782487973013
56581825181
1782487974012
56624361327
1782487975013
56667458019
1782487976012
56710209862
1782487977013
56752650245
1782487978014
56795526844
1782487979014
56839086974
1782487980013
56882510569
1782487981013
56925778219
1782487982013
56967500219
1782487983013
57009543630
1782487984012
57052210513
1782487985013
57095165847
1782487986012
57138078274
1782487987013
57183285312
1782487988013
57226357528
1782487989012
57270032526
1782487990011
57313095953
1782487991012
57356312701
1782487992013
57398609956
1782487993013
57441003646
1782487994013
57483606137
1782487995013
57526787240
1782487996013
57569095664
1782487997013
57611377660
1782487998012
57653729481
1782487999014
57697204467
1782488000012
57740655406
1782488001014
57784673665
1782488002013
57829177640
1782488003012
57871051800
1782488004013
57913421260
1782488005014
57956379707
1782488006013
57999288594
1782488007012
58041710177
1782488008013
58084308823
1782488009014
58128006892
1782488010012
58171291693
1782488011013
58213954731
1782488012012
58256124240
1782488013012
58298181688
1782488014013
58340590943
1782488015012
58385645271
1782488016051
58427239708
1782488017012
58470999544
1782488018014
58513969466
1782488019013
58557832208
1782488020012
58601697940
1782488021014
58645542555
1782488022013
58687588589
1782488023014
58729596416
1782488024012
58772348871
1782488025013
58815156988
1782488026012
58857431233
1782488027013
58900221956
1782488028013
58942775985
1782488029013
58986023372
1782488030012
59029701971
1782488031013
59073834671
1782488032012
59119254110
1782488033014
59161333165
1782488034013
59203465687
1782488035014
59245987856
1782488036013
59288859267
1782488037011
59331271573
1782488038012
59374031351
1782488039013
59417264090
1782488040012
59460463564
1782488041014
59503525527
1782488042013
59546030117
1782488043012
59588037212
1782488044013
59630739984
1782488045014
59674016728
1782488046012
59718558179
1782488047014
59763324910
1782488048013
59806674714
1782488049012
59849668744
1782488050012
59893447563
1782488051013
59936885989
1782488052013
59979023455
1782488053013
60021253083
1782488054014
60063763594
1782488055012
60107089228
1782488056013
60149273812
1782488057013
60191476402
1782488058013
60234655979
1782488059012
60278360335
1782488060011
60321920160
1782488061012
60365697392
1782488062012
60409898328
1782488063014
60452390895
1782488064013
60495014749
1782488065012
60537322318
1782488066013
60579778387
1782488067014
60622474566
1782488068013
60665351166
1782488069012
60709225138
1782488070013
60752633901
1782488071012
60795395510
1782488072014
60837739640
1782488073013
60880234710
1782488074013
60923942667
1782488075013
60966820364
1782488076014
61010096804
1782488077012
61056066779
1782488078012
61099247272
1782488079012
61142368133
1782488080012
61186365091
1782488081012
61229539968
1782488082013
61272270449
1782488083012
61314881912
1782488084013
61357056731
1782488085014
61400331584
1782488086013
61443222953
1782488087013
61485887090
1782488088014
61529580704
1782488089013
61572557583
1782488090010
61616976476
1782488091013
61661309309
1782488092013
61705638664
1782488093014
61747897039
1782488094012
61789631368
1782488095013
61831813023
1782488096013
61874244616
1782488097013
61916820923
1782488098013
61959647230
1782488099012
62002973474
1782488100012
62046986728
1782488101013
62090167159
1782488102014
62132695187
1782488103013
62175086192
1782488104013
62217923851
1782488105012
62260671056
1782488106013
62304046616
1782488107013
62348019160
1782488108013
62390925605
1782488109013
62434045734
1782488110013
62477012299
1782488111013
62520110516
1782488112012
62563051752
1782488113012
62604921762
1782488114013
62647594443
1782488115012
62690614902
1782488116012
62732387927
1782488117013
62774862123
1782488118013
62817924329
1782488119013
62862000877
1782488120015
62905642122
1782488121014
62949365033
1782488122013
62994294605
1782488123013
63036186222
1782488124014
63078792680
1782488125013
63121658110
1782488126013
63163405745
1782488127013
63206677423
1782488128013
63249818243
1782488129014
63293275529
1782488130011
63337425075
1782488131013
63380883032
1782488132013
63423040883
1782488133012
63465568118
1782488134013
63508081498
1782488135011
63550894804
1782488136013
63594142618
1782488137013
63638585986
1782488138013
63681065430
1782488139012
63724224560
1782488140011
63767618492
1782488141012
63810432897
1782488142013
63853231310
1782488143013
63895474000
1782488144012
63938387647
1782488145015
63981099940
1782488146013
64023518167
1782488147014
64065523430
1782488148012
64108260992
1782488149014
64151218157
1782488150012
64195889124
1782488151051
64238697975
1782488152014
64283125046
1782488153014
64325219299
1782488154013
64367492994
1782488155014
64409752591
1782488156012
64451818950
1782488157014
64494995109
1782488158014
64537653081
1782488159013
64580943803
1782488160013
64624469570
1782488161014
64667568337
1782488162013
64709593864
1782488163013
64752272832
1782488164014
64794338093
1782488165012
64837553192
1782488166013
64880844768
1782488167013
64926154955
1782488168013
64969671384
1782488169013
65013341805
1782488170012
65057344744
1782488171014
65100849210
1782488172012
65143313152
1782488173013
65185834466
1782488174014
65227892708
1782488175012
65270663717
1782488176013
65312827427
1782488177013
65354724720
1782488178013
65397716919
1782488179014
65441043224
1782488180012
65484266014
1782488181013
65528118868
1782488182014
65572129742
1782488183013
65614588251
1782488184014
65656555185
1782488185012
65699286399
1782488186012
65742029820
1782488187013
65785294479
1782488188012
65828512203
1782488189013
65872463873
1782488190012
65916171830
1782488191013
65959372769
1782488192013
66001759074
1782488193012
66044436638
1782488194013
66086298836
1782488195012
66130029803
1782488196013
66173444670
1782488197013
66216096233
1782488198013
66259466422
1782488199012
66302931338
1782488200012
66346631543
1782488201014
66389784753
1782488202014
66432530493
1782488203015
66474345572
1782488204013
66516755131
1782488205012
66559265826
1782488206014
66601139803
1782488207013
66643486069
1782488208013
66686632565
1782488209012
66729832222
1782488210010
66774369767
1782488211012
66818335292
1782488212013
66863526949
1782488213012
66906785139
1782488214013
66949493403
1782488215012
66991562937
1782488216012
67033604821
1782488217012
67076978917
1782488218012
67120307358
1782488219012
67163640316
1782488220011
67207145515
1782488221014
67250342242
1782488222013
67292588716
1782488223014
67335196517
1782488224012
67377723752
1782488225013
67421032296
1782488226013
67463862875
1782488227012
67507951263
1782488228013
67550878216
1782488229013
67594746451
1782488230012
67637741702
1782488231014
67680786697
1782488232012
67723928432
1782488233013
67765876811
1782488234013
67808701165
1782488235013
67851172430
1782488236013
67893195516
1782488237013
67935827792
1782488238012
67978759811
1782488239013
68022731317
1782488240012
68066432194
1782488241014
68111151257
1782488242014
68155986164
1782488243012
68198366122
1782488244013
68241543562
1782488245013
68284118160
1782488246013
68326080455
1782488247012
68368020350
1782488248012
68411642004
1782488249013
68455433213
1782488250012
68498794857
1782488251014
68541863289
1782488252013
68584315451
1782488253014
68626439550
1782488254014
68668780262
1782488255013
68712235778
1782488256013
68755621958
1782488257013
68800602129
1782488258012
68843609038
1782488259013
68887074869
1782488260012
68929596183
1782488261013
68972644291
1782488262014
69015497758
1782488263012
69057036897
1782488264014
69099773299
1782488265013
69142257687
1782488266014
69184345531
1782488267013
69226716150
1782488268013
69269213112
1782488269012
69313673020
1782488270011
69357539485
1782488271013
69400500251
1782488272013
69445802564
1782488273014
69487846341
1782488274014
69530024944
1782488275014
69571768306
1782488276014
69613912669
1782488277014
69656227807
1782488278013
69699937229
1782488279013
69743928144
1782488280012
69787887931
1782488281012
69830764714
1782488282013
69873263811
1782488283013
69915568818
1782488284014
69957687546
1782488285013
70001002132
1782488286013
70044677618
1782488287013
70089239699
1782488288012
70131771084
1782488289012
70175105324
1782488290012
70218549060
1782488291013
70261486573
1782488292012
70303791579
1782488293014
70346009855
1782488294013
70388183453
1782488295012
70430815668
1782488296013
70473368965
1782488297013
70515322348
1782488298013
70557738194
1782488299012
70600973496
1782488300012
70644829768
1782488301013
70688910649
1782488302014
70733176527
1782488303013
70775344937
1782488304013
70817578594
1782488305014
70859924066
1782488306012
70902378853
1782488307013
70944552207
1782488308014
70988092562
1782488309014
71032156719
1782488310011
71075807303
1782488311013
71118768619
1782488312011
71161021806
1782488313014
71203800261
1782488314013
71245578780
1782488315013
71288623897
1782488316011
71332061591
1782488317014
71376674575
1782488318013
71419514431
1782488319013
71462401833
1782488320014
71505952930
1782488321013
71549009094
1782488322013
71591029250
1782488323012
71633306120
1782488324013
71676041423
1782488325013
71718919792
1782488326013
71761084296
1782488327013
71803443441
1782488328014
71846367098
1782488329013
71889540266
1782488330011
71932742548
1782488331012
71976722416
1782488332013
72020813795
1782488333013
72063104092
1782488334013
72105619791
1782488335012
72148151481
1782488336014
72190638128
1782488337012
72232795918
1782488338014
72275949555
1782488339012
72320284586
1782488340011
72363660817
1782488341013
72406475771
1782488342013
72449330581
1782488343015
72492883631
1782488344012
72534746134
1782488345013
72578068960
1782488346013
72622061523
1782488347014
72666978278
1782488348012
72710097431
1782488349013
72753010346
1782488350012
72796544902
1782488351014
72839462456
1782488352013
72881836493
1782488353012
72924987505
1782488354013
72964383279
1782488355012
73005760065
1782488356011
73046733410
1782488357012
73086202120
1782488358013
73126287893
1782488359012
73166790902
1782488360010
73207732692
1782488361013
73250095377
1782488362013
73291883783
1782488363013
73330839860
1782488364012
73372819794
1782488365011
73418184973
1782488366013
73460984974
1782488367013
73504110351
1782488368014
73547989267
1782488369014
73592476458
1782488370012
73636116727
1782488371014
73678976908
1782488372013
73721819572
1782488373014
73764619877
1782488374014
73806728962
1782488375013
73849661774
1782488376013
73893057049
1782488377014
73936850699
1782488378013
73980111147
1782488379013
74023452406
1782488380013
74066952355
1782488381012
74109837561
1782488382013
74152847277
1782488383012
74195285706
1782488384013
74237913221
1782488385013
74281280542
1782488386014
74323413735
1782488387012
74365945670
1782488388014
74408901248
1782488389013
74452091750
1782488390012
74497255697
1782488391049
74539375523
1782488392012
74583636946
1782488393012
74626115231
1782488394014
74667952099
1782488395012
74710760033
1782488396012
74753059425
1782488397012
74796174488
1782488398013
74840278257
1782488399013
74883984688
1782488400012
74927416461
1782488401013
74970370819
1782488402013
75012255233
1782488403013
75055319088
1782488404013
75097576731
1782488405013
75140335472
1782488406013
75183940219
1782488407013
75229439187
1782488408013
75272439870
1782488409013
75316376281
1782488410012
75359852000
1782488411013
75403035117
1782488412013
75445439122
1782488413012
75487557727
1782488414013
75529750857
1782488415013
75572575515
1782488416013
75614509063
1782488417013
75656753827
1782488418014
75699389888
1782488419014
75742242012
1782488420012
75785422688
1782488421013
75829189971
1782488422014
75871775250
1782488423012
75915293388
1782488424012
75957681890
1782488425013
76000531878
1782488426014
76042899873
1782488427013
76085086715
1782488428013
76128528255
1782488429012
76172671879
1782488430013
76215741898
1782488431012
76259338528
1782488432013
76301287517
1782488433012
76344737235
1782488434013
76386706305
1782488435013
76429342060
1782488436013
76473235807
1782488437013
76516218241
1782488438014
76559247977
1782488439013
76602847231
1782488440011
76646576733
1782488441014
76689789330
1782488442012
76732277441
1782488443012
76775035083
1782488444013
76818047302
1782488445013
76860772962
1782488446012
76903217617
1782488447013
76945617288
1782488448013
76988979970
1782488449013
77032150880
1782488450011
77075308607
1782488451012
77119734701
1782488452014
77164044830
1782488453015
77206832257
1782488454014
77249819818
1782488455013
77292813787
1782488456012
77334931355
1782488457014
77377371981
1782488458012
77419943039
1782488459013
77463905329
1782488460013
77507308172
1782488461013
77550455950
1782488462014
77592986908
1782488463013
77635938580
1782488464012
77677938045
1782488465013
77722239934
1782488466049
77763748739
1782488467012
77808216459
1782488468012
77851176616
1782488469014
77894700369
1782488470012
77937818178
1782488471013
77980637771
1782488472014
78022768461
1782488473014
78065046918
1782488474013
78107328365
1782488475013
78149828561
1782488476014
78191611047
1782488477014
78233324563
1782488478013
78276409475
1782488479014
78320560851
1782488480011
78364329599
1782488481015
78408574786
1782488482014
78451045319
1782488483012
78493336287
1782488484014
78535979611
1782488485012
78578235301
1782488486013
78619861842
1782488487013
78661807902
1782488488012
78704569084
1782488489014
78748641664
1782488490011
78792390148
1782488491013
78835420251
1782488492013
78877712074
1782488493012
78920336293
1782488494014
78962293766
1782488495012
79005707229
1782488496012
79048856716
1782488497013
79094051608
1782488498012
79136528611
1782488499013
79179825802
1782488500011
79223037972
1782488501013
79266434955
1782488502013
79308392673
1782488503014
79350679369
1782488504013
79393077148
1782488505012
79436622386
1782488506014
79479050561
1782488507014
79521122597
1782488508012
79564698230
1782488509014
79608374327
1782488510012
79651993356
1782488511013
79696016192
1782488512013
79737926119
1782488513013
79780109727
1782488514013
79822021180
1782488515012
79864788709
1782488516012
79906716763
1782488517013
79948839947
1782488518013
79991477106
1782488519013
80035932802
1782488520012
80078955886
1782488521013
80122550256
1782488522014
80164727333
1782488523015
80206624016
1782488524013
80248775702
1782488525013
80291612995
1782488526014
80334031282
1782488527012
80380062659
1782488528012
80422645435
1782488529012
80466147338
1782488530012
80509414500
1782488531012
80552548118
1782488532012
80594820227
1782488533013
80637316822
1782488534012
80680740600
1782488535012
80723789684
1782488536013
80766929832
1782488537013
80809939793
1782488538013
80853024155
1782488539013
80896478695
1782488540012
80939779121
1782488541014
80983167438
1782488542012
81028401575
1782488543013
81070274820
1782488544012
81112950248
1782488545012
81155420476
1782488546013
81199154495
1782488547012
81241268767
1782488548014
81284130229
1782488549013
81328904529
1782488550011
81372142699
1782488551014
81415416148
1782488552013
81458212914
1782488553014
81500625281
1782488554013
81542596792
1782488555013
81585358584
1782488556013
81628529128
1782488557014
81673377890
1782488558014
81715416906
1782488559012
81759308884
1782488560010
81802234250
1782488561014
81845528389
1782488562013
81887903159
1782488563014
81929771399
1782488564013
81972151295
1782488565013
82015041383
1782488566013
82057490432
1782488567013
82099336028
1782488568012
82141744977
1782488569012
82184792475
1782488570012
82228020696
1782488571012
82271700943
1782488572012
82314778836
1782488573013
82356989849
1782488574012
82399088679
1782488575013
82441889106
1782488576014
82484611043
1782488577014
82526877597
1782488578012
82569284776
1782488579013
82613540889
1782488580012
82656856085
1782488581012
82700215105
1782488582012
82742108614
1782488583013
82784374069
1782488584012
82825978028
1782488585013
82870023631
1782488586050
82910948452
1782488587014
82955920322
1782488588013
82998441576
1782488589012
83041953183
1782488590013
83086059454
1782488591012
83129188006
1782488592013
83172598784
1782488593013
83215637797
1782488594013
83258314812
1782488595012
83301485050
1782488596013
83343682696
1782488597012
83385913362
1782488598013
83428436508
1782488599014
83471241452
1782488600012
83515248053
1782488601048
83557680073
1782488602012
83601517241
1782488603012
83643317366
1782488604013
83686119075
1782488605015
83728523386
1782488606012
83770985191
1782488607013
83813900242
1782488608013
83856514330
1782488609013
83900796565
1782488610010
83944919316
1782488611012
83987866045
1782488612012
84029754853
1782488613012
84071980881
1782488614012
84114129637
1782488615012
84156233350
1782488616013
84199937218
1782488617014
84245659696
1782488618012
84289242959
1782488619014
84333325854
1782488620012
84376412352
1782488621013
84420006906
1782488622013
84461880945
1782488623013
84503911232
1782488624012
84546989735
1782488625013
84589561709
1782488626012
84631565202
1782488627012
84674003387
1782488628012
84716714521
1782488629013
84760100152
1782488630011
84802845343
1782488631014
84846690201
1782488632013
84891386986
1782488633014
84933155190
1782488634013
84976378773
1782488635012
85019117616
1782488636013
85061283585
1782488637012
85103364288
1782488638014
85146435650
1782488639013
85189872611
1782488640012
85233416140
1782488641014
85276453505
1782488642013
85318802396
1782488643013
85360463422
1782488644012
85402636776
1782488645013
85445738533
1782488646012
85488074790
1782488647013
85533427640
1782488648010
85577403601
1782488649013
85620929308
1782488650012
85664117003
1782488651013
85707271616
1782488652013
85749566979
1782488653014
85791461525
1782488654012
85834271962
1782488655014
85877218752
1782488656012
85918822588
1782488657012
85960807832
1782488658013
86003513534
1782488659012
86046514034
1782488660012
86089520882
1782488661014
86133677446
1782488662012
86178440210
1782488663014
86220119424
1782488664013
86262503166
1782488665014
86304762762
1782488666012
86346600729
1782488667013
86388889988
1782488668013
86431882005
1782488669014
86475359555
1782488670012
86518864753
1782488671013
86561703084
1782488672012
86604269991
1782488673012
86646487962
1782488674013
86688740966
1782488675014
86730904616
1782488676012
86773268155
1782488677014
86816686684
1782488678014
86859834034
1782488679013
86902953675
1782488680012
86946667979
1782488681014
86989232507
1782488682013
87031331032
1782488683013
87072914482
1782488684013
87115439642
1782488685012
87158286883
1782488686013
87200152926
1782488687015
87242687302
1782488688013
87285544492
1782488689013
87328481943
1782488690013
87371783224
1782488691013
87415623688
1782488692013
87459711832
1782488693013
87502177544
1782488694014
87544840765
1782488695013
87587909502
1782488696012
87630131196
1782488697014
87672326827
1782488698012
87715131466
1782488699013
87758468697
1782488700011
87802554277
1782488701013
87845480986
1782488702013
87887566999
1782488703013
87929718014
1782488704012
87972679513
1782488705012
88015228720
1782488706013
88057624730
1782488707013
88100588060
1782488708014
88144212887
1782488709013
88187801521
1782488710012
88231443804
1782488711014
88274355376
1782488712012
88316943097
1782488713013
88359083248
1782488714012
88401630441
1782488715014
88444845846
1782488716013
88487000340
1782488717013
88529012683
1782488718013
88571955017
1782488719013
88615293530
1782488720013
88658323571
1782488721013
88703066986
1782488722013
88746829142
1782488723014
88789265374
1782488724013
88831581306
1782488725013
88874217671
1782488726013
88915836522
1782488727014
88957930653
1782488728014
89000522097
1782488729014
89043992383
1782488730011
89087847923
1782488731013
89130844517
1782488732014
89172995044
1782488733013
89215704895
1782488734012
89258480787
1782488735014
89301411707
1782488736013
89344559607
1782488737016
89388393967
1782488738013
89431610776
1782488739012
89474561349
1782488740013
89517633810
1782488741014
89561152802
1782488742013
89603403488
1782488743014
89645303954
1782488744015
89688153637
1782488745014
89731071496
1782488746014
89773463477
1782488747013
89815850942
1782488748013
89858616457
1782488749013
89902185316
1782488750013
89945763268
1782488751013
89990013338
1782488752013
90035123208
1782488753013
90077423270
1782488754013
90119968633
1782488755013
90162122638
1782488756014
90204052768
1782488757013
90246481981
1782488758013
90289924679
1782488759013
90334355535
1782488760015
90378925611
1782488761012
90421893092
1782488762014
90464331460
1782488763014
90506735526
1782488764013
90549347966
1782488765013
90592401810
1782488766013
90635552579
1782488767013
90679926428
1782488768013
90723036669
1782488769013
90766186583
1782488770012
90809167247
1782488771013
90852383689
1782488772014
90894854894
1782488773014
90936901905
1782488774012
90979644227
1782488775012
91022712354
1782488776013
91064766934
1782488777013
91107324564
1782488778013
91149723321
1782488779013
91192936101
1782488780012
91236138993
1782488781013
91280015529
1782488782012
91323418372
1782488783014
91365387075
1782488784012
91407992618
1782488785013
91450477861
1782488786013
91492316194
1782488787012
91534777022
1782488788013
91577333066
1782488789013
91621236518
1782488790012
91666000136
1782488791011
91709092006
1782488792013
91751362650
1782488793013
91793577446
1782488794013
91835828254
1782488795012
91878948505
1782488796016
91921782074
1782488797013
91966972205
1782488798014
92009692738
1782488799011
92053798216
1782488800012
92097246774
1782488801013
92140111532
1782488802013
92182871677
1782488803014
92224653064
1782488804013
92267278687
1782488805014
92310317823
1782488806014
92352590969
1782488807013
92394313396
1782488808013
92437061273
1782488809012
92480469182
1782488810011
92523302873
1782488811014
92567331874
1782488812013
92611127294
1782488813013
92653346424
1782488814014
92696768555
1782488815013
92739728161
1782488816013
92783482078
1782488817013
92826858309
1782488818014
92870146346
1782488819012
92914264214
1782488820013
92957483158
1782488821013
93001223891
1782488822014
93043649441
1782488823013
93085791240
1782488824012
93128171076
1782488825014
93171215643
1782488826013
93214044879
1782488827013
93258375210
1782488828014
93301557106
1782488829011
93345787828
1782488830012
93388742125
1782488831013
93431626109
1782488832013
93474299462
1782488833014
93516807776
1782488834013
93559294056
1782488835012
93602118715
1782488836013
93643906938
1782488837012
93685927338
1782488838012
93729302960
1782488839012
93772158258
1782488840011
93816984681
1782488841048
93859391372
1782488842014
93902306240
1782488843014
93945968604
1782488844013
93989110278
1782488845014
94031539124
1782488846012
94073499405
1782488847012
94116138578
1782488848013
94159088664
1782488849012
94203245838
1782488850011
94246478821
1782488851013
94290018504
1782488852013
94332111963
1782488853013
94375080664
1782488854013
94417181448
1782488855013
94459701358
1782488856012
94503768811
1782488857013
94549264728
1782488858014
94592257476
1782488859014
94636570534
1782488860013
94680081592
1782488861012
94723160645
1782488862013
94765012772
1782488863014
94807212310
1782488864014
94849157759
1782488865012
94892590936
1782488866012
94934485482
1782488867012
94976486656
1782488868015
95019177770
1782488869013
95062799241
1782488870012
95106005124
1782488871014
95149974677
1782488872013
95192516987
1782488873014
95234733981
1782488874013
95276811083
1782488875013
95318936524
1782488876013
95361090103
1782488877012
95403613859
1782488878012
95446600992
1782488879014
95490100088
1782488880012
95533400758
1782488881014
95576584852
1782488882013
95618199491
1782488883014
95660814739
1782488884011
95702663997
1782488885013
95747450869
1782488886049
95788644306
1782488887014
95833330471
1782488888013
95876533241
1782488889014
95921087327
1782488890012
95964541195
1782488891013
96008047004
1782488892014
96050252706
1782488893013
96092085180
1782488894012
96134606555
1782488895014
96177754150
1782488896013
96220085035
1782488897014
96262707180
1782488898013
96305667458
1782488899013
96349070667
1782488900012
96392855772
1782488901013
96437153816
1782488902014
96482008742
1782488903013
96524040922
1782488904012
96566508953
1782488905014
96609099176
1782488906014
96651170968
1782488907012
96693351890
1782488908013
96735762121
1782488909013
96779467087
1782488910011
96822677426
1782488911012
96865668771
1782488912013
96907829613
1782488913014
96951079685
1782488914013
96993154345
1782488915012
97036727415
1782488916013
97079467601
1782488917013
97123434102
1782488918013
97166298800
1782488919013
97210043622
1782488920013
97253131158
1782488921012
97296709293
1782488922013
97338786151
1782488923012
97380790377
1782488924014
97423289719
1782488925014
97466125302
1782488926012
97507939099
1782488927013
97550699854
1782488928013
97594451024
1782488929013
97637909042
1782488930012
97681524837
1782488931012
97725892338
1782488932014
97769628432
1782488933013
97811556974
1782488934013
97854286357
1782488935014
97896910516
1782488936012
97938876900
1782488937014
97981063193
1782488938013
98023561803
1782488939012
98066516222
1782488940012
98110272945
1782488941013
98154167608
1782488942014
98196197042
1782488943013
98238404209
1782488944012
98280249805
1782488945012
98323802733
1782488946012
98366719005
1782488947014
98412114275
1782488948013
98454802642
1782488949014
98498884133
1782488950012
98542438465
1782488951014
98585436402
1782488952013
98627453750
1782488953014
98669879972
1782488954013
98712202435
1782488955013
98755423516
1782488956012
98798267705
1782488957012
98840732318
1782488958013
98883555878
1782488959012
98926822491
1782488960014
98970085625
1782488961013
99014343019
1782488962013
99059093270
1782488963012
99101102196
1782488964012
99143162696
1782488965013
99185746877
1782488966014
99227821903
1782488967014
99269607563
1782488968013
99312230928
1782488969013
99356416118
1782488970011
99399732169
1782488971013
99443472780
1782488972012
99485967910
1782488973014
99528404264
1782488974013
99570512921
1782488975013
99613819206
1782488976013
99657221256
1782488977013
99700775893
1782488978014
99743500576
1782488979013
99787623327
1782488980012
99830694261
1782488981012
99874118039
1782488982013
99916717601
1782488983014
99958891504
1782488984013
100001679908
1782488985014
100044293629
1782488986013
100086469852
1782488987012
100127927753
1782488988013
100168301979
1782488989014
100211920702
1782488990012
100254827514
1782488991051
100295471087
1782488992012
100341066673
1782488993010
100383693517
1782488994012
100426533312
1782488995014
100468902283
1782488996013
100511693678
1782488997013
100554582423
1782488998012
100597745215
1782488999013
100641598069
1782489000013
100684882626
1782489001014
100727789316
1782489002013
100770801291
1782489003012
100812668615
1782489004014
100854626088
1782489005012
100897535280
1782489006013
100941240552
1782489007013
100985914510
1782489008012
101029139191
1782489009013
101072846477
1782489010011
101116798940
1782489011013
101159773806
1782489012013
101202008500
1782489013013
101244634611
1782489014012
101287051739
1782489015014
101330146722
1782489016012
101372850897
1782489017012
101415599445
1782489018013
101458430817
1782489019012
101501537762
1782489020012
101545266166
1782489021014
101588537418
1782489022012
101633080272
1782489023013
101675435938
1782489024014
101717580605
1782489025014
101761692614
1782489026011
101805332761
1782489027011
101848209360
1782489028014
101891101218
1782489029012
101934923921
1782489030010
101978237470
1782489031014
102021874443
1782489032013
102064623113
1782489033012
102107153827
1782489034013
102148724643
1782489035013
102192739118
1782489036050
102235064876
1782489037013
102280641237
1782489038013
102324124096
1782489039013
102367687156
1782489040012
102411891755
1782489041013
102455567486
1782489042014
102498038263
1782489043013
102540519905
1782489044013
102583243550
1782489045013
102626597687
1782489046014
102668925460
1782489047014
102711607724
1782489048014
102754799508
1782489049012
102797988179
1782489050012
102840785310
1782489051013
102884698162
1782489052014
102928481802
1782489053014
102971101139
1782489054014
103014250748
1782489055014
103057570217
1782489056013
103099770182
1782489057013
103142298699
1782489058012
103185421879
1782489059013
103229273146
1782489060011
103272616602
1782489061012
103315500892
1782489062013
103358372486
1782489063013
103400717410
1782489064012
103443495071
1782489065013
103486582607
1782489066012
103528751689
1782489067014
103573078724
1782489068013
103616529723
1782489069013
103659763133
1782489070012
103703830098
1782489071012
103747177399
1782489072014
103789582442
1782489073013
103831650572
1782489074013
103873830395
1782489075013
103916498133
1782489076014
103959012184
1782489077012
104001591665
1782489078013
104045042420
1782489079012
104089094737
1782489080012
104132276633
1782489081014
104177033721
1782489082014
104220675516
1782489083012
104263263236
1782489084012
104305711492
1782489085014
104347678303
1782489086013
104390027987
1782489087012
104432694748
1782489088013
104475308531
1782489089014
104518548105
1782489090014
104561346396
1782489091013
104604265171
1782489092013
104647355332
1782489093013
104689512389
1782489094013
104731811292
1782489095013
104774701136
1782489096013
104818766331
1782489097013
104863737163
1782489098012
104907157767
1782489099013
104950964540
1782489100011
104995001780
1782489101013
105038254844
1782489102012
105080970616
1782489103012
105123132739
1782489104013
105165512147
1782489105014
105208293227
1782489106013
105250664822
1782489107012
105292715191
1782489108013
105335962028
1782489109013
105379879762
1782489110013
105423028212
1782489111013
105467012169
1782489112013
105511790802
1782489113013
105553976973
1782489114013
105596536679
1782489115014
105639252451
1782489116013
105681934958
1782489117013
105724634190
1782489118013
105767223314
1782489119013
105811599849
1782489120012
105854596931
1782489121013
105897999347
1782489122013
105940846771
1782489123013
105983859112
1782489124012
106026338923
1782489125014
106069438117
1782489126013
106112231403
1782489127012
106156013274
1782489128012
106198674236
1782489129012
106242143058
1782489130012
106286097596
1782489131011
106328992933
1782489132012
106371585903
1782489133012
106413778605
1782489134013
106456230584
1782489135013
106499015203
1782489136014
106541443683
1782489137014
106583595736
1782489138012
106626486251
1782489139012
106669867366
1782489140012
106713254767
1782489141012
106756630022
1782489142012
106800252896
1782489143012
106842733745
1782489144014
106885093133
1782489145013
106926867501
1782489146013
106969568381
1782489147014
107011973302
1782489148013
107054737413
1782489149013
107098752804
1782489150012
107142239814
1782489151014
107185373981
1782489152014
107228239411
1782489153013
107270495406
1782489154012
107312909299
1782489155014
107355483775
1782489156013
107398521506
1782489157013
107442033968
1782489158012
107484656051
1782489159012
107528406672
1782489160012
107571900457
1782489161011
107614844561
1782489162013
107657594696
1782489163013
107699894941
1782489164012
107742097714
1782489165012
107784769175
1782489166013
107827140099
1782489167014
107869534766
1782489168014
107912492725
1782489169014
107955283692
1782489170013
107999812997
1782489171050
108041717431
1782489172014
108085686861
1782489173014
108127758104
1782489174013
108170378661
1782489175012
108212647596
1782489176013
108255075832
1782489177013
108297855447
1782489178013
108340909475
1782489179013
108384259217
1782489180012
108428022472
1782489181013
108471763205
1782489182013
108513591894
1782489183012
108556857896
1782489184014
108599366149
1782489185013
108642225842
1782489186012
108685285424
1782489187014
108729327670
1782489188013
108772008347
1782489189014
108815868281
1782489190013
108859175543
1782489191012
108903431472
1782489192012
108946615199
1782489193013
108990036414
1782489194013
109032806202
1782489195014
109075885865
1782489196013
109118312087
1782489197013
109161351832
1782489198012
109203764749
1782489199013
109246535452
1782489200012
109290683716
1782489201050
109333053480
1782489202013
109378511494
1782489203014
109420548251
1782489204012
109462497912
1782489205012
109504982422
1782489206014
109547310683
1782489207012
109590052700
1782489208013
109632909951
1782489209012
109676275502
1782489210011
109719927856
1782489211013
109763005932
1782489212013
109805005885
1782489213013
109847901527
1782489214014
109890150931
1782489215014
109934568237
1782489216050
109975886734
1782489217012
110020797569
1782489218014
110063971165
1782489219014
110107539474
1782489220012
110150801692
1782489221013
110194783269
1782489222013
110236818378
1782489223014
110279396822
1782489224013
110322320723
1782489225013
110364819088
1782489226012
110407211924
1782489227012
110449799340
1782489228012
110492831212
1782489229012
110536485885
1782489230012
110579782344
1782489231013
110623904607
1782489232014
110667649246
1782489233013
110709518951
1782489234012
110752217022
1782489235012
110794317012
1782489236014
110837199654
1782489237014
110880571552
1782489238014
110923211458
1782489239012
110966802899
1782489240012
111010098931
1782489241013
111052681280
1782489242014
111094877522
1782489243012
111137533907
1782489244012
111179696824
1782489245012
111222238646
1782489246015
111265875803
1782489247014
111309241292
1782489248012
111351793796
1782489249013
111395280440
1782489250012
111438659296
1782489251014
111481897100
1782489252013
111524205952
1782489253015
111566459262
1782489254013
111609026780
1782489255014
111652238339
1782489256013
111694599986
1782489257014
111736479823
1782489258013
111779532569
1782489259012
111822597339
1782489260012
111865989562
1782489261014
111909978280
1782489262013
111955025833
1782489263012
111997631193
1782489264012
112039896526
1782489265014
112083427787
1782489266013
112125920110
1782489267014
112167789448
1782489268013
112210586458
1782489269013
112254149213
1782489270012
112297277581
1782489271014
112339994940
1782489272014
112382663776
1782489273013
112425299836
1782489274014
112467160996
1782489275013
112509866392
1782489276015
112553013011
1782489277013
112597696246
1782489278015
112640395599
1782489279012
112683845622
1782489280011
112727567984
1782489281014
112771480042
1782489282012
112813698073
1782489283012
112856278714
1782489284013
112898675517
1782489285013
112941387321
1782489286014
112984077031
1782489287012
113026901446
1782489288015
113069520477
1782489289013
113112625286
1782489290012
113155969658
1782489291013
113199860903
1782489292014
113245415962
1782489293013
113287604392
1782489294012
113330373081
1782489295014
113372375903
1782489296013
113415118531
1782489297013
113457597121
1782489298015
113499805997
1782489299013
113543397499
1782489300011
113586983020
1782489301013
113630248046
1782489302015
113672009230
1782489303012
113714783108
1782489304012
113756769023
1782489305014
113799391656
1782489306014
113842183660
1782489307014
113886156021
1782489308013
113929116543
1782489309013
113973481481
1782489310013
114016587633
1782489311013
114060458004
1782489312012
114102893625
1782489313013
114145138573
1782489314014
114187734839
1782489315012
114231367234
1782489316013
114274195067
1782489317013
114316723888
1782489318013
114359662316
1782489319014
114402753331
1782489320012
114446188340
1782489321013
114490818536
1782489322014
114535636780
1782489323013
114577941176
1782489324013
114620347440
1782489325013
114663371255
1782489326012
114706247183
1782489327013
114748854984
1782489328013
114791980851
1782489329013
114835469875
1782489330013
114878885352
1782489331014
114921795460
1782489332013
114964030703
1782489333014
115006915603
1782489334012
115049642056
1782489335012
115092954995
1782489336013
115135753896
1782489337013
115180492490
1782489338013
115222915538
1782489339013
115266033775
1782489340012
115308957188
1782489341014
115352417709
1782489342012
115394841124
1782489343012
115436302748
1782489344013
115478771695
1782489345012
115521642740
1782489346012
115563336115
1782489347012
115606151557
1782489348013
115649253253
1782489349014
115693351834
1782489350014
115737587316
1782489351013
115781115342
1782489352012
115825173945
1782489353012
115867552133
1782489354012
115909988914
1782489355012
115952274572
1782489356014
115994032644
1782489357014
116036589542
1782489358013
116079532730
1782489359014
116123496485
1782489360012
116166790991
1782489361012
116209744433
1782489362013
116251863893
1782489363014
116294283340
1782489364012
116337053067
1782489365013
116380750709
1782489366013
116423812611
1782489367014
116468268429
1782489368013
116511242929
1782489369013
116554366414
1782489370013
116597715547
1782489371013
116640287337
1782489372013
116683396419
1782489373013
116724875866
1782489374012
116767280481
1782489375013
116810484350
1782489376012
116853139820
1782489377013
116896241028
1782489378013
116939198254
1782489379014
116983166769
1782489380012
117026480684
1782489381015
117070210187
1782489382014
117114566702
1782489383014
117156526006
1782489384012
117199221026
1782489385014
117241931976
1782489386013
117284271650
1782489387013
117326679928
1782489388014
117369680734
1782489389014
117413845110
1782489390012
117457443815
1782489391013
117500471719
1782489392014
117542785942
1782489393014
117584800300
1782489394013
117627543599
1782489395013
117670470491
1782489396013
117713496687
1782489397014
117756858453
1782489398014
117799601081
1782489399013
117842567218
1782489400012
117885988311
1782489401013
117928877605
1782489402013
117971789605
1782489403012
118013612984
1782489404013
118055952536
1782489405012
118099428743
1782489406014
118141738388
1782489407013
118185328609
1782489408013
118228276009
1782489409013
118271472920
1782489410014
118315098479
1782489411013
118359071328
1782489412014
118404353927
1782489413013
118446470213
1782489414013
118488507276
1782489415013
118530599148
1782489416014
118573298136
1782489417013
118616093131
1782489418012
118658719731
1782489419013
118702434158
1782489420012
118745851832
1782489421014
118788894691
1782489422014
118831174917
1782489423013
118873635929
1782489424014
118916327653
1782489425014
118959626553
1782489426013
119002017802
1782489427012
119046518665
1782489428012
119089500305
1782489429013
119132670666
1782489430014
119175431177
1782489431012
119218585973
1782489432014
119262071641
1782489433013
119303846742
1782489434013
119346093704
1782489435013
119388953335
1782489436014
119431271952
1782489437012
119473994072
1782489438013
119517483524
1782489439013
119560808364
1782489440010
119604090175
1782489441013
119648161900
1782489442014
119691419846
1782489443014
119733473999
1782489444014
119776443859
1782489445014
119819617699
1782489446014
119861906714
1782489447013
119904502003
1782489448013
119947513673
1782489449013
119991783579
1782489450012
120035299947
1782489451014
120078044833
1782489452014
120120303331
1782489453013
120162274842
1782489454013
120205609570
1782489455013
120248639611
1782489456012
120291648534
1782489457014
120336785992
1782489458014
120379844292
1782489459013
120422958195
1782489460012
120466391861
1782489461013
120509301419
1782489462014
120552707131
1782489463013
120594482231
1782489464014
120636754462
1782489465013
120679452473
1782489466014
120721383518
1782489467014
120764184861
1782489468014
120807286923
1782489469012
120850551217
1782489470011
120893811299
1782489471012
120937463104
1782489472014
120982170814
1782489473014
121024632681
1782489474013
121067643862
1782489475013
121109918290
1782489476013
121152644865
1782489477012
121195233501
1782489478015
121238480522
1782489479014
121282493593
1782489480012
121325886243
1782489481014
121368797266
1782489482012
121411053810
1782489483013
121452950188
1782489484014
121495684636
1782489485014
121538240069
1782489486014
121581238861
1782489487012
121623968304
1782489488013
121666970270
1782489489013
121710557927
1782489490012
121753844193
1782489491014
121797115139
1782489492013
121840237648
1782489493012
121882448234
1782489494013
121925006047
1782489495012
121967560015
1782489496012
122009726167
1782489497014
122052248214
1782489498012
122094905758
1782489499012
122138120431
1782489500012
122181453205
1782489501013
122225313017
1782489502015
122269565040
1782489503013
122311857474
1782489504013
122354353886
1782489505013
122397597611
1782489506013
122439939787
1782489507012
122483042338
1782489508014
122525705010
1782489509013
122569537234
1782489510013
122612607253
1782489511012
122655395901
1782489512013
122697810526
1782489513013
122740031976
1782489514014
122782356025
1782489515012
122825296955
1782489516014
122868365082
1782489517012
122912776223
1782489518014
122955782217
1782489519013
122999897643
1782489520011
123043660898
1782489521013
123086996847
1782489522012
123129883150
1782489523010
123173075362
1782489524013
123215327085
1782489525013
123257979380
1782489526012
123300045862
1782489527013
123342863623
1782489528013
123385675953
1782489529013
123429295836
1782489530011
123472462352
1782489531013
123516344197
1782489532013
123561047147
1782489533014
123603247234
1782489534013
123645214656
1782489535012
123687830147
1782489536013
123729707543
1782489537014
123772198279
1782489538013
123814620899
1782489539014
123858196594
1782489540012
123901982675
1782489541014
123944508934
1782489542014
123987383641
1782489543012
124029552600
1782489544012
124071960268
1782489545012
124115401318
1782489546012
124157693752
1782489547012
124201202979
1782489548012
124243759022
1782489549012
124287458861
1782489550011
124331118418
1782489551012
124373642845
1782489552012
124415827673
1782489553014
124458881945
1782489554012
124500830141
1782489555013
124543101090
1782489556013
124585506499
1782489557012
124627898420
1782489558014
124670833795
1782489559013
124714460515
1782489560012
124758203994
1782489561014
124801936670
1782489562014
124846608065
1782489563013
124888671739
1782489564014
124931345458
1782489565013
124973858227
1782489566014
125016404871
1782489567014
125058617471
1782489568013
125101568716
1782489569014
125145112183
1782489570012
125188454968
1782489571014
125231455529
1782489572013
125273829871
1782489573012
125315792838
1782489574013
125358130559
1782489575012
125402930615
1782489576051
125444551908
1782489577014
125489743747
1782489578012
125532702133
1782489579013
125576097530
1782489580011
125619739752
1782489581013
125662679340
1782489582012
125705100618
1782489583012
125747821822
1782489584013
125790411862
1782489585013
125833287607
1782489586014
125875662681
1782489587012
125918510533
1782489588014
125961566758
1782489589014
126005112423
1782489590012
126048713203
1782489591013
126092800309
1782489592013
126135389433
1782489593013
126177522809
1782489594014
126219585873
1782489595013
126261818675
1782489596013
126303728236
1782489597013
126345953286
1782489598014
126388624625
1782489599014
126432580262
1782489600012
126476339305
1782489601013
126519756247
1782489602014
126562168675
1782489603014
126604101551
1782489604012
126646647890
1782489605014
126689903883
1782489606013
126733244653
1782489607013
126778197419
1782489608014
126821109846
1782489609014
126864917351
1782489610011
126908294376
1782489611012
126950948198
1782489612014
126993684477
1782489613013
127036345196
1782489614014
127078571955
1782489615014
127118868239
1782489616013
127161509121
1782489617013
127201284105
1782489618012
127241540227
1782489619012
127282274132
1782489620013
127323620339
1782489621013
127366768178
1782489622013
127408606084
1782489623012
127447668911
1782489624012
127487169481
1782489625012
127530496213
1782489626011
127574935370
1782489627012
127617709857
1782489628012
127660994109
1782489629014
127704934121
1782489630012
127748285878
1782489631014
127791437989
1782489632012
127833603042
1782489633012
127875657073
1782489634013
127918182538
1782489635014
127961943839
1782489636012
128005504458
1782489637014
128050322886
1782489638013
128093919698
1782489639013
128137680755
1782489640012
128180736370
1782489641013
128223936821
1782489642013
128266703435
1782489643013
128309966386
1782489644012
128352947050
1782489645013
128396494546
1782489646013
128439062552
1782489647012
128480907233
1782489648012
128523535847
1782489649013
128566853851
1782489650012
128609910442
1782489651012
128653333732
1782489652013
128697628602
1782489653012
128739801956
1782489654013
128782402921
1782489655013
128825050150
1782489656012
128867320184
1782489657013
128909877875
1782489658013
128953001849
1782489659013
128997071072
1782489660010
129040595192
1782489661012
129083340383
1782489662013
129125810977
1782489663014
129169684278
1782489664012
129212981408
1782489665013
129256315709
1782489666014
129299858261
1782489667013
129343845148
1782489668014
129387199102
1782489669014
129430768509
1782489670013
129474094204
1782489671013
129517519447
1782489672013
129560382069
1782489673014
129603058596
1782489674012
129645493607
1782489675013
129688113981
1782489676013
129730937419
1782489677013
129773833610
1782489678013
129816855106
1782489679012
129860529189
1782489680012
129904216821
1782489681012
129948319675
1782489682012
129993411356
1782489683012
130035756524
1782489684013
130077764778
1782489685013
130119877829
1782489686012
130162117223
1782489687013
130204728442
1782489688013
130248050597
1782489689013
130291814706
1782489690012
130335774738
1782489691012
130378466767
1782489692012
130421501813
1782489693013
130464694390
1782489694012
130506766487
1782489695013
130550427081
1782489696014
130593802397
1782489697013
130637182474
1782489698013
130680079703
1782489699013
130722919743
1782489700012
130765985184
1782489701012
130808712064
1782489702014
130851577555
1782489703014
130894200249
1782489704012
130937000921
1782489705014
130979839068
1782489706013
131022278290
1782489707013
131064461837
1782489708013
131107854060
1782489709014
131151056586
1782489710011
131195210770
1782489711051
131236947662
1782489712013
131281158182
1782489713014
131322833063
1782489714012
131364703805
1782489715013
131406870079
1782489716012
131449308630
1782489717014
131492033435
1782489718013
131535079712
1782489719014
131578644969
1782489720013
131622437825
1782489721013
131665098666
1782489722013
131707656724
1782489723013
131749939513
1782489724012
131792495679
1782489725013
131835214625
1782489726013
131879456149
1782489727014
131922573776
1782489728013
131965109495
1782489729013
132008698250
1782489730012
132052477313
1782489731014
132095860869
1782489732014
132138147077
1782489733013
132180546016
1782489734012
132223822699
1782489735012
132266399251
1782489736013
132308747409
1782489737012
132351049425
1782489738015
132393506103
1782489739013
132436162488
1782489740011
132479565087
1782489741012
132522791478
1782489742013
132565012317
1782489743013
132606992251
1782489744013
132649522660
1782489745013
132692133512
1782489746014
132736089088
1782489747012
132778307425
1782489748013
132821840273
1782489749012
132866005748
1782489750012
132908991783
1782489751014
132952243381
1782489752014
132994711046
1782489753014
133036831055
1782489754012
133079065688
1782489755012
133122653284
1782489756014
133165840491
1782489757013
133209837082
1782489758013
133252661435
1782489759013
133295851022
1782489760010
133339482319
1782489761014
133382855926
1782489762014
133425941631
1782489763013
133468141047
1782489764013
133511288581
1782489765014
133554262592
1782489766013
133596303561
1782489767014
133638244188
1782489768013
133681832822
1782489769013
133724588877
1782489770012
133768285787
1782489771012
133811931854
1782489772014
133856220132
1782489773014
133898452873
1782489774012
133941160466
1782489775012
133983851092
1782489776013
134026278290
1782489777015
134068904280
1782489778013
134112136652
1782489779014
134155860112
1782489780012
134199186112
1782489781014
134242268460
1782489782012
134284541789
1782489783015
134326703852
1782489784012
134368858956
1782489785012
134411953756
1782489786012
134455887908
1782489787012
134498151472
1782489788013
134541038508
1782489789013
134584145820
1782489790011
134627349811
1782489791013
134670434600
1782489792013
134713322735
1782489793013
134755019100
1782489794013
134798101388
1782489795014
134841339375
1782489796013
134883603305
1782489797013
134926327622
1782489798013
134969498227
1782489799014
135013345893
1782489800012
135057173906
1782489801013
135100787258
1782489802014
135146197848
1782489803013
135190061871
1782489804013
135231938290
1782489805013
135274999947
1782489806012
135317365317
1782489807012
135359280981
1782489808014
135402303088
1782489809012
135446519955
1782489810012
135489629097
1782489811013
135532686543
1782489812013
135575024570
1782489813013
135617383043
1782489814012
135660015502
1782489815013
135702402784
1782489816013
135746012779
1782489817013
135789582614
1782489818013
135832948348
1782489819013
135876658563
1782489820012
135919534125
1782489821012
135962420795
1782489822013
136005012116
1782489823013
136046952256
1782489824013
136089955441
1782489825013
136132835764
1782489826014
136174919457
1782489827014
136217365393
1782489828013
136260508472
1782489829013
136303579833
1782489830012
136346925487
1782489831013
136390577902
1782489832012
136436404689
1782489833014
136478732644
1782489834014
136521155448
1782489835012
136563461920
1782489836014
136605367086
1782489837013
136647800266
1782489838013
136690507066
1782489839013
136734398921
1782489840010
136777667426
1782489841013
136820420124
1782489842013
136862158543
1782489843013
136904213489
1782489844013
136945936282
1782489845014
136988675370
1782489846013
137032203334
1782489847012
137076718296
1782489848012
137119507920
1782489849016
137163110592
1782489850012
137206550239
1782489851014
137250133624
1782489852013
137292620697
1782489853013
137334619613
1782489854013
137377588681
1782489855012
137420446115
1782489856014
137463051352
1782489857013
137505348669
1782489858015
137548392992
1782489859014
137591854795
1782489860012
137634898081
1782489861013
137678213338
1782489862013
137722351287
1782489863014
137764160079
1782489864013
137806466306
1782489865013
137848686596
1782489866013
137890794154
1782489867013
137933056070
1782489868013
137975671317
1782489869015
138019312013
1782489870010
138062467115
1782489871012
138105054103
1782489872014
138147164103
1782489873014
138189176508
1782489874012
138231510262
1782489875012
138275588518
1782489876049
138316787387
1782489877010
138361755168
1782489878013
138404646598
1782489879013
138448352297
1782489880012
138491523207
1782489881014
138534335231
1782489882014
138576889382
1782489883012
138618579522
1782489884013
138661010627
1782489885011
138704408343
1782489886012
138746552278
1782489887013
138788695481
1782489888013
138831936947
1782489889012
138875513252
1782489890012
138918504169
1782489891014
138963324306
1782489892014
139007762852
1782489893014
139049641041
1782489894013
139091710452
1782489895014
139133930986
1782489896012
139176235077
1782489897014
139219016767
1782489898013
139262011286
1782489899012
139305872074
1782489900012
139349532546
1782489901013
139392762416
1782489902014
139435069253
1782489903013
139477070916
1782489904014
139519002022
1782489905012
139561439657
1782489906013
139603724583
1782489907014
139649619302
1782489908013
139692028556
1782489909013
139735607058
1782489910012
139779529248
1782489911013
139822661462
1782489912013
139864984168
1782489913014
139906644035
1782489914013
139949068365
1782489915014
139993017593
1782489916012
140035022368
1782489917012
140077480817
1782489918013
140120362604
1782489919014
140163543707
1782489920012
140207069779
1782489921013
140251159571
1782489922013
140295086888
1782489923013
140336989247
1782489924012
140379139590
1782489925014
140421420061
1782489926012
140463979766
1782489927014
140506557538
1782489928014
140549056758
1782489929014
140592898198
1782489930011
140636161027
1782489931013
140679457791
1782489932013
140721656231
1782489933012
140763612300
1782489934013
140805281627
1782489935012
140848629355
1782489936014
140891192723
1782489937012
140936205364
1782489938012
140979121148
1782489939012
141022691959
1782489940011
141065829971
1782489941012
141108833279
1782489942012
141151336954
1782489943013
141193466607
1782489944013
141235516915
1782489945013
141279220904
1782489946013
141321267428
1782489947013
141363235094
1782489948013
141405976805
1782489949012
141449456064
1782489950012
141492518210
1782489951013
141536339326
1782489952013
141580280497
1782489953013
141622330011
1782489954014
141664162424
1782489955013
141706476830
1782489956014
141748409584
1782489957013
141790469168
1782489958013
141833892824
1782489959012
141877862499
1782489960011
141921751852
1782489961014
141965075228
1782489962013
142007178086
1782489963013
142049476806
1782489964012
142091376052
1782489965013
142133739408
1782489966012
142176848245
1782489967013
142221739304
1782489968012
142264753355
1782489969014
142308034860
1782489970012
142351015829
1782489971013
142394041659
1782489972013
142436150255
1782489973013
142478432190
1782489974013
142520786757
1782489975013
142563761500
1782489976012
142606433693
1782489977014
142648564078
1782489978013
142690998113
1782489979013
142734516007
1782489980012
142779764670
1782489981051
142822266148
1782489982012
142866780012
1782489983015
142908932553
1782489984014
142950892162
1782489985012
142993341089
1782489986012
143035254251
1782489987012
143077347160
1782489988013
143120236638
1782489989013
143164414931
1782489990011
143208239220
1782489991014
143251247838
1782489992012
143293605274
1782489993014
143335767153
1782489994013
143377655352
1782489995014
143420458587
1782489996013
143462866132
1782489997013
143508123646
1782489998014
143551092591
1782489999013
143594713451
1782490000012
143637511498
1782490001013
143680700535
1782490002014
143722880359
1782490003013
143764799075
1782490004012
143807098710
1782490005012
143850366422
1782490006013
143892467815
1782490007012
143934983026
1782490008012
143977615669
1782490009013
144020913959
1782490010012
144064008087
1782490011013
144107628581
1782490012013
144150194817
1782490013014
144191827279
1782490014014
144234276084
1782490015012
144276336279
1782490016014
144318182302
1782490017013
144360760074
1782490018013
144403376542
1782490019013
144447012722
1782490020012
144491037084
1782490021013
144535085982
1782490022014
144577460080
1782490023014
144619249768
1782490024012
144661159085
1782490025012
144703570170
1782490026013
144746472343
1782490027013
144791672301
1782490028012
144833979993
1782490029012
144877237694
1782490030012
144920264989
1782490031014
144962814929
1782490032012
145005416810
1782490033012
145047673904
1782490034014
145089825102
1782490035013
145133110758
1782490036014
145175112725
1782490037012
145217847113
1782490038012
145260481342
1782490039012
145303789825
1782490040012
145346796551
1782490041013
145390396293
1782490042013
145435727170
1782490043013
145477756970
1782490044012
145520684656
1782490045013
145563150855
1782490046013
145605335318
1782490047014
145647761357
1782490048013
145690484697
1782490049013
145734202297
1782490050012
145777439186
1782490051012
145820554249
1782490052013
145862825686
1782490053013
145904794451
1782490054013
145946759615
1782490055012
145989294540
1782490056013
146031774290
1782490057014
146074419932
1782490058013
146118073080
1782490059013
146162132110
1782490060012
146205306621
1782490061014
146247999200
1782490062014
146290331123
1782490063013
146332393942
1782490064014
146374858067
1782490065013
146417969224
1782490066011
146460451293
1782490067013
146502600111
1782490068013
146544993496
1782490069013
146588623938
1782490070014
146632957321
1782490071051
146674796996
1782490072013
146717179395
1782490073013
146759348599
1782490074013
146801647075
1782490075013
146844029107
1782490076014
146886083565
1782490077013
146927895958
1782490078013
146970139136
1782490079014
147013171924
1782490080014
147056566832
1782490081012
147099436412
1782490082012
147142475365
1782490083013
147184612586
1782490084014
147226418204
1782490085013
147270641907
1782490086050
147312378921
1782490087012
147355037687
1782490088013
147398121622
1782490089013
147441159536
1782490090012
147483787418
1782490091013
147526095171
1782490092012
147568525116
1782490093013
147610559127
1782490094014
147652096924
1782490095012
147695120800
1782490096013
147737579310
1782490097013
147780014809
1782490098013
147822844533
1782490099012
147866188966
1782490100012
147909400647
1782490101012
147953162132
1782490102014
147998343596
1782490103012
148041352397
1782490104013
148083113337
1782490105014
148125837898
1782490106013
148167985496
1782490107013
148210330236
1782490108014
148253166308
1782490109013
148296898557
1782490110011
148340322274
1782490111013
148382989035
1782490112014
148425842013
1782490113013
148468605820
1782490114013
148510647582
1782490115013
148552796339
1782490116013
148594910855
1782490117013
148636848614
1782490118014
148679860345
1782490119013
148722934820
1782490120010
148766195207
1782490121013
148809196684
1782490122014
148851337140
1782490123012
148893355160
1782490124013
148935676585
1782490125012
148978489097
1782490126013
149021292088
1782490127012
149064046251
1782490128012
149106620666
1782490129014
149149539623
1782490130011
149193404685
1782490131013
149236329196
1782490132013
149281542154
1782490133012
149323392877
1782490134011
149365757149
1782490135013
149407595726
1782490136014
149449502173
1782490137013
149492074208
1782490138013
149534865236
1782490139014
149578716320
1782490140012
149622351157
1782490141013
149665688693
1782490142013
149707697435
1782490143013
149749921265
1782490144012
149791797806
1782490145013
149834473966
1782490146013
149877180461
1782490147014
149921003103
1782490148013
149964135988
1782490149012
150007588941
1782490150012
150050554834
1782490151013
150093820775
1782490152013
150136441150
1782490153012
150179296265
1782490154013
150221870008
1782490155013
150265345971
1782490156012
150308181067
1782490157014
150350062795
1782490158013
150392525577
1782490159012
150435367936
1782490160012
150478033537
1782490161012
150521505227
1782490162013
150566396287
1782490163013
150608256348
1782490164013
150650347061
1782490165013
150692609160
1782490166013
150734607465
1782490167012
150776866939
1782490168013
150819536447
1782490169012
150863453876
1782490170012
150906665863
1782490171012
150949699383
1782490172012
150992201532
1782490173014
151034708076
1782490174013
151076969321
1782490175012
151119523350
1782490176013
151162669663
1782490177014
151206511408
1782490178013
151250134710
1782490179013
151293348894
1782490180012
151337070828
1782490181013
151380314613
1782490182013
151422283805
1782490183013
151464494391
1782490184013
151506639913
1782490185013
151548881748
1782490186012
151591698166
1782490187014
151633993224
1782490188013
151676738842
1782490189012
151720336448
1782490190013
151763818514
1782490191013
151807231306
1782490192013
151851806753
1782490193013
151894388859
1782490194014
151936767779
1782490195012
151979305695
1782490196014
152021354598
1782490197012
152063932370
1782490198012
152106435984
1782490199013
152150239888
1782490200012
152193452119
1782490201013
152236508527
1782490202012
152278858395
1782490203012
152320876659
1782490204012
152362920740
1782490205013
152405828284
1782490206013
152449112719
1782490207014
152493216366
1782490208014
152536534127
1782490209012
152579581624
1782490210013
152623155975
1782490211013
152665873883
1782490212013
152708048946
1782490213014
152750000011
1782490214014
152792316003
1782490215013
152835068458
1782490216014
152877685963
1782490217010
152919555424
1782490218014
152962240190
1782490219012
153006127163
1782490220010
153049771216
1782490221014
153092870166
1782490222012
153135150880
1782490223013
153177287552
1782490224013
153219682585
1782490225012
153262497661
1782490226013
153307510852
1782490227013
153350390991
1782490228014
153392962659
1782490229014
153436320519
1782490230012
153479796055
1782490231014
153522755540
1782490232012
153564833984
1782490233014
153606813979
1782490234014
153648392181
1782490235012
153691821086
1782490236015
153734685234
1782490237014
153779524719
1782490238013
153822295361
1782490239012
153865448388
1782490240011
153909209201
1782490241013
153951661302
1782490242014
153993348024
1782490243014
154035571305
1782490244014
154077139558
1782490245012
154120239789
1782490246013
154160484010
1782490247012
154204115429
1782490248013
154245133268
1782490249012
154285197436
1782490250010
154328168151
1782490251050
154368570940
1782490252012
154412021574
1782490253012
154450631888
1782490254012
154488986098
1782490255012
154528722630
1782490256012
154567541256
1782490257012
154605993795
1782490258013
154645055523
1782490259014
154685583557
1782490260012
154725919025
1782490261014
154765531350
1782490262014
154804203065
1782490263014
154843043969
1782490264012
154880920703
1782490265012
154921197150
1782490266012
154963129050
1782490267013
155001787276
1782490268012
155041332951
1782490269012
155082785665
1782490270012
155123936866
1782490271012
155163584042
1782490272014
155201738302
1782490273013
155240211409
1782490274013
155278938239
1782490275013
155319038051
1782490276012
155357794787
1782490277013
155398063849
1782490278012
155436623382
1782490279013
155477213122
1782490280011
155519284669
1782490281012
155560348651
1782490282014
155604115080
1782490283014
155642614920
1782490284013
155681458082
1782490285013
155720056006
1782490286012
155761920157
1782490287013
155800222549
1782490288013
155839317297
1782490289012
155880257744
1782490290012
155920302259
1782490291012
155960292024
1782490292013
155998681574
1782490293014
156036778645
1782490294012
156074728133
1782490295012
156114004888
1782490296013
156155520589
1782490297013
156196432045
1782490298012
156235407836
1782490299013
156276202593
1782490300012
156317529696
1782490301014
156357225395
1782490302012
156395678422
1782490303012
156433954874
1782490304012
156473434143
1782490305013
156512318931
1782490306013
156551602827
1782490307013
156592661255
1782490308012
156632474202
1782490309014
156672785684
1782490310011
156713897883
1782490311013
156756395028
1782490312010
156800240863
1782490313013
156838520245
1782490314013
156876522467
1782490315012
156915375822
1782490316013
156954611378
1782490317012
156992887220
1782490318012
157032518100
1782490319014
157073651540
1782490320011
157114557502
1782490321014
157154805629
1782490322013
157193045033
1782490323012
157231110060
1782490324012
157269151528
1782490325013
157308800413
1782490326013
157349702347
1782490327012
157392788662
1782490328012
157432166857
1782490329012
157473179692
1782490330011
157514582235
1782490331013
157553833782
1782490332012
157592154058
1782490333013
157630273772
1782490334012
157668632988
1782490335012
157708568677
1782490336014
157746731848
1782490337012
157787007136
1782490338012
157825573260
1782490339013
157866263952
1782490340011
157907848745
1782490341013
157949661748
1782490342014
157991687459
1782490343012
158031031535
1782490344013
158070092715
1782490345015
158108874415
1782490346014
158147514513
1782490347013
158185897228
1782490348013
158224866976
1782490349013
158265618154
1782490350012
158306735297
1782490351014
158346184049
1782490352013
158384598257
1782490353012
158424808725
1782490354013
158462856663
1782490355012
158508067057
1782490356149
158543445079
1782490357013
158586243554
1782490358013
158625527450
1782490359013
158667262145
1782490360012
158707693743
1782490361014
158747231240
1782490362012
158785764711
1782490363012
158823938136
1782490364013
158862187733
1782490365013
158901938668
1782490366014
158940897675
1782490367013
158980078788
1782490368012
159020548961
1782490369013
159061687710
1782490370011
159103373517
1782490371013
159145473384
1782490372012
159186796948
1782490373014
159225234105
1782490374014
159263274963
1782490375012
159301881065
1782490376012
159340549240
1782490377015
159378860238
1782490378014
159418469390
1782490379012
159458953844
1782490380012
159499534001
1782490381013
159539919030
1782490382014
159578318956
1782490383012
159618583379
1782490384012
159656981902
1782490385012
159696862598
1782490386013
159737446722
1782490387012
159780299335
1782490388013
159819488749
1782490389012
159860862788
1782490390011
159902575633
1782490391014
159942099885
1782490392013
159980340144
1782490393013
160018518574
1782490394012
160057663615
1782490395013
160096564944
1782490396013
160135688318
1782490397012
160174235277
1782490398010
160214461981
1782490399013
160254815759
1782490400011
160295663311
1782490401013
160338428338
1782490402012
160382153812
1782490403013
160420967556
1782490404015
160459578663
1782490405012
160497916577
1782490406013
160537015110
1782490407012
160575390317
1782490408013
160614599567
1782490409014
160655527929
1782490410012
160696710014
1782490411013
160736686901
1782490412013
160775334935
1782490413014
160813950253
1782490414013
160851906211
1782490415012
160892236430
1782490416014
160932785886
1782490417014
160976835639
1782490418012
161016631009
1782490419013
161057453963
1782490420010
161097807925
1782490421012
161138346517
1782490422012
161176944929
1782490423013
161216350041
1782490424012
161254695036
1782490425012
161294222339
1782490426012
161333114635
1782490427012
161371797275
1782490428013
161413084706
1782490429012
161453853583
1782490430011
161495023461
1782490431013
161537168983
1782490432013
161578726616
1782490433012
161617402786
1782490434013
161655421305
1782490435012
161693800174
1782490436013
161732140774
1782490437012
161770268362
1782490438014
161809895030
1782490439012
161850938321
1782490440012
161891876510
1782490441015
161931656681
1782490442013
161969383575
1782490443013
162007752007
1782490444012
162045652117
1782490445012
162086375768
1782490446051
162126045283
1782490447012
162168545907
1782490448014
162207471039
1782490449014
162247758655
1782490450012
162289733646
1782490451013
162329538353
1782490452012
162368021958
1782490453012
162406555551
1782490454013
162444884005
1782490455014
162484414116
1782490456012
162523276810
1782490457013
162561295695
1782490458013
162601713682
1782490459013
162642301102
1782490460012
162683819795
1782490461012
162726241317
1782490462013
162768067748
1782490463012
162806813254
1782490464012
162845590987
1782490465013
162884106331
1782490466011
162922851654
1782490467012
162960872552
1782490468012
162999664323
1782490469012
163040678073
1782490470011
163081172721
1782490471012
163122209969
1782490472012
163161009980
1782490473014
163199991813
1782490474013
163238486466
1782490475012
163279468661
1782490476051
163318925408
1782490477013
163362127568
1782490478012
163401492335
1782490479012
163441504989
1782490480012
163482632997
1782490481013
163523318867
1782490482012
163561941448
1782490483013
163600289556
1782490484012
163638804655
1782490485013
163678219227
1782490486012
163716833142
1782490487014
163755727024
1782490488013
163795850762
1782490489014
163835877026
1782490490011
163876491791
1782490491014
163917364611
1782490492012
163956326669
1782490493012
163994788302
1782490494012
164033366450
1782490495012
164072581865
1782490496013
164116464260
1782490497013
164158090435
1782490498012
164200537653
1782490499011
