20902929966
1781716032546
20905499295
1781716033019
20910985799
1781716034023
20916453376
1781716035023
20921783300
1781716036023
20927101090
1781716037024
20932418253
1781716038020
20937780000
1781716039023
20943471203
1781716040023
20949626806
1781716041163
20954245080
1781716042022
20959609918
1781716043024
20964744078
1781716044022
20970142163
1781716045020
20975596108
1781716046024
20980937567
1781716047022
20986429227
1781716048023
20991795426
1781716049024
20997477342
1781716050019
21003102126
1781716051022
21008595056
1781716052022
21013962464
1781716053022
21019397070
1781716054023
21024686754
1781716055022
21031401251
1781716056250
21035780999
1781716057022
21041213753
1781716058021
21046791322
1781716059026
21052597137
1781716060020
21058355093
1781716061024
21064023621
1781716062025
21069448572
1781716063024
21075098082
1781716064022
21080656052
1781716065023
21086113929
1781716066022
21091577651
1781716067021
21097453401
1781716068022
21103462675
1781716069023
21110114687
1781716070020
21116556492
1781716071020
21122824473
1781716072024
21129053761
1781716073022
21135269692
1781716074022
21144319749
1781716075022
21153356587
1781716076024
21162429472
1781716077023
21171530585
1781716078024
21180637222
1781716079023
21189892146
1781716080020
21199105102
1781716081024
21208201579
1781716082024
21217310052
1781716083026
21226410691
1781716084023
21235448110
1781716085023
21244624270
1781716086023
21253653106
1781716087024
21262647945
1781716088023
21271826706
1781716089024
21281019129
1781716090020
21290220672
1781716091023
21299522460
1781716092024
21308741490
1781716093022
21318067957
1781716094025
21327305194
1781716095023
21336623965
1781716096024
21345824498
1781716097024
21355008813
1781716098023
21364151725
1781716099024
21373368858
1781716100020
21382434154
1781716101022
21391649390
1781716102022
21400641017
1781716103024
21409944350
1781716104026
21419118949
1781716105022
21428072953
1781716106021
21437248516
1781716107023
21446337068
1781716108023
21455357458
1781716109025
21464545552
1781716110019
21473639229
1781716111022
21482795591
1781716112024
21491952656
1781716113023
21501062949
1781716114024
21510228384
1781716115023
21519355583
1781716116022
21528446247
1781716117024
21537347940
1781716118022
21546518469
1781716119025
21555723071
1781716120019
21564838352
1781716121023
21573777561
1781716122024
21582866159
1781716123024
21592016002
1781716124023
21601303776
1781716125023
21610524841
1781716126023
21619496348
1781716127024
21628548547
1781716128026
21637787146
1781716129024
21647115846
1781716130020
21656380042
1781716131026
21665583910
1781716132022
21674589582
1781716133025
21683624064
1781716134021
21692809740
1781716135022
21702097743
1781716136024
21711185560
1781716137024
21720361123
1781716138022
21729525533
1781716139024
21738826311
1781716140020
21747970861
1781716141020
21757083939
1781716142024
21766150367
1781716143023
21775231911
1781716144022
21784220401
1781716145021
21794447181
1781716146150
21802403671
1781716147023
21811390539
1781716148024
21820520401
1781716149026
21829662273
1781716150019
21838835128
1781716151023
21847909191
1781716152024
21856954551
1781716153021
21865914567
1781716154024
21874966675
1781716155024
21884121705
1781716156023
21893029778
1781716157025
21902146513
1781716158022
21911406547
1781716159021
21920616474
1781716160022
21929683560
1781716161021
21938935378
1781716162023
21947915943
1781716163022
21957130765
1781716164022
21966249550
1781716165023
21975627762
1781716166023
21984869283
1781716167023
21994010589
1781716168023
22003235066
1781716169023
22012422043
1781716170021
22021734159
1781716171024
22030961665
1781716172024
22040179793
1781716173023
22049531244
1781716174022
22058764014
1781716175024
22067798435
1781716176024
22076921029
1781716177019
22085794754
1781716178023
22094953869
1781716179023
22104119120
1781716180022
22113217372
1781716181024
22122349299
1781716182024
22131426407
1781716183023
22140518769
1781716184026
22149564802
1781716185020
22158613849
1781716186021
22167812469
1781716187024
22176900684
1781716188024
22185931249
1781716189022
22195189111
1781716190021
22204315806
1781716191022
22213399661
1781716192022
22222459892
1781716193024
22231225461
1781716194023
22240313998
1781716195020
22249435644
1781716196022
22258562583
1781716197024
22267636095
1781716198023
22276741140
1781716199023
22285775913
1781716200021
22294942785
1781716201023
22304027436
1781716202020
22313099938
1781716203022
22322265755
1781716204024
22331261069
1781716205024
22340326502
1781716206024
22349343236
1781716207022
22358249029
1781716208022
22367322939
1781716209023
22376530617
1781716210020
22385699739
1781716211022
22394891030
1781716212024
22403967786
1781716213022
22412996973
1781716214024
22422025718
1781716215022
22431058272
1781716216022
22440008680
1781716217022
22449031197
1781716218023
22458044503
1781716219024
22467139374
1781716220022
22476036141
1781716221023
22485036916
1781716222023
22493970418
1781716223025
22503070047
1781716224020
22512193774
1781716225022
22521234942
1781716226025
22530217097
1781716227024
22539286371
1781716228023
22548340498
1781716229023
22557523772
1781716230024
22566600451
1781716231023
22575661020
1781716232024
22584732696
1781716233022
22593765127
1781716234024
22602766683
1781716235026
22611864140
1781716236023
22620981807
1781716237024
22630019166
1781716238020
22639091362
1781716239020
22648291145
1781716240023
22657382695
1781716241024
22666428086
1781716242024
22675512599
1781716243024
22684543439
1781716244023
22693558413
1781716245024
22702593553
1781716246020
22711519007
1781716247022
22720552310
1781716248023
22729606162
1781716249024
22738572084
1781716250020
22747682133
1781716251025
22756755522
1781716252020
22765563396
1781716253022
22774432239
1781716254022
22783402109
1781716255025
22792275207
1781716256024
22801238956
1781716257025
22810168098
1781716258022
22819257751
1781716259021
22828431906
1781716260020
22837443775
1781716261023
22846421478
1781716262023
22855394362
1781716263023
22864375630
1781716264023
22873367471
1781716265024
22882161253
1781716266021
22891027863
1781716267024
22899840082
1781716268023
22908623307
1781716269027
22917695427
1781716270020
22926797993
1781716271023
22935673080
1781716272025
22944685636
1781716273024
22953709194
1781716274023
22962787265
1781716275023
22972016577
1781716276023
22980899849
1781716277023
22989931592
1781716278023
22998993675
1781716279024
23008071593
1781716280020
23017134824
1781716281023
23026110400
1781716282023
23034947956
1781716283024
23043953735
1781716284024
23052875379
1781716285022
23061868673
1781716286022
23070825216
1781716287024
23079617438
1781716288023
23088515903
1781716289022
23097535299
1781716290019
23106638309
1781716291021
23115556388
1781716292022
23124386324
1781716293024
23133294413
1781716294026
23142222009
1781716295024
23150948119
1781716296024
23159822593
1781716297022
23168770110
1781716298023
23177773899
1781716299024
23186839731
1781716300020
23195696993
1781716301025
23204717307
1781716302020
23213815819
1781716303020
23222717420
1781716304021
23231804916
1781716305024
23240844248
1781716306023
23249895667
1781716307024
23258950956
1781716308024
23267945719
1781716309023
23277195197
1781716310023
23286279204
1781716311023
23295465279
1781716312023
23304319281
1781716313022
23313237804
1781716314022
23322080103
1781716315025
23331099927
1781716316023
23340045837
1781716317024
23348929308
1781716318023
23357882042
1781716319023
23366959593
1781716320022
23376154709
1781716321024
23385380426
1781716322024
23394386893
1781716323025
23403609381
1781716324021
23412712896
1781716325024
23421790478
1781716326023
23430853112
1781716327023
23439883325
1781716328024
23449091049
1781716329023
23458359146
1781716330021
23467361268
1781716331024
23476535133
1781716332022
23485689123
1781716333020
23494761212
1781716334027
23503768245
1781716335023
23512809367
1781716336022
23521864948
1781716337024
23531000976
1781716338020
23540108913
1781716339025
23549376123
1781716340019
23559758106
1781716341151
23567731808
1781716342024
23576763459
1781716343024
23585990231
1781716344023
23595380698
1781716345022
23604540211
1781716346023
23613615192
1781716347024
23622793876
1781716348024
23631812247
1781716349024
23640991605
1781716350020
23650305893
1781716351024
23659429742
1781716352024
23668631345
1781716353023
23677750222
1781716354023
23686818210
1781716355022
23696021971
1781716356023
23705196540
1781716357023
23714128787
1781716358019
23723244175
1781716359024
23732394065
1781716360022
23741319366
1781716361024
23750491333
1781716362023
23759611938
1781716363025
23768709150
1781716364024
23777894138
1781716365022
23787053361
1781716366023
23796224181
1781716367024
23805330190
1781716368023
23814514780
1781716369024
23823760677
1781716370022
23832824580
1781716371022
23841996395
1781716372023
23850964000
1781716373023
23859988920
1781716374024
23869015782
1781716375022
23878069113
1781716376023
23887139198
1781716377023
23896173358
1781716378023
23905300864
1781716379024
23914552942
1781716380023
23923685298
1781716381025
23932730475
1781716382020
23941746902
1781716383024
23950665991
1781716384024
23959791447
1781716385024
23968888766
1781716386023
23977834002
1781716387024
23986831473
1781716388024
23995888844
1781716389024
24005132691
1781716390022
24014172742
1781716391022
24023145151
1781716392022
24032264931
1781716393024
24041217435
1781716394024
24050139339
1781716395024
24059222964
1781716396023
24068193951
1781716397023
24076960423
1781716398024
24085873484
1781716399023
24094789038
1781716400021
24103823413
1781716401022
24112846665
1781716402022
24121779233
1781716403022
24130894453
1781716404023
24139960039
1781716405022
24149242014
1781716406023
24158213031
1781716407022
24167227608
1781716408024
24176210742
1781716409024
24185382006
1781716410019
24194385796
1781716411023
24203463424
1781716412024
24212517597
1781716413023
24221571035
1781716414022
24230646184
1781716415023
24239769054
1781716416023
24248810191
1781716417021
24257782723
1781716418027
24266756984
1781716419022
24276069207
1781716420019
24285328461
1781716421023
24294353410
1781716422024
24303347730
1781716423022
24312446838
1781716424024
24321658418
1781716425024
24330765636
1781716426026
24339798633
1781716427023
24348852928
1781716428023
24357913741
1781716429023
24366982204
1781716430020
24376109159
1781716431023
24385104412
1781716432022
24393939198
1781716433023
24402882752
1781716434023
24411999547
1781716435023
24421017337
1781716436023
24429955138
1781716437024
24438950360
1781716438024
24447947004
1781716439020
24456924677
1781716440019
24465961316
1781716441023
24474996211
1781716442023
24484054989
1781716443021
24493112222
1781716444024
24502093444
1781716445023
24511060269
1781716446021
24520172582
1781716447022
24529170023
1781716448024
24538274685
1781716449023
24547493027
1781716450023
24556353318
1781716451023
24565379125
1781716452024
24574344864
1781716453026
24583441311
1781716454025
24592439378
1781716455023
24601348339
1781716456024
24610327281
1781716457020
24619486688
1781716458025
24628442696
1781716459024
24637590153
1781716460020
24646663206
1781716461027
24655681913
1781716462023
24664613426
1781716463023
24673612763
1781716464023
24682674020
1781716465023
24691763949
1781716466024
24700828036
1781716467024
24709884060
1781716468024
24718968129
1781716469023
24728067284
1781716470021
24737148783
1781716471021
24746132438
1781716472023
24754905519
1781716473023
24763851108
1781716474025
24772842856
1781716475023
24781816322
1781716476023
24790811345
1781716477024
24799728659
1781716478024
24808755506
1781716479021
24817986348
1781716480022
24827054291
1781716481023
24836108035
1781716482024
24845000395
1781716483024
24853964022
1781716484024
24863012167
1781716485024
24871873223
1781716486022
24880988321
1781716487024
24890041637
1781716488024
24899204088
1781716489024
24908354253
1781716490021
24917477903
1781716491023
24926697071
1781716492022
24935546790
1781716493020
24944597673
1781716494023
24953610077
1781716495023
24962583710
1781716496023
24971717061
1781716497023
24980771845
1781716498026
24989818368
1781716499023
24998900938
1781716500023
25007901316
1781716501020
25016857599
1781716502022
25025940934
1781716503023
25034874772
1781716504020
25043871249
1781716505024
25052900253
1781716506023
25061957287
1781716507023
25071000551
1781716508024
25080004096
1781716509024
25089216440
1781716510020
25098365610
1781716511028
25107327478
1781716512024
25116237540
1781716513024
25125414817
1781716514026
25134402848
1781716515024
25143358764
1781716516022
25152413993
1781716517023
25161614112
1781716518024
25170794510
1781716519024
25179732510
1781716520020
25189798655
1781716521151
25197807440
1781716522024
25206648882
1781716523024
25215630135
1781716524022
25224747864
1781716525023
25233589520
1781716526020
25242627291
1781716527024
25251771336
1781716528023
25260783816
1781716529023
25269994952
1781716530020
25279208856
1781716531023
25288427948
1781716532024
25297610870
1781716533024
25306679333
1781716534023
25315682113
1781716535024
25324732446
1781716536027
25333903220
1781716537024
25342897769
1781716538024
25351945515
1781716539020
25361214317
1781716540020
25370182611
1781716541023
25378944492
1781716542024
25387829707
1781716543024
25396791759
1781716544024
25405696313
1781716545020
25414700760
1781716546024
25423589647
1781716547022
25432612486
1781716548024
25441536823
1781716549024
25450605087
1781716550022
25459667629
1781716551023
25468751575
1781716552023
25477750439
1781716553024
25486736695
1781716554026
25495636276
1781716555024
25504548435
1781716556024
25513555254
1781716557023
25522411414
1781716558024
25531220297
1781716559023
25540362904
1781716560019
25549354332
1781716561022
25558448544
1781716562024
25567420709
1781716563026
25576457792
1781716564025
25585590607
1781716565022
25594629464
1781716566023
25603719470
1781716567023
25612643149
1781716568024
25621789504
1781716569027
25630990572
1781716570023
25640065614
1781716571020
25649055466
1781716572023
25658184609
1781716573024
25666966946
1781716574020
25675892217
1781716575022
25684942947
1781716576021
25693955320
1781716577020
25702900832
1781716578022
25711881978
1781716579023
25720912237
1781716580019
25729919867
1781716581023
25738945689
1781716582023
25747851207
1781716583024
25756906589
1781716584024
25765811250
1781716585024
25774716355
1781716586023
25783673373
1781716587024
25792661755
1781716588024
25801601729
1781716589023
25810735829
1781716590020
25819733468
1781716591022
25828764890
1781716592022
25837851499
1781716593024
25846899062
1781716594021
25856004031
1781716595023
25865388102
1781716596061
25874136810
1781716597024
25883059862
1781716598022
25892129427
1781716599025
25901319846
1781716600019
25910434423
1781716601020
25919577183
1781716602022
25928685533
1781716603024
25937434961
1781716604024
25946432738
1781716605023
25955488486
1781716606022
25964561096
1781716607020
25973696481
1781716608023
25982710353
1781716609024
25991787874
1781716610021
26000753582
1781716611023
26009741016
1781716612024
26018606846
1781716613025
26027513665
1781716614023
26036533520
1781716615021
26045589375
1781716616022
26054426487
1781716617024
26063305857
1781716618024
26072125359
1781716619023
26081174131
1781716620021
26090215069
1781716621023
26099233486
1781716622023
26108189922
1781716623024
26117278780
1781716624023
26126197257
1781716625024
26135152087
1781716626021
26144107208
1781716627022
26152933013
1781716628023
26162011252
1781716629026
26171113941
1781716630020
26180260848
1781716631024
26189376083
1781716632022
26198440767
1781716633022
26207327863
1781716634024
26216469598
1781716635025
26225431864
1781716636021
26234432272
1781716637024
26243457207
1781716638022
26252510247
1781716639026
26261477822
1781716640020
26271548359
1781716641150
26279584454
1781716642024
26288404721
1781716643021
26297498459
1781716644024
26306630540
1781716645022
26315643555
1781716646023
26324744623
1781716647020
26333728813
1781716648023
26342715008
1781716649027
26351736485
1781716650021
26360783543
1781716651023
26369868760
1781716652024
26378686012
1781716653020
26387552683
1781716654024
26396327417
1781716655024
26405407952
1781716656022
26414322619
1781716657022
26423236215
1781716658023
26432252674
1781716659023
26441263364
1781716660021
26450270489
1781716661024
26459363585
1781716662022
26468423618
1781716663023
26477500144
1781716664024
26486393606
1781716665023
26495452108
1781716666020
26504507107
1781716667021
26513512504
1781716668023
26522513157
1781716669024
26531567009
1781716670020
26540770540
1781716671023
26549894894
1781716672021
26558892702
1781716673024
26565815309
1781716674020
26571276231
1781716675022
26577124166
1781716676022
26582753893
1781716677022
26588241911
1781716678022
26593792109
1781716679023
26599537978
1781716680020
26605063833
1781716681024
26610552417
1781716682025
26616002721
1781716683023
26621461455
1781716684021
26626913319
1781716685020
26632430499
1781716686023
26637817736
1781716687024
26643233095
1781716688019
26649248978
1781716689018
26656128899
1781716690021
26662646194
1781716691023
26669387695
1781716692023
26676805609
1781716693025
26685710301
1781716694024
26694650520
1781716695022
26703679095
1781716696024
26712560149
1781716697024
26721404237
1781716698024
26730415585
1781716699020
26739471441
1781716700022
26748492413
1781716701020
26757486839
1781716702023
26766350757
1781716703024
26775283585
1781716704024
26784475626
1781716705027
26793539622
1781716706021
26802597987
1781716707023
26811739828
1781716708024
26820783658
1781716709024
26829948664
1781716710023
26839173616
1781716711023
26848235178
1781716712024
26857274082
1781716713024
26866206834
1781716714024
26875099806
1781716715022
26883938616
1781716716023
26892861331
1781716717023
26901589476
1781716718023
26910541996
1781716719024
26919724138
1781716720018
26928770232
1781716721023
26937808768
1781716722024
26946790511
1781716723024
26955766072
1781716724024
26964752160
1781716725025
26973782251
1781716726023
26982775958
1781716727023
26991797037
1781716728026
27000639840
1781716729024
27009690769
1781716730019
27018761359
1781716731025
27027686308
1781716732023
27036498741
1781716733022
27045504810
1781716734023
27054535743
1781716735022
27063672489
1781716736024
27072650897
1781716737024
27081617370
1781716738024
27090828536
1781716739024
27099952110
1781716740019
27109205932
1781716741023
27118406189
1781716742024
27127504809
1781716743024
27136773441
1781716744023
27145929879
1781716745021
27155111165
1781716746023
27164279124
1781716747023
27173280465
1781716748022
27182418192
1781716749022
27191717899
1781716750023
27200894181
1781716751024
27210098340
1781716752020
27219224331
1781716753023
27228310771
1781716754023
27237283640
1781716755022
27246368045
1781716756022
27255502390
1781716757024
27264574204
1781716758023
27273597073
1781716759024
27282559629
1781716760020
27291483584
1781716761023
27300603852
1781716762024
27309619959
1781716763024
27318621178
1781716764025
27327722215
1781716765022
27336849751
1781716766021
27345798905
1781716767024
27354845856
1781716768024
27363807877
1781716769024
27373045879
1781716770020
27382172375
1781716771022
27391141985
1781716772021
27400081607
1781716773024
27409035840
1781716774023
27417836186
1781716775025
27426897534
1781716776023
27435855256
1781716777023
27444879991
1781716778023
27453867196
1781716779024
27462962633
1781716780021
27471927928
1781716781023
27480917795
1781716782023
27490011549
1781716783024
27499100789
1781716784024
27508174898
1781716785023
27517084394
1781716786024
27526077902
1781716787024
27535185105
1781716788023
27544237365
1781716789026
27553322979
1781716790020
27562339713
1781716791022
27571378494
1781716792028
27580216172
1781716793023
27589176877
1781716794024
27598162521
1781716795024
27607009241
1781716796024
27615967682
1781716797023
27624989526
1781716798023
27633893697
1781716799024
27642872870
1781716800020
27651906066
1781716801023
27660961295
1781716802022
27670108767
1781716803023
27679171951
1781716804023
27688045293
1781716805024
27697007008
1781716806024
27705934298
1781716807022
27714887491
1781716808021
27723847523
1781716809024
27733111902
1781716810020
27742258640
1781716811023
27751559082
1781716812024
27760701597
1781716813023
27769838711
1781716814026
27778891109
1781716815022
27787997990
1781716816024
27797051000
1781716817022
27806238237
1781716818023
27815538143
1781716819021
27824826681
1781716820022
27834049139
1781716821023
27843154750
1781716822022
27852175416
1781716823024
27861451056
1781716824024
27870517913
1781716825024
27879751417
1781716826023
27889070448
1781716827023
27898309782
1781716828023
27907363633
1781716829023
27916651636
1781716830022
27925645970
1781716831024
27934682242
1781716832024
27943696650
1781716833024
27952613903
1781716834022
27961570646
1781716835026
27971592742
1781716836151
27979597320
1781716837023
27988520203
1781716838023
27997527757
1781716839025
28006691141
1781716840020
28015807968
1781716841021
28024912080
1781716842024
28034023428
1781716843024
28043108859
1781716844023
28052042590
1781716845024
28061125129
1781716846022
28070036874
1781716847022
28078940281
1781716848024
28087877944
1781716849024
28096861355
1781716850021
28106090162
1781716851024
28115383305
1781716852023
28124408347
1781716853026
28133532303
1781716854020
28142334684
1781716855022
28151459328
1781716856023
28160649334
1781716857024
28169699040
1781716858023
28178768910
1781716859023
28187911930
1781716860020
28197048677
1781716861026
28206192110
1781716862024
28215266861
1781716863025
28224241612
1781716864020
28233321948
1781716865023
28242336172
1781716866022
28251285035
1781716867020
28260170586
1781716868022
28269298215
1781716869024
28278268390
1781716870020
28287303239
1781716871024
28296231111
1781716872024
28305327404
1781716873020
28314366874
1781716874024
28323402488
1781716875024
28332514066
1781716876024
28341488602
1781716877024
28350380641
1781716878024
28359350450
1781716879024
28368448748
1781716880020
28377572994
1781716881023
28386395173
1781716882023
28395405297
1781716883023
28404562164
1781716884022
28413603041
1781716885023
28422725865
1781716886025
28431765120
1781716887022
28440950108
1781716888026
28450055842
1781716889022
28459205395
1781716890020
28468471427
1781716891022
28477548243
1781716892024
28486596327
1781716893023
28495591824
1781716894024
28504603585
1781716895024
28513688924
1781716896022
28522783183
1781716897026
28531817588
1781716898022
28540876642
1781716899022
28550154699
1781716900019
28559279880
1781716901020
28568392437
1781716902024
28577437659
1781716903020
28586538819
1781716904022
28595534362
1781716905024
28604475819
1781716906023
28613390150
1781716907024
28622305261
1781716908021
28631257521
1781716909024
28640350525
1781716910022
28649399894
1781716911024
28658459253
1781716912022
28667302959
1781716913020
28676397386
1781716914023
28685348559
1781716915024
28694331480
1781716916024
28703215012
1781716917024
28712194582
1781716918022
28721098861
1781716919024
28730237000
1781716920024
28739229973
1781716921024
28748224644
1781716922022
28757247513
1781716923022
28766277405
1781716924020
28775320408
1781716925026
28784516106
1781716926024
28793765767
1781716927024
28802854579
1781716928023
28812141679
1781716929024
28821506488
1781716930022
28830815038
1781716931021
28840005595
1781716932021
28849213610
1781716933020
28858484079
1781716934020
28867586584
1781716935024
28876785633
1781716936023
28886027184
1781716937022
28895007994
1781716938024
28904269543
1781716939024
28913469632
1781716940020
28922687025
1781716941023
28931810063
1781716942022
28940957703
1781716943024
28950184950
1781716944020
28959238465
1781716945026
28968160415
1781716946023
28977108421
1781716947024
28986066663
1781716948023
28995033060
1781716949024
29004204262
1781716950020
29013265702
1781716951022
29022325643
1781716952026
29031325776
1781716953024
29040280040
1781716954023
29049303582
1781716955020
29058499081
1781716956025
29067387525
1781716957022
29076359536
1781716958026
29085308170
1781716959024
29094319656
1781716960023
29103340000
1781716961022
29112348655
1781716962024
29121477890
1781716963024
29130353542
1781716964024
29139391727
1781716965024
29148506885
1781716966023
29157491902
1781716967026
29166626033
1781716968024
29175873628
1781716969026
29185113176
1781716970020
29194244751
1781716971020
29203397379
1781716972023
29212310073
1781716973024
29221319065
1781716974022
29230384789
1781716975024
29239435275
1781716976024
29248632135
1781716977026
29257425795
1781716978024
29266463673
1781716979022
29275490031
1781716980020
29284610483
1781716981025
29293707879
1781716982024
29302715264
1781716983023
29311720875
1781716984021
29320752220
1781716985023
29331797473
1781716986251
29338884173
1781716987022
29347864738
1781716988023
29356815590
1781716989024
29365922318
1781716990020
29374926873
1781716991024
29384042720
1781716992024
29393132771
1781716993024
29402030578
1781716994024
29411092829
1781716995023
29420205815
1781716996024
29429263599
1781716997024
29438270143
1781716998023
29447382639
1781716999024
29456398256
1781717000019
29466584001
1781717001151
29474471825
1781717002024
29483375369
1781717003024
29492477354
1781717004022
29501597286
1781717005024
29510617172
1781717006023
29519640255
1781717007023
29528558181
1781717008024
29537640139
1781717009026
29546680328
1781717010020
29555839856
1781717011023
29564906315
1781717012024
29573977042
1781717013023
29583007699
1781717014021
29592057496
1781717015024
29601058241
1781717016023
29610082548
1781717017024
29619062486
1781717018023
29628070101
1781717019023
29637172224
1781717020024
29645998824
1781717021023
29655049050
1781717022024
29664045694
1781717023027
29673081798
1781717024022
29682189903
1781717025024
29691221524
1781717026025
29700175176
1781717027024
29709254899
1781717028023
29718436995
1781717029022
29727680429
1781717030023
29736698265
1781717031023
29745966989
1781717032024
29755027634
1781717033023
29764148193
1781717034025
29773332585
1781717035021
29782490782
1781717036023
29791675479
1781717037023
29800951288
1781717038023
29810184899
1781717039023
29819568787
1781717040022
29828976741
1781717041024
29838227045
1781717042027
29847352929
1781717043023
29856502023
1781717044020
29865709379
1781717045024
29874854985
1781717046023
29883905532
1781717047023
29892877589
1781717048024
29902074771
1781717049024
29911119228
1781717050020
29920051430
1781717051024
29929120183
1781717052023
29938021127
1781717053023
29946955424
1781717054024
29955946041
1781717055025
29965066646
1781717056020
29974105213
1781717057024
29983077194
1781717058024
29992166740
1781717059024
30001373010
1781717060020
30010186086
1781717061023
30019279136
1781717062023
30028234853
1781717063023
30037199904
1781717064025
30046228388
1781717065024
30055147951
1781717066023
30064238079
1781717067023
30073326187
1781717068023
30082469788
1781717069022
30091771194
1781717070022
30100890958
1781717071023
30110073605
1781717072024
30119298189
1781717073022
30128468106
1781717074024
30137436201
1781717075024
30146640008
1781717076024
30155669073
1781717077024
30164791561
1781717078023
30173913283
1781717079023
30183185343
1781717080021
30192271386
1781717081022
30201320907
1781717082019
30210368823
1781717083021
30219474296
1781717084022
30228534176
1781717085024
30237693337
1781717086024
30246756461
1781717087022
30255656318
1781717088025
30264760491
1781717089023
30273961987
1781717090019
30283054701
1781717091022
30292203581
1781717092021
30301067727
1781717093024
30310055514
1781717094023
30319104224
1781717095023
30328112727
1781717096022
30337149733
1781717097022
30346257792
1781717098021
30355405295
1781717099024
30364668068
1781717100020
30373548785
1781717101023
30382714739
1781717102024
30391753031
1781717103025
30400789195
1781717104020
30409924229
1781717105022
30418896852
1781717106022
30428087670
1781717107023
30437010752
1781717108023
30446005698
1781717109021
30455275571
1781717110020
30464502511
1781717111023
30473492592
1781717112022
30482728575
1781717113023
30491704014
1781717114020
30500867582
1781717115020
30510149541
1781717116022
30519325425
1781717117024
30528402012
1781717118023
30537486724
1781717119024
30546374295
1781717120019
30555516091
1781717121026
30564557932
1781717122023
30573571759
1781717123020
30582661825
1781717124024
30591710154
1781717125024
30600774761
1781717126022
30609838389
1781717127022
30618997275
1781717128022
30628113811
1781717129021
30637242357
1781717130019
30646467568
1781717131025
30655557666
1781717132022
30664581315
1781717133024
30673759601
1781717134024
30682843854
1781717135023
30691757986
1781717136025
30700949415
1781717137023
30709854275
1781717138021
30719068333
1781717139020
30728271313
1781717140020
30737310201
1781717141024
30746508714
1781717142022
30755629075
1781717143022
30764463876
1781717144021
30773570804
1781717145024
30782596488
1781717146025
30791532269
1781717147025
30800526787
1781717148022
30809508025
1781717149024
30818643930
1781717150019
30827797966
1781717151023
30836786028
1781717152024
30845765353
1781717153020
30854878354
1781717154024
30863935633
1781717155024
30872936501
1781717156023
30881747052
1781717157023
30890788066
1781717158024
30899767529
1781717159022
30908841286
1781717160019
30917975310
1781717161022
30927131181
1781717162021
30936086027
1781717163022
30945248722
1781717164020
30954346592
1781717165024
30963362285
1781717166023
30972438827
1781717167025
30981391729
1781717168022
30990398839
1781717169022
30999449783
1781717170023
31008590355
1781717171023
31017818045
1781717172024
31026745917
1781717173024
31035864564
1781717174024
31044968278
1781717175024
31053938530
1781717176025
31063132820
1781717177024
31072122549
1781717178024
31081284297
1781717179024
31090607734
1781717180022
31099622632
1781717181023
31108792274
1781717182020
31117705457
1781717183024
31126619130
1781717184020
31135665377
1781717185024
31144633824
1781717186023
31153678848
1781717187024
31162799973
1781717188024
31171800275
1781717189022
31181066230
1781717190020
31190313810
1781717191022
31199319115
1781717192024
31208455005
1781717193024
31217570347
1781717194024
31226495281
1781717195022
31235533878
1781717196023
31244395225
1781717197024
31253376187
1781717198024
31262419864
1781717199024
31271485359
1781717200023
31280516092
1781717201022
31289570510
1781717202022
31298583220
1781717203021
31307771176
1781717204025
31316876542
1781717205023
31325997438
1781717206024
31335096333
1781717207022
31344317934
1781717208023
31353366859
1781717209022
31362493248
1781717210022
31373547146
1781717211250
31380717353
1781717212023
31389704588
1781717213026
31398543903
1781717214022
31407689340
1781717215024
31416662806
1781717216022
31425936947
1781717217024
31435062953
1781717218024
31444021700
1781717219023
31453200659
1781717220023
31462446465
1781717221025
31471669626
1781717222024
31480758285
1781717223024
31489858434
1781717224020
31499038633
1781717225024
31508197091
1781717226021
31517149427
1781717227023
31526114156
1781717228024
31535100228
1781717229025
31544304831
1781717230019
31553436789
1781717231024
31562453538
1781717232024
31571599648
1781717233024
31580576112
1781717234023
31589629596
1781717235022
31598710942
1781717236021
31607683581
1781717237023
31616755380
1781717238023
31625791437
1781717239020
31634996269
1781717240022
31645909744
1781717241250
31653106787
1781717242026
31661907638
1781717243023
31670938249
1781717244023
31680116734
1781717245027
31689202348
1781717246023
31698190379
1781717247023
31707038323
1781717248023
31716155058
1781717249023
31725256248
1781717250021
31734316311
1781717251022
31743473269
1781717252024
31752473448
1781717253022
31761549561
1781717254024
31770499388
1781717255024
31782414707
1781717256350
31788555285
1781717257024
31797574497
1781717258023
31806409559
1781717259023
31815560168
1781717260021
31824483877
1781717261023
31833341307
1781717262026
31842357414
1781717263022
31851318762
1781717264023
31860389290
1781717265023
31869372960
1781717266022
31878252162
1781717267022
31887207008
1781717268024
31896150332
1781717269023
31905005146
1781717270020
31913975260
1781717271024
31922874306
1781717272023
31931678890
1781717273025
31940580186
1781717274023
31949648343
1781717275023
31958765842
1781717276023
31967857530
1781717277023
31976940896
1781717278024
31986113751
1781717279024
31995364375
1781717280020
32004499439
1781717281025
32013657086
1781717282024
32022765589
1781717283023
32032058212
1781717284021
32041164206
1781717285024
32050194664
1781717286024
32059437272
1781717287023
32068407662
1781717288024
32077624458
1781717289024
32086875603
1781717290020
32095892643
1781717291022
32105062744
1781717292023
32114368433
1781717293023
32123460841
1781717294023
32132441405
1781717295022
32141474908
1781717296022
32150480197
1781717297020
32159576613
1781717298022
32167293382
1781717299019
32173035824
1781717300019
32178995067
1781717301023
32184292600
1781717302022
32189747096
1781717303022
32195262532
1781717304024
32200552492
1781717305023
32206031422
1781717306023
32211815174
1781717307023
32217964198
1781717308021
32224463225
1781717309022
32231025196
1781717310023
32237540823
1781717311020
32244968790
1781717312025
32253983442
1781717313022
32263224229
1781717314023
32272210883
1781717315022
32281280616
1781717316024
32290297809
1781717317021
32299126276
1781717318023
32308210498
1781717319022
32317348821
1781717320024
32326449444
1781717321023
32335471472
1781717322024
32344309670
1781717323020
32353334681
1781717324025
32362457214
1781717325024
32371484841
1781717326024
32380607359
1781717327024
32389530809
1781717328023
32398652684
1781717329024
32407930711
1781717330022
32416923179
1781717331023
32425996446
1781717332025
32435057826
1781717333020
32444130940
1781717334025
32453238540
1781717335020
32462330825
1781717336020
32471191300
1781717337022
32480258080
1781717338022
32489188767
1781717339023
32498360856
1781717340019
32507618076
1781717341022
32516684060
1781717342023
32525814335
1781717343023
32534913015
1781717344026
32543917402
1781717345023
32553017337
1781717346022
32561930582
1781717347022
32571086652
1781717348022
32580396213
1781717349024
32589670002
1781717350022
32598835222
1781717351022
32607991186
1781717352024
32617101708
1781717353024
32626341042
1781717354022
32635417920
1781717355024
32644453151
1781717356024
32653615893
1781717357022
32662570080
1781717358020
32671865228
1781717359026
32681063603
1781717360020
32690075915
1781717361023
32699171566
1781717362023
32707885712
1781717363021
32716932051
1781717364023
32726069823
1781717365024
32735066789
1781717366022
32744198181
1781717367024
32753212421
1781717368022
32762311362
1781717369021
32771466713
1781717370020
32780624941
1781717371022
32789713325
1781717372020
32798868723
1781717373024
32808000849
1781717374026
32817021071
1781717375023
32827870760
1781717376249
32834715444
1781717377023
32843664996
1781717378020
32852696035
1781717379022
32861827702
1781717380020
32870914479
1781717381022
32879921314
1781717382023
32889005001
1781717383022
32898133011
1781717384024
32907191422
1781717385024
32916532623
1781717386024
32925626224
1781717387024
32934837267
1781717388024
32944111653
1781717389024
32953051504
1781717390020
32962129346
1781717391022
32971179250
1781717392023
32980174396
1781717393024
32989336418
1781717394024
32998355019
1781717395024
33007556025
1781717396023
33016732109
1781717397024
33025897926
1781717398023
33035105726
1781717399023
33044381565
1781717400021
33053655476
1781717401024
33062785522
1781717402022
33071892189
1781717403022
33081101611
1781717404024
33090243039
1781717405025
33099487162
1781717406022
33108702826
1781717407023
33117810044
1781717408023
33126947617
1781717409022
33136175843
1781717410019
33145165786
1781717411023
33154219683
1781717412024
33163333205
1781717413022
33172456289
1781717414023
33181690788
1781717415023
33190910445
1781717416020
33200058392
1781717417021
33209268686
1781717418024
33218132159
1781717419023
33227307967
1781717420020
33236520939
1781717421023
33245402252
1781717422024
33254379374
1781717423024
33263532645
1781717424024
33272453708
1781717425022
33281660758
1781717426020
33290884684
1781717427024
33299988368
1781717428021
33309294746
1781717429022
33318493075
1781717430020
33327715196
1781717431024
33336885496
1781717432022
33345947808
1781717433025
33355078175
1781717434024
33364072449
1781717435022
33373042701
1781717436023
33382206881
1781717437023
33391223874
1781717438024
33400303078
1781717439020
33409580539
1781717440020
33418635079
1781717441023
33427910796
1781717442023
33437077362
1781717443023
33446235560
1781717444020
33455336260
1781717445023
33464335001
1781717446022
33473460824
1781717447021
33482476746
1781717448023
33491610357
1781717449024
33500721339
1781717450020
33509903358
1781717451058
33518644631
1781717452023
33527686334
1781717453025
33536563302
1781717454024
33545502572
1781717455024
33554542332
1781717456024
33563354184
1781717457023
33572540502
1781717458023
33581537331
1781717459020
33590647685
1781717460023
33599905731
1781717461023
33608875111
1781717462021
33617820332
1781717463024
33627010966
1781717464024
33636105362
1781717465024
33645064996
1781717466023
33653960646
1781717467023
33662863670
1781717468022
33671900997
1781717469023
33680929420
1781717470021
33689993905
1781717471023
33699007013
1781717472023
33708018927
1781717473027
33717034116
1781717474020
33726122958
1781717475022
33735106980
1781717476020
33744106976
1781717477024
33752970817
1781717478020
33762133604
1781717479024
33771212073
1781717480019
33780112619
1781717481023
33789258056
1781717482023
33798183984
1781717483022
33807164870
1781717484022
33816283257
1781717485022
33825219498
1781717486022
33834158492
1781717487022
33843217025
1781717488023
33852166821
1781717489024
33861328737
1781717490021
33870398791
1781717491020
33879517209
1781717492023
33888882277
1781717493023
33897840228
1781717494024
33906926225
1781717495024
33916098713
1781717496023
33925117956
1781717497023
33934086234
1781717498023
33943119492
1781717499025
33952189623
1781717500019
33961221305
1781717501023
33970075200
1781717502024
33979006912
1781717503025
33987933177
1781717504024
33996940486
1781717505022
34005884866
1781717506022
34014747865
1781717507023
34023815624
1781717508024
34033087577
1781717509024
34042320607
1781717510022
34051443079
1781717511024
34060530851
1781717512023
34069214259
1781717513024
34078296186
1781717514024
34087296135
1781717515024
34096389751
1781717516023
34105438095
1781717517024
34114479523
1781717518022
34123622130
1781717519024
34132859061
1781717520020
34141959700
1781717521022
34151046217
1781717522020
34160009064
1781717523023
34168937547
1781717524020
34178112789
1781717525024
34186903633
1781717526022
34195998168
1781717527024
34205061015
1781717528023
34213998526
1781717529020
34223180775
1781717530020
34232274039
1781717531023
34241347291
1781717532023
34250390065
1781717533024
34259340734
1781717534023
34268308538
1781717535020
34277392959
1781717536021
34286176260
1781717537023
34295148410
1781717538024
34304193785
1781717539021
34313362830
1781717540021
34323470531
1781717541150
34331310297
1781717542023
34340130961
1781717543026
34349126412
1781717544023
34358193896
1781717545024
34367395821
1781717546024
34376521047
1781717547022
34385512061
1781717548023
34394474052
1781717549024
34403528928
1781717550020
34412670158
1781717551024
34421859323
1781717552023
34430877954
1781717553027
34440029756
1781717554023
34449213397
1781717555022
34458337414
1781717556060
34467129621
1781717557024
34476019425
1781717558022
34485007365
1781717559020
34494205587
1781717560021
34503214671
1781717561024
34512322485
1781717562024
34521471946
1781717563020
34530386124
1781717564026
34539583260
1781717565023
34548737755
1781717566024
34557884921
1781717567023
34566952114
1781717568024
34575932174
1781717569024
34585090769
1781717570019
34594208911
1781717571023
34603226609
1781717572023
34612278120
1781717573024
34621288779
1781717574022
34630246118
1781717575022
34639498380
1781717576024
34648451726
1781717577022
34657391363
1781717578023
34666438482
1781717579023
34675587423
1781717580020
34684694152
1781717581026
34693688027
1781717582023
34702441677
1781717583022
34711450486
1781717584024
34720373660
1781717585021
34729446132
1781717586021
34738573178
1781717587023
34747446337
1781717588023
34756636695
1781717589023
34765871423
1781717590020
34774980813
1781717591023
34784312544
1781717592023
34793385260
1781717593023
34802323795
1781717594023
34811607300
1781717595024
34820721816
1781717596024
34829885720
1781717597024
34838945967
1781717598023
34847775352
1781717599023
34857002033
1781717600020
34866251051
1781717601023
34875327470
1781717602023
34884148302
1781717603022
34893128546
1781717604024
34902151981
1781717605023
34911104638
1781717606023
34919906238
1781717607024
34929009035
1781717608024
34938046546
1781717609024
34947001590
1781717610019
34956133425
1781717611024
34965061756
1781717612025
34974114597
1781717613024
34983224309
1781717614023
34992192312
1781717615023
35004272121
1781717616350
35010425475
1781717617024
35019320482
1781717618023
35028355178
1781717619021
35037286798
1781717620020
35046518650
1781717621023
35055575959
1781717622025
35064631677
1781717623024
35073670091
1781717624024
35082791278
1781717625020
35091850867
1781717626024
35100934125
1781717627023
35110039185
1781717628023
35119158827
1781717629023
35128289148
1781717630020
35137660612
1781717631060
35146552176
1781717632024
35155449708
1781717633024
35164482048
1781717634023
35173522313
1781717635023
35182554438
1781717636024
35191639670
1781717637024
35200728191
1781717638024
35209824240
1781717639024
35218999941
1781717640020
35228066461
1781717641024
35237103222
1781717642023
35246290245
1781717643022
35255442185
1781717644024
35264567487
1781717645025
35273764914
1781717646023
35282812967
1781717647023
35291840701
1781717648024
35300910189
1781717649024
35309998756
1781717650020
35319213411
1781717651023
35328307119
1781717652024
35337480234
1781717653023
35346630062
1781717654022
35355609602
1781717655022
35364833604
1781717656021
35373825567
1781717657020
35382884544
1781717658022
35392082966
1781717659023
35401087230
1781717660020
35410168774
1781717661024
35419478457
1781717662024
35428650165
1781717663024
35437806633
1781717664024
35446887765
1781717665024
35456026072
1781717666020
35465051022
1781717667024
35474131174
1781717668023
35483221088
1781717669024
35492371467
1781717670019
35501596051
1781717671024
35510739499
1781717672024
35519839358
1781717673024
35528749512
1781717674023
35537881975
1781717675024
35546961760
1781717676023
35556139878
1781717677023
35565245183
1781717678022
35574148559
1781717679024
35583406023
1781717680020
35592568489
1781717681023
35601642353
1781717682023
35610811245
1781717683023
35619943938
1781717684023
35629091747
1781717685024
35638480026
1781717686023
35647405066
1781717687025
35656761598
1781717688023
35665752199
1781717689024
35674663715
1781717690019
35683800645
1781717691022
35692872382
1781717692024
35701751783
1781717693023
35710915994
1781717694024
35720063604
1781717695023
35729163340
1781717696023
35738164238
1781717697021
35747102376
1781717698022
35756339827
1781717699022
35765486274
1781717700019
35774708242
1781717701020
35783866746
1781717702024
35792903828
1781717703024
35802147078
1781717704020
35811176848
1781717705022
35820205362
1781717706023
35829321684
1781717707026
35838230338
1781717708024
35847156358
1781717709024
35856278050
1781717710020
35865167977
1781717711023
35874287940
1781717712024
35883350268
1781717713024
35892355756
1781717714024
35901427218
1781717715026
35910363825
1781717716023
35919390106
1781717717023
35928627940
1781717718025
35937554878
1781717719025
35946829203
1781717720019
35957121237
1781717721151
35965042935
1781717722027
35973980491
1781717723023
35982843368
1781717724024
35991862902
1781717725024
36001046023
1781717726026
36009997502
1781717727021
36018972115
1781717728024
36028028598
1781717729024
36037139472
1781717730020
36046300225
1781717731023
36055501155
1781717732024
36064507347
1781717733022
36073625076
1781717734025
36082571598
1781717735023
36093631418
1781717736250
36100678812
1781717737022
36109372807
1781717738024
36118506173
1781717739022
36127431657
1781717740020
36136425227
1781717741022
36145500085
1781717742023
36154482256
1781717743022
36163493589
1781717744025
36172620605
1781717745024
36181668337
1781717746024
36190757898
1781717747023
36199985405
1781717748022
36209056102
1781717749024
36218282568
1781717750019
36227320278
1781717751022
36236322981
1781717752021
36245227872
1781717753023
36254092401
1781717754022
36263212869
1781717755020
36272278150
1781717756024
36281230394
1781717757026
36290206200
1781717758023
36299106776
1781717759024
36308225898
1781717760020
36317411314
1781717761022
36326228688
1781717762025
36335366369
1781717763023
36344382720
1781717764024
36353208877
1781717765024
36362221066
1781717766024
36371108867
1781717767021
36380037105
1781717768023
36389195777
1781717769022
36398087296
1781717770021
36407072282
1781717771023
36416062225
1781717772021
36425122074
1781717773024
36434147254
1781717774022
36442980036
1781717775024
36452099616
1781717776023
36461173281
1781717777023
36470097587
1781717778020
36479186843
1781717779023
36488395301
1781717780021
36497398311
1781717781023
36506575388
1781717782021
36515595243
1781717783023
36524691629
1781717784021
36533815998
1781717785025
36542752529
1781717786023
36551787623
1781717787024
36560953837
1781717788024
36570043965
1781717789025
36579258115
1781717790020
36588405908
1781717791023
36597458123
1781717792022
36606544839
1781717793022
36615609721
1781717794026
36624709366
1781717795021
36634852394
1781717796151
36642935781
1781717797023
36652099533
1781717798024
36661228002
1781717799024
36670472630
1781717800020
36679627140
1781717801024
36688791748
1781717802023
36697976154
1781717803020
36707007010
1781717804020
36716139167
1781717805026
36725534744
1781717806023
36734637678
1781717807022
36743620155
1781717808021
36752854806
1781717809021
36761945883
1781717810021
36771020649
1781717811024
36780095768
1781717812023
36788959349
1781717813020
36798098528
1781717814023
36807178283
1781717815024
36816139982
1781717816024
36825347492
1781717817023
36834411747
1781717818023
36843505807
1781717819026
36852559812
1781717820020
36861651485
1781717821025
36870785738
1781717822022
36879865920
1781717823020
36889041193
1781717824024
36898168056
1781717825025
36907171907
1781717826024
36916101232
1781717827023
36925068791
1781717828026
36934123928
1781717829022
36943288230
1781717830019
36952317280
1781717831024
36961402130
1781717832022
36970466339
1781717833024
36979465554
1781717834024
36988615107
1781717835023
36997862841
1781717836020
37006830660
1781717837020
37016006805
1781717838024
37025179889
1781717839021
37034438424
1781717840019
37043629088
1781717841023
37052745593
1781717842025
37061716503
1781717843020
37070775847
1781717844024
37079750460
1781717845026
37088743448
1781717846024
37097703710
1781717847022
37106671101
1781717848023
37115840651
1781717849023
37124780013
1781717850020
37133826979
1781717851023
37142890699
1781717852027
37151815878
1781717853024
37160885901
1781717854022
37169738711
1781717855023
37178513949
1781717856023
37187634922
1781717857023
37196298195
1781717858022
37205370957
1781717859023
37214514161
1781717860020
37223424621
1781717861024
37232498867
1781717862022
37241613230
1781717863022
37250633070
1781717864020
37259819388
1781717865023
37269009716
1781717866022
37278237253
1781717867024
37287369961
1781717868021
37296306109
1781717869024
37305461691
1781717870021
37314641889
1781717871020
37323701172
1781717872020
37332685531
1781717873020
37341678198
1781717874023
37350799767
1781717875023
37359874060
1781717876024
37368820383
1781717877023
37377964275
1781717878022
37386960399
1781717879023
37396006662
1781717880022
37405015394
1781717881024
37413918051
1781717882024
37422939512
1781717883023
37431970383
1781717884020
37440835127
1781717885022
37449794990
1781717886024
37458700065
1781717887024
37467405321
1781717888024
37476426094
1781717889024
37485545659
1781717890024
37494413110
1781717891020
37503533961
1781717892024
37512308587
1781717893022
37521307955
1781717894022
37530377887
1781717895023
37539365979
1781717896020
37548526288
1781717897023
37557532970
1781717898025
37566475024
1781717899024
37575525158
1781717900020
37584522063
1781717901023
37593722473
1781717902024
37602654123
1781717903022
37611556596
1781717904024
37620683475
1781717905024
37629480026
1781717906023
37638562014
1781717907022
37647743805
1781717908023
37656814042
1781717909022
37666220360
1781717910020
37675451630
1781717911025
37684453263
1781717912021
37693580585
1781717913024
37702667637
1781717914024
37711414602
1781717915024
37720355891
1781717916023
37727401908
1781717917024
37732871260
1781717918023
37738626799
1781717919023
37744282612
1781717920020
37749773905
1781717921020
37755266054
1781717922024
37760753047
1781717923021
37766121664
1781717924020
37771469550
1781717925023
37776925499
1781717926020
37782406005
1781717927022
37787656185
1781717928020
37793229546
1781717929023
37798692105
1781717930019
37804155123
1781717931024
37809796738
1781717932023
37815444840
1781717933024
37821428976
1781717934024
37828105560
1781717935020
37834338030
1781717936023
37840737285
1781717937025
37846667520
1781717938020
37854296237
1781717939022
37863573867
1781717940020
37872691932
1781717941024
37881868566
1781717942024
37890920520
1781717943023
37899959715
1781717944022
37909008685
1781717945023
37918017325
1781717946023
37927239507
1781717947021
37936345914
1781717948021
37945451113
1781717949020
37954631556
1781717950022
37963807058
1781717951026
37972674020
1781717952024
37981754754
1781717953023
37990738394
1781717954021
37999799344
1781717955022
38008940559
1781717956024
38017885704
1781717957024
38026949317
1781717958020
38036069310
1781717959023
38045090925
1781717960019
38054175866
1781717961023
38063179013
1781717962022
38072000610
1781717963020
38080942848
1781717964022
38089904426
1781717965023
38098832358
1781717966022
38107872394
1781717967024
38116698107
1781717968023
38125714535
1781717969021
38134796385
1781717970020
38143829016
1781717971023
38152845397
1781717972021
38161910265
1781717973023
38170977060
1781717974024
38180053081
1781717975024
38189081810
1781717976023
38198246143
1781717977023
38207160520
1781717978022
38216055465
1781717979024
38225332590
1781717980020
38234377384
1781717981020
38243569685
1781717982022
38252747023
1781717983024
38261598501
1781717984024
38270571783
1781717985024
38279628801
1781717986024
38288465668
1781717987020
38297591353
1781717988023
38306486406
1781717989019
38315559459
1781717990022
38324683415
1781717991023
38333583823
1781717992023
38342769392
1781717993023
38351802436
1781717994023
38360779405
1781717995024
38369874842
1781717996024
38378850648
1781717997022
38387791050
1781717998024
38396913216
1781717999023
38406048111
1781718000021
38415210256
1781718001024
38424322156
1781718002024
38433164347
1781718003024
38442273325
1781718004020
38451287442
1781718005023
38460669066
1781718006060
38469319380
1781718007023
38478275433
1781718008023
38487373976
1781718009023
38496460417
1781718010022
38505413028
1781718011023
38514688271
1781718012026
38523687792
1781718013023
38532710508
1781718014024
38541809448
1781718015023
38550920797
1781718016024
38560026087
1781718017020
38569291370
1781718018022
38578427000
1781718019024
38587693521
1781718020022
38597873514
1781718021150
38605802157
1781718022021
38614755534
1781718023023
38623703020
1781718024025
38632705938
1781718025022
38641660982
1781718026025
38650716945
1781718027021
38659863162
1781718028020
38668928902
1781718029022
38678058182
1781718030019
38687236254
1781718031024
38696256094
1781718032023
38705374772
1781718033024
38714466950
1781718034023
38723530501
1781718035020
38734538561
1781718036251
38741599847
1781718037023
38750525393
1781718038022
38759623002
1781718039024
38768603873
1781718040022
38777555551
1781718041020
38786818661
1781718042023
38795949548
1781718043024
38805186020
1781718044022
38814449053
1781718045023
38823627508
1781718046023
38832796981
1781718047023
38842094210
1781718048024
38851430331
1781718049024
38860655696
1781718050020
38869742090
1781718051023
38879040099
1781718052024
38887994730
1781718053022
38897225756
1781718054024
38906282116
1781718055024
38915291537
1781718056022
38924557691
1781718057022
38933585609
1781718058024
38942531045
1781718059024
38951637712
1781718060020
38960714360
1781718061024
38969707042
1781718062023
38978756579
1781718063024
38987684604
1781718064020
38996656248
1781718065024
39005743576
1781718066023
39014778440
1781718067023
39023790645
1781718068024
39032984354
1781718069024
39042243149
1781718070022
39051342977
1781718071023
39060372364
1781718072023
39069322925
1781718073024
39078165024
1781718074020
39087068217
1781718075020
39096102943
1781718076020
39105038373
1781718077025
39113928392
1781718078024
39122964342
1781718079024
39131982973
1781718080020
39141142578
1781718081023
39150216351
1781718082022
39159006537
1781718083023
39168034256
1781718084023
39177008028
1781718085022
39186000694
1781718086024
39194975078
1781718087024
39203855703
1781718088022
39212687520
1781718089020
39221818056
1781718090020
39230842975
1781718091021
39239889115
1781718092024
39248846148
1781718093024
39257580168
1781718094023
39266538854
1781718095022
39276400178
1781718096151
39284222670
1781718097023
39293053173
1781718098023
39301951484
1781718099023
39310965296
1781718100020
39319883268
1781718101023
39328826562
1781718102023
39337765648
1781718103023
39346420536
1781718104020
39355312529
1781718105023
39364262081
1781718106022
39373200371
1781718107024
39382328550
1781718108022
39391346722
1781718109024
39400458040
1781718110020
39409448014
1781718111023
39418480538
1781718112023
39427285519
1781718113023
39436158617
1781718114023
39445186902
1781718115023
39454249658
1781718116022
39463178845
1781718117022
39472137546
1781718118021
39481185996
1781718119024
39490174379
1781718120023
39499303369
1781718121022
39508310800
1781718122023
39517209081
1781718123022
39526177635
1781718124023
39535088738
1781718125024
39544018858
1781718126023
39553031186
1781718127022
39561951805
1781718128021
39570815707
1781718129022
39579857991
1781718130019
39588695883
1781718131020
39597588565
1781718132024
39606596180
1781718133024
39615524112
1781718134024
39624520788
1781718135021
39633513699
1781718136024
39642327784
1781718137026
39651311684
1781718138020
39660107608
1781718139023
39669152571
1781718140020
39678188414
1781718141026
39687159156
1781718142022
39696151517
1781718143022
39704994213
1781718144022
39713959539
1781718145021
39723059734
1781718146023
39732058077
1781718147024
39741306835
1781718148023
39750465293
1781718149023
39759601060
1781718150023
39768827832
1781718151024
39778023546
1781718152021
39787078040
1781718153022
39796386866
1781718154024
39805391971
1781718155024
39814560634
1781718156023
39823734927
1781718157023
39832769042
1781718158023
39841863652
1781718159024
39850793069
1781718160022
39859902414
1781718161023
39869079690
1781718162023
39878105084
1781718163024
39887107879
1781718164023
39896097226
1781718165023
39905051015
1781718166023
39913978091
1781718167023
39922959757
1781718168019
39931966408
1781718169022
39941021912
1781718170019
39950099402
1781718171023
39959095603
1781718172022
39968178020
1781718173024
39977064780
1781718174022
39986172625
1781718175024
39995281312
1781718176022
40004359842
1781718177021
40013441999
1781718178023
40022409375
1781718179022
40031461283
1781718180022
40040662734
1781718181022
40049693207
1781718182020
40058828424
1781718183023
40067943444
1781718184024
40076876089
1781718185020
40085985159
1781718186025
40094977244
1781718187023
40104140123
1781718188023
40113182745
1781718189025
40122314917
1781718190022
40131399292
1781718191023
40140529720
1781718192023
40149590166
1781718193020
40158711169
1781718194024
40167813429
1781718195024
40176993567
1781718196022
40186063361
1781718197024
40194991768
1781718198021
40204028132
1781718199024
40212986848
1781718200020
40222068438
1781718201023
40231101237
1781718202022
40239995188
1781718203026
40248925125
1781718204025
40257911947
1781718205020
40266823830
1781718206024
40275874315
1781718207025
40284962072
1781718208024
40293945895
1781718209026
40303038670
1781718210020
40311972554
1781718211024
40320983565
1781718212024
40329994225
1781718213027
40338781245
1781718214023
40347709376
1781718215024
40357798884
1781718216149
40365750417
1781718217024
40374690146
1781718218023
40383746017
1781718219025
40392842877
1781718220022
40401921438
1781718221022
40410988218
1781718222026
40420115203
1781718223024
40429221044
1781718224024
40438278185
1781718225023
40447385479
1781718226023
40456346781
1781718227024
40465335699
1781718228024
40474432575
1781718229024
40483468403
1781718230020
40492659143
1781718231022
40501690749
1781718232023
40510478013
1781718233023
40519447990
1781718234023
40528403982
1781718235023
40537353687
1781718236024
40546407798
1781718237022
40555427393
1781718238022
40564373747
1781718239023
40573410983
1781718240024
40582487187
1781718241022
40591550862
1781718242024
40600647584
1781718243027
40609632677
1781718244022
40618711498
1781718245021
40627806675
1781718246025
40636843819
1781718247022
40645837128
1781718248024
40654756554
1781718249023
40663792642
1781718250022
40672890649
1781718251025
40681948525
1781718252022
40691110838
1781718253024
40700076913
1781718254023
40709143112
1781718255022
40718253313
1781718256022
40727397251
1781718257023
40736390499
1781718258020
40745475777
1781718259023
40754630303
1781718260020
40763968918
1781718261021
40773036799
1781718262020
40782078304
1781718263024
40791091809
1781718264023
40800090229
1781718265024
40809237303
1781718266022
40818176298
1781718267024
40827217557
1781718268023
40836206430
1781718269022
40845268130
1781718270019
40854394978
1781718271026
40863485442
1781718272023
40872330250
1781718273023
40881358948
1781718274024
40890195662
1781718275023
40899179914
1781718276021
40908100456
1781718277024
40917156174
1781718278025
40926230620
1781718279025
40935390669
1781718280021
40944429128
1781718281020
40953498922
1781718282024
40962479778
1781718283023
40971491860
1781718284024
40980548374
1781718285023
40989580775
1781718286024
40998530066
1781718287023
41007466781
1781718288020
41016545464
1781718289022
41025811817
1781718290022
41035463975
1781718291062
41044177050
1781718292022
41053297808
1781718293021
41062382046
1781718294024
41071327328
1781718295024
41080480722
1781718296023
41089517299
1781718297022
41098661941
1781718298022
41107837856
1781718299023
41117023486
1781718300020
41126191063
1781718301024
41135271506
1781718302022
41144349699
1781718303024
41153490684
1781718304023
41162448483
1781718305024
41171414466
1781718306023
41180518731
1781718307024
41189419904
1781718308023
41198483379
1781718309023
41207439387
1781718310019
41216417504
1781718311023
41225523574
1781718312022
41234545112
1781718313024
41243655283
1781718314024
41252602815
1781718315020
41261674842
1781718316022
41270721151
1781718317024
41279757744
1781718318023
41288766889
1781718319022
41297854186
1781718320022
41308676657
1781718321251
41315741172
1781718322024
41324670634
1781718323024
41333517125
1781718324023
41342597307
1781718325022
41351621477
1781718326022
41360662109
1781718327023
41369785989
1781718328024
41378910327
1781718329025
41388162574
1781718330021
41397371583
1781718331024
41406344528
1781718332024
41415317305
1781718333025
41424457754
1781718334024
41433531710
1781718335023
41442542400
1781718336023
41451509057
1781718337024
41460404523
1781718338024
41469388025
1781718339025
41478445732
1781718340020
41487466459
1781718341027
41496493750
1781718342022
41505441832
1781718343023
41514442562
1781718344022
41523526050
1781718345022
41532573200
1781718346024
41541522767
1781718347024
41550559834
1781718348022
41559614726
1781718349022
41568678584
1781718350019
41577707787
1781718351023
41586852536
1781718352024
41595728203
1781718353022
41604634915
1781718354022
41613684528
1781718355022
41622718765
1781718356024
41631620427
1781718357023
41640666568
1781718358024
41649697041
1781718359022
41658773643
1781718360020
41667844065
1781718361022
41676824124
1781718362021
41685834187
1781718363022
41694833448
1781718364023
41703810050
1781718365020
41712733913
1781718366021
41721539889
1781718367022
41730613631
1781718368024
41739707308
1781718369023
41748910931
1781718370020
41758068134
1781718371022
41767071572
1781718372023
41776294948
1781718373024
41785320035
1781718374022
41794335484
1781718375023
41803374295
1781718376021
41812430947
1781718377020
41821517663
1781718378022
41830533601
1781718379024
41839823241
1781718380022
41848916627
1781718381020
41858068016
1781718382021
41866943516
1781718383020
41875958903
1781718384020
41885005839
1781718385024
41893920720
1781718386022
41902919018
1781718387020
41911878805
1781718388023
41920966026
1781718389022
41930034458
1781718390019
41939054068
1781718391021
41948024091
1781718392021
41956943807
1781718393022
41965979559
1781718394023
41974894563
1781718395023
41983818227
1781718396021
41992777677
1781718397024
42001614406
1781718398020
42010659858
1781718399024
42019736338
1781718400020
42028795728
1781718401022
42037902151
1781718402023
42047020140
1781718403020
42056030616
1781718404023
42065017040
1781718405024
42073988425
1781718406020
42083127023
1781718407024
42092373807
1781718408023
42101508672
1781718409024
42110768768
1781718410019
42119917020
1781718411023
42129109031
1781718412023
42138046633
1781718413020
42147059863
1781718414024
42156123705
1781718415025
42165190593
1781718416023
42174292149
1781718417024
42183457278
1781718418022
42192673355
1781718419023
42201896532
1781718420020
42211155235
1781718421024
42220236596
1781718422023
42229301999
1781718423023
42238373675
1781718424023
42247323456
1781718425022
42256282677
1781718426022
42265318597
1781718427022
42274048624
1781718428024
42283153776
1781718429023
42292198769
1781718430023
42301226825
1781718431024
42310289627
1781718432024
42319146873
1781718433024
42328180054
1781718434023
42337128611
1781718435021
42346140893
1781718436024
42355207030
1781718437024
42364200049
1781718438024
42373229344
1781718439024
42382358670
1781718440020
42391401965
1781718441023
42400539522
1781718442022
42409430031
1781718443024
42418378557
1781718444023
42427458052
1781718445020
42436397582
1781718446021
42445491228
1781718447024
42454609631
1781718448020
42463649529
1781718449020
42472849572
1781718450020
42482035814
1781718451024
42490933667
1781718452022
42500053675
1781718453022
42509078549
1781718454022
42518113000
1781718455023
42527139831
1781718456020
42536171666
1781718457023
42545132295
1781718458022
42554281282
1781718459022
42563373628
1781718460020
42572420044
1781718461024
42581330963
1781718462024
42590251658
1781718463021
42599280158
1781718464023
42608280214
1781718465023
42617207275
1781718466022
42626151548
1781718467023
42635051894
1781718468024
42644119485
1781718469024
42653232655
1781718470022
42662091186
1781718471023
42671123082
1781718472025
42679975540
1781718473020
42688985190
1781718474026
42697900026
1781718475024
42706779794
1781718476026
42715744308
1781718477022
42724704524
1781718478022
42733735793
1781718479023
42742894740
1781718480021
42751988937
1781718481023
42761055626
1781718482023
42770053678
1781718483024
42779168898
1781718484020
42788148743
1781718485022
42797570973
1781718486060
42806219818
1781718487024
42815181105
1781718488024
42824276863
1781718489025
42833377532
1781718490020
42842414141
1781718491022
42851379558
1781718492023
42860317038
1781718493022
42869159933
1781718494024
42878064013
1781718495024
42887055241
1781718496022
42895999438
1781718497020
42905068191
1781718498023
42914174721
1781718499022
42923364115
1781718500020
42932413116
1781718501021
42941580647
1781718502023
42950553424
1781718503023
42959574288
1781718504024
42968579593
1781718505024
42977538891
1781718506021
42986547286
1781718507023
42995412442
1781718508024
43004466829
1781718509024
43013562970
1781718510021
43022619560
1781718511024
43031759352
1781718512022
43040814779
1781718513024
43049913750
1781718514021
43058963777
1781718515024
43067978384
1781718516023
43077050289
1781718517023
43086077152
1781718518022
43095184951
1781718519020
43104365685
1781718520020
43113450933
1781718521022
43122773406
1781718522025
43131812233
1781718523024
43140972068
1781718524023
43150203629
1781718525023
43159305277
1781718526023
43168167772
1781718527025
43177105190
1781718528023
43186054711
1781718529024
43195233258
1781718530019
43204556787
1781718531060
43213340027
1781718532022
43222364426
1781718533024
43231394685
1781718534026
43240567219
1781718535025
43249625400
1781718536023
43258604052
1781718537024
43267708761
1781718538023
43276804290
1781718539023
43286020229
1781718540022
43295151315
1781718541023
43304253912
1781718542023
43313332596
1781718543024
43322436830
1781718544020
43331516891
1781718545024
43340573481
1781718546022
43349572436
1781718547024
43358615945
1781718548024
43367818191
1781718549021
43377102567
1781718550020
43383460574
1781718551023
43389003703
1781718552024
43394787455
1781718553020
43400157954
1781718554021
43405696845
1781718555024
43411224796
1781718556024
43416664925
1781718557023
43422078723
1781718558022
43427679303
1781718559024
43433480329
1781718560020
43439848158
1781718561149
43444770903
1781718562020
43450234211
1781718563023
43455765727
1781718564023
43461335325
1781718565023
43466822441
1781718566020
43472274259
1781718567022
43477647757
1781718568020
43483033449
1781718569024
43488783846
1781718570023
43494246161
1781718571024
43499518495
1781718572023
43504864039
1781718573020
43510404108
1781718574022
43515601748
1781718575024
43521082804
1781718576023
43526555859
1781718577027
43531714514
1781718578023
43537165920
1781718579023
43542586113
1781718580020
43548110729
1781718581024
43553632713
1781718582023
43558752093
1781718583020
43564291335
1781718584020
43569774045
1781718585024
43575298354
1781718586022
43580674836
1781718587024
43586171896
1781718588024
43591744263
1781718589024
43597356196
1781718590023
43602876666
1781718591023
43608422854
1781718592025
43613912770
1781718593023
43619446749
1781718594021
43625063456
1781718595024
43630503111
1781718596024
43636047035
1781718597023
43641770382
1781718598024
43647418056
1781718599024
43653066556
1781718600021
43658604452
1781718601024
43664181639
1781718602023
43669674293
1781718603023
43675093553
1781718604024
43680492127
1781718605021
43685922465
1781718606022
43691132543
1781718607021
43696536442
1781718608023
43702072655
1781718609020
43708031745
1781718610021
43713490249
1781718611022
43718697650
1781718612023
43724210210
1781718613026
43729599512
1781718614023
43734855720
1781718615020
43740246384
1781718616024
43745516056
1781718617022
43750720520
1781718618022
43756167014
1781718619024
43761694919
1781718620019
43767262574
1781718621022
43772712709
1781718622020
43778063593
1781718623020
43783553218
1781718624023
43789056444
1781718625024
43794507926
1781718626022
43800082236
1781718627024
43805522855
1781718628022
43810845006
1781718629020
43816610322
1781718630022
43822249443
1781718631024
43827730668
1781718632024
43832986998
1781718633024
43838560849
1781718634022
43843975596
1781718635022
43849472488
1781718636022
43855022134
1781718637024
43860337492
1781718638024
43865516083
1781718639024
43871035497
1781718640022
43876510893
1781718641023
43881893035
1781718642024
43887352258
1781718643022
43892629274
1781718644024
43897968225
1781718645023
43903393589
1781718646024
43908682172
1781718647024
43914112081
1781718648022
43919601522
1781718649024
43925232136
1781718650022
43930836603
1781718651026
43936301916
1781718652022
43941470164
1781718653020
43946902903
1781718654023
43952235305
1781718655023
43957580452
1781718656022
43963001915
1781718657022
43968402463
1781718658022
43973925534
1781718659022
43979411150
1781718660023
43984902840
1781718661024
43990351047
1781718662024
43995809690
1781718663023
44001319954
1781718664021
44006891174
1781718665020
44012478060
1781718666020
44018007955
1781718667025
44023342376
1781718668023
44028893874
1781718669023
44034599061
1781718670020
44040212585
1781718671023
44045694146
1781718672024
44051155420
1781718673023
44056456120
1781718674023
44061977324
1781718675024
44067344442
1781718676022
44072669500
1781718677020
44078210425
1781718678023
44083593470
1781718679023
44089087670
1781718680020
44095283542
1781718681149
44099934804
1781718682022
44105255700
1781718683021
44110528937
1781718684021
44115794967
1781718685022
44121019688
1781718686023
44126281878
1781718687023
44131672267
1781718688024
44137014017
1781718689022
44142438892
1781718690020
44148001911
1781718691024
44153483166
1781718692024
44158952396
1781718693024
44164433881
1781718694022
44169918228
1781718695024
44175541865
1781718696024
44181106643
1781718697023
44186418329
1781718698022
44192060127
1781718699024
44197783353
1781718700023
44203416537
1781718701024
44209063645
1781718702022
44214389085
1781718703023
44219955791
1781718704024
44225496732
1781718705023
44230834673
1781718706023
44236329163
1781718707023
44241761061
1781718708022
44247041779
1781718709023
44252722577
1781718710022
44257956493
1781718711023
44263482624
1781718712020
44268788067
1781718713021
44274097993
1781718714020
44279515203
1781718715022
44284800144
1781718716024
44289993913
1781718717024
44295391125
1781718718023
44300945071
1781718719024
44306577323
1781718720020
44312040907
1781718721023
44317247696
1781718722022
44322596637
1781718723020
44328067779
1781718724020
44333452951
1781718725023
44338840953
1781718726023
44344155285
1781718727022
44349529915
1781718728022
44355017138
1781718729024
44360501209
1781718730020
44366071893
1781718731023
44371556989
1781718732022
44376888503
1781718733024
44382358284
1781718734021
44387522523
1781718735024
44393019324
1781718736024
44398573790
1781718737024
44403914102
1781718738024
44409485322
1781718739024
44415149320
1781718740021
44421448698
1781718741149
44426414236
1781718742023
44431663192
1781718743022
44437040683
1781718744021
44442393694
1781718745020
44447612967
1781718746024
44452965657
1781718747022
44458506690
1781718748022
44463771787
1781718749022
44469309744
1781718750020
44474559236
1781718751023
44479781707
1781718752022
44485102144
1781718753020
44490514642
1781718754025
44495825149
1781718755022
44501848606
1781718756149
44506398811
1781718757025
44511745457
1781718758022
44517077783
1781718759023
44522570590
1781718760020
44528117482
1781718761023
44533499502
1781718762024
44538871378
1781718763025
44544268300
1781718764020
44549731104
1781718765023
44555245025
1781718766020
44560597072
1781718767021
44566087599
1781718768023
44571498536
1781718769024
44577150800
1781718770020
44582971547
1781718771023
