124246860516
1781716036368
124272373207
1781716037014
124310957275
1781716038012
124349735618
1781716039012
124389330793
1781716040013
124428617680
1781716041014
124468564050
1781716042012
124508765180
1781716043013
124548711794
1781716044013
124587778222
1781716045011
124635802330
1781716046014
124712634897
1781716047012
124777797877
1781716048011
124821134863
1781716049012
124868020669
1781716050012
124914936503
1781716051012
124963597878
1781716052012
125004100887
1781716053014
125044115860
1781716054014
125083915196
1781716055013
125124557793
1781716056013
125164230909
1781716057012
125203539341
1781716058012
125242642512
1781716059012
125288309937
1781716060014
125335735353
1781716061013
125410959464
1781716062012
125490288668
1781716063012
125535648659
1781716064012
125584954502
1781716065011
125634545501
1781716066012
125674979479
1781716067012
125717915343
1781716068013
125760146986
1781716069011
125802256314
1781716070012
125844245770
1781716071012
125886031490
1781716072012
125928089732
1781716073012
125969145535
1781716074013
126011675944
1781716075012
126056603868
1781716076014
126099610961
1781716077012
126143442941
1781716078013
126189562329
1781716079012
126234846332
1781716080014
126277365877
1781716081014
126320592389
1781716082014
126364370842
1781716083013
126407973513
1781716084012
126451279189
1781716085010
126494759546
1781716086014
126537231911
1781716087012
126580846728
1781716088013
126624289854
1781716089012
126667753793
1781716090014
126711300923
1781716091012
126755413542
1781716092013
126798972146
1781716093013
126847759924
1781716094012
126911569270
1781716095009
126998778825
1781716096011
127063267307
1781716097012
127106251694
1781716098012
127151360404
1781716099013
127197435970
1781716100013
127242078007
1781716101012
127287127879
1781716102013
127331226033
1781716103014
127375697660
1781716104013
127419265358
1781716105013
127468417820
1781716106013
127538098733
1781716107012
127607512984
1781716108012
127655659284
1781716109098
127703139509
1781716110014
127746368769
1781716111013
127791289247
1781716112014
127835272472
1781716113014
127878603416
1781716114014
127922162264
1781716115011
127966422160
1781716116013
128008931085
1781716117013
128052347539
1781716118013
128095339311
1781716119012
128138058257
1781716120014
128180942241
1781716121013
128224077690
1781716122012
128267512027
1781716123013
128311369459
1781716124014
128356388081
1781716125010
128402613915
1781716126013
128445690587
1781716127014
128493926547
1781716128014
128542873993
1781716129016
128624473943
1781716130011
128691510209
1781716131013
128736976279
1781716132012
128780120517
1781716133014
128824240826
1781716134014
128867678886
1781716135011
128911863466
1781716136012
128954825575
1781716137013
128997565456
1781716138014
129041945347
1781716139014
129089800327
1781716140013
129134206280
1781716141013
129177937064
1781716142013
129221805238
1781716143013
129265291516
1781716144013
129308535912
1781716145012
129352806001
1781716146012
129394965073
1781716147014
129437749571
1781716148011
129481277169
1781716149013
129524538716
1781716150013
129567475679
1781716151013
129611274456
1781716152013
129654365105
1781716153013
129702561393
1781716154099
129744000557
1781716155011
129787299091
1781716156014
129834215292
1781716157013
129876594761
1781716158013
129919832748
1781716159014
129963311824
1781716160012
130008421083
1781716161014
130057336669
1781716162012
130132451955
1781716163012
130215629293
1781716164010
130261415736
1781716165012
130341502933
1781716166014
130426878264
1781716167012
130477938314
1781716168014
130524707909
1781716169012
130572605674
1781716170012
130621750507
1781716171013
130668190024
1781716172014
130713006316
1781716173012
130756892373
1781716174012
130801059130
1781716175013
130844638852
1781716176013
130888005502
1781716177014
130931171163
1781716178012
130975135344
1781716179013
131018812601
1781716180015
131062563343
1781716181013
131106496825
1781716182013
131149780588
1781716183013
131193954669
1781716184013
131239001917
1781716185011
131282517431
1781716186013
131329258034
1781716187012
131372242360
1781716188012
131415692383
1781716189013
131459011791
1781716190015
131502317405
1781716191013
131545704257
1781716192013
131589225447
1781716193014
131633318291
1781716194012
131682335438
1781716195011
131755843185
1781716196011
131840666515
1781716197012
131898436020
1781716198013
131949267677
1781716199099
131995324810
1781716200013
132042850507
1781716201014
132086365715
1781716202014
132129601383
1781716203013
132175331002
1781716204014
132219759539
1781716205011
132263763332
1781716206013
132306732582
1781716207013
132350546923
1781716208015
132393407776
1781716209014
132436712230
1781716210012
132480186118
1781716211013
132523973298
1781716212014
132567486615
1781716213014
132615140240
1781716214099
132656753293
1781716215011
132700365913
1781716216013
132743810382
1781716217012
132789282922
1781716218014
132832508458
1781716219014
132875657090
1781716220013
132918625364
1781716221013
132962539070
1781716222014
133006373186
1781716223013
133050662380
1781716224013
133093914466
1781716225011
133142888218
1781716226013
133198638746
1781716227012
133275977172
1781716228014
133325219843
1781716229013
133375527210
1781716230014
133431324674
1781716231013
133482489704
1781716232012
133527894862
1781716233013
133574182524
1781716234014
133619967746
1781716235012
133667347630
1781716236013
133712198345
1781716237013
133755369194
1781716238013
133798736392
1781716239013
133841660721
1781716240013
133884783840
1781716241014
133928696387
1781716242013
133971999865
1781716243012
134019331103
1781716244099
134060537846
1781716245011
134105129224
1781716246014
134147712977
1781716247013
134193811980
1781716248015
134237039836
1781716249014
134280246817
1781716250013
134323173404
1781716251013
134367077039
1781716252014
134410234705
1781716253014
134453660924
1781716254013
134496540270
1781716255011
134540443905
1781716256013
134584282843
1781716257013
134626740376
1781716258014
134673603598
1781716259099
134715579321
1781716260014
134759250474
1781716261014
134809321574
1781716262013
134858157081
1781716263013
134915074660
1781716264012
134995225578
1781716265010
135039964355
1781716266012
135088653744
1781716267013
135134353579
1781716268012
135183370848
1781716269014
135230211304
1781716270013
135273194227
1781716271014
135317785909
1781716272012
135362834988
1781716273013
135407035681
1781716274012
135451504866
1781716275011
135494856745
1781716276013
135537788825
1781716277013
135582358047
1781716278013
135626255457
1781716279014
135668821143
1781716280013
135711413869
1781716281013
135755095703
1781716282013
135798280590
1781716283013
135842075827
1781716284013
135885706086
1781716285014
135934391753
1781716286013
135989264964
1781716287012
136061986397
1781716288013
136107588087
1781716289015
136152786579
1781716290013
136196379852
1781716291013
136243486726
1781716292012
136288956458
1781716293013
136332220263
1781716294013
136375831174
1781716295011
136425097467
1781716296013
136475158557
1781716297011
136558903154
1781716298012
136621278483
1781716299013
136664540457
1781716300013
136707834048
1781716301014
136755453432
1781716302012
136799464428
1781716303012
136843250815
1781716304015
136886748690
1781716305011
136931385904
1781716306010
136979469644
1781716307012
137021836112
1781716308012
137068214534
1781716309013
137111822515
1781716310012
137155063738
1781716311013
137198687771
1781716312012
137242096840
1781716313013
137285692493
1781716314013
137329513242
1781716315012
137373487434
1781716316012
137417307329
1781716317014
137460716214
1781716318012
137503733072
1781716319013
137549953901
1781716320014
137594346182
1781716321011
137638768798
1781716322014
137684950809
1781716323014
137728356948
1781716324016
137771925806
1781716325012
137816472079
1781716326013
137859899397
1781716327015
137903315545
1781716328013
137949450132
1781716329013
137998612115
1781716330014
138058942344
1781716331012
138142535758
1781716332012
138187535460
1781716333013
138235354673
1781716334099
138276817275
1781716335011
138324018875
1781716336012
138371524002
1781716337012
138415490198
1781716338014
138460803986
1781716339015
138505811134
1781716340013
138548854969
1781716341012
138592721068
1781716342014
138635921397
1781716343013
138679561178
1781716344014
138723051728
1781716345011
138771535063
1781716346012
138826224254
1781716347013
138874931283
1781716348014
138919520036
1781716349014
138964883323
1781716350014
139007446874
1781716351013
139052307355
1781716352013
139098872299
1781716353013
139142192073
1781716354013
139185428901
1781716355011
139229400102
1781716356013
139272328520
1781716357015
139315455668
1781716358013
139359237660
1781716359013
139402386659
1781716360013
139445268141
1781716361013
139488703332
1781716362014
139533627168
1781716363014
139582847806
1781716364014
139637878976
1781716365010
139722478002
1781716366012
139778214615
1781716367012
139821165006
1781716368013
139865651830
1781716369012
139913068396
1781716370013
139957182480
1781716371012
140000575801
1781716372013
140044477422
1781716373013
140088240616
1781716374013
140131595302
1781716375012
140175336523
1781716376014
140219199509
1781716377012
140261974180
1781716378014
140305420663
1781716379012
140350668960
1781716380014
140392964689
1781716381014
140437560400
1781716382014
140483175884
1781716383015
140527822071
1781716384014
140571706969
1781716385011
140615486153
1781716386014
140657896689
1781716387013
140700976718
1781716388012
140744287459
1781716389013
140787289058
1781716390013
140830199227
1781716391012
140873723346
1781716392015
140917087981
1781716393012
140960916482
1781716394013
141006132919
1781716395013
141049675533
1781716396013
141096300535
1781716397013
141145317194
1781716398014
141222627116
1781716399012
141307782049
1781716400012
141355415106
1781716401012
141400644605
1781716402012
141445359151
1781716403013
141489519865
1781716404012
141534482275
1781716405009
141584839812
1781716406012
141639147839
1781716407013
141692801816
1781716408009
141743325368
1781716409012
141789463067
1781716410014
141832415472
1781716411013
141880485661
1781716412012
141926918343
1781716413013
141973825022
1781716414014
142017301473
1781716415011
142061205047
1781716416013
142103820173
1781716417013
142146438777
1781716418014
142190103643
1781716419014
142233222063
1781716420013
142275710358
1781716421014
142318846356
1781716422014
142362163689
1781716423012
142406239259
1781716424014
142452033942
1781716425012
142495805925
1781716426014
142539232266
1781716427013
142582119852
1781716428014
142624795646
1781716429014
142669871458
1781716430013
142719156976
1781716431013
142797834204
1781716432012
142882291691
1781716433011
142936323413
1781716434014
142980308835
1781716435012
143027018676
1781716436012
143076115535
1781716437012
143125428641
1781716438012
143172598259
1781716439013
143218171080
1781716440014
143260950816
1781716441014
143304576864
1781716442013
143348724579
1781716443014
143394989780
1781716444012
143438415328
1781716445011
143483108695
1781716446014
143526419558
1781716447012
143569340408
1781716448012
143612409695
1781716449013
143655426003
1781716450014
143698008597
1781716451014
143741289369
1781716452014
143784889050
1781716453014
143828076684
1781716454015
143873165680
1781716455011
143918124915
1781716456013
143961457568
1781716457014
144004002747
1781716458014
144046644972
1781716459013
144090264001
1781716460014
144134111850
1781716461013
144180949682
1781716462012
144224559434
1781716463013
144270509877
1781716464015
144319473619
1781716465011
144379300554
1781716466011
144471798242
1781716467012
144530156857
1781716468011
144579946524
1781716469012
144628131032
1781716470013
144677227830
1781716471014
144721358638
1781716472012
144766127627
1781716473012
144809584486
1781716474012
144856515457
1781716475012
144900224940
1781716476011
144942799111
1781716477013
144985812307
1781716478014
145029108705
1781716479014
145071904188
1781716480013
145115185633
1781716481013
145159549411
1781716482013
145202460800
1781716483013
145245959712
1781716484013
145291251954
1781716485011
145335310496
1781716486012
145378582236
1781716487014
145421247959
1781716488014
145463718554
1781716489014
145506574767
1781716490013
145551153877
1781716491013
145595608719
1781716492014
145640736594
1781716493013
145684724031
1781716494014
145728094403
1781716495010
145772380239
1781716496014
145815166568
1781716497013
145862816348
1781716498014
145916047230
1781716499099
145980691229
1781716500012
146065028416
1781716501011
146112668614
1781716502013
146155842881
1781716503013
146204291670
1781716504012
146253606668
1781716505013
146298501451
1781716506014
146342084652
1781716507013
146385046090
1781716508013
146427845419
1781716509012
146471479096
1781716510014
146514518110
1781716511012
146558121270
1781716512014
146601478581
1781716513013
146648631414
1781716514099
146690264608
1781716515014
146734418548
1781716516013
146777025494
1781716517013
146819750239
1781716518013
146863313726
1781716519014
146906622392
1781716520013
146950075405
1781716521012
146994777989
1781716522014
147041476905
1781716523013
147085611924
1781716524014
147128682187
1781716525012
147177385431
1781716526014
147241629041
1781716527011
147313360242
1781716528013
147362305673
1781716529014
147408439405
1781716530014
147454121539
1781716531013
147504905955
1781716532012
147589182046
1781716533012
147673550177
1781716534013
147727880482
1781716535012
147779175578
1781716536012
147823896044
1781716537014
147871176807
1781716538011
147920402694
1781716539014
147963516781
1781716540016
148010332213
1781716541014
148054109261
1781716542012
148098133318
1781716543015
148145672503
1781716544099
148186412267
1781716545011
148230350387
1781716546014
148274734612
1781716547013
148317808598
1781716548012
148360946366
1781716549013
148404199918
1781716550013
148446819377
1781716551014
148491274707
1781716552015
148535916255
1781716553013
148581518373
1781716554012
148624787671
1781716555012
148668736960
1781716556015
148712228365
1781716557014
148755366682
1781716558011
148802364609
1781716559099
148843159243
1781716560013
148888670174
1781716561013
148932291156
1781716562014
148976002226
1781716563013
149019526284
1781716564013
149066845743
1781716565012
149117601351
1781716566013
149181908132
1781716567012
149263741235
1781716568015
149310347561
1781716569014
149359509789
1781716570014
149402899510
1781716571013
149447785076
1781716572013
149491567129
1781716573014
149537661372
1781716574013
149583198242
1781716575013
149626879222
1781716576014
149670104392
1781716577012
149712082007
1781716578014
149754580677
1781716579014
149797714661
1781716580012
149840876782
1781716581013
149884429466
1781716582013
149928202913
1781716583013
149975353794
1781716584013
150018975386
1781716585012
150067816264
1781716586013
150122301537
1781716587014
150194411765
1781716588011
150239194610
1781716589012
150286669403
1781716590014
150330785318
1781716591014
150374267018
1781716592013
150421713613
1781716593014
150466522763
1781716594012
150510776129
1781716595011
150555314955
1781716596014
150600728718
1781716597013
150644305145
1781716598014
150692946256
1781716599012
150752040709
1781716600012
150836326748
1781716601011
150897842765
1781716602012
150942410583
1781716603012
150986438058
1781716604014
151032474317
1781716605012
151083206121
1781716606013
151130454901
1781716607014
151174961074
1781716608014
151217466397
1781716609012
151261307411
1781716610013
151304761706
1781716611014
151348355223
1781716612014
151392562141
1781716613014
151436530473
1781716614014
151482240744
1781716615011
151526234040
1781716616012
151569111921
1781716617012
151611911433
1781716618013
151655925602
1781716619013
151700847728
1781716620014
151743432885
1781716621014
151786678197
1781716622013
151829658861
1781716623014
151872760069
1781716624013
151916257455
1781716625011
151961194718
1781716626012
152005514795
1781716627014
152051750822
1781716628014
152094950235
1781716629012
152138368947
1781716630014
152181413087
1781716631014
152227859380
1781716632014
152276565981
1781716633014
152353923998
1781716634012
152436063803
1781716635010
152481097562
1781716636014
152526271763
1781716637012
152572290566
1781716638012
152617260543
1781716639012
152662854238
1781716640013
152706214417
1781716641012
152752975040
1781716642012
152797506176
1781716643014
152841641317
1781716644014
152886814846
1781716645011
152936434348
1781716646014
152992583496
1781716647012
153067122063
1781716648012
153116565906
1781716649099
153157866154
1781716650014
153202509045
1781716651012
153247984332
1781716652014
153291166899
1781716653013
153334774332
1781716654012
153378381886
1781716655012
153422609861
1781716656013
153467548101
1781716657011
153513921334
1781716658011
153557475055
1781716659015
153600208772
1781716660012
153642902449
1781716661012
153686013056
1781716662012
153729000007
1781716663013
153772619158
1781716664014
153817962487
1781716665010
153867317280
1781716666013
153922739867
1781716667012
154007229092
1781716668012
154069199331
1781716669012
154119429183
1781716670012
154167828534
1781716671013
154211402031
1781716672014
154257802486
1781716673014
154302552250
1781716674016
154345604630
1781716675011
154391867145
1781716676012
154434410494
1781716677013
154472884150
1781716678014
154516889530
1781716679013
154561652722
1781716680012
154600238926
1781716681013
154639345394
1781716682014
154679111466
1781716683013
154718465614
1781716684014
154759014643
1781716685012
154799906689
1781716686015
154840558135
1781716687012
154883680340
1781716688011
154927242301
1781716689013
154970728151
1781716690013
155013052262
1781716691013
155055404998
1781716692013
155098036053
1781716693013
155141009881
1781716694014
155185138125
1781716695012
155229262402
1781716696014
155272548851
1781716697013
155315064123
1781716698013
155357990405
1781716699013
155405895616
1781716700015
155454955122
1781716701013
155535823079
1781716702012
155608909440
1781716703010
155656221086
1781716704014
155701712303
1781716705012
155782960142
1781716706013
155868562401
1781716707011
155923675419
1781716708012
155967568251
1781716709012
156014086381
1781716710013
156058339930
1781716711013
156102872470
1781716712014
156149451696
1781716713012
156192685228
1781716714013
156235439757
1781716715013
156279126169
1781716716014
156323310626
1781716717013
156367522305
1781716718012
156411824499
1781716719014
156456736798
1781716720013
156500518180
1781716721014
156544099734
1781716722013
156587542494
1781716723015
156634380142
1781716724099
156675756379
1781716725012
156719732707
1781716726013
156762318047
1781716727013
156804689521
1781716728013
156846986166
1781716729014
156889583774
1781716730014
156932229600
1781716731013
156976307429
1781716732013
157019822515
1781716733012
157068274845
1781716734013
157117523864
1781716735012
157189696775
1781716736012
157268134746
1781716737013
157311242240
1781716738012
157354587222
1781716739013
157401371038
1781716740013
157444717545
1781716741014
157488116360
1781716742013
157533370822
1781716743014
157576325729
1781716744013
157619771541
1781716745012
157664010929
1781716746013
157707474319
1781716747014
157752267906
1781716748013
157796626801
1781716749013
157841767982
1781716750013
157884333974
1781716751013
157928278197
1781716752015
157971446788
1781716753013
158018292981
1781716754096
158059599944
1781716755010
158104682958
1781716756013
158147417346
1781716757015
158190277160
1781716758013
158232725904
1781716759014
158275817286
1781716760013
158318571571
1781716761013
158361596790
1781716762013
158404849182
1781716763013
158448289195
1781716764014
158492040731
1781716765012
158540906756
1781716766012
158610534446
1781716767012
158683867755
1781716768014
158741302849
1781716769013
158823864833
1781716770013
158882359495
1781716771013
158927200078
1781716772014
158972094434
1781716773014
159017582171
1781716774013
159061851833
1781716775010
159106275853
1781716776013
159149950607
1781716777013
159193739618
1781716778013
159239161682
1781716779012
159284343390
1781716780013
159327274799
1781716781014
159370663665
1781716782014
159414324686
1781716783015
159457602041
1781716784013
159503160518
1781716785013
159547179143
1781716786014
159589909136
1781716787013
159632246735
1781716788013
159675618084
1781716789013
159719317557
1781716790013
159762118656
1781716791012
159805691238
1781716792014
159849009974
1781716793014
159893022923
1781716794014
159936257859
1781716795012
159980974847
1781716796014
160024339115
1781716797014
160066759600
1781716798014
160116321302
1781716799098
160158179105
1781716800013
160204603486
1781716801013
160253253202
1781716802014
160306040115
1781716803012
160390224531
1781716804011
160442139071
1781716805009
160486873759
1781716806013
160530079764
1781716807012
160580315964
1781716808014
160625384208
1781716809012
160680439670
1781716810013
160725469767
1781716811013
160769269826
1781716812013
160812150880
1781716813014
160856136730
1781716814014
160900689594
1781716815011
160944351653
1781716816013
160987723063
1781716817012
161030622550
1781716818013
161073509647
1781716819014
161116964675
1781716820013
161159318388
1781716821013
161203114113
1781716822014
161246254872
1781716823013
161289880553
1781716824014
161333083690
1781716825012
161382410163
1781716826013
161437285205
1781716827014
161486001572
1781716828013
161534902692
1781716829012
161584418618
1781716830017
161630191511
1781716831014
161676491380
1781716832013
161722734609
1781716833014
161768950738
1781716834013
161816931450
1781716835010
161867132616
1781716836013
161916592389
1781716837013
161975616713
1781716838009
162031999930
1781716839012
162080264272
1781716840013
162127592703
1781716841014
162173943720
1781716842013
162219953307
1781716843013
162270542716
1781716844098
162313129338
1781716845011
162359590156
1781716846013
162405286023
1781716847014
162451137712
1781716848012
162496710899
1781716849013
162542948513
1781716850014
162588829499
1781716851013
162634898167
1781716852013
162680626749
1781716853012
162726752241
1781716854013
162772866564
1781716855010
162819685170
1781716856011
162865904473
1781716857013
162911282897
1781716858013
162957583865
1781716859014
163006375610
1781716860012
163052384647
1781716861012
163098464485
1781716862015
163144297681
1781716863014
163189985613
1781716864013
163236320700
1781716865011
163282333094
1781716866014
163327091952
1781716867013
163370907330
1781716868011
163417903243
1781716869013
163468283241
1781716870013
163517574558
1781716871013
163567488797
1781716872014
163613463228
1781716873013
163656728559
1781716874013
163699633357
1781716875012
163742596931
1781716876012
163785885882
1781716877013
163828989715
1781716878013
163871605878
1781716879013
163915250114
1781716880013
163958690921
1781716881014
164002106581
1781716882013
164045561548
1781716883013
164088845068
1781716884013
164131818468
1781716885012
164180777205
1781716886013
164246854551
1781716887012
164317075624
1781716888013
164365809447
1781716889099
164407592848
1781716890012
164453080769
1781716891014
164496571685
1781716892015
164539625530
1781716893014
164582483086
1781716894014
164625760014
1781716895012
164669762892
1781716896014
164713832298
1781716897013
164756448766
1781716898013
164800694747
1781716899013
164843598690
1781716900012
164888977236
1781716901014
164935209356
1781716902013
164979381667
1781716903013
165032689331
1781716904098
165092540985
1781716905008
165177480464
1781716906012
165233519994
1781716907011
165282209688
1781716908013
165327472390
1781716909013
165372197312
1781716910015
165416309260
1781716911015
165464548272
1781716912012
165510738705
1781716913012
165554708197
1781716914012
165597728900
1781716915012
165641551054
1781716916012
165685083413
1781716917013
165727866873
1781716918014
165774289789
1781716919099
165816128549
1781716920014
165862792003
1781716921013
165906249595
1781716922013
165949460788
1781716923012
165992704452
1781716924015
166036063838
1781716925012
166079171271
1781716926014
166122484149
1781716927012
166165097687
1781716928014
166209066874
1781716929012
166252236563
1781716930013
166297094725
1781716931012
166342064275
1781716932015
166385571732
1781716933014
166429290614
1781716934013
166474320894
1781716935011
166519800575
1781716936012
166563305408
1781716937013
166611843736
1781716938013
166660646284
1781716939014
166727812494
1781716940011
166809927274
1781716941012
166854803258
1781716942014
166902051733
1781716943012
166945711778
1781716944012
166989702327
1781716945011
167038576591
1781716946014
167117010045
1781716947011
167185768658
1781716948013
167229264091
1781716949013
167274526488
1781716950013
167319713200
1781716951013
167365667856
1781716952013
167416461061
1781716953013
167459568738
1781716954012
167502607386
1781716955012
167546025609
1781716956013
167589585862
1781716957013
167632072630
1781716958013
167676253609
1781716959014
167719549762
1781716960014
167762483063
1781716961014
167808094152
1781716962013
167853034772
1781716963012
167896729362
1781716964012
167942091307
1781716965011
167986342536
1781716966013
168030018145
1781716967014
168072621490
1781716968012
168115513104
1781716969014
168158843621
1781716970013
168201325323
1781716971013
168250178958
1781716972014
168299965269
1781716973011
168383832180
1781716974012
168450142680
1781716975012
168494050892
1781716976014
168537090638
1781716977012
168584028262
1781716978013
168627861097
1781716979016
168673260150
1781716980014
168716486175
1781716981013
168762123937
1781716982013
168805238572
1781716983013
168848220030
1781716984013
168891488046
1781716985010
168935334858
1781716986012
168978104219
1781716987014
169020886946
1781716988012
169064706780
1781716989014
169107512518
1781716990013
169150377093
1781716991013
169195040187
1781716992012
169238857824
1781716993013
169284053326
1781716994014
169327622062
1781716995013
169370823062
1781716996012
169414377333
1781716997015
169457063564
1781716998014
169499777932
1781716999012
169542705312
1781717000013
169585389651
1781717001013
169628733901
1781717002013
169671611599
1781717003013
169714981116
1781717004013
169758023059
1781717005010
169808515728
1781717006014
169865975664
1781717007013
169944947569
1781717008011
170029774378
1781717009012
170085667118
1781717010013
170131055247
1781717011012
170176612076
1781717012012
170222667134
1781717013013
170265834748
1781717014012
170309391765
1781717015011
170355202500
1781717016013
170398587582
1781717017013
170441809639
1781717018013
170485938310
1781717019012
170529178251
1781717020013
170572506997
1781717021014
170616346851
1781717022012
170661802423
1781717023011
170706380312
1781717024013
170752300788
1781717025011
170796993300
1781717026013
170840370325
1781717027013
170883183143
1781717028012
170925762807
1781717029014
170968672060
1781717030013
171011623854
1781717031012
171055973716
1781717032013
171099598605
1781717033014
171143052168
1781717034013
171186455926
1781717035011
171230331302
1781717036012
171273511917
1781717037013
171316694362
1781717038012
171360054664
1781717039013
171408566747
1781717040013
171457724763
1781717041014
171531397243
1781717042012
171605973651
1781717043013
171649943204
1781717044013
171697941006
1781717045011
171744220795
1781717046012
171789659033
1781717047014
171835536906
1781717048013
171880902085
1781717049011
171924311581
1781717050014
171967210336
1781717051012
172010416036
1781717052013
172053275301
1781717053012
172098929664
1781717054013
172144823102
1781717055015
172188030816
1781717056013
172231619754
1781717057014
172274528275
1781717058016
172316775603
1781717059013
172359762920
1781717060014
172402164789
1781717061014
172445842167
1781717062013
172488749711
1781717063013
172532430142
1781717064014
172575062662
1781717065012
172623758460
1781717066015
172678026937
1781717067012
172730285409
1781717068009
172779909855
1781717069013
172825307016
1781717070014
172867700401
1781717071013
172912732696
1781717072013
172969135200
1781717073014
173054020786
1781717074012
173139054748
1781717075008
173213382378
1781717076013
173259159787
1781717077012
173304084111
1781717078014
173349465159
1781717079014
173396464123
1781717080014
173445667794
1781717081014
173489774981
1781717082014
173532408050
1781717083013
173577720984
1781717084014
173624546547
1781717085012
173668421862
1781717086015
173712253476
1781717087014
173755062815
1781717088013
173797949363
1781717089013
173841202365
1781717090014
173883910324
1781717091013
173927210018
1781717092013
173970264351
1781717093015
174013678913
1781717094013
174056619355
1781717095011
174100506633
1781717096013
174143814444
1781717097013
174186691715
1781717098013
174229653153
1781717099012
174274702842
1781717100014
174318840485
1781717101013
174363236185
1781717102016
174406312612
1781717103013
174450020875
1781717104014
174496484135
1781717105012
174541552684
1781717106015
174590605231
1781717107014
174642004941
1781717108012
174726024440
1781717109012
174783363283
1781717110014
174828699287
1781717111012
174875427622
1781717112012
174924469489
1781717113013
174975943539
1781717114012
175021820802
1781717115011
175066805001
1781717116014
175110049641
1781717117013
175153210359
1781717118013
175195157944
1781717119014
175237753111
1781717120013
175280520580
1781717121013
175323769553
1781717122014
175367315035
1781717123013
175410834516
1781717124015
175453730952
1781717125011
175502319572
1781717126013
175556582861
1781717127013
175605403171
1781717128013
175654174042
1781717129014
175701609712
1781717130014
175745960184
1781717131014
175790180957
1781717132014
175833778013
1781717133013
175877234872
1781717134014
175923047926
1781717135012
175966888268
1781717136012
176010310215
1781717137012
176053725631
1781717138014
176097804376
1781717139014
176142444276
1781717140015
176191477232
1781717141012
176241965445
1781717142011
176325798604
1781717143012
176391331518
1781717144099
176435065720
1781717145012
176481289539
1781717146014
176525454404
1781717147013
176576217946
1781717148012
176620007812
1781717149012
176663335887
1781717150014
176706202843
1781717151014
176749474522
1781717152013
176792705246
1781717153013
176836442195
1781717154012
176879757513
1781717155012
176923594437
1781717156013
176966652616
1781717157013
177009929421
1781717158013
177053455372
1781717159014
177098177242
1781717160014
177141502449
1781717161014
177185905167
1781717162014
177229245693
1781717163013
177272213357
1781717164012
177316436876
1781717165013
177362476859
1781717166012
177405254154
1781717167013
177448232926
1781717168012
177491518948
1781717169013
177535744848
1781717170014
177578653979
1781717171015
177622134519
1781717172012
177665268137
1781717173013
177710737075
1781717174014
177760803354
1781717175011
177815812368
1781717176012
177901208145
1781717177012
177952681280
1781717178012
177995856097
1781717179012
178041461021
1781717180013
178085902985
1781717181012
178131051490
1781717182014
178174175098
1781717183014
178217714171
1781717184013
178260631847
1781717185012
178309450814
1781717186016
178383567873
1781717187011
178451329906
1781717188013
178495566121
1781717189015
178541352442
1781717190013
178585690829
1781717191013
178631107705
1781717192014
178674473378
1781717193013
178717351137
1781717194012
178760882214
1781717195012
178807592666
1781717196011
178850360379
1781717197014
178893969093
1781717198013
178937564013
1781717199013
178981372739
1781717200014
179024594796
1781717201014
179068334613
1781717202012
179111341644
1781717203013
179154550701
1781717204012
179199894457
1781717205012
179245667472
1781717206013
179290488036
1781717207013
179336079472
1781717208014
179384955690
1781717209014
179434218442
1781717210013
179491528964
1781717211012
179541781582
1781717212013
179585192421
1781717213013
179632389322
1781717214013
179682383212
1781717215010
179727881936
1781717216013
179771140370
1781717217013
179814130250
1781717218014
179858038158
1781717219013
179903697160
1781717220014
179946203704
1781717221014
179991502355
1781717222011
180035427474
1781717223013
180078401424
1781717224014
180122059516
1781717225012
180167232618
1781717226012
180211794699
1781717227016
180254696017
1781717228013
180298020003
1781717229013
180341917657
1781717230012
180384698309
1781717231014
180428318803
1781717232013
180471576993
1781717233012
180514715859
1781717234014
180560612043
1781717235011
180606278613
1781717236015
180650821224
1781717237012
180695070439
1781717238013
180738416519
1781717239014
180781221280
1781717240014
180824026530
1781717241014
180867694020
1781717242013
180916757677
1781717243013
180968509192
1781717244011
181052721257
1781717245008
181119284075
1781717246013
181175945978
1781717247013
181238713517
1781717248012
181289259958
1781717249100
181334559952
1781717250014
181381249102
1781717251012
181431870066
1781717252014
181479074230
1781717253012
181523322103
1781717254014
181566403780
1781717255013
181609973126
1781717256013
181655502490
1781717257013
181698701048
1781717258014
181742162119
1781717259013
181786147480
1781717260014
181829745208
1781717261013
181873466592
1781717262014
181916598318
1781717263013
181959792787
1781717264013
182005459662
1781717265013
182050497816
1781717266014
182094012842
1781717267013
182137218664
1781717268014
182181189803
1781717269014
182224589900
1781717270012
182268328863
1781717271012
182312484206
1781717272012
182356164697
1781717273013
182400016575
1781717274016
182442682664
1781717275010
182486593746
1781717276012
182533969235
1781717277013
182582792413
1781717278015
182637649389
1781717279012
182718817944
1781717280013
182762834188
1781717281012
182807252043
1781717282013
182852331091
1781717283012
182896576217
1781717284012
182940093195
1781717285011
182984802431
1781717286014
183028175916
1781717287011
183072935934
1781717288013
183116177766
1781717289014
183159710736
1781717290013
183203265251
1781717291013
183246528019
1781717292013
183288967180
1781717293014
183333265712
1781717294013
183378779145
1781717295013
183421494978
1781717296014
183466864246
1781717297014
183510032654
1781717298013
183553683848
1781717299012
183593777984
1781717300014
183633831470
1781717301013
183674009041
1781717302012
183713570280
1781717303012
183755220076
1781717304014
183796504028
1781717305011
183843576356
1781717306012
183905082119
1781717307013
183956662370
1781717308011
184004111467
1781717309017
184050533773
1781717310013
184097197044
1781717311014
184145136131
1781717312015
184194613360
1781717313012
184271009832
1781717314011
184334633692
1781717315013
184382039272
1781717316014
184426601291
1781717317013
184473417639
1781717318013
184517480331
1781717319013
184565586592
1781717320013
184609726677
1781717321012
184653231204
1781717322013
184696145645
1781717323013
184739704250
1781717324013
184785200959
1781717325011
184828452375
1781717326012
184873930285
1781717327014
184917576353
1781717328016
184961690254
1781717329013
185005178973
1781717330014
185047805573
1781717331014
185091676920
1781717332014
185134649528
1781717333013
185177893619
1781717334012
185221498488
1781717335011
185265456322
1781717336015
185308760227
1781717337012
185352043747
1781717338013
185398660754
1781717339098
185440406557
1781717340013
185483160049
1781717341013
185526859888
1781717342012
185570785496
1781717343012
185613906846
1781717344013
185657959956
1781717345011
185705804926
1781717346012
185755567799
1781717347012
185839517962
1781717348012
185911871110
1781717349011
185955536525
1781717350013
186001210114
1781717351014
186044815105
1781717352014
186088145622
1781717353014
186134266659
1781717354014
186180789916
1781717355011
186224416208
1781717356013
186267638326
1781717357012
186312335539
1781717358014
186356499671
1781717359013
186400870712
1781717360013
186443080809
1781717361013
186486566721
1781717362014
186529433494
1781717363012
186573007601
1781717364014
186615777694
1781717365011
186664400372
1781717366013
186719087122
1781717367014
186785124551
1781717368013
186829213427
1781717369015
186877768539
1781717370014
186920480344
1781717371013
186965663944
1781717372013
187010587352
1781717373013
187053541710
1781717374012
187099003569
1781717375012
187142309610
1781717376014
187185226309
1781717377013
187228652712
1781717378014
187274865057
1781717379011
187324730225
1781717380013
187375307305
1781717381012
187459348899
1781717382012
187513563237
1781717383013
187561825504
1781717384014
187609180668
1781717385010
187658648804
1781717386014
187704155279
1781717387013
187749100476
1781717388014
187793244223
1781717389014
187838392484
1781717390014
187881405496
1781717391012
187925373463
1781717392013
187968824645
1781717393012
188012713754
1781717394012
188056112508
1781717395011
188100313261
1781717396014
188143469096
1781717397014
188186551261
1781717398013
188230400331
1781717399014
188275586372
1781717400013
188324167302
1781717401011
188367834549
1781717402013
188411331874
1781717403012
188454854590
1781717404012
188498800644
1781717405013
188542452632
1781717406012
188585756721
1781717407014
188629735612
1781717408012
188673298611
1781717409013
188720017058
1781717410013
188763402323
1781717411011
188806986867
1781717412014
188853541985
1781717413015
188902778065
1781717414014
188965011182
1781717415009
189047389816
1781717416012
189093953967
1781717417013
189142328904
1781717418013
189186917352
1781717419012
189233454892
1781717420014
189278747806
1781717421014
189324626777
1781717422014
189367954364
1781717423014
189412027860
1781717424013
189455317178
1781717425012
189503942908
1781717426014
189558138814
1781717427013
189606615496
1781717428014
189650602627
1781717429013
189696124972
1781717430014
189739229049
1781717431013
189783125115
1781717432013
189826566594
1781717433013
189870333938
1781717434014
189913574916
1781717435011
189957905430
1781717436014
190000981491
1781717437012
190043504637
1781717438014
190086859384
1781717439014
190133370801
1781717440014
190176830711
1781717441013
190220472323
1781717442013
190263111741
1781717443013
190306131711
1781717444013
190352025759
1781717445012
190395633008
1781717446015
190443501416
1781717447013
190492261606
1781717448013
190559176473
1781717449011
190644206895
1781717450013
190696466039
1781717451010
190745347200
1781717452012
190788837018
1781717453013
190833054495
1781717454012
190879699090
1781717455011
190925508849
1781717456013
190968585521
1781717457016
191011181298
1781717458012
191054662876
1781717459015
191099730754
1781717460013
191143193106
1781717461014
191186861634
1781717462014
191229927686
1781717463014
191273446495
1781717464013
191316676426
1781717465012
191360440169
1781717466012
191403555843
1781717467013
191446697883
1781717468013
191489977191
1781717469013
191534030240
1781717470013
191579860933
1781717471013
191623930034
1781717472012
191666841729
1781717473012
191709915959
1781717474014
191754958324
1781717475011
191798354942
1781717476013
191841102818
1781717477014
191883322864
1781717478012
191928677240
1781717479012
191973033022
1781717480014
192015819595
1781717481012
192065555979
1781717482012
192114427558
1781717483012
192181667559
1781717484011
192251503135
1781717485010
192300341389
1781717486014
192384309618
1781717487013
192451871396
1781717488012
192496954228
1781717489012
192543252510
1781717490012
192588869825
1781717491013
192632386559
1781717492012
192675661473
1781717493013
192719646467
1781717494013
192762690486
1781717495011
192807115238
1781717496014
192850599868
1781717497013
192893386440
1781717498012
192936867286
1781717499013
192980660631
1781717500012
193026558768
1781717501013
193070909789
1781717502015
193113987255
1781717503012
193157358726
1781717504013
193202336394
1781717505010
193246959571
1781717506013
193289845081
1781717507012
193333516844
1781717508014
193382941095
1781717509012
193428107361
1781717510013
193472086802
1781717511014
193516857012
1781717512014
193560494657
1781717513014
193604200233
1781717514012
193648743088
1781717515011
193698347514
1781717516014
193747541663
1781717517012
193829296642
1781717518011
193883679071
1781717519013
193929498168
1781717520013
193972204296
1781717521013
194016121786
1781717522013
194059567598
1781717523013
194103295330
1781717524013
194146645073
1781717525012
194189932865
1781717526013
194233459365
1781717527011
194276450038
1781717528014
194319199929
1781717529014
194363184863
1781717530013
194406973630
1781717531014
194452580935
1781717532013
194496069349
1781717533013
194539573449
1781717534013
194583898287
1781717535012
194626623702
1781717536014
194669114133
1781717537013
194711818369
1781717538013
194754201989
1781717539014
194799814177
1781717540014
194844290076
1781717541012
194889647016
1781717542014
194932964898
1781717543013
194976483158
1781717544014
195019257707
1781717545013
195067767043
1781717546014
195122051023
1781717547013
195170836848
1781717548013
195216415039
1781717549013
195265994624
1781717550013
195317207567
1781717551012
195401208084
1781717552012
195461340010
1781717553013
195505526665
1781717554012
195550732665
1781717555011
195595667730
1781717556012
195638577349
1781717557013
195682827297
1781717558014
195726061745
1781717559012
195769834887
1781717560014
195813145872
1781717561014
195860042176
1781717562012
195903714854
1781717563014
195947360311
1781717564015
195992720730
1781717565012
196036219276
1781717566014
196079209522
1781717567013
196122854430
1781717568014
196165427014
1781717569013
196210813494
1781717570013
196254662503
1781717571013
196298632667
1781717572013
196343266769
1781717573013
196386820246
1781717574013
196430326848
1781717575012
196474092789
1781717576013
196517773524
1781717577013
196561591466
1781717578016
196604690355
1781717579014
196650177726
1781717580014
196693734805
1781717581013
196737703686
1781717582014
196784860487
1781717583014
196833976877
1781717584013
196902522173
1781717585010
196983655388
1781717586015
197026395086
1781717587012
197073079231
1781717588012
197116142048
1781717589013
197159947661
1781717590014
197209198329
1781717591013
197253897006
1781717592012
197300476721
1781717593013
197344400314
1781717594014
197389319999
1781717595012
197433277406
1781717596014
197475811049
1781717597012
197519150172
1781717598013
197562143104
1781717599012
197606123277
1781717600014
197650658563
1781717601014
197694712772
1781717602012
197739284069
1781717603014
197783132162
1781717604013
197826048190
1781717605012
197874576142
1781717606014
197938740895
1781717607012
198011912155
1781717608013
198056284234
1781717609014
198104435783
1781717610013
198148303469
1781717611012
198193337228
1781717612012
198236748799
1781717613013
198279561311
1781717614013
198323090436
1781717615012
198366270318
1781717616013
198413805474
1781717617013
198462634634
1781717618013
198529488406
1781717619011
198609069257
1781717620012
198653322012
1781717621015
198698479855
1781717622014
198744160464
1781717623016
198789774361
1781717624013
198837432686
1781717625010
198881983719
1781717626013
198925096036
1781717627013
198967799112
1781717628013
199010942740
1781717629014
199054291750
1781717630013
199097795606
1781717631013
199143333697
1781717632017
199187988002
1781717633014
199232977450
1781717634012
199276383894
1781717635011
199320437614
1781717636012
199363370793
1781717637014
199405968706
1781717638014
199452744892
1781717639097
199494008947
1781717640013
199536492786
1781717641013
199579459473
1781717642013
199622648510
1781717643013
199665716149
1781717644014
199709454440
1781717645012
199753238996
1781717646014
199796328913
1781717647012
199839801580
1781717648013
199884371229
1781717649012
199927931969
1781717650014
199973689237
1781717651014
200022653590
1781717652013
200089915624
1781717653011
200155559438
1781717654012
200214626609
1781717655010
200260787929
1781717656012
200304300635
1781717657014
200347827867
1781717658013
200397270673
1781717659012
200444193709
1781717660012
200488297722
1781717661012
200534307065
1781717662012
200578508307
1781717663013
200623443861
1781717664014
200666785791
1781717665013
200715400473
1781717666013
200775126639
1781717667014
200848110705
1781717668014
200894935414
1781717669099
200942316518
1781717670015
200985868531
1781717671013
201033028139
1781717672014
201080082340
1781717673012
201124266187
1781717674014
201168721456
1781717675012
201212646881
1781717676014
201255174665
1781717677013
201297971797
1781717678015
201341242133
1781717679014
201384529803
1781717680014
201427128266
1781717681013
201470622234
1781717682014
201514923695
1781717683013
201558743224
1781717684014
201608398126
1781717685011
201657732961
1781717686014
201739297816
1781717687011
201815891858
1781717688013
201862965529
1781717689012
201913162178
1781717690012
201956450397
1781717691013
202005164689
1781717692012
202049343714
1781717693012
202094987823
1781717694011
202145046716
1781717695012
202188636265
1781717696014
202231487779
1781717697012
202274868039
1781717698014
202317945870
1781717699013
202363723036
1781717700013
202406256130
1781717701012
202449887244
1781717702013
202493000293
1781717703015
202536218566
1781717704014
202580529427
1781717705011
202623966571
1781717706013
202666894135
1781717707013
202710224041
1781717708015
202753411980
1781717709014
202797799744
1781717710014
202841675975
1781717711012
202885088889
1781717712014
202929181977
1781717713013
202972687053
1781717714014
203017908861
1781717715012
203063441032
1781717716014
203106463444
1781717717013
203149762955
1781717718014
203195879231
1781717719013
203245026017
1781717720013
203315497943
1781717721010
203399772569
1781717722012
203452062535
1781717723013
203498862891
1781717724014
203542630357
1781717725012
203592944621
1781717726013
203649699663
1781717727014
203721289263
1781717728013
203769058122
1781717729012
203816294391
1781717730013
203859336822
1781717731014
203904564978
1781717732013
203949148604
1781717733014
203994306325
1781717734013
204038607786
1781717735011
204082591744
1781717736014
204125212179
1781717737013
204168537874
1781717738013
204212001813
1781717739013
204256456899
1781717740015
204299929322
1781717741013
204343222180
1781717742013
204386908530
1781717743014
204430500277
1781717744013
204476047645
1781717745013
204522667765
1781717746011
204565392571
1781717747012
204608107549
1781717748013
204651085344
1781717749014
204694134123
1781717750013
204737468851
1781717751013
204780611807
1781717752013
204830508774
1781717753013
204910611230
1781717754011
204994840018
1781717755008
205053755639
1781717756012
205097674411
1781717757013
205140592453
1781717758014
205185397331
1781717759012
205233608877
1781717760014
205278641050
1781717761013
205324108646
1781717762011
205367344375
1781717763013
205410883021
1781717764013
205454277380
1781717765011
205498491439
1781717766015
205541321835
1781717767014
205584039987
1781717768013
205627031210
1781717769014
205670793915
1781717770014
205713894147
1781717771014
205757786979
1781717772013
205801529665
1781717773011
205845576244
1781717774013
205889753316
1781717775011
205933175385
1781717776013
205978319373
1781717777013
206020991383
1781717778012
206064815429
1781717779014
206110109685
1781717780013
206154186172
1781717781015
206197347621
1781717782014
206243467559
1781717783014
206287614907
1781717784013
206330583425
1781717785012
206379917344
1781717786014
206439898575
1781717787011
206512144118
1781717788010
206595214584
1781717789011
206660712585
1781717790013
206707403322
1781717791012
206753185004
1781717792012
206801470769
1781717793013
206845480117
1781717794012
206889426477
1781717795010
206934998809
1781717796013
206978795816
1781717797013
207021830130
1781717798014
207065315675
1781717799014
207108903393
1781717800012
207152996847
1781717801012
207196484224
1781717802012
207240086834
1781717803013
207284264150
1781717804014
207329308957
1781717805012
207374275333
1781717806012
207420224251
1781717807012
207463279012
1781717808013
207506245638
1781717809014
207549559614
1781717810014
207593309868
1781717811015
207636569157
1781717812013
207681683726
1781717813013
207726248553
1781717814014
207769971342
1781717815011
207813243509
1781717816012
207857547473
1781717817012
207900164368
1781717818013
207943522961
1781717819015
207989709793
1781717820013
208038597851
1781717821013
208102881989
1781717822011
208187381833
1781717823013
208239226000
1781717824012
208282913632
1781717825012
208330770077
1781717826013
208375206609
1781717827013
208418455583
1781717828013
208465218463
1781717829013
208509601101
1781717830014
208554215245
1781717831012
208598730146
1781717832012
208641836114
1781717833013
208690415153
1781717834098
208731747810
1781717835012
208776188798
1781717836014
208818815275
1781717837015
208863785802
1781717838014
208906350330
1781717839014
208949310486
1781717840013
208992472729
1781717841014
209036461569
1781717842013
209079532198
1781717843013
209125633216
1781717844016
209169609482
1781717845012
209218171736
1781717846013
209280366218
1781717847012
209352837285
1781717848014
209396006852
1781717849013
209446059702
1781717850012
209494936897
1781717851014
209538993302
1781717852014
209582738613
1781717853014
209628969574
1781717854013
209677884670
1781717855010
209740334340
1781717856011
209824334247
1781717857013
209877760990
1781717858013
209921721204
1781717859012
209966149497
1781717860012
210011697354
1781717861013
210057376741
1781717862014
210100482588
1781717863013
210149996621
1781717864014
210194088976
1781717865011
210237296019
1781717866012
210280090343
1781717867013
210322938439
1781717868014
210368447783
1781717869013
210411668314
1781717870014
210456279895
1781717871013
210500028196
1781717872014
210542978403
1781717873014
210588938491
1781717874012
210632870690
1781717875011
210676119176
1781717876014
210718684801
1781717877013
210762974849
1781717878014
210805971382
1781717879014
210851219740
1781717880013
210894057399
1781717881013
210937796362
1781717882014
210981876694
1781717883013
211025638483
1781717884013
211068900030
1781717885011
211113577467
1781717886014
211156519801
1781717887014
211199914771
1781717888013
211248782199
1781717889013
211298082854
1781717890012
211365722024
1781717891014
211446500565
1781717892012
211490786279
1781717893013
211534632420
1781717894013
211580803322
1781717895011
211625922286
1781717896012
211672610338
1781717897012
211719733020
1781717898013
211763607541
1781717899014
211808948124
1781717900014
211852112808
1781717901013
211896044336
1781717902014
211939322180
1781717903014
211983116074
1781717904013
212028571951
1781717905012
212077674303
1781717906013
212158341883
1781717907012
212224277200
1781717908013
212272836646
1781717909098
212314518546
1781717910013
212360622737
1781717911012
212404137823
1781717912012
212446874225
1781717913013
212490809659
1781717914013
212533682108
1781717915013
212577406972
1781717916011
212620768860
1781717917012
212663531507
1781717918013
212707488731
1781717919012
212751051608
1781717920012
212793510117
1781717921012
212834920351
1781717922013
212883968626
1781717923011
212946749471
1781717924010
213028968499
1781717925009
213087823878
1781717926013
213129876810
1781717927012
213171251094
1781717928012
213212369152
1781717929012
213263276310
1781717930013
213303670493
1781717931012
213348360381
1781717932013
213393169776
1781717933014
213439228862
1781717934013
213483293996
1781717935012
213527098510
1781717936014
213569333204
1781717937014
213609597750
1781717938013
213653223737
1781717939013
213699135546
1781717940014
213741887694
1781717941015
213785458017
1781717942014
213828611288
1781717943013
213871978304
1781717944013
213914773909
1781717945012
213958282404
1781717946013
214001998173
1781717947013
214045245438
1781717948014
214088874111
1781717949012
214132151649
1781717950014
214174942555
1781717951014
214218339661
1781717952014
214261510327
1781717953013
214306745013
1781717954013
214351927453
1781717955011
214399394007
1781717956014
214448332480
1781717957012
214510432663
1781717958012
214590932823
1781717959012
214637717493
1781717960014
214682745210
1781717961012
214730165438
1781717962012
214773919842
1781717963013
214822587015
1781717964014
214868982404
1781717965012
214918971290
1781717966012
214984006890
1781717967011
215057580005
1781717968012
215103074578
1781717969013
215150871636
1781717970014
215197524349
1781717971012
215241695134
1781717972012
215290128360
1781717973013
215335635873
1781717974014
215379194172
1781717975012
215423276517
1781717976014
215466812112
1781717977014
215510421253
1781717978014
215553528198
1781717979013
215596527478
1781717980014
215639776146
1781717981012
215683443759
1781717982013
215726641769
1781717983013
215774550948
1781717984098
215816822141
1781717985013
215860300179
1781717986015
215902962118
1781717987012
215945893222
1781717988013
215988662948
1781717989012
216034048147
1781717990013
216084038681
1781717991012
216147574895
1781717992011
216231418797
1781717993013
216278413794
1781717994013
216321483508
1781717995011
216365786861
1781717996013
216412448729
1781717997013
216456237862
1781717998013
216499889911
1781717999015
216544717860
1781718000014
216589488986
1781718001014
216633098310
1781718002014
216676134028
1781718003014
216719012946
1781718004015
216762196369
1781718005014
216805974699
1781718006013
216849500527
1781718007015
216892214285
1781718008014
216935263980
1781718009013
216978248550
1781718010014
217021360195
1781718011012
217064823218
1781718012013
217107672718
1781718013014
217151956052
1781718014013
217198177491
1781718015014
217243380989
1781718016013
217285557944
1781718017014
217328945772
1781718018013
217371296311
1781718019014
217414435788
1781718020013
217457557809
1781718021012
217504107860
1781718022014
217547900656
1781718023013
217595032493
1781718024012
217643954487
1781718025011
217728743821
1781718026012
217820368770
1781718027011
217869452872
1781718028011
217912863345
1781718029014
217957241588
1781718030013
218000222618
1781718031014
218044742219
1781718032014
218087942059
1781718033012
218131068047
1781718034013
218174403080
1781718035012
218218648695
1781718036014
218262188439
1781718037013
218305218847
1781718038014
218348672410
1781718039012
218391660825
1781718040013
218434890634
1781718041013
218477989339
1781718042013
218521134004
1781718043014
218564050887
1781718044014
218610127063
1781718045012
218654075375
1781718046013
218697743416
1781718047012
218740644429
1781718048013
218783876374
1781718049013
218826888410
1781718050014
218869958673
1781718051014
218916772823
1781718052014
218959831490
1781718053012
219003303668
1781718054014
219046615997
1781718055011
219090447794
1781718056012
219135318894
1781718057012
219184617718
1781718058014
219244294140
1781718059097
219322216548
1781718060012
219384665180
1781718061013
219430349633
1781718062013
219473603246
1781718063014
219516416063
1781718064014
219559700987
1781718065010
219604313482
1781718066013
219647865495
1781718067012
219690580229
1781718068014
219733503215
1781718069013
219776940909
1781718070014
219820155398
1781718071013
219863974073
1781718072013
219906975977
1781718073014
219950149755
1781718074014
219995850810
1781718075012
220039473623
1781718076013
220082996278
1781718077013
220125741225
1781718078014
220168260220
1781718079013
220211049966
1781718080012
220253451164
1781718081014
220297998230
1781718082013
220343729741
1781718083013
220387412003
1781718084014
220430705715
1781718085012
220479440331
1781718086014
220533774299
1781718087014
220583302004
1781718088014
220633115902
1781718089013
220679985655
1781718090014
220725436894
1781718091013
220775245421
1781718092013
220852290939
1781718093011
220936002151
1781718094012
220980995627
1781718095012
221028515281
1781718096012
221072999115
1781718097011
221116626750
1781718098013
221160140554
1781718099012
221204354430
1781718100014
221249437078
1781718101012
221293811355
1781718102014
221337184901
1781718103013
221380661291
1781718104018
221424409287
1781718105011
221468236872
1781718106013
221511360663
1781718107013
221554818926
1781718108014
221598080412
1781718109013
221646419461
1781718110011
221690531897
1781718111013
221734390427
1781718112013
221780842884
1781718113013
221824490538
1781718114014
221867566478
1781718115012
221911144735
1781718116013
221953921603
1781718117013
221998440227
1781718118014
222042595265
1781718119013
222088332880
1781718120014
222134176391
1781718121014
222179625493
1781718122013
222223650344
1781718123013
222266665126
1781718124012
222315150598
1781718125012
222364571126
1781718126012
222440871712
1781718127012
222510833996
1781718128013
222558582348
1781718129014
222607817634
1781718130014
222651349383
1781718131013
222699434282
1781718132012
222742833585
1781718133013
222790555143
1781718134013
222836970978
1781718135010
222882055458
1781718136013
222925171985
1781718137013
222968277161
1781718138014
223010514174
1781718139015
223053691798
1781718140014
223096436928
1781718141012
223140097155
1781718142014
223185042536
1781718143013
223230152833
1781718144014
223273538952
1781718145011
223322231943
1781718146013
223377128592
1781718147012
223453200907
1781718148015
223504523102
1781718149099
223550175817
1781718150012
223592729175
1781718151013
223636849912
1781718152015
223681601445
1781718153013
223725696669
1781718154013
223769137903
1781718155013
223812406591
1781718156012
223855324023
1781718157013
223898985044
1781718158014
223945194887
1781718159013
223994337339
1781718160014
224059310623
1781718161012
224141756639
1781718162011
224190938215
1781718163012
224237733200
1781718164014
224284325549
1781718165010
224335064982
1781718166013
224384069679
1781718167014
224432242529
1781718168012
224475505053
1781718169013
224518361510
1781718170013
224561367504
1781718171013
224604653037
1781718172012
224648299471
1781718173014
224694540808
1781718174014
224737798693
1781718175012
224781229185
1781718176015
224824374887
1781718177014
224867008750
1781718178013
224911524200
1781718179013
224957562290
1781718180013
225003270913
1781718181013
225046876576
1781718182013
225090192871
1781718183014
225134995979
1781718184013
225178083088
1781718185012
225221482147
1781718186012
225264246320
1781718187013
225308214225
1781718188013
225351583865
1781718189014
225394643142
1781718190013
225437880091
1781718191014
225480976600
1781718192014
225527785684
1781718193013
225581192896
1781718194099
225649949007
1781718195009
225732685733
1781718196012
225777369762
1781718197013
225823151627
1781718198014
225868200279
1781718199013
225914063748
1781718200013
225958734959
1781718201013
226003464520
1781718202012
226048803210
1781718203013
226092812924
1781718204015
226138274111
1781718205011
226186850281
1781718206014
226241129988
1781718207013
226289543683
1781718208014
226338741860
1781718209012
226386154092
1781718210013
226435073522
1781718211012
226484606965
1781718212013
226533337370
1781718213013
226580645660
1781718214012
226623821635
1781718215012
226667028922
1781718216014
226710098636
1781718217013
226753838881
1781718218013
226797075770
1781718219014
226840469885
1781718220011
226883635179
1781718221013
226927237302
1781718222013
226970563912
1781718223013
227014073200
1781718224013
227057358428
1781718225012
227101080790
1781718226013
227150352758
1781718227015
227213912227
1781718228012
227297593165
1781718229012
227367410430
1781718230013
227410200909
1781718231014
227455022816
1781718232014
227499473508
1781718233012
227544754275
1781718234013
227592253971
1781718235011
227638564338
1781718236013
227681747943
1781718237014
227724808746
1781718238014
227771923677
1781718239099
227813441149
1781718240014
227860366016
1781718241014
227904965695
1781718242013
227948626533
1781718243013
227991742999
1781718244013
228036467372
1781718245011
228079711036
1781718246013
228122393178
1781718247013
228166288268
1781718248013
228209383616
1781718249014
228252468833
1781718250012
228295696323
1781718251014
228339137068
1781718252014
228381927730
1781718253013
228425216438
1781718254014
228470849683
1781718255013
228515766682
1781718256014
228558110202
1781718257012
228601999311
1781718258013
228644982538
1781718259013
228690028016
1781718260015
228739106137
1781718261014
228815767379
1781718262011
228898631181
1781718263010
228943452050
1781718264013
228986355748
1781718265010
229037129788
1781718266013
229093709172
1781718267013
229164225471
1781718268013
229213960635
1781718269098
229255924272
1781718270012
229299243986
1781718271015
229343878576
1781718272013
229388955853
1781718273013
229431675837
1781718274012
229475150518
1781718275010
229520188671
1781718276013
229563471153
1781718277014
229606885654
1781718278012
229650137191
1781718279012
229692813352
1781718280012
229736103158
1781718281014
229779545124
1781718282013
229823667387
1781718283014
229866808573
1781718284014
229912079270
1781718285012
229955993769
1781718286014
229998946906
1781718287013
230043083207
1781718288013
230085808439
1781718289014
230129582558
1781718290012
230173237720
1781718291014
230216646422
1781718292013
230260516671
1781718293014
230305835098
1781718294013
230354531872
1781718295011
230404000069
1781718296014
230468443019
1781718297011
230532414779
1781718298012
230575744868
1781718299014
230622251402
1781718300013
230672003899
1781718301012
230719421685
1781718302013
230766638056
1781718303015
230812374389
1781718304012
230858355351
1781718305012
230905511053
1781718306014
230951428233
1781718307015
230997306350
1781718308014
231043966326
1781718309014
231090160604
1781718310013
231136241297
1781718311014
231182247222
1781718312015
231228373019
1781718313013
231274618933
1781718314014
231320927226
1781718315010
231367644574
1781718316010
231413843858
1781718317012
231459749502
1781718318013
231506084589
1781718319013
231552035154
1781718320012
231598006411
1781718321013
231644212226
1781718322012
231690340770
1781718323012
231736702284
1781718324014
231782930437
1781718325011
231832316419
1781718326013
231887193781
1781718327013
231939526472
1781718328014
231991812105
1781718329014
232044419270
1781718330012
232128252979
1781718331011
232180432960
1781718332012
232228695898
1781718333011
232277326694
1781718334013
232323298622
1781718335010
232370492898
1781718336014
232417194500
1781718337014
232463262741
1781718338015
232510031664
1781718339015
232556229422
1781718340014
232601213072
1781718341014
232644846749
1781718342013
232688808978
1781718343014
232732156523
1781718344015
232777860691
1781718345011
232821228622
1781718346013
232864791987
1781718347014
232907818549
1781718348014
232951205157
1781718349012
232994103301
1781718350014
233037238262
1781718351013
233080685782
1781718352013
233124083315
1781718353014
233167493055
1781718354014
233211092003
1781718355013
233255366548
1781718356013
233298272444
1781718357014
233343878712
1781718358013
233388601009
1781718359014
233433447880
1781718360014
233476202897
1781718361013
233523751542
1781718362013
233573734264
1781718363013
233623659490
1781718364014
233672909303
1781718365012
233718049385
1781718366013
233762578446
1781718367013
233805958401
1781718368012
233850300877
1781718369014
233893834152
1781718370014
233936628720
1781718371014
233980070626
1781718372013
234023881244
1781718373014
234067323576
1781718374013
234112897617
1781718375011
234156594100
1781718376013
234199468807
1781718377013
234242108407
1781718378013
234285777607
1781718379013
234329200042
1781718380014
234372062786
1781718381012
234415933585
1781718382012
234459515809
1781718383013
234503404674
1781718384014
234546256249
1781718385011
234595314839
1781718386014
234649625430
1781718387013
234711261747
1781718388012
234764576491
1781718389099
234807633876
1781718390012
234855304408
1781718391013
234902262296
1781718392013
234950574611
1781718393015
234995508822
1781718394012
235038819685
1781718395011
235082968986
1781718396014
235131633046
1781718397012
235181395431
1781718398013
235250969960
1781718399012
235321604545
1781718400012
235364273808
1781718401013
235409474376
1781718402014
235453585896
1781718403012
235502295183
1781718404014
235549110859
1781718405012
235593930630
1781718406013
235638069982
1781718407014
235681013598
1781718408014
235725105221
1781718409014
235768670051
1781718410012
235812062701
1781718411014
235855078582
1781718412013
235898216716
1781718413013
235942145803
1781718414014
235985363954
1781718415012
236029691050
1781718416014
236072465477
1781718417012
236115700718
1781718418014
236161984779
1781718419014
236207708356
1781718420014
236251024529
1781718421013
236294667239
1781718422013
236337937575
1781718423014
236382968039
1781718424016
236427750944
1781718425010
236471737160
1781718426014
236515128284
1781718427013
236559399960
1781718428012
236603897039
1781718429012
236648884533
1781718430014
236697794015
1781718431013
236746814397
1781718432014
236825648668
1781718433011
236894813774
1781718434013
236939166261
1781718435011
236985544804
1781718436012
237029935255
1781718437013
237075109150
1781718438014
237120131740
1781718439013
237168682031
1781718440012
237213275850
1781718441013
237256595075
1781718442012
237299987114
1781718443013
237343686649
1781718444014
237387037978
1781718445012
237435542187
1781718446013
237503704244
1781718447011
237572603177
1781718448014
237616803137
1781718449012
237664850743
1781718450014
237707884691
1781718451013
237751328488
1781718452014
237795200507
1781718453013
237841389781
1781718454013
237885948993
1781718455011
237929960172
1781718456013
237973338906
1781718457013
238018306443
1781718458013
238062570550
1781718459011
238106000859
1781718460014
238149158341
1781718461014
238193438013
1781718462013
238237110753
1781718463014
238286671356
1781718464099
238331737769
1781718465010
238390054819
1781718466012
238474354042
1781718467011
238531887891
1781718468012
238576076560
1781718469012
238622526148
1781718470014
238668466033
1781718471014
238715439851
1781718472014
238759124309
1781718473013
238802825308
1781718474014
238846138064
1781718475013
238889970288
1781718476012
238933217003
1781718477014
238976499668
1781718478014
239019898544
1781718479013
239066315478
1781718480014
239109568480
1781718481012
239153182932
1781718482014
239196431845
1781718483014
239242860681
1781718484014
239289125882
1781718485012
239332706642
1781718486013
239375329519
1781718487012
239418381716
1781718488012
239462742503
1781718489013
239507708758
1781718490013
239550632415
1781718491015
239594217386
1781718492014
239638266895
1781718493012
239682523496
1781718494014
239727797306
1781718495012
239771879285
1781718496014
239815415123
1781718497012
239858125402
1781718498013
239906410252
1781718499012
239956106535
1781718500012
240039453612
1781718501012
240109010319
1781718502013
240155643683
1781718503013
240201148633
1781718504014
240244608177
1781718505011
240293843830
1781718506013
240352120414
1781718507014
240401776964
1781718508012
240452266398
1781718509013
240497906601
1781718510013
240543223868
1781718511012
240586726686
1781718512013
240629900221
1781718513014
240673886558
1781718514014
240718317475
1781718515012
240762718362
1781718516012
240806137624
1781718517014
240849478333
1781718518014
240893190501
1781718519013
240938586442
1781718520014
240981663541
1781718521013
241025130349
1781718522013
241068421071
1781718523013
241115743581
1781718524099
241156867011
1781718525012
241200722063
1781718526014
241243722380
1781718527012
241286845805
1781718528013
241330317007
1781718529013
241373490907
1781718530013
241417187939
1781718531013
241463168778
1781718532013
241512078993
1781718533014
241565366271
1781718534012
241649550809
1781718535008
241707676331
1781718536013
241751733469
1781718537014
241795420125
1781718538013
241842130211
1781718539014
241889651390
1781718540013
241933912752
1781718541012
241978756509
1781718542012
242022696155
1781718543013
242066314634
1781718544014
242106951859
1781718545012
242150074979
1781718546011
242192787150
1781718547013
242232610351
1781718548014
242272077108
1781718549012
242313943883
1781718550014
242352310850
1781718551012
242394169874
1781718552013
242433259252
1781718553015
242474588064
1781718554013
242517891542
1781718555011
242557868186
1781718556014
242596419600
1781718557013
242635954717
1781718558014
242673919341
1781718559012
242714346423
1781718560013
242753187021
1781718561012
242795378625
1781718562013
242835266645
1781718563013
242876791319
1781718564012
242915578696
1781718565010
242963379415
1781718566013
243038662487
1781718567012
243106473104
1781718568013
243179849198
1781718569012
243244691623
1781718570012
243286838731
1781718571012
243334886765
1781718572012
243384224713
1781718573012
243431163924
1781718574011
243479089399
1781718575010
243524134633
1781718576014
243566181034
1781718577013
243606115563
1781718578013
243646319501
1781718579012
243687237182
1781718580014
243728571365
1781718581012
243769132663
1781718582013
243808229670
1781718583013
243849601024
1781718584012
243892730308
1781718585011
243932314130
1781718586013
243971549503
1781718587014
244010675318
1781718588013
244050244248
1781718589014
244090668339
1781718590013
244130223047
1781718591012
244170237715
1781718592013
244211077088
1781718593014
244251338643
1781718594013
244289872968
1781718595012
244330330872
1781718596012
244368904626
1781718597012
244407595628
1781718598013
244448076909
1781718599015
244492863415
1781718600014
244540421765
1781718601013
244596798574
1781718602012
244680229574
1781718603010
244724045990
1781718604014
244762807182
1781718605010
244806686098
1781718606013
244848957779
1781718607013
244892048550
1781718608013
244934851602
1781718609012
244978940723
1781718610014
245019954473
1781718611014
245059520778
1781718612012
245099556808
1781718613014
245141203979
1781718614015
245184738536
1781718615010
245225554532
1781718616013
245264263784
1781718617014
245303800304
1781718618014
245343556855
1781718619012
245383412100
1781718620014
245423124095
1781718621013
245462608308
1781718622014
245504131578
1781718623012
245544239813
1781718624012
245583409329
1781718625012
245630140960
1781718626014
245683162553
1781718627012
245748992340
1781718628012
245793722145
1781718629012
245837818895
1781718630014
245881449826
1781718631012
245927702454
1781718632012
245977555842
1781718633012
246025389216
1781718634012
246083542815
1781718635009
246165571291
1781718636011
246229220664
1781718637013
246274004668
1781718638014
246318216164
1781718639013
246359959587
1781718640011
246402433356
1781718641012
246444119528
1781718642013
246484523539
1781718643014
246525157956
1781718644014
246567565928
1781718645013
246607236176
1781718646013
246646221977
1781718647012
246685618666
1781718648014
246725371433
1781718649013
246765829093
1781718650013
246804861586
1781718651014
246844845004
1781718652014
246884136712
1781718653014
246924590222
1781718654014
246964301851
1781718655010
247005489002
1781718656013
247045440499
1781718657013
247083526705
1781718658012
247127774272
1781718659096
247167917846
1781718660016
247207347738
1781718661014
247247172831
1781718662013
247286307558
1781718663013
247329334608
1781718664012
247368838352
1781718665012
247408978691
1781718666014
247450807320
1781718667013
247499017768
1781718668012
247561848783
1781718669011
247643890016
1781718670012
247692630858
1781718671014
247733908707
1781718672013
247782685865
1781718673012
247832236031
1781718674012
247882164126
1781718675011
247926339733
1781718676013
247965198215
1781718677012
248004677972
1781718678012
248044719679
1781718679012
248084097385
1781718680014
248123037654
1781718681012
248163075089
1781718682012
248202851781
1781718683012
248243923514
1781718684013
248282711623
1781718685014
248329973526
1781718686013
248396731107
1781718687012
248462880351
1781718688012
248510270001
1781718689015
248554230581
1781718690012
248595988714
1781718691012
248638073140
1781718692013
248678456521
1781718693014
248721245962
1781718694012
248761455210
1781718695012
248802041165
1781718696013
248841808825
1781718697013
248881369514
1781718698013
248925512651
1781718699014
248965055946
1781718700013
249008240161
1781718701013
249056520799
1781718702014
249104150011
1781718703014
249151781603
1781718704014
249206154083
1781718705011
249246859057
1781718706014
249288748476
1781718707013
249333002391
1781718708013
249373310638
1781718709014
249413611560
1781718710012
249458343318
1781718711011
249500386973
1781718712012
249540105682
1781718713012
249580274036
1781718714014
249620489143
1781718715011
249661911156
1781718716015
249701313765
1781718717012
249740227911
1781718718013
249780967309
1781718719013
249823927343
1781718720012
249862937070
1781718721013
249902292255
1781718722014
249941796487
1781718723012
249982073484
1781718724013
250025867805
1781718725012
250065799344
1781718726012
250105748704
1781718727013
250144711007
1781718728014
250188299701
1781718729012
250229552098
1781718730015
250269798455
1781718731014
250311235910
1781718732013
250351752652
1781718733012
250392724166
1781718734014
250432330083
1781718735012
250479303473
1781718736014
250526706306
1781718737014
250587999362
1781718738012
250661428373
1781718739012
250707186496
1781718740013
250746695122
1781718741014
250788071726
1781718742012
250829260524
1781718743012
250869210861
1781718744014
250911226684
1781718745011
250958639831
1781718746014
251031433468
1781718747011
251095265336
1781718748012
251142313494
1781718749012
251186320889
1781718750014
251228221295
1781718751013
251268501709
1781718752013
251309685258
1781718753012
251350293248
1781718754014
251393137254
1781718755012
251434422610
1781718756015
251473583642
1781718757013
251512481736
1781718758013
251552347540
1781718759013
251595474932
1781718760013
251636142430
1781718761013
251676683220
1781718762013
251718935981
1781718763013
251760086693
1781718764015
251803350010
1781718765012
251843270013
1781718766013
251881860429
1781718767013
251920925210
1781718768012
251962722466
1781718769014
252010443230
1781718770014
252063576395
1781718771012
252145211440
1781718772012
252199004515
1781718773013
252240950208
1781718774014
252285144187
1781718775012
252331348231
1781718776012
252375317723
1781718777011
