10175698204
1781716036377
10180748550
1781716037024
10188273779
1781716038024
10195955251
1781716039024
10203503368
1781716040024
10211105280
1781716041024
10218744784
1781716042021
10226431795
1781716043023
10233997752
1781716044024
10241817444
1781716045019
10249644420
1781716046025
10262006361
1781716047020
10273213871
1781716048020
10282949842
1781716049020
10292241563
1781716050022
10300576406
1781716051019
10310266355
1781716052020
10318077326
1781716053023
10325803689
1781716054024
10333803997
1781716055021
10341586725
1781716056024
10349160898
1781716057022
10356905605
1781716058020
10364566514
1781716059021
10373035385
1781716060024
10380469089
1781716061023
10393089187
1781716062020
10405870272
1781716063021
10414475848
1781716064020
10423038861
1781716065019
10432292102
1781716066021
10440259255
1781716067023
10448376808
1781716068022
10456516408
1781716069021
10465169338
1781716070023
10473587261
1781716071023
10481899093
1781716072024
10490159333
1781716073021
10498838335
1781716074023
10509708725
1781716075020
10521031811
1781716076024
10532187117
1781716077021
10543427813
1781716078023
10554878532
1781716079022
10565923801
1781716080023
10576769344
1781716081024
10587897615
1781716082023
10599057267
1781716083024
10610234636
1781716084021
10621662986
1781716085019
10633048864
1781716086024
10644298923
1781716087023
10655481295
1781716088024
10666621654
1781716089023
10678020934
1781716090026
10689217887
1781716091023
10700297979
1781716092024
10711673437
1781716093022
10723231531
1781716094024
10736087877
1781716095016
10751337203
1781716096021
10764466852
1781716097022
10775558342
1781716098024
10786852818
1781716099022
10798197125
1781716100024
10809707070
1781716101026
10821251425
1781716102024
10832448852
1781716103024
10843693557
1781716104022
10854710138
1781716105024
10866070159
1781716106023
10879341715
1781716107019
10893359606
1781716108021
10905504914
1781716109110
10916338202
1781716110025
10927268338
1781716111022
10938793644
1781716112024
10949905239
1781716113024
10961020964
1781716114024
10972108614
1781716115020
10983106116
1781716116024
10994134509
1781716117024
11005152636
1781716118025
11016110205
1781716119023
11027181515
1781716120025
11038236209
1781716121024
11049329795
1781716122024
11060581782
1781716123024
11071496603
1781716124024
11082400668
1781716125019
11093761867
1781716126023
11104811787
1781716127023
11116190887
1781716128024
11127015315
1781716129025
11141919061
1781716130018
11155483536
1781716131023
11166889839
1781716132022
11178194580
1781716133024
11189710462
1781716134026
11200693888
1781716135020
11212187218
1781716136024
11223532015
1781716137023
11234637887
1781716138023
11245936753
1781716139023
11257615565
1781716140024
11268589826
1781716141024
11279827416
1781716142023
11291015113
1781716143024
11302091395
1781716144022
11313191851
1781716145021
11324361646
1781716146024
11335653000
1781716147024
11346710249
1781716148023
11358029740
1781716149022
11369094394
1781716150024
11380150358
1781716151022
11391394221
1781716152024
11402387852
1781716153024
11414372143
1781716154109
11424398218
1781716155019
11435569237
1781716156027
11447022879
1781716157024
11457975705
1781716158022
11469197475
1781716159024
11480224644
1781716160024
11491262477
1781716161024
11502652684
1781716162020
11516933490
1781716163019
11531830105
1781716164019
11543206023
1781716165021
11558030177
1781716166023
11573202300
1781716167020
11585496141
1781716168023
11597299280
1781716169020
11608851116
1781716170022
11620907868
1781716171024
11632529060
1781716172026
11643649543
1781716173021
11654640803
1781716174021
11665877337
1781716175023
11677199766
1781716176023
11688431649
1781716177026
11699884112
1781716178024
11711132932
1781716179024
11722394864
1781716180025
11733654639
1781716181024
11744723042
1781716182024
11756003548
1781716183022
11767336916
1781716184024
11778281618
1781716185019
11789445584
1781716186025
11801032657
1781716187024
11812076901
1781716188024
11823297553
1781716189024
11834634792
1781716190026
11845760004
1781716191024
11856714758
1781716192024
11867757839
1781716193025
11878812930
1781716194024
11890389201
1781716195020
11904464558
1781716196019
11919500434
1781716197020
11931982343
1781716198024
11944204120
1781716199110
11954923101
1781716200022
11966668162
1781716201023
11977794964
1781716202025
11988940096
1781716203024
12000462832
1781716204023
12011657552
1781716205020
12022805713
1781716206024
12033710681
1781716207024
12045054897
1781716208026
12056258184
1781716209023
12067550532
1781716210022
12078732201
1781716211022
12089875635
1781716212026
12101052376
1781716213024
12113129814
1781716214108
12123049508
1781716215019
12134472151
1781716216024
12145777275
1781716217020
12157238903
1781716218025
12168639208
1781716219024
12179804919
1781716220022
12191116851
1781716221023
12202510486
1781716222024
12213759474
1781716223024
12225084596
1781716224023
12236268345
1781716225020
12247585541
1781716226025
12259537197
1781716227020
12274239242
1781716228023
12285240417
1781716229024
12296539620
1781716230024
12308360338
1781716231024
12320628536
1781716232022
12332142949
1781716233024
12343435466
1781716234023
12355059442
1781716235021
12366579225
1781716236024
12377720410
1781716237023
12388754693
1781716238024
12399560701
1781716239023
12410734933
1781716240023
12421959396
1781716241025
12432802628
1781716242022
12443740063
1781716243021
12455757402
1781716244109
12465771910
1781716245019
12476871738
1781716246026
12487736819
1781716247027
12499038807
1781716248027
12510130848
1781716249025
12521223027
1781716250025
12532342975
1781716251022
12543464025
1781716252025
12554586620
1781716253026
12565798261
1781716254024
12576850369
1781716255019
12588116677
1781716256024
12599169198
1781716257022
12610240171
1781716258024
12622422092
1781716259111
12632591665
1781716260024
12643498668
1781716261026
12655733589
1781716262023
12666632681
1781716263024
12678755422
1781716264019
12693146021
1781716265018
12704813204
1781716266022
12717302533
1781716267024
12729457266
1781716268023
12741753356
1781716269024
12753888627
1781716270023
12765194945
1781716271023
12776354015
1781716272022
12787535867
1781716273024
12798560358
1781716274023
12809578240
1781716275019
12820779447
1781716276024
12831785701
1781716277024
12842989294
1781716278023
12854011751
1781716279026
12865007830
1781716280023
12876052579
1781716281022
12886945613
1781716282023
12897902034
1781716283023
12909005168
1781716284023
12920071887
1781716285023
12931274440
1781716286024
12942736512
1781716287019
12957076529
1781716288022
12968037005
1781716289024
12979159569
1781716290023
12990600297
1781716291024
13002170555
1781716292021
13013519101
1781716293022
13024834216
1781716294023
13036122785
1781716295019
13047630849
1781716296023
13058924085
1781716297019
13073892794
1781716298019
13086896264
1781716299023
13098351771
1781716300023
13109715709
1781716301025
13121702723
1781716302020
13133077019
1781716303024
13144626683
1781716304027
13155632447
1781716305019
13166875178
1781716306019
13178375790
1781716307022
13189470202
1781716308020
13201081388
1781716309024
13212442204
1781716310021
13223610791
1781716311024
13234749940
1781716312024
13245750135
1781716313024
13256808960
1781716314023
13267996305
1781716315020
13279083373
1781716316024
13290024969
1781716317024
13300969610
1781716318021
13311924747
1781716319024
13322899590
1781716320024
13334017105
1781716321024
13345318879
1781716322023
13356799065
1781716323027
13367874506
1781716324027
13378799655
1781716325020
13390073016
1781716326027
13401069921
1781716327024
13412159514
1781716328023
13423834746
1781716329023
13434756605
1781716330025
13447247953
1781716331020
13462225475
1781716332019
13473355842
1781716333024
13487823354
1781716334301
13495958961
1781716335019
13507519320
1781716336021
13519342471
1781716337022
13530786366
1781716338024
13542215481
1781716339025
13553565618
1781716340024
13564693798
1781716341022
13575940920
1781716342023
13586978156
1781716343022
13598180265
1781716344025
13609447461
1781716345019
13620623881
1781716346022
13632091629
1781716347023
13644174605
1781716348026
13655555739
1781716349023
13666782849
1781716350024
13677710614
1781716351022
13688961821
1781716352025
13700511087
1781716353024
13711630056
1781716354023
13722873368
1781716355019
13734141313
1781716356023
13745191325
1781716357026
13756297136
1781716358022
13767248310
1781716359023
13778429948
1781716360025
13789525890
1781716361023
13800589565
1781716362026
13811710309
1781716363024
13823162910
1781716364024
13834905614
1781716365017
13849935156
1781716366019
13862206230
1781716367022
13873109515
1781716368023
13884472733
1781716369020
13895778729
1781716370024
13907004691
1781716371020
13918269928
1781716372024
13929304441
1781716373023
13940612855
1781716374024
13951624571
1781716375020
13962746385
1781716376027
13973769806
1781716377020
13984986404
1781716378026
13996133433
1781716379023
14007383447
1781716380026
14018516844
1781716381024
14029896219
1781716382027
14041280413
1781716383025
14052549980
1781716384024
14063910643
1781716385020
14075280731
1781716386026
14086467403
1781716387024
14097870049
1781716388024
14108946438
1781716389023
14120229255
1781716390024
14131347627
1781716391022
14142379860
1781716392024
14153437354
1781716393022
14164413681
1781716394022
14175463724
1781716395022
14186614119
1781716396022
14198086992
1781716397024
14209034739
1781716398025
14223482100
1781716399019
14238490131
1781716400020
14249880522
1781716401024
14260944579
1781716402024
14272112156
1781716403024
14283280406
1781716404021
14294531445
1781716405017
14306082057
1781716406026
14317408846
1781716407023
14329878300
1781716408016
14341656164
1781716409023
14352561973
1781716410023
14363696502
1781716411026
14375528253
1781716412021
14387412053
1781716413024
14398996035
1781716414026
14410087632
1781716415019
14421298799
1781716416024
14432479764
1781716417022
14443504638
1781716418024
14454537315
1781716419023
14465668294
1781716420023
14476493075
1781716421025
14487724193
1781716422024
14498952985
1781716423022
14509946280
1781716424027
14520897928
1781716425020
14532133024
1781716426024
14543270858
1781716427024
14554586034
1781716428024
14565799236
1781716429024
14577170456
1781716430023
14588664260
1781716431023
14603222531
1781716432020
14618205408
1781716433019
14630179448
1781716434024
14641609864
1781716435023
14653361993
1781716436021
14665042074
1781716437023
14677096455
1781716438022
14688532623
1781716439022
14699445088
1781716440024
14710483824
1781716441025
14721520035
1781716442023
14732587657
1781716443024
14744368826
1781716444023
14755466176
1781716445020
14766669616
1781716446024
14777659331
1781716447023
14788509769
1781716448022
14799510148
1781716449023
14810678919
1781716450023
14821762820
1781716451024
14832918341
1781716452024
14843954644
1781716453024
14855166254
1781716454027
14866195152
1781716455020
14877246556
1781716456023
14888408564
1781716457025
14899640952
1781716458024
14910738746
1781716459024
14922038347
1781716460027
14933201472
1781716461023
14944488542
1781716462020
14955843758
1781716463023
14967025472
1781716464024
14978488202
1781716465019
14990889770
1781716466019
15006008434
1781716467020
15019203904
1781716468019
15031698695
1781716469022
15043987899
1781716470024
15055712091
1781716471026
15067140441
1781716472022
15078644388
1781716473021
15089895366
1781716474023
15101437563
1781716475020
15112628182
1781716476019
15123909102
1781716477024
15134966550
1781716478027
15146134463
1781716479023
15157129349
1781716480024
15168029207
1781716481024
15179055902
1781716482024
15190035273
1781716483024
15201123841
1781716484023
15212028855
1781716485019
15222875897
1781716486023
15234054307
1781716487025
15244683599
1781716488024
15255652506
1781716489025
15266804385
1781716490024
15278027272
1781716491023
15289319483
1781716492026
15300640152
1781716493025
15311509868
1781716494024
15322515556
1781716495019
15333635030
1781716496024
15344786450
1781716497024
15356346824
1781716498024
15367841638
1781716499111
15380309210
1781716500020
15394819653
1781716501021
15406344960
1781716502023
15417678527
1781716503023
15429756806
1781716504019
15442322252
1781716505021
15453666070
1781716506024
15464738925
1781716507024
15475947077
1781716508024
15486992392
1781716509024
15497876047
1781716510024
15509110347
1781716511024
15520140209
1781716512023
15531070453
1781716513023
15543115317
1781716514111
15553198277
1781716515022
15564334978
1781716516022
15575312912
1781716517023
15586524171
1781716518023
15597598448
1781716519024
15608768810
1781716520023
15619841558
1781716521024
15631108998
1781716522023
15642531549
1781716523022
15653619949
1781716524023
15664867866
1781716525020
15676224429
1781716526024
15688970645
1781716527018
15703016580
1781716528022
15715120992
1781716529023
15726389166
1781716530023
15737518539
1781716531024
15749837426
1781716532021
15764823072
1781716533020
15779830766
1781716534023
15792144420
1781716535020
15804405519
1781716536024
15816373898
1781716537025
15828043392
1781716538020
15840137827
1781716539027
15851450938
1781716540027
15863182794
1781716541026
15874395690
1781716542023
15885728400
1781716543024
15897896475
1781716544109
15908128947
1781716545019
15919619996
1781716546025
15930561608
1781716547026
15941744913
1781716548026
15952961221
1781716549024
15964058433
1781716550024
15975269753
1781716551023
15986686552
1781716552027
15997954650
1781716553024
16009338355
1781716554021
16020461072
1781716555023
16031542755
1781716556027
16042793855
1781716557023
16053807376
1781716558021
16065974441
1781716559110
16076200839
1781716560024
16087079965
1781716561023
16098458407
1781716562023
16109578141
1781716563024
16120733983
1781716564023
16132395643
1781716565020
16144006446
1781716566024
16157225707
1781716567019
16172032343
1781716568025
16183588402
1781716569025
16195383631
1781716570024
16206718942
1781716571024
16218306122
1781716572024
16229435235
1781716573024
16240797306
1781716574023
16251942162
1781716575022
16263335613
1781716576024
16274424625
1781716577021
16285897926
1781716578023
16297045231
1781716579024
16308211370
1781716580024
16319721070
1781716581026
16330857818
1781716582024
16342404988
1781716583024
16353919921
1781716584023
16364962864
1781716585022
16376350716
1781716586024
16387869841
1781716587023
16402444299
1781716588022
16413959615
1781716589024
16425841014
1781716590024
16437312296
1781716591025
16448912067
1781716592023
16460598773
1781716593023
16471875103
1781716594023
16483033332
1781716595020
16494391730
1781716596024
16506043721
1781716597023
16516996975
1781716598026
16528415457
1781716599024
16540810461
1781716600022
16555625559
1781716601018
16568550463
1781716602022
16579679285
1781716603021
16591076607
1781716604024
16602323301
1781716605020
16614447036
1781716606025
16626410871
1781716607024
16637671059
1781716608024
16648820337
1781716609025
16659899266
1781716610024
16671007892
1781716611023
16682245712
1781716612024
16693560138
1781716613025
16704835856
1781716614024
16716243291
1781716615020
16727415626
1781716616021
16738475247
1781716617023
16749627830
1781716618023
16760636134
1781716619023
16771632672
1781716620026
16782804365
1781716621024
16793860466
1781716622024
16804861610
1781716623024
16816211716
1781716624023
16827433057
1781716625020
16838808439
1781716626021
16850013149
1781716627025
16861336695
1781716628026
16872574851
1781716629020
16883733049
1781716630024
16894729434
1781716631025
16906101312
1781716632025
16916865841
1781716633023
16931386689
1781716634022
16946109160
1781716635017
16957197054
1781716636023
16968556432
1781716637024
16979804059
1781716638024
16990932132
1781716639022
17002353184
1781716640025
17013455675
1781716641022
17024885081
1781716642021
17036167132
1781716643023
17047103373
1781716644023
17058417433
1781716645020
17069742386
1781716646024
17081526981
1781716647019
17095996237
1781716648020
17108288517
1781716649108
17119026149
1781716650026
17130557667
1781716651024
17141823776
1781716652025
17153058949
1781716653022
17164209635
1781716654022
17175432231
1781716655020
17186778343
1781716656024
17198043473
1781716657021
17209426887
1781716658021
17220609918
1781716659026
17231717993
1781716660021
17243017303
1781716661020
17254293005
1781716662024
17265515050
1781716663024
17276729507
1781716664024
17287579425
1781716665019
17299220843
1781716666023
17311234449
1781716667019
17326231264
1781716668021
17339184688
1781716669024
17351142984
1781716670020
17362795128
1781716671023
17373950021
1781716672027
17385523813
1781716673026
17396904060
1781716674026
17408044511
1781716675020
17419393056
1781716676023
17428812593
1781716677024
17436492198
1781716678024
17444372632
1781716679021
17452020719
1781716680023
17459349511
1781716681023
17466861291
1781716682025
17474548072
1781716683024
17481880184
1781716684023
17489412634
1781716685020
17497108152
1781716686025
17504712695
1781716687020
17512773363
1781716688020
17521019389
1781716689024
17529671922
1781716690023
17538258496
1781716691025
17546629371
1781716692024
17555105831
1781716693024
17564578673
1781716694023
17575714411
1781716695020
17587134086
1781716696023
17598168538
1781716697024
17609305760
1781716698024
17620488729
1781716699023
17632037444
1781716700024
17642901729
1781716701023
17657767775
1781716702022
17671582115
1781716703019
17683572021
1781716704024
17695070889
1781716705021
17709941923
1781716706029
17725343545
1781716707020
17737527670
1781716708023
17748826735
1781716709020
17760054594
1781716710024
17771294265
1781716711024
17782290773
1781716712024
17793824081
1781716713024
17804878086
1781716714024
17815956617
1781716715023
17826941619
1781716716024
17838358189
1781716717022
17849601531
1781716718021
17860921481
1781716719023
17872106332
1781716720023
17883218141
1781716721024
17894310273
1781716722024
17905436571
1781716723024
17917242694
1781716724110
17927289148
1781716725021
17938468430
1781716726024
17949355910
1781716727024
17960377402
1781716728024
17971364638
1781716729024
17982436101
1781716730023
17993653755
1781716731024
18004592551
1781716732024
18015651223
1781716733021
18027063018
1781716734022
18038010780
1781716735022
18051983154
1781716736021
18066403710
1781716737024
18077568334
1781716738024
18088931139
1781716739024
18100047017
1781716740023
18111384975
1781716741024
18122654068
1781716742024
18134334180
1781716743023
18145522519
1781716744022
18156638795
1781716745020
18167810931
1781716746023
18178878156
1781716747026
18189855768
1781716748023
18200877781
1781716749024
18212061760
1781716750022
18222897602
1781716751024
18234075354
1781716752027
18244995714
1781716753026
18256598545
1781716754108
18266647570
1781716755020
18277635785
1781716756027
18288523617
1781716757025
18299505758
1781716758024
18310445227
1781716759023
18321523039
1781716760024
18332495740
1781716761023
18343474240
1781716762024
18354458661
1781716763023
18365456331
1781716764024
18376582185
1781716765022
18387892741
1781716766024
18401146198
1781716767020
18415499128
1781716768024
18427480726
1781716769022
18442317626
1781716770022
18454899152
1781716771021
18466163670
1781716772023
18477413332
1781716773024
18488521254
1781716774024
18499738847
1781716775019
18511188847
1781716776024
18522244719
1781716777022
18533530473
1781716778024
18544876968
1781716779021
18556222913
1781716780023
18567359324
1781716781025
18578564600
1781716782023
18589738909
1781716783024
18600944002
1781716784025
18611852580
1781716785022
18623005164
1781716786024
18634178386
1781716787024
18645271284
1781716788023
18656234193
1781716789024
18667403499
1781716790024
18678415322
1781716791021
18689400523
1781716792023
18700341676
1781716793025
18711272286
1781716794024
18722316087
1781716795021
18733527712
1781716796024
18744513908
1781716797023
18755751544
1781716798024
18767923704
1781716799110
18777937446
1781716800023
18788936035
1781716801022
18800327558
1781716802025
18812033068
1781716803020
18827043531
1781716804021
18838891866
1781716805017
18850257701
1781716806023
18861169508
1781716807026
18872992950
1781716808023
18884735287
1781716809023
18896992239
1781716810023
18908586549
1781716811022
18919861164
1781716812023
18931090615
1781716813025
18942354949
1781716814024
18953445812
1781716815020
18964907577
1781716816024
18976212304
1781716817023
18987379514
1781716818024
18998541017
1781716819026
19009792040
1781716820025
19021067008
1781716821023
19032428818
1781716822026
19043613470
1781716823023
19054576287
1781716824023
19065706288
1781716825020
19077230278
1781716826023
19088740530
1781716827024
19100810608
1781716828024
19112600742
1781716829022
19125181381
1781716830028
19136117546
1781716831024
19147309052
1781716832023
19158434799
1781716833024
19169631293
1781716834023
19181178968
1781716835019
19192310162
1781716836023
19203177843
1781716837024
19215425646
1781716838019
19227414573
1781716839021
19239776606
1781716840023
19251200856
1781716841024
19262283258
1781716842022
19273508685
1781716843024
19286531723
1781716844199
19295690303
1781716845020
19306706364
1781716846023
19317780566
1781716847023
19328711498
1781716848020
19339778125
1781716849024
19350713892
1781716850024
19361739699
1781716851023
19372697789
1781716852022
19383566297
1781716853020
19394708247
1781716854023
19405578545
1781716855019
19416735090
1781716856022
19427880177
1781716857024
19438741830
1781716858023
19449728622
1781716859024
19461071430
1781716860022
19471854167
1781716861023
19482849787
1781716862024
19493809514
1781716863024
19504640919
1781716864022
19515621163
1781716865020
19526546159
1781716866024
19537604081
1781716867023
19548558146
1781716868020
19559951811
1781716869023
19571467020
1781716870022
19582598152
1781716871024
19593742519
1781716872025
19604888845
1781716873022
19615913581
1781716874024
19627228742
1781716875021
19638448920
1781716876022
19649705452
1781716877022
19660864048
1781716878024
19671919369
1781716879024
19682751769
1781716880024
19693668472
1781716881024
19704598119
1781716882024
19715811886
1781716883024
19726891473
1781716884022
19737866056
1781716885022
19749337675
1781716886024
19762310484
1781716887019
19776239833
1781716888024
19788262068
1781716889108
19798527940
1781716890024
19809857100
1781716891023
19821097322
1781716892024
19831911040
1781716893023
19842966943
1781716894025
19853900430
1781716895020
19865083185
1781716896026
19876118172
1781716897027
19887165200
1781716898024
19898228431
1781716899023
19909288878
1781716900021
19920570195
1781716901023
19931823100
1781716902023
19942920542
1781716903022
19955150199
1781716904108
19967185057
1781716905016
19982138818
1781716906023
19994230087
1781716907020
20005854996
1781716908023
20017054933
1781716909025
20028321593
1781716910024
20039675004
1781716911026
20051253018
1781716912024
20063012139
1781716913022
20074310838
1781716914022
20085695170
1781716915020
20097022739
1781716916024
20108256963
1781716917023
20119443894
1781716918024
20131282407
1781716919110
20141260455
1781716920027
20152566727
1781716921022
20163565453
1781716922023
20174496966
1781716923024
20185681511
1781716924027
20196533113
1781716925020
20207660971
1781716926024
20218599660
1781716927022
20229439848
1781716928025
20240438329
1781716929021
20251540881
1781716930025
20262831930
1781716931021
20274177645
1781716932026
20285169547
1781716933025
20296307167
1781716934024
20307189399
1781716935020
20318197963
1781716936024
20329190034
1781716937022
20340623127
1781716938023
20351393853
1781716939024
20364748320
1781716940019
20379336641
1781716941022
20390447378
1781716942025
20402320989
1781716943020
20413687068
1781716944022
20424791870
1781716945020
20436134892
1781716946024
20450348286
1781716947018
20464652256
1781716948023
20475844925
1781716949023
20487308266
1781716950025
20498709689
1781716951023
20510041435
1781716952024
20522391870
1781716953023
20533463256
1781716954022
20544580359
1781716955020
20555797171
1781716956027
20566701144
1781716957023
20577803085
1781716958025
20588991959
1781716959023
20599940884
1781716960024
20611116234
1781716961023
20622480722
1781716962024
20633639547
1781716963020
20644635764
1781716964022
20655497846
1781716965020
20666480232
1781716966024
20677576970
1781716967023
20688468168
1781716968021
20699580987
1781716969024
20710600735
1781716970024
20721580994
1781716971023
20733074247
1781716972024
20744269946
1781716973020
20759240766
1781716974021
20772383696
1781716975020
20783406122
1781716976025
20794258121
1781716977020
20805570666
1781716978024
20816606035
1781716979024
20827749377
1781716980024
20838739551
1781716981024
20850185603
1781716982023
20861352216
1781716983022
20872276325
1781716984024
20883410961
1781716985018
20894527926
1781716986025
20905569798
1781716987026
20916594657
1781716988022
20927567847
1781716989024
20938637122
1781716990024
20949784656
1781716991022
20961172063
1781716992023
20972211534
1781716993022
20983605994
1781716994023
20994594669
1781716995023
21005736970
1781716996021
21016860896
1781716997025
21027761366
1781716998026
21038715263
1781716999022
21049657762
1781717000023
21060586414
1781717001025
21071614042
1781717002023
21082481388
1781717003023
21093497954
1781717004023
21104442151
1781717005019
21116225675
1781717006024
21127691021
1781717007024
21142473713
1781717008018
21157511761
1781717009019
21169436291
1781717010024
21180617026
1781717011024
21192020452
1781717012026
21203516413
1781717013027
21214340582
1781717014024
21225396025
1781717015020
21236667627
1781717016023
21247651283
1781717017023
21258601019
1781717018023
21269672986
1781717019022
21280693331
1781717020024
21291969339
1781717021023
21303065542
1781717022022
21314553318
1781717023020
21326033382
1781717024024
21337026233
1781717025022
21348036725
1781717026022
21359011553
1781717027023
21370270761
1781717028024
21381338368
1781717029023
21392503666
1781717030025
21403496119
1781717031020
21414429514
1781717032024
21425525120
1781717033024
21436676097
1781717034023
21447481293
1781717035019
21458584136
1781717036021
21469671388
1781717037022
21480728438
1781717038021
21491808056
1781717039025
21503282413
1781717040023
21514192537
1781717041023
21528249687
1781717042020
21542263508
1781717043023
21554000108
1781717044023
21566025449
1781717045019
21578129799
1781717046020
21589585735
1781717047023
21601358825
1781717048024
21612957388
1781717049019
21624172701
1781717050025
21635144040
1781717051024
21646254625
1781717052024
21657195333
1781717053021
21668604559
1781717054023
21679848575
1781717055025
21690695494
1781717056025
21701532744
1781717057023
21712541110
1781717058026
21723558318
1781717059025
21734695693
1781717060025
21745901673
1781717061024
21756987380
1781717062023
21768101224
1781717063023
21779302843
1781717064024
21790496522
1781717065020
21801836423
1781717066025
21813140430
1781717067022
21825554009
1781717068015
21837322478
1781717069023
21848834259
1781717070023
21859855569
1781717071023
21871178487
1781717072023
21883981710
1781717073024
21899304568
1781717074022
21914266836
1781717075015
21928046842
1781717076023
21939338411
1781717077021
21950625756
1781717078026
21961866559
1781717079024
21973488806
1781717080023
21985459511
1781717081026
21996676538
1781717082023
22007623030
1781717083024
22019062121
1781717084026
22030196084
1781717085021
22041149950
1781717086028
22052187508
1781717087024
22063018439
1781717088026
22073789517
1781717089024
22085048863
1781717090026
22096045065
1781717091024
22107058678
1781717092023
22118234303
1781717093024
22129225517
1781717094025
22140214635
1781717095019
22151237107
1781717096024
22162182849
1781717097024
22173306730
1781717098026
22184235841
1781717099023
22195340168
1781717100024
22206476472
1781717101024
22217499739
1781717102027
22228654740
1781717103024
22239714498
1781717104024
22251004108
1781717105020
22262471182
1781717106027
22273927807
1781717107024
22285367831
1781717108020
22300350387
1781717109021
22312789639
1781717110024
22324393572
1781717111021
22336189673
1781717112023
22348420401
1781717113023
22360587910
1781717114023
22371948144
1781717115019
22383216396
1781717116024
22394262169
1781717117024
22405216235
1781717118024
22416344705
1781717119025
22427255778
1781717120024
22438220171
1781717121024
22449407439
1781717122024
22460322153
1781717123024
22471479036
1781717124025
22482544041
1781717125019
22493749302
1781717126024
22505256800
1781717127024
22517414226
1781717128023
22529275704
1781717129024
22540618710
1781717130024
22552143757
1781717131023
22563443281
1781717132026
22574532981
1781717133023
22585795847
1781717134027
22597088578
1781717135020
22608176488
1781717136024
22619240805
1781717137025
22630361656
1781717138023
22641521660
1781717139024
22652889835
1781717140024
22664449199
1781717141022
22675844731
1781717142020
22690900604
1781717143020
22704994842
1781717144108
22715841471
1781717145020
22727443354
1781717146023
22739274568
1781717147024
22751644205
1781717148021
22763326887
1781717149022
22774462763
1781717150025
22785374203
1781717151023
22796572640
1781717152023
22807594454
1781717153022
22818706813
1781717154021
22829718239
1781717155021
22840843986
1781717156024
22851850025
1781717157025
22862685577
1781717158022
22873734855
1781717159023
22884755628
1781717160024
22895919441
1781717161024
22907075054
1781717162023
22918226673
1781717163024
22929191755
1781717164027
22940319093
1781717165021
22951496462
1781717166021
22962308054
1781717167023
22973371438
1781717168024
22984331578
1781717169024
22995373052
1781717170023
23006387859
1781717171025
23017387794
1781717172021
23028478672
1781717173023
23039385583
1781717174023
23051084713
1781717175020
23063049160
1781717176019
23078115284
1781717177019
23089972707
1781717178022
23101077708
1781717179021
23112359514
1781717180024
23123822626
1781717181022
23135280766
1781717182024
23146448878
1781717183025
23157805778
1781717184024
23168801719
1781717185020
23180212169
1781717186028
23193922453
1781717187022
23207559832
1781717188022
23218988596
1781717189025
23230370128
1781717190027
23241620891
1781717191024
23253244821
1781717192024
23264299791
1781717193026
23275123301
1781717194021
23286129678
1781717195021
23297492590
1781717196020
23308572651
1781717197025
23319631476
1781717198024
23330620440
1781717199022
23341796907
1781717200024
23352775437
1781717201024
23363768854
1781717202024
23374839613
1781717203024
23385832250
1781717204024
23396764284
1781717205021
23408222744
1781717206024
23419463578
1781717207024
23430485407
1781717208025
23441823992
1781717209025
23452804971
1781717210024
23464884152
1781717211019
23476308219
1781717212023
23487574863
1781717213026
23499909708
1781717214023
23512068052
1781717215017
23523834624
1781717216023
23534857876
1781717217024
23546197150
1781717218024
23557318475
1781717219023
23568273428
1781717220024
23579392259
1781717221025
23590638861
1781717222022
23601809314
1781717223024
23612966442
1781717224024
23623999562
1781717225023
23635347756
1781717226023
23646617766
1781717227024
23657715713
1781717228024
23668911396
1781717229023
23679965371
1781717230020
23691107963
1781717231025
23702238759
1781717232024
23713202081
1781717233022
23724466339
1781717234026
23735352549
1781717235020
23746889529
1781717236028
23758118689
1781717237022
23769133404
1781717238023
23780197890
1781717239024
23791287804
1781717240025
23802328758
1781717241026
23813425328
1781717242024
23824963364
1781717243024
23836460610
1781717244018
23851469007
1781717245016
23864595872
1781717246024
23876618168
1781717247025
23890009646
1781717248020
23902466998
1781717249111
23912955225
1781717250026
23924544730
1781717251024
23936644995
1781717252023
23948609182
1781717253020
23959721006
1781717254023
23970821844
1781717255023
23982033409
1781717256024
23993285809
1781717257022
24004448138
1781717258024
24015638283
1781717259023
24026710648
1781717260024
24037890848
1781717261024
24048989621
1781717262025
24059879166
1781717263022
24071156352
1781717264024
24081954144
1781717265021
24093447351
1781717266024
24104701602
1781717267024
24115810688
1781717268023
24127021793
1781717269025
24138197510
1781717270021
24149180340
1781717271022
24160294045
1781717272024
24171295021
1781717273025
24182346685
1781717274025
24193304117
1781717275019
24204383933
1781717276023
24215842638
1781717277023
24226773570
1781717278027
24238464729
1781717279019
24253135822
1781717280024
24264236753
1781717281024
24276407015
1781717282026
24288102993
1781717283022
24299376416
1781717284024
24310436633
1781717285020
24321872924
1781717286024
24332932636
1781717287020
24344250872
1781717288022
24355374247
1781717289024
24366294684
1781717290023
24377409261
1781717291024
24388464537
1781717292024
24399630920
1781717293024
24410793173
1781717294023
24421649563
1781717295023
24432932900
1781717296027
24444260699
1781717297022
24452259508
1781717298022
24460594933
1781717299021
24468380629
1781717300024
24476047566
1781717301023
24483934027
1781717302023
24491568712
1781717303023
24499519326
1781717304023
24507121728
1781717305019
24514970322
1781717306022
24525095587
1781717307020
24535234774
1781717308019
24544381711
1781717309026
24553834755
1781717310022
24562471850
1781717311023
24572037593
1781717312024
24582952613
1781717313021
24597398475
1781717314019
24610387900
1781717315022
24621700307
1781717316023
24632991003
1781717317024
24644424892
1781717318023
24656102403
1781717319024
24668002789
1781717320024
24679137073
1781717321024
24690045392
1781717322024
24701221705
1781717323024
24712163056
1781717324023
24723123701
1781717325020
24734421726
1781717326024
24745651941
1781717327023
24756784451
1781717328027
24767850390
1781717329023
24778997251
1781717330024
24790043667
1781717331023
24801041736
1781717332026
24812017986
1781717333024
24823218076
1781717334022
24834260116
1781717335019
24845505922
1781717336026
24856432754
1781717337020
24867423907
1781717338025
24879491093
1781717339108
24889459472
1781717340023
24900516139
1781717341022
24911612938
1781717342022
24922557059
1781717343022
24933614384
1781717344023
24944717900
1781717345020
24956178243
1781717346023
24967367531
1781717347019
24982329906
1781717348022
24996070468
1781717349024
25007293615
1781717350023
25018621888
1781717351025
25029663623
1781717352025
25040675568
1781717353026
25051897368
1781717354026
25062965740
1781717355019
25073884555
1781717356024
25084720045
1781717357022
25095950215
1781717358024
25107065405
1781717359023
25118246844
1781717360024
25129218183
1781717361024
25140158004
1781717362025
25151101941
1781717363022
25162234129
1781717364024
25173170998
1781717365022
25184347617
1781717366025
25195745322
1781717367026
25209441086
1781717368022
25220974012
1781717369024
25232092552
1781717370027
25243039748
1781717371024
25254426590
1781717372024
25265803547
1781717373024
25277025638
1781717374024
25288113456
1781717375021
25299436589
1781717376024
25310493225
1781717377025
25321554605
1781717378023
25333042549
1781717379020
25344497674
1781717380023
25355762361
1781717381023
25370718034
1781717382020
25382861430
1781717383026
25394771837
1781717384024
25406143960
1781717385019
25417791452
1781717386026
25429062870
1781717387024
25440491144
1781717388026
25451398851
1781717389024
25462572334
1781717390025
25473337414
1781717391022
25484302771
1781717392024
25495307831
1781717393024
25506303237
1781717394021
25517278264
1781717395019
25528391052
1781717396024
25539263201
1781717397024
25550226707
1781717398022
25561125218
1781717399024
25571859545
1781717400024
25582808944
1781717401020
25593566711
1781717402024
25604618895
1781717403020
25615706928
1781717404021
25626607474
1781717405022
25637686005
1781717406024
25648642412
1781717407023
25659701573
1781717408024
25670825882
1781717409024
25682023018
1781717410023
25693103952
1781717411020
25704134961
1781717412027
25715399601
1781717413024
25726322501
1781717414024
25738832959
1781717415016
25753549662
1781717416023
25764979603
1781717417022
25776430077
1781717418022
25787713904
1781717419025
25799484729
1781717420023
25810677077
1781717421024
25821914346
1781717422025
25832745567
1781717423023
25843594522
1781717424024
25854496690
1781717425020
25865537063
1781717426025
25876923109
1781717427024
25888947425
1781717428024
25900057321
1781717429023
25910966282
1781717430024
25921877355
1781717431025
25932790263
1781717432024
25943915291
1781717433025
25954927588
1781717434024
25966039076
1781717435019
25977355200
1781717436025
25988291625
1781717437022
25999475772
1781717438023
26010526702
1781717439024
26021768545
1781717440024
26032983690
1781717441024
26044014684
1781717442024
26054993505
1781717443023
26066158986
1781717444023
26077079484
1781717445021
26088420930
1781717446024
26099967564
1781717447024
26110850026
1781717448024
26124469658
1781717449021
26139536792
1781717450022
26151583446
1781717451018
26163028871
1781717452022
26174307051
1781717453024
26185637849
1781717454021
26197223881
1781717455020
26208843741
1781717456023
26219825087
1781717457024
26230611067
1781717458023
26241696177
1781717459026
26252712116
1781717460023
26263672898
1781717461023
26274766545
1781717462024
26285799069
1781717463025
26296741920
1781717464023
26307837603
1781717465020
26318929735
1781717466023
26329947908
1781717467024
26340904161
1781717468022
26351657001
1781717469023
26362817326
1781717470024
26374096150
1781717471024
26385129332
1781717472022
26396186473
1781717473024
26407180548
1781717474024
26417991391
1781717475020
26429096345
1781717476024
26439923252
1781717477023
26450997897
1781717478023
26462385243
1781717479020
26473558772
1781717480026
26484923184
1781717481022
26496440351
1781717482023
26507261444
1781717483022
26520632711
1781717484018
26534136751
1781717485019
26545551989
1781717486025
26560532311
1781717487020
26574196863
1781717488023
26585372779
1781717489020
26597202494
1781717490023
26609136111
1781717491022
26620073439
1781717492021
26631152949
1781717493022
26642267588
1781717494023
26653403816
1781717495020
26664264062
1781717496026
26675278669
1781717497022
26686201202
1781717498021
26697200142
1781717499023
26708339292
1781717500024
26719375320
1781717501024
26730301554
1781717502024
26741358727
1781717503020
26751985938
1781717504022
26762952060
1781717505021
26774027073
1781717506024
26784939920
1781717507022
26796060450
1781717508025
26807452983
1781717509021
26818709437
1781717510023
26829995697
1781717511024
26841043092
1781717512026
26852080527
1781717513024
26863054514
1781717514021
26874029005
1781717515021
26885653486
1781717516023
26896666074
1781717517023
26911502805
1781717518019
26923577535
1781717519023
26934794714
1781717520024
26945833328
1781717521023
26957076823
1781717522023
26968044414
1781717523024
26979231636
1781717524024
26990340722
1781717525020
27001667511
1781717526025
27012837735
1781717527020
27023799236
1781717528024
27034923851
1781717529024
27046014668
1781717530022
27057212401
1781717531024
27068743368
1781717532024
27079782946
1781717533024
27090910544
1781717534024
27102036612
1781717535023
27113110416
1781717536025
27123942188
1781717537024
27134930036
1781717538024
27145913570
1781717539025
27157353456
1781717540025
27168392330
1781717541024
27179311817
1781717542023
27190340577
1781717543024
27201373254
1781717544023
27212368217
1781717545021
27223614956
1781717546026
27234834507
1781717547024
27246721414
1781717548024
27257874273
1781717549023
27269351629
1781717550024
27280934402
1781717551020
27295862918
1781717552021
27308353777
1781717553023
27319510782
1781717554021
27330511099
1781717555020
27341602497
1781717556023
27352519767
1781717557024
27363764088
1781717558026
27375007385
1781717559023
27385888975
1781717560024
27396842796
1781717561024
27408128274
1781717562021
27418887219
1781717563024
27430006831
1781717564024
27440970734
1781717565020
27451869750
1781717566026
27462809878
1781717567023
27473771853
1781717568027
27484663893
1781717569022
27496189490
1781717570024
27507318266
1781717571023
27518345007
1781717572025
27529323721
1781717573024
27540333800
1781717574023
27551436367
1781717575021
27562380748
1781717576024
27573312567
1781717577023
27584381673
1781717578028
27595255644
1781717579023
27606289973
1781717580026
27617229565
1781717581022
27627992350
1781717582023
27639540361
1781717583026
27650512282
1781717584024
27663849338
1781717585017
27678352881
1781717586022
27689099877
1781717587022
27700843116
1781717588024
27711909927
1781717589023
27723054417
1781717590026
27734655198
1781717591023
27745824489
1781717592020
27757122759
1781717593022
27768146913
1781717594024
27778792684
1781717595021
27789749840
1781717596025
27800616971
1781717597020
27811639979
1781717598022
27822676450
1781717599024
27833679675
1781717600024
27845070326
1781717601026
27856249653
1781717602023
27867188373
1781717603023
27878355858
1781717604023
27889382262
1781717605020
27900561391
1781717606025
27913346973
1781717607020
27927558256
1781717608023
27939182232
1781717609024
27950901634
1781717610024
27962051356
1781717611021
27973325039
1781717612021
27984734570
1781717613023
27995669281
1781717614023
28006702310
1781717615020
28017750517
1781717616023
28029213950
1781717617024
28040079536
1781717618023
28053441500
1781717619022
28067760525
1781717620023
28078728575
1781717621024
28089935136
1781717622026
28101396198
1781717623026
28113371738
1781717624025
28125374924
1781717625019
28137005586
1781717626024
28148006684
1781717627024
28158922622
1781717628026
28169771409
1781717629024
28180689825
1781717630023
28192087774
1781717631023
28203424263
1781717632028
28214440967
1781717633026
28225659478
1781717634021
28236593975
1781717635020
28247824772
1781717636023
28258904466
1781717637027
28269824060
1781717638025
28281652123
1781717639110
28291641799
1781717640025
28302621140
1781717641024
28313697483
1781717642025
28324755956
1781717643025
28335870182
1781717644023
28346969200
1781717645020
28357981788
1781717646024
28368794971
1781717647024
28379920014
1781717648025
28391012178
1781717649023
28402030962
1781717650024
28412965429
1781717651025
28424032255
1781717652023
28437395811
1781717653018
28450269399
1781717654020
28462511465
1781717655018
28474159875
1781717656023
28485019662
1781717657024
28496153472
1781717658024
28507786521
1781717659021
28519124509
1781717660022
28530364869
1781717661021
28541682906
1781717662023
28552849626
1781717663024
28563960685
1781717664024
28574899420
1781717665022
28586047734
1781717666023
28598196256
1781717667023
28612374597
1781717668027
28624212024
1781717669108
28634717799
1781717670025
28645751869
1781717671024
28657685364
1781717672023
28669659067
1781717673020
28681256651
1781717674026
28692287293
1781717675023
28703252344
1781717676023
28714230324
1781717677025
28725264102
1781717678024
28736436346
1781717679023
28747412382
1781717680024
28758417764
1781717681024
28769525426
1781717682024
28780532935
1781717683025
28791338407
1781717684027
28802921088
1781717685019
28813890240
1781717686026
28828636533
1781717687018
28842732591
1781717688023
28854226609
1781717689024
28866006079
1781717690021
28877117306
1781717691023
28888794434
1781717692020
28900320047
1781717693022
28911736126
1781717694020
28923442983
1781717695021
28934500124
1781717696024
28945176648
1781717697024
28956056508
1781717698024
28966803106
1781717699023
28977397622
1781717700022
28988566117
1781717701022
28999359594
1781717702023
29010277260
1781717703024
29021297560
1781717704024
29032168500
1781717705020
29043340759
1781717706024
29054426436
1781717707024
29065226185
1781717708026
29076207638
1781717709024
29087301071
1781717710026
29098202352
1781717711022
29109210075
1781717712024
29120211891
1781717713024
29131216830
1781717714024
29141932047
1781717715021
29153349748
1781717716025
29164306736
1781717717024
29175156578
1781717718023
29186421632
1781717719024
29197283851
1781717720023
29210947501
1781717721020
29226009295
1781717722023
29237853347
1781717723025
29249504098
1781717724024
29260580533
1781717725020
29272180840
1781717726025
29283928853
1781717727025
29298241070
1781717728021
29309649300
1781717729021
29321169282
1781717730024
29332243790
1781717731024
29343324386
1781717732023
29354688966
1781717733025
29366137268
1781717734026
29376984402
1781717735019
29388071592
1781717736025
29399122568
1781717737022
29410274310
1781717738025
29421355993
1781717739023
29432445953
1781717740025
29443461448
1781717741024
29454599542
1781717742023
29465568739
1781717743023
29476772822
1781717744023
29487481491
1781717745022
29498886494
1781717746020
29510064658
1781717747024
29521193664
1781717748023
29532311945
1781717749023
29543556710
1781717750024
29554584124
1781717751024
29565588068
1781717752024
29577417538
1781717753024
29592204468
1781717754018
29607172565
1781717755015
29619659476
1781717756021
29630885148
1781717757022
29641990148
1781717758027
29653012359
1781717759024
29664521341
1781717760024
29675482980
1781717761022
29686642371
1781717762023
29697713666
1781717763024
29708659224
1781717764026
29719666060
1781717765020
29730899335
1781717766027
29741701028
1781717767024
29752739152
1781717768024
29763738383
1781717769024
29774803129
1781717770023
29785815992
1781717771023
29796875046
1781717772023
29807969520
1781717773023
29819092605
1781717774023
29829979029
1781717775019
29841291298
1781717776022
29852374771
1781717777024
29863196538
1781717778024
29874184692
1781717779024
29884773210
1781717780024
29895953838
1781717781024
29907059863
1781717782024
29918470710
1781717783025
29929593076
1781717784023
29940553093
1781717785021
29951922401
1781717786023
29964415662
1781717787019
29978425657
1781717788019
29993350991
1781717789018
30006404568
1781717790023
30017394513
1781717791020
30029091714
1781717792021
30041149491
1781717793022
30052232460
1781717794022
30063753513
1781717795019
30075069347
1781717796023
30085985927
1781717797023
30097155677
1781717798025
30108014454
1781717799025
30119104430
1781717800020
30130458759
1781717801020
30141426824
1781717802023
30152633400
1781717803024
30163765313
1781717804023
30174719838
1781717805021
30185757717
1781717806021
30196998183
1781717807024
30207912209
1781717808024
30218922701
1781717809024
30230101569
1781717810023
30241467082
1781717811024
30252383877
1781717812024
30263751165
1781717813022
30275042688
1781717814024
30286110937
1781717815020
30297334206
1781717816022
30308562754
1781717817021
30319542202
1781717818023
30331385213
1781717819099
30341695118
1781717820024
30352912573
1781717821022
30365917114
1781717822020
30380870691
1781717823021
30392732154
1781717824023
30403993352
1781717825022
30415566731
1781717826024
30426889374
1781717827023
30437946607
1781717828022
30449661863
1781717829023
30461424273
1781717830023
30472419726
1781717831021
30483414872
1781717832024
30494562559
1781717833024
30506330569
1781717834109
30516449484
1781717835022
30527376300
1781717836024
30538387404
1781717837024
30549679921
1781717838027
30560318899
1781717839023
30571195638
1781717840024
30582277046
1781717841024
30593190077
1781717842023
30604176226
1781717843024
30615552648
1781717844024
30626604420
1781717845020
30637922625
1781717846026
30650394834
1781717847021
30664572120
1781717848024
30675572559
1781717849022
30687465173
1781717850023
30699660390
1781717851025
30711089138
1781717852026
30722424250
1781717853025
30733785036
1781717854024
30745027231
1781717855019
30757754322
1781717856020
30772734750
1781717857023
30784578021
1781717858023
30795960762
1781717859022
30806965930
1781717860023
30818198502
1781717861024
30829888742
1781717862023
30840617500
1781717863024
30852515453
1781717864026
30863346797
1781717865020
30874347084
1781717866021
30885302573
1781717867022
30896172871
1781717868024
30907357813
1781717869023
30918559815
1781717870024
30929669100
1781717871026
30940777129
1781717872026
30951821373
1781717873026
30963043724
1781717874022
30974156007
1781717875020
30985333835
1781717876025
30996285376
1781717877024
31007639812
1781717878025
31018447472
1781717879023
31029352884
1781717880024
31040470919
1781717881025
31051321572
1781717882023
31062490373
1781717883025
31073712066
1781717884024
31084706708
1781717885020
31095901458
1781717886024
31107150446
1781717887024
31118360909
1781717888024
31129858966
1781717889024
31140762098
1781717890022
31154216627
1781717891025
31168799960
1781717892022
31179997494
1781717893024
31191423596
1781717894023
31202925723
1781717895021
31214788608
1781717896022
31226470418
1781717897021
31237944179
1781717898024
31249133253
1781717899024
31260355298
1781717900025
31271174892
1781717901022
31282291168
1781717902026
31293104948
1781717903024
31304111110
1781717904023
31315581214
1781717905020
31327007177
1781717906023
31341541382
1781717907019
31355109835
1781717908022
31367008920
1781717909109
31377736622
1781717910024
31389410216
1781717911021
31400459004
1781717912022
31411658252
1781717913022
31422647018
1781717914024
31433747949
1781717915022
31444868310
1781717916020
31455880362
1781717917020
31466952483
1781717918025
31477935496
1781717919023
31488880030
1781717920024
31497952899
1781717921022
31505776279
1781717922023
31514346864
1781717923020
31524782337
1781717924017
31537887154
1781717925015
31548353149
1781717926023
31556534059
1781717927021
31564895877
1781717928023
31572805839
1781717929022
31582118842
1781717930024
31589914834
1781717931023
31598063109
1781717932024
31606757916
1781717933024
31615918424
1781717934023
31625066187
1781717935020
31633680240
1781717936023
31642117241
1781717937023
31649994798
1781717938024
31660517832
1781717939023
31671624132
1781717940024
31682715638
1781717941026
31693693495
1781717942025
31704658990
1781717943023
31715720966
1781717944023
31726806061
1781717945020
31737875703
1781717946023
31748921859
1781717947024
31760092894
1781717948024
31770849069
1781717949023
31781869889
1781717950024
31792911486
1781717951026
31803936054
1781717952024
31815035852
1781717953022
31826205158
1781717954021
31837201911
1781717955020
31848701115
1781717956024
31859571643
1781717957024
31872257837
1781717958020
31886984393
1781717959023
31898703213
1781717960024
31910472540
1781717961023
31922426781
1781717962023
31933820921
1781717963024
31945714758
1781717964023
31957022178
1781717965020
31968551034
1781717966021
31981665413
1781717967018
31996026238
1781717968022
32007682558
1781717969024
32019445566
1781717970026
32031031491
1781717971020
32042425339
1781717972024
32054305973
1781717973024
32065635562
1781717974024
32076488311
1781717975020
32087468126
1781717976024
32098416026
1781717977024
32109249375
1781717978024
32120173131
1781717979022
32131308257
1781717980024
32142242386
1781717981023
32153144019
1781717982022
32163950424
1781717983024
32175766048
1781717984109
32185906184
1781717985022
32196962699
1781717986024
32207952291
1781717987024
32219110764
1781717988023
32229994435
1781717989024
32241018605
1781717990024
32252655754
1781717991020
32265566690
1781717992020
32280477825
1781717993021
32291662018
1781717994024
32302644129
1781717995019
32314204227
1781717996024
32325849027
1781717997024
32337351658
1781717998024
32348804917
1781717999023
32359683645
1781718000027
32370913111
1781718001026
32382041688
1781718002024
32393033851
1781718003024
32403967308
1781718004025
32414875290
1781718005023
32425941259
1781718006024
32436965720
1781718007026
32447917476
1781718008024
32458947720
1781718009023
32469959589
1781718010025
32480884783
1781718011024
32492030895
1781718012024
32503025704
1781718013023
32514102277
1781718014024
32525091089
1781718015023
32535855832
1781718016023
32546909807
1781718017024
32557832676
1781718018023
32568772451
1781718019025
32579811080
1781718020023
32590778961
1781718021020
32602136901
1781718022023
32613185995
1781718023025
32624649183
1781718024021
32635615229
1781718025019
32650715013
1781718026021
32665765332
1781718027021
32677823446
1781718028020
32688986601
1781718029025
32700387809
1781718030023
32711627419
1781718031023
32722912179
1781718032025
32734141185
1781718033025
32745269900
1781718034024
32756254658
1781718035021
32767427574
1781718036026
32778669096
1781718037024
32789481943
1781718038024
32800658440
1781718039021
32811864481
1781718040023
32822969573
1781718041024
32834165547
1781718042024
32845152477
1781718043027
32856137173
1781718044026
32867164327
1781718045022
32878168745
1781718046023
32889062758
1781718047024
32900040523
1781718048025
32911092019
1781718049023
32922177894
1781718050025
32933155094
1781718051024
32944374691
1781718052024
32955290262
1781718053022
32966320797
1781718054024
32977450812
1781718055020
32988556210
1781718056023
32999807142
1781718057021
33011374844
1781718058023
33024315768
1781718059107
33037923511
1781718060021
33050603738
1781718061023
33062353327
1781718062024
33073509445
1781718063023
33084625828
1781718064026
33096089124
1781718065019
33107718087
1781718066024
33118889750
1781718067023
33130002843
1781718068026
33140993430
1781718069024
33151921455
1781718070026
33162871359
1781718071023
33173804341
1781718072024
33184606279
1781718073027
33195585880
1781718074024
33206799541
1781718075022
33217952476
1781718076023
33228893873
1781718077024
33239605235
1781718078026
33250500855
1781718079024
33261589866
1781718080025
33272567922
1781718081026
33283826856
1781718082023
33294947844
1781718083026
33305958290
1781718084023
33316847591
1781718085019
33327928861
1781718086024
33339384261
1781718087024
33351650073
1781718088024
33363512377
1781718089022
33374883735
1781718090025
33386286029
1781718091022
33398144034
1781718092025
33412579982
1781718093019
33427421379
1781718094019
33438608495
1781718095020
33450310378
1781718096020
33461380877
1781718097019
33472559837
1781718098024
33483604571
1781718099024
33494708056
1781718100024
33505949012
1781718101024
33516935162
1781718102023
33527934454
1781718103024
33539078484
1781718104028
33549976384
1781718105020
33561278693
1781718106024
33572280724
1781718107024
33583178057
1781718108025
33594051216
1781718109023
33605304060
1781718110020
33616541665
1781718111024
33627586123
1781718112024
33638878503
1781718113022
33650100027
1781718114024
33661303452
1781718115020
33672679630
1781718116024
33683828250
1781718117024
33695105467
1781718118023
33706429823
1781718119024
33717481335
1781718120024
33728376740
1781718121024
33739422361
1781718122023
33750607563
1781718123022
33761581182
1781718124023
33773170581
1781718125021
33784035585
1781718126024
33798374515
1781718127019
33811873002
1781718128023
33823394162
1781718129024
33835130669
1781718130025
33846210317
1781718131022
33858286974
1781718132023
33869498661
1781718133023
33880956525
1781718134022
33892033450
1781718135019
33903260590
1781718136024
33914180674
1781718137024
33925314423
1781718138023
33936324380
1781718139025
33947288666
1781718140023
33958211948
1781718141023
33969369779
1781718142024
33980680839
1781718143026
33991960932
1781718144025
34003124042
1781718145019
34014541422
1781718146023
34026301385
1781718147024
34040966006
1781718148024
34053611701
1781718149108
34064453312
1781718150022
34075743411
1781718151024
34087250312
1781718152026
34098396239
1781718153024
34109684044
1781718154024
34120923944
1781718155021
34132161687
1781718156024
34143123326
1781718157023
34154147037
1781718158024
34165592967
1781718159025
34176759198
1781718160027
34189595056
1781718161019
34204492360
1781718162022
34216040127
1781718163022
34227174366
1781718164023
34238286863
1781718165018
34249992786
1781718166022
34261612386
1781718167024
34273454402
1781718168024
34284372543
1781718169024
34295451365
1781718170025
34306306731
1781718171023
34317406100
1781718172023
34328427669
1781718173024
34339703739
1781718174024
34350781107
1781718175021
34361897521
1781718176027
34372746307
1781718177026
34383645599
1781718178024
34394597461
1781718179023
34405568908
1781718180023
34416795879
1781718181024
34427907000
1781718182023
34439081339
1781718183026
34450273764
1781718184026
34461110662
1781718185021
34472382692
1781718186023
34483604049
1781718187024
34494737094
1781718188023
34505925004
1781718189024
34517199207
1781718190024
34528354391
1781718191026
34539543067
1781718192025
34551017685
1781718193023
34562928811
1781718194108
34576059332
1781718195015
34590900118
1781718196023
34602157476
1781718197023
34613361222
1781718198024
34624440472
1781718199024
34636123384
1781718200024
34647364554
1781718201023
34658813284
1781718202023
34669927296
1781718203024
34681199157
1781718204026
34692495010
1781718205022
34703638428
1781718206024
34715030364
1781718207023
34726995760
1781718208026
34738773654
1781718209023
34750346176
1781718210023
34762206446
1781718211021
34773939495
1781718212024
34786006758
1781718213024
34797192313
1781718214023
34808134016
1781718215020
34819195151
1781718216024
34830037481
1781718217023
34841066501
1781718218023
34852025601
1781718219026
34862766246
1781718220023
34873807828
1781718221024
34884815382
1781718222024
34895847600
1781718223024
34906860785
1781718224023
34917770389
1781718225021
34928863960
1781718226024
34940486360
1781718227028
34953306995
1781718228019
34968414521
1781718229020
34982006307
1781718230023
34993197553
1781718231024
35004572843
1781718232024
35016242704
1781718233024
35028047220
1781718234024
35039742295
1781718235019
35051372039
1781718236024
35062556783
1781718237025
35073683050
1781718238024
35085713134
1781718239112
35095825883
1781718240024
35106872147
1781718241024
35118251307
1781718242024
35129386556
1781718243023
35140379805
1781718244024
35151531561
1781718245020
35162762985
1781718246026
35173737538
1781718247022
35184830084
1781718248023
35195850062
1781718249024
35206735614
1781718250023
35217844883
1781718251023
35228790135
1781718252023
35239548040
1781718253023
35250405409
1781718254024
35261309643
1781718255021
35272387547
1781718256024
35283264210
1781718257021
35294371933
1781718258026
35305149085
1781718259024
35316324740
1781718260028
35327670425
1781718261023
35342111559
1781718262018
35356914202
1781718263020
35368366451
1781718264023
35379438189
1781718265020
35391289033
1781718266022
35403353496
1781718267023
35417716387
1781718268022
35430079582
1781718269109
35440243173
1781718270023
35451708642
1781718271026
35463158519
1781718272023
35474772933
1781718273022
35485882951
1781718274022
35496904444
1781718275019
35508127453
1781718276024
35519119738
1781718277024
35530166950
1781718278021
35541382462
1781718279023
35552619103
1781718280023
35563590779
1781718281024
35574820459
1781718282024
35585938816
1781718283023
35597024553
1781718284024
35608000926
1781718285022
35619227301
1781718286026
35630201486
1781718287025
35641401346
1781718288024
35652357187
1781718289023
35663330423
1781718290020
35674267062
1781718291024
35685144842
1781718292023
35696153789
1781718293024
35707246870
1781718294024
35718526030
1781718295019
35729661569
1781718296023
35742612300
1781718297018
35755554784
1781718298022
35766702639
1781718299024
35777865489
1781718300024
35789319436
1781718301020
35800826122
1781718302023
35812239050
1781718303024
35823163174
1781718304024
35834146065
1781718305021
35845457171
1781718306026
35856368947
1781718307024
35867350369
1781718308024
35878478381
1781718309023
35889431788
1781718310023
35900436681
1781718311026
35911394143
1781718312026
35922341124
1781718313024
35933298525
1781718314025
35944380147
1781718315020
35955528875
1781718316022
35966522292
1781718317025
35977407905
1781718318023
35988250908
1781718319023
35999091019
1781718320021
36010074905
1781718321022
36021075773
1781718322021
36032173674
1781718323021
36043141555
1781718324024
36053986853
1781718325020
36065314438
1781718326024
36076634724
1781718327023
36089462244
1781718328024
36101563320
1781718329024
36113437926
1781718330022
36128363382
1781718331018
36140150349
1781718332023
36152278245
1781718333020
36164031644
1781718334024
36175037531
1781718335017
36186782285
1781718336024
36197926209
1781718337024
36208841871
1781718338024
36219865659
1781718339024
36230836922
1781718340024
36241823714
1781718341026
36252816810
1781718342023
36263964436
1781718343026
36275072817
1781718344024
36286125445
1781718345020
36297348210
1781718346025
36308518709
1781718347025
36319611056
1781718348024
36330847146
1781718349024
36342133038
1781718350023
36353252742
1781718351022
36364489108
1781718352024
36375512605
1781718353023
36386509740
1781718354024
36397533879
1781718355023
36408573396
1781718356027
36419683705
1781718357025
36430959621
1781718358024
36442119150
1781718359023
36453258086
1781718360024
36464212335
1781718361024
36475720536
1781718362025
36487086615
1781718363027
36498384288
1781718364023
36509311044
1781718365021
36520443920
1781718366022
36531487246
1781718367024
36542357177
1781718368022
36553498484
1781718369025
36564185366
1781718370025
36575258542
1781718371024
36586250582
1781718372023
36597305367
1781718373023
36608515570
1781718374023
36619377897
1781718375021
36630484580
1781718376024
36641419857
1781718377023
36652310795
1781718378024
36663351138
1781718379023
36674425706
1781718380023
36685669049
1781718381020
36696758152
1781718382022
36707834082
1781718383023
36718897680
1781718384024
36729925523
1781718385020
36741136536
1781718386024
36752457802
1781718387024
36765667332
1781718388023
36778090825
1781718389108
36789359505
1781718390024
36801255775
1781718391024
36813080089
1781718392023
36824925227
1781718393024
36836211945
1781718394021
36847266103
1781718395020
36858384919
1781718396023
36869672020
1781718397021
36880794110
1781718398023
36894208248
1781718399019
36907786386
1781718400024
36919095090
1781718401024
36930199600
1781718402024
36941497992
1781718403022
36952945284
1781718404023
36963965920
1781718405022
36975003570
1781718406024
36985882206
1781718407026
36996823374
1781718408024
37007909723
1781718409025
37018859903
1781718410021
37029890591
1781718411024
37040949920
1781718412024
37051809309
1781718413023
37062824055
1781718414024
37073670363
1781718415020
37084859375
1781718416025
37095905485
1781718417024
37106864294
1781718418024
37118151150
1781718419027
37128966536
1781718420023
37139878313
1781718421024
37151053280
1781718422026
37162128934
1781718423026
37173400796
1781718424024
37184666033
1781718425018
37196040726
1781718426024
37207093171
1781718427023
37218210855
1781718428020
37229273290
1781718429023
37240488359
1781718430025
37251847170
1781718431023
37262799033
1781718432026
37277468229
1781718433019
37290872804
1781718434023
37301936418
1781718435019
37313261508
1781718436022
37324240115
1781718437024
37335342376
1781718438024
37346623464
1781718439023
37358129125
1781718440024
37369512478
1781718441022
37380544941
1781718442022
37391587318
1781718443024
37402702462
1781718444023
37413740357
1781718445020
37425104462
1781718446024
37438277364
1781718447019
37452141964
1781718448027
37463279416
1781718449022
37474854967
1781718450025
37485751383
1781718451024
37496993486
1781718452024
37508230831
1781718453023
37519587134
1781718454023
37530833751
1781718455019
37542112635
1781718456024
37553300102
1781718457024
37564339848
1781718458023
37575338880
1781718459020
37586643499
1781718460024
37597642363
1781718461025
37608768783
1781718462024
37619735257
1781718463024
37631620374
1781718464108
37642264920
1781718465019
37654459510
1781718466022
37669331936
1781718467020
37681779848
1781718468021
37692828865
1781718469020
37704189819
1781718470025
37715522850
1781718471026
37726595262
1781718472024
37737841266
1781718473024
37748770791
1781718474024
37759667283
1781718475022
37770760379
1781718476024
37781707759
1781718477024
37792676880
1781718478023
37803613014
1781718479022
37814878863
1781718480024
37825976167
1781718481021
37837054438
1781718482024
37848039624
1781718483024
37859106328
1781718484024
37870113913
1781718485020
37881155387
1781718486025
37891945544
1781718487022
37902588163
1781718488021
37913686094
1781718489023
37924758567
1781718490023
37935625820
1781718491026
37946785793
1781718492023
37957716067
1781718493022
37968887821
1781718494025
37979775806
1781718495021
37990751521
1781718496025
38001834780
1781718497023
38013065194
1781718498026
38024266569
1781718499023
38035403439
1781718500022
38050308026
1781718501019
38063912571
1781718502024
38076202526
1781718503024
38087362162
1781718504024
38098464714
1781718505019
38109996921
1781718506024
38122507731
1781718507025
38134661715
1781718508022
38146373008
1781718509024
38157799063
1781718510024
38169284880
1781718511023
38180363824
1781718512023
38191342860
1781718513024
38202457988
1781718514026
38213553655
1781718515021
38224715556
1781718516022
38235613302
1781718517023
38246519188
1781718518025
38257471449
1781718519023
38268676710
1781718520028
38279605392
1781718521025
38290591007
1781718522023
38301530277
1781718523024
38313500003
1781718524109
38323355039
1781718525020
38334416985
1781718526027
38345353011
1781718527020
38356298937
1781718528024
38367347312
1781718529024
38378561049
1781718530023
38389659700
1781718531023
38401145242
1781718532023
38412556670
1781718533026
38424339261
1781718534022
38439238310
1781718535015
38451490305
1781718536024
38462750325
1781718537023
38474384689
1781718538023
38485977331
1781718539023
38497393120
1781718540023
38508524054
1781718541021
38519713617
1781718542020
38530879909
1781718543024
38541602684
1781718544026
38549310687
1781718545019
38557319349
1781718546019
38565282708
1781718547024
38572891903
1781718548024
38580438521
1781718549024
38588090082
1781718550024
38595386025
1781718551024
38602781004
1781718552024
38610238545
1781718553025
38617817706
1781718554024
38625189843
1781718555020
38632824757
1781718556026
38640114121
1781718557023
38647460523
1781718558023
38655097931
1781718559025
38662443201
1781718560024
38669904644
1781718561020
38677611376
1781718562023
38685015337
1781718563024
38692890018
1781718564022
38700550773
1781718565019
38708576327
1781718566022
38720439305
1781718567020
38731087156
1781718568024
38743318527
1781718569019
38754032826
1781718570024
38761744868
1781718571022
38770977699
1781718572020
38780377085
1781718573022
38789276728
1781718574020
38798063732
1781718575016
38807450374
1781718576025
38815987789
1781718577024
38823669981
1781718578024
38831236504
1781718579021
38839144232
1781718580026
38846766356
1781718581020
38854184913
1781718582023
38861794704
1781718583026
38869156345
1781718584024
38876585076
1781718585020
38884349826
1781718586024
38891731005
1781718587024
38899333958
1781718588023
38906722267
1781718589024
38914034076
1781718590023
38921521268
1781718591024
38928745607
1781718592023
38936163276
1781718593024
38943664239
1781718594024
38950994301
1781718595021
38958444406
1781718596023
38965898016
1781718597021
38973273044
1781718598024
38980926196
1781718599026
38989001153
1781718600023
38996484383
1781718601024
39005891282
1781718602020
39019207178
1781718603018
39027821430
1781718604024
39035502489
1781718605019
39043605507
1781718606023
39051895093
1781718607023
39060524079
1781718608024
39068748655
1781718609020
39076723443
1781718610023
39084560455
1781718611025
39092033052
1781718612022
39099641650
1781718613023
39107337274
1781718614024
39114983296
1781718615019
39122628951
1781718616024
39130233740
1781718617024
39137940044
1781718618024
39145121757
1781718619024
39152667303
1781718620024
39160093296
1781718621024
39167297638
1781718622025
39174912279
1781718623022
39182447529
1781718624024
39189764693
1781718625020
39197619943
1781718626025
39205573847
1781718627023
39216883653
1781718628021
39224671659
1781718629020
39233135680
1781718630024
39241146285
1781718631024
39250317350
1781718632020
39259705996
1781718633022
39268211205
1781718634023
39277769436
1781718635016
39290975616
1781718636019
39301549079
1781718637024
39309725200
1781718638023
39317470672
1781718639022
39325229562
1781718640020
39333154029
1781718641024
39341188013
1781718642024
39348479626
1781718643024
39356114938
1781718644026
39363515793
1781718645022
39371260836
1781718646024
39378929242
1781718647024
39386494373
1781718648024
39393966755
1781718649024
39401817782
1781718650024
39409656921
1781718651026
39417122494
1781718652026
39424650446
1781718653025
39432256627
1781718654023
39439661980
1781718655019
39447286521
1781718656024
39454703946
1781718657025
39462202736
1781718658022
39470058322
1781718659107
39476737368
1781718660027
39484205788
1781718661024
39491380585
1781718662023
39498872399
1781718663023
39506756642
1781718664020
39514081012
1781718665021
39521603333
1781718666026
39529058671
1781718667024
39537511141
1781718668020
39548220927
1781718669019
39561475225
1781718670024
39570084290
1781718671027
39578233575
1781718672024
39587463943
1781718673020
39596471190
1781718674023
39605248846
1781718675018
39612602929
1781718676024
39620228158
1781718677024
39627739647
1781718678020
39635152268
1781718679020
39642795567
1781718680024
39650135543
1781718681023
39657836400
1781718682021
39665265804
1781718683020
39672825397
1781718684024
39680640958
1781718685023
39688208292
1781718686025
39698987295
1781718687019
39710455058
1781718688020
39718874664
1781718689024
39727268075
1781718690025
39734683679
1781718691020
39742668336
1781718692023
39750280744
1781718693025
39758187830
1781718694020
39765600328
1781718695022
39773031752
1781718696024
39780168957
1781718697024
39787956290
1781718698025
39796028356
1781718699023
39803205555
1781718700023
39810923595
1781718701024
39819108972
1781718702023
39826490794
1781718703023
39833914048
1781718704023
39842988233
1781718705019
39851065562
1781718706026
39858970108
1781718707021
39867114160
1781718708023
39874944211
1781718709024
39882342403
1781718710022
39890078711
1781718711019
39897761881
1781718712023
39904899744
1781718713023
39912671287
1781718714026
39920347619
1781718715019
39927973093
1781718716027
39935594528
1781718717024
39943037121
1781718718024
39950766298
1781718719023
39958334352
1781718720022
39965777985
1781718721024
39973437991
1781718722024
39981043392
1781718723024
39988661063
1781718724022
39996862551
1781718725020
40004588394
1781718726024
40012275817
1781718727022
40020100283
1781718728026
40028335692
1781718729020
40035871646
1781718730024
40043413291
1781718731023
40050963535
1781718732023
40058635154
1781718733024
40066317024
1781718734026
40073598141
1781718735020
40081826863
1781718736023
40089063366
1781718737024
40099298408
1781718738022
40110813800
1781718739020
40118368435
1781718740023
40125802368
1781718741023
40133574768
1781718742021
40141110584
1781718743020
40148924707
1781718744024
40156696878
1781718745019
40164611675
1781718746026
40176120182
1781718747019
40186892269
1781718748022
40194801329
1781718749022
40202299966
1781718750023
40209947181
1781718751026
40217485430
1781718752027
40225253087
1781718753023
40233064977
1781718754024
40240964856
1781718755020
40248610725
1781718756027
40256114197
1781718757024
40263593067
1781718758024
40271356669
1781718759024
40279621239
1781718760024
40287111232
1781718761022
40294769387
1781718762025
40302495612
1781718763022
40310153828
1781718764024
40317590576
1781718765020
40325330097
1781718766024
40332737133
1781718767026
40340367090
1781718768023
40347936688
1781718769026
40356039323
1781718770024
40364882937
1781718771019
40377960062
1781718772021
40387065903
1781718773022
40395461120
1781718774023
40403632880
1781718775019
40412156724
1781718776023
40419837615
1781718777020
