19617647239
1781716044010
19626335298
1781716045020
19634798019
1781716046025
19643131455
1781716047024
19651433985
1781716048023
19659629889
1781716049023
19668039641
1781716050024
19676179348
1781716051021
19684475222
1781716052023
19692714379
1781716053026
19700750367
1781716054023
19708844664
1781716055022
19717015690
1781716056024
19725090372
1781716057021
19733276087
1781716058023
19741455773
1781716059023
19749747898
1781716060023
19757852645
1781716061022
19766244909
1781716062021
19774479736
1781716063023
19782778150
1781716064023
19791083740
1781716065023
19799387356
1781716066023
19807718634
1781716067024
19816397590
1781716068023
19825078917
1781716069022
19834165771
1781716070024
19843249105
1781716071023
19852138482
1781716072024
19860864118
1781716073019
19870486410
1781716074025
19882089272
1781716075022
19893723071
1781716076023
19905197444
1781716077023
19916642777
1781716078025
19928311245
1781716079024
19940010957
1781716080023
19951520351
1781716081023
19963060957
1781716082023
19974787245
1781716083023
19986295277
1781716084026
19997796104
1781716085025
20009500971
1781716086022
20020995050
1781716087024
20032477807
1781716088023
20044229079
1781716089023
20055798587
1781716090022
20067512313
1781716091022
20079233123
1781716092022
20091160728
1781716093023
20102990886
1781716094024
20114626460
1781716095022
20126390691
1781716096023
20138041366
1781716097022
20149740832
1781716098024
20161597644
1781716099024
20173158767
1781716100021
20184939293
1781716101026
20196700235
1781716102023
20208093395
1781716103025
20219561877
1781716104022
20230939217
1781716105022
20242523459
1781716106023
20254277745
1781716107023
20265845050
1781716108023
20277436728
1781716109025
20288961101
1781716110025
20300196411
1781716111023
20311723646
1781716112023
20323317420
1781716113024
20334890340
1781716114024
20346547257
1781716115023
20358124032
1781716116023
20369760738
1781716117023
20381472016
1781716118023
20393090147
1781716119024
20404683294
1781716120024
20416235452
1781716121023
20427640271
1781716122022
20439182744
1781716123024
20450700079
1781716124023
20462415319
1781716125023
20474264374
1781716126023
20485705347
1781716127023
20497373172
1781716128023
20508932399
1781716129024
20520472592
1781716130024
20532118095
1781716131022
20543776971
1781716132023
20555318679
1781716133025
20566983659
1781716134019
20578585297
1781716135023
20590364415
1781716136025
20602108466
1781716137026
20613660287
1781716138026
20625356693
1781716139021
20636889344
1781716140023
20648476447
1781716141023
20660070634
1781716142026
20673219928
1781716143137
20683575458
1781716144025
20695157588
1781716145023
20706831748
1781716146022
20718418576
1781716147022
20729948656
1781716148026
20741499223
1781716149023
20752942567
1781716150026
20764525677
1781716151025
20775830296
1781716152025
20787281856
1781716153022
20798896943
1781716154022
20810424682
1781716155024
20821839171
1781716156023
20833445583
1781716157023
20845029075
1781716158023
20856612414
1781716159023
20868110043
1781716160021
20879602653
1781716161023
20890957181
1781716162023
20902618367
1781716163024
20913980652
1781716164020
20925614282
1781716165022
20937234754
1781716166023
20948424042
1781716167022
20960080607
1781716168023
20971679859
1781716169021
20983375423
1781716170023
20995184315
1781716171022
21006545621
1781716172023
21017953056
1781716173026
21029485339
1781716174027
21040706160
1781716175022
21052322272
1781716176024
21063913170
1781716177023
21075590069
1781716178026
21087353275
1781716179023
21098873379
1781716180024
21110371069
1781716181025
21122043240
1781716182023
21133519173
1781716183023
21145085224
1781716184025
21156732716
1781716185023
21168461619
1781716186023
21180126707
1781716187023
21191861439
1781716188023
21203452352
1781716189023
21214901556
1781716190025
21226296063
1781716191023
21237792544
1781716192024
21249372089
1781716193022
21260976940
1781716194024
21272609377
1781716195023
21284102661
1781716196025
21295632634
1781716197023
21307137163
1781716198022
21318688265
1781716199021
21330400782
1781716200023
21341884381
1781716201022
21353460009
1781716202023
21365049116
1781716203023
21376551274
1781716204022
21388073719
1781716205022
21399774471
1781716206024
21411508500
1781716207023
21423193431
1781716208023
21434769916
1781716209026
21446325118
1781716210025
21457900150
1781716211022
21469592303
1781716212024
21481221282
1781716213026
21492838006
1781716214022
21504613788
1781716215022
21516169542
1781716216022
21527707700
1781716217023
21541553405
1781716218238
21550709307
1781716219026
21562118242
1781716220024
21573808406
1781716221022
21585295737
1781716222025
21596849242
1781716223026
21608418107
1781716224025
21619894928
1781716225025
21631419714
1781716226022
21643102305
1781716227024
21654684864
1781716228026
21666210904
1781716229025
21677980628
1781716230023
21689699893
1781716231026
21701350598
1781716232024
21713325219
1781716233049
21724513865
1781716234025
21736052635
1781716235022
21747742049
1781716236025
21759309018
1781716237025
21771019439
1781716238023
21782629828
1781716239022
21794148342
1781716240022
21805613672
1781716241025
21817231237
1781716242021
21828941505
1781716243025
21840677355
1781716244020
21852243069
1781716245025
21863717640
1781716246024
21875130171
1781716247023
21886605063
1781716248023
21898134990
1781716249023
21909543084
1781716250025
21920868893
1781716251021
21932349141
1781716252022
21943900565
1781716253022
21955316629
1781716254024
21966730934
1781716255021
21978187865
1781716256023
21989548130
1781716257023
22000851984
1781716258023
22012207782
1781716259024
22023407351
1781716260021
22034736573
1781716261023
22046187705
1781716262025
22057799089
1781716263022
22069153188
1781716264023
22080664664
1781716265022
22092065856
1781716266025
22103456400
1781716267023
22114831966
1781716268023
22126102083
1781716269023
22137447783
1781716270025
22148768789
1781716271023
22160336048
1781716272022
22172026349
1781716273025
22183466159
1781716274023
22195091099
1781716275022
22206753157
1781716276022
22218275052
1781716277023
22230366749
1781716278047
22241769074
1781716279025
22253151692
1781716280023
22264733104
1781716281023
22276203407
1781716282024
22287751235
1781716283023
22299255106
1781716284023
22310873161
1781716285024
22322530368
1781716286023
22334240376
1781716287022
22345809196
1781716288022
22357352373
1781716289023
22369144970
1781716290022
22380734705
1781716291023
22392044603
1781716292024
22403339078
1781716293022
22414924819
1781716294022
22426417093
1781716295024
22438122771
1781716296022
22449854979
1781716297024
22461185012
1781716298023
22472525372
1781716299024
22483848030
1781716300024
22495232530
1781716301026
22506736799
1781716302025
22518172815
1781716303023
22529859047
1781716304024
22541504030
1781716305025
22552965489
1781716306022
22564318533
1781716307023
22576006677
1781716308024
22587415443
1781716309025
22598778478
1781716310025
22610386450
1781716311023
22622094408
1781716312023
22633647882
1781716313024
22645311210
1781716314023
22656921645
1781716315020
22668362832
1781716316026
22679824980
1781716317022
22691241917
1781716318023
22702696292
1781716319023
22714212296
1781716320026
22725819029
1781716321023
22737348084
1781716322024
22748765357
1781716323022
22760424034
1781716324023
22772039916
1781716325024
22783715423
1781716326024
22795414185
1781716327023
22807139539
1781716328023
22818535254
1781716329024
22830205085
1781716330023
22841935243
1781716331023
22853853698
1781716332023
22865404617
1781716333023
22877253518
1781716334023
22888879804
1781716335023
22900363602
1781716336021
22911799939
1781716337024
22923266738
1781716338023
22934899772
1781716339023
22946340591
1781716340023
22957731090
1781716341023
22969274863
1781716342023
22980847003
1781716343024
22992500370
1781716344022
23004119909
1781716345019
23015813715
1781716346023
23027506785
1781716347025
23039136774
1781716348023
23050809144
1781716349025
23062354142
1781716350024
23074043464
1781716351022
23085698637
1781716352024
23097278702
1781716353022
23109057346
1781716354023
23120694235
1781716355024
23132229410
1781716356022
23143918564
1781716357023
23155584126
1781716358023
23167267038
1781716359021
23179094045
1781716360023
23190963356
1781716361023
23202662226
1781716362023
23214255556
1781716363027
23225680693
1781716364024
23237418486
1781716365023
23249343582
1781716366024
23261064101
1781716367023
23272905429
1781716368024
23284490099
1781716369023
23295991094
1781716370023
23307502875
1781716371023
23319120180
1781716372023
23330730646
1781716373023
23342498963
1781716374023
23354260654
1781716375026
23365914343
1781716376024
23377667497
1781716377025
23389408610
1781716378025
23401196541
1781716379022
23413019738
1781716380023
23424773030
1781716381023
23436446195
1781716382024
23448078923
1781716383023
23459645983
1781716384022
23471235641
1781716385023
23483116520
1781716386022
23494760891
1781716387025
23506209070
1781716388023
23517959225
1781716389022
23529559593
1781716390025
23541144998
1781716391022
23552684931
1781716392024
23564290746
1781716393023
23576107854
1781716394024
23587676368
1781716395026
23599302593
1781716396023
23610936376
1781716397024
23625077814
1781716398239
23634120313
1781716399024
23645722563
1781716400023
23657154066
1781716401023
23668696080
1781716402023
23680230520
1781716403023
23691519564
1781716404023
23702962893
1781716405025
23714569549
1781716406025
23726162604
1781716407023
23737544764
1781716408024
23748698831
1781716409023
23760140798
1781716410023
23771592756
1781716411022
23783150805
1781716412023
23796130835
1781716413142
23806070052
1781716414023
23817611561
1781716415023
23829400104
1781716416026
23840945866
1781716417023
23852352231
1781716418023
23864130385
1781716419023
23875673531
1781716420023
23887079803
1781716421025
23898668819
1781716422023
23910309610
1781716423024
23921782743
1781716424023
23933542614
1781716425026
23945274118
1781716426024
23956915215
1781716427023
23968660077
1781716428022
23980091885
1781716429022
23991554155
1781716430023
24003256865
1781716431024
24014618752
1781716432023
24026131161
1781716433026
24037743019
1781716434024
24049483229
1781716435023
24061307054
1781716436023
24073042185
1781716437023
24084376578
1781716438023
24096001074
1781716439023
24107342229
1781716440025
24118658431
1781716441022
24130156182
1781716442023
24141557925
1781716443023
24153044492
1781716444023
24164435495
1781716445022
24175957665
1781716446022
24187426652
1781716447024
24198857573
1781716448023
24210331074
1781716449023
24221837408
1781716450025
24233270302
1781716451022
24244749387
1781716452024
24255928118
1781716453025
24267260339
1781716454022
24278901527
1781716455023
24290359391
1781716456023
24301714761
1781716457024
24313280750
1781716458022
24324606223
1781716459024
24335993814
1781716460024
24347849769
1781716461025
24359472796
1781716462024
24371103795
1781716463023
24382725751
1781716464023
24394460913
1781716465022
24406178632
1781716466024
24417612796
1781716467026
24429229857
1781716468024
24440740016
1781716469023
24452003677
1781716470024
24463728648
1781716471022
24475510016
1781716472024
24487312130
1781716473023
24499036428
1781716474023
24510683736
1781716475023
24522421483
1781716476022
24534368748
1781716477025
24546041562
1781716478022
24557749918
1781716479023
24569390464
1781716480025
24581013445
1781716481022
24592832129
1781716482023
24604580800
1781716483023
24616280037
1781716484022
24627993166
1781716485023
24639657504
1781716486025
24651285489
1781716487021
24662816900
1781716488023
24674289314
1781716489025
24685953835
1781716490023
24697625394
1781716491026
24709471190
1781716492024
24721139842
1781716493023
24732618085
1781716494024
24744404104
1781716495023
24756062581
1781716496019
24767656141
1781716497022
24779385947
1781716498023
24790982506
1781716499023
24802508654
1781716500026
24813935046
1781716501023
24825455884
1781716502023
24838266253
1781716503138
24848494456
1781716504023
24859961102
1781716505023
24871587037
1781716506023
24882926968
1781716507022
24894582508
1781716508027
24906301865
1781716509023
24917950673
1781716510023
24929589214
1781716511022
24941174068
1781716512025
24952501898
1781716513025
24964244602
1781716514027
24975945782
1781716515023
24987427850
1781716516023
24998874561
1781716517026
25010497665
1781716518024
25021994804
1781716519023
25033473399
1781716520023
25044929289
1781716521022
25056639665
1781716522025
25068322454
1781716523024
25079807552
1781716524022
25091278038
1781716525020
25102970895
1781716526019
25114803028
1781716527022
25126259377
1781716528024
25137707694
1781716529025
25149300030
1781716530021
25160562880
1781716531022
25172125824
1781716532026
25183671464
1781716533027
25194962405
1781716534025
25206612039
1781716535025
25218295196
1781716536026
25230088436
1781716537023
25241749836
1781716538021
25253357655
1781716539022
25264960425
1781716540023
25276528863
1781716541022
25288172989
1781716542025
25299857232
1781716543023
25311436042
1781716544023
25323112237
1781716545023
25335000306
1781716546023
25346673503
1781716547023
25358353614
1781716548023
25370185013
1781716549026
25381786651
1781716550025
25393334249
1781716551023
25405060628
1781716552023
25416839609
1781716553025
25428734135
1781716554023
25440454654
1781716555022
25452172893
1781716556023
25464071535
1781716557023
25475556908
1781716558025
25487274153
1781716559023
25498946875
1781716560024
25510410247
1781716561021
25522320272
1781716562023
25534121009
1781716563023
25545846424
1781716564023
25557432747
1781716565023
25568970768
1781716566023
25580487169
1781716567024
25592269669
1781716568023
25604024139
1781716569022
25615693999
1781716570025
25627256515
1781716571019
25638938295
1781716572023
25650550153
1781716573023
25662116984
1781716574023
25673670228
1781716575023
25685359795
1781716576023
25696922097
1781716577023
25708794958
1781716578025
25720530961
1781716579025
25732160812
1781716580024
25743768234
1781716581025
25755335202
1781716582023
25767141417
1781716583021
25778926548
1781716584025
25790641574
1781716585023
25802291086
1781716586024
25813898262
1781716587023
25825461605
1781716588026
25837093919
1781716589023
25848629767
1781716590023
25860321002
1781716591022
25871990144
1781716592025
25883670684
1781716593023
25895431320
1781716594023
25907134734
1781716595026
25918857685
1781716596023
25930567326
1781716597024
25942191715
1781716598023
25953931834
1781716599026
25965768113
1781716600019
25977465376
1781716601022
25989252894
1781716602023
26000941895
1781716603023
26012653922
1781716604023
26024662020
1781716605023
26036356223
1781716606023
26048054710
1781716607023
26060009258
1781716608023
26071747097
1781716609023
26083240656
1781716610023
26094944223
1781716611024
26106747805
1781716612023
26118689455
1781716613023
26130341553
1781716614023
26142101714
1781716615023
26153897418
1781716616023
26165578050
1781716617022
26177211007
1781716618024
26188701567
1781716619023
26200176108
1781716620023
26211718764
1781716621026
26223336039
1781716622023
26234768123
1781716623021
26246289512
1781716624024
26257869807
1781716625022
26269437418
1781716626022
26280897439
1781716627023
26292450897
1781716628025
26304115495
1781716629023
26315790497
1781716630023
26327564153
1781716631024
26339132620
1781716632023
26350421679
1781716633025
26362076607
1781716634023
26373747249
1781716635027
26385433679
1781716636024
26397048628
1781716637023
26408582656
1781716638024
26420185334
1781716639023
26431730638
1781716640024
26443223401
1781716641024
26454835474
1781716642023
26466581590
1781716643023
26478223803
1781716644024
26489927676
1781716645023
26501366415
1781716646023
26513012790
1781716647022
26524878476
1781716648023
26536632150
1781716649023
26548365368
1781716650023
26560082475
1781716651023
26571790510
1781716652025
26583498911
1781716653023
26595122291
1781716654023
26606682818
1781716655023
26618441418
1781716656024
26630060468
1781716657022
26641650937
1781716658022
26653360731
1781716659023
26665183377
1781716660022
26676883731
1781716661023
26688630321
1781716662026
26700230720
1781716663023
26711801345
1781716664023
26723512654
1781716665023
26735333005
1781716666027
26747041499
1781716667025
26758775023
1781716668026
26770535108
1781716669023
26782286670
1781716670023
26793751955
1781716671022
26805504191
1781716672023
26817248808
1781716673023
26828966313
1781716674025
26840736082
1781716675022
26852422161
1781716676025
26864105042
1781716677018
26875922043
1781716678022
26887462910
1781716679024
26898931836
1781716680021
26907479211
1781716681022
26915604261
1781716682021
26924126040
1781716683025
26932100201
1781716684025
26940406708
1781716685023
26948764043
1781716686023
26957158847
1781716687021
26965578773
1781716688022
26974114429
1781716689019
26983600230
1781716690023
26992699951
1781716691024
27001719500
1781716692022
27010755496
1781716693025
27021605017
1781716694023
27033292442
1781716695023
27045044954
1781716696024
27056434733
1781716697022
27068061692
1781716698023
27079707134
1781716699024
27091182899
1781716700022
27102968015
1781716701023
27114652594
1781716702025
27126380932
1781716703026
27138236703
1781716704026
27149762713
1781716705026
27161606474
1781716706024
27173240288
1781716707019
27185073277
1781716708023
27196547803
1781716709023
27208152654
1781716710023
27219837080
1781716711025
27231483379
1781716712023
27244831512
1781716713147
27255115285
1781716714023
27266694432
1781716715023
27278426992
1781716716024
27290125755
1781716717023
27301723445
1781716718023
27313334370
1781716719023
27324891424
1781716720023
27336593660
1781716721022
27348267805
1781716722023
27360008352
1781716723023
27371628059
1781716724024
27383467949
1781716725023
27395234766
1781716726022
27406861695
1781716727023
27418500374
1781716728024
27430169194
1781716729024
27441681572
1781716730023
27453277473
1781716731028
27464560167
1781716732023
27476308180
1781716733023
27487911211
1781716734023
27499628104
1781716735025
27511411950
1781716736022
27523119617
1781716737024
27534770414
1781716738025
27546337458
1781716739023
27558193214
1781716740023
27569779736
1781716741022
27581203313
1781716742023
27593006161
1781716743020
27604653837
1781716744023
27616259881
1781716745023
27627980125
1781716746022
27639839752
1781716747026
27651442950
1781716748023
27663189709
1781716749023
27674855500
1781716750025
27686219177
1781716751021
27697906021
1781716752024
27709626647
1781716753023
27721315113
1781716754023
27733003930
1781716755023
27744791387
1781716756023
27756408906
1781716757026
27769452738
1781716758147
27779472081
1781716759023
27790929899
1781716760024
27802517124
1781716761023
27814050953
1781716762021
27825488529
1781716763023
27836999300
1781716764024
27848747574
1781716765021
27860415904
1781716766026
27871861437
1781716767023
27883525988
1781716768024
27894998907
1781716769021
27906604233
1781716770023
27918179953
1781716771022
27929704509
1781716772023
27941280459
1781716773022
27952908015
1781716774026
27964538478
1781716775025
27976344326
1781716776024
27987994174
1781716777025
27999535653
1781716778023
28011345814
1781716779023
28022924013
1781716780024
28034374013
1781716781024
28045923570
1781716782027
28057507276
1781716783023
28069338338
1781716784023
28081177478
1781716785025
28092896666
1781716786024
28104456994
1781716787026
28116089262
1781716788022
28127602757
1781716789023
28139121240
1781716790023
28150767585
1781716791026
28162280039
1781716792023
28174005775
1781716793026
28185585810
1781716794024
28197370115
1781716795019
28209019428
1781716796023
28220701743
1781716797024
28232312637
1781716798026
28243956044
1781716799022
28255631168
1781716800023
28267316574
1781716801024
28279098385
1781716802025
28291109145
1781716803047
28302499245
1781716804023
28314270071
1781716805025
28325940589
1781716806023
28337546986
1781716807025
28349065178
1781716808025
28360670228
1781716809023
28372442476
1781716810023
28384115244
1781716811025
28395770753
1781716812024
28407494409
1781716813023
28419191748
1781716814023
28430862879
1781716815021
28442562942
1781716816025
28454260817
1781716817023
28466055694
1781716818024
28477359334
1781716819023
28488832636
1781716820024
28500442276
1781716821024
28512030955
1781716822023
28523845202
1781716823023
28535362629
1781716824025
28547050865
1781716825023
28558586453
1781716826023
28570135153
1781716827023
28581635735
1781716828022
28593143538
1781716829022
28604634664
1781716830025
28616154677
1781716831026
28627575576
1781716832023
28639160216
1781716833023
28650710492
1781716834025
28662203439
1781716835025
28673765480
1781716836022
28685351375
1781716837026
28696730229
1781716838023
28708408398
1781716839023
28719959852
1781716840023
28731507971
1781716841023
28743140102
1781716842024
28754668285
1781716843023
28766206596
1781716844024
28777708662
1781716845026
28789425601
1781716846025
28801016881
1781716847023
28812662736
1781716848025
28824082074
1781716849023
28835566866
1781716850026
28846930452
1781716851023
28858479014
1781716852025
28869623488
1781716853022
28881125814
1781716854024
28892804151
1781716855023
28904415398
1781716856023
28915924670
1781716857024
28927398859
1781716858020
28939050054
1781716859022
28950740233
1781716860024
28962245129
1781716861023
28973713366
1781716862023
28985249153
1781716863023
28996854219
1781716864024
29008419152
1781716865022
29019999447
1781716866022
29031416215
1781716867023
29042805152
1781716868025
29054204448
1781716869023
29065685859
1781716870024
29077179831
1781716871024
29088740832
1781716872024
29100443205
1781716873023
29111799033
1781716874024
29123268464
1781716875021
29134979329
1781716876023
29146444277
1781716877024
29157922781
1781716878023
29169392808
1781716879025
29180723835
1781716880021
29192417166
1781716881022
29203978703
1781716882023
29215356211
1781716883024
29226827340
1781716884022
29238323118
1781716885025
29249891524
1781716886023
29261689584
1781716887025
29273099023
1781716888021
29284778600
1781716889023
29296115196
1781716890023
29307595383
1781716891023
29319257318
1781716892026
29330916453
1781716893023
29342666073
1781716894024
29354234143
1781716895024
29366058182
1781716896023
29377802294
1781716897024
29389350351
1781716898023
29401094585
1781716899023
29412806399
1781716900025
29424499393
1781716901026
29436198110
1781716902021
29448037387
1781716903022
29459907632
1781716904024
29471782299
1781716905024
29483523488
1781716906022
29495132118
1781716907023
29506766483
1781716908022
29518392663
1781716909026
29530085473
1781716910025
29541752794
1781716911025
29553266121
1781716912022
29564917392
1781716913023
29576496646
1781716914024
29588290590
1781716915024
29599989230
1781716916022
29611666466
1781716917023
29623322495
1781716918023
29634825678
1781716919023
29646436894
1781716920023
29657981126
1781716921023
29669434400
1781716922023
29681234739
1781716923048
29692309644
1781716924023
29703751092
1781716925023
29715465154
1781716926023
29727095679
1781716927023
29738699474
1781716928023
29750385675
1781716929024
29762150962
1781716930023
29773708919
1781716931021
29785409104
1781716932021
29796940974
1781716933024
29808606704
1781716934022
29820442203
1781716935025
29831938745
1781716936021
29843592893
1781716937022
29855609528
1781716938046
29867000745
1781716939023
29878614654
1781716940025
29890054005
1781716941025
29901611640
1781716942022
29913364641
1781716943023
29924779833
1781716944025
29936379483
1781716945023
29947971145
1781716946023
29959778997
1781716947023
29971429625
1781716948022
29983000893
1781716949021
29994691393
1781716950023
30006385581
1781716951023
30018045267
1781716952023
30031132352
1781716953138
30041571114
1781716954025
30053179116
1781716955021
30064877420
1781716956023
30076530344
1781716957026
30088135394
1781716958023
30099833009
1781716959023
30111566992
1781716960023
30123165998
1781716961023
30134867851
1781716962025
30146237863
1781716963025
30157917240
1781716964023
30169677126
1781716965023
30181312348
1781716966022
30193071821
1781716967023
30205932282
1781716968138
30216277239
1781716969023
30227932886
1781716970023
30239588273
1781716971023
30251242926
1781716972022
30262863765
1781716973026
30274434956
1781716974023
30286256715
1781716975023
30297804620
1781716976023
30309522431
1781716977025
30321200814
1781716978026
30332898475
1781716979023
30344742235
1781716980023
30356414758
1781716981023
30367952764
1781716982026
30379712711
1781716983022
30391363936
1781716984022
30402919980
1781716985023
30414607482
1781716986024
30426401181
1781716987025
30438141483
1781716988023
30449720141
1781716989027
30461475146
1781716990023
30473145680
1781716991023
30484571062
1781716992023
30496223527
1781716993023
30508082052
1781716994024
30519745578
1781716995026
30531447738
1781716996025
30542823349
1781716997023
30554285726
1781716998023
30565894081
1781716999023
30577285773
1781717000023
30588990609
1781717001024
30600578034
1781717002026
30611927788
1781717003027
30623535653
1781717004026
30635232503
1781717005025
30646770661
1781717006024
30658420678
1781717007025
30669971275
1781717008023
30681632323
1781717009023
30693279647
1781717010024
30704884667
1781717011023
30716480062
1781717012024
30729271337
1781717013138
30739545853
1781717014023
30751091386
1781717015025
30762712899
1781717016023
30774453109
1781717017022
30786174882
1781717018022
30797897544
1781717019023
30809579859
1781717020023
30821206084
1781717021023
30832802765
1781717022024
30844485982
1781717023024
30856145883
1781717024025
30867960451
1781717025023
30879867462
1781717026024
30891575542
1781717027022
30903258132
1781717028023
30914891426
1781717029024
30926463612
1781717030022
30938310478
1781717031023
30950080126
1781717032023
30961723349
1781717033021
30973494542
1781717034023
30985272574
1781717035024
30996964543
1781717036023
31008680457
1781717037023
31020248037
1781717038023
31031943082
1781717039019
31043560693
1781717040023
31055306472
1781717041023
31067000966
1781717042024
31078619082
1781717043022
31090339464
1781717044022
31101967724
1781717045025
31113576247
1781717046024
31125398129
1781717047026
31136960599
1781717048024
31148543219
1781717049024
31159985844
1781717050026
31171567577
1781717051025
31183186902
1781717052023
31194930065
1781717053023
31206719174
1781717054023
31218398903
1781717055023
31230142954
1781717056023
31241622605
1781717057024
31253173478
1781717058022
31264727502
1781717059023
31276251585
1781717060023
31287775545
1781717061022
31299537833
1781717062023
31311217669
1781717063023
31322890881
1781717064025
31334518590
1781717065023
31346237793
1781717066023
31358032793
1781717067026
31369876110
1781717068027
31381585842
1781717069022
31393231774
1781717070023
31404990803
1781717071019
31416672950
1781717072025
31428502420
1781717073023
31440351184
1781717074024
31451956555
1781717075022
31463734816
1781717076025
31475410675
1781717077023
31487200090
1781717078024
31498971359
1781717079023
31510621207
1781717080023
31522395047
1781717081024
31534086159
1781717082023
31545812095
1781717083025
31557556099
1781717084022
31569174170
1781717085022
31580738843
1781717086025
31592414686
1781717087025
31603965222
1781717088024
31615512683
1781717089022
31627188495
1781717090025
31638473668
1781717091023
31650158263
1781717092024
31661768668
1781717093024
31673400921
1781717094021
31685087536
1781717095022
31696666989
1781717096023
31708424809
1781717097023
31720146782
1781717098022
31731875456
1781717099024
31743438844
1781717100022
31754946601
1781717101025
31766422887
1781717102026
31778008245
1781717103023
31789566722
1781717104023
31801009699
1781717105023
31812545578
1781717106024
31824041860
1781717107026
31835540208
1781717108022
31847175644
1781717109024
31858652664
1781717110023
31870116510
1781717111023
31881731857
1781717112021
31893575036
1781717113023
31905226017
1781717114023
31917031497
1781717115024
31928814225
1781717116023
31940590023
1781717117023
31953595222
1781717118138
31964085361
1781717119025
31975570765
1781717120026
31987359002
1781717121025
31999050375
1781717122023
32010514604
1781717123025
32022312281
1781717124024
32034161412
1781717125023
32045867090
1781717126023
32057572110
1781717127026
32069253400
1781717128025
32080957487
1781717129023
32092663440
1781717130023
32104378926
1781717131022
32116038138
1781717132023
32130031043
1781717133238
32139291384
1781717134023
32150876130
1781717135023
32162475871
1781717136023
32173936061
1781717137023
32185293450
1781717138023
32196689793
1781717139026
32208180873
1781717140023
32219727125
1781717141023
32231081041
1781717142025
32242613094
1781717143025
32254025104
1781717144023
32265443081
1781717145024
32276975426
1781717146023
32288681058
1781717147023
32300077737
1781717148023
32311426650
1781717149023
32322866200
1781717150024
32334521174
1781717151024
32346178091
1781717152026
32357678366
1781717153023
32369405403
1781717154023
32380965609
1781717155025
32392610714
1781717156023
32404089891
1781717157024
32415453905
1781717158023
32427078570
1781717159024
32438766454
1781717160022
32450407199
1781717161025
32461888257
1781717162021
32473385075
1781717163025
32485159787
1781717164023
32496774063
1781717165023
32508469704
1781717166023
32520019644
1781717167025
32531627034
1781717168025
32543277265
1781717169023
32554911814
1781717170026
32566275047
1781717171023
32577896025
1781717172023
32589444924
1781717173023
32600942629
1781717174023
32612528187
1781717175024
32624074332
1781717176026
32635584981
1781717177023
32647120798
1781717178024
32658552392
1781717179026
32669752068
1781717180021
32681393119
1781717181022
32692875295
1781717182023
32704412260
1781717183025
32716016193
1781717184022
32727695249
1781717185022
32739301462
1781717186024
32751017253
1781717187023
32762485965
1781717188023
32774315803
1781717189023
32785985036
1781717190022
32797905251
1781717191023
32809654488
1781717192023
32821096670
1781717193023
32832897560
1781717194023
32844446229
1781717195022
32855933117
1781717196025
32867464773
1781717197022
32879128636
1781717198024
32890718539
1781717199023
32902412559
1781717200022
32914056639
1781717201023
32925713724
1781717202022
32937413803
1781717203023
32949173429
1781717204023
32960999487
1781717205023
32972721643
1781717206023
32984469504
1781717207024
32996117807
1781717208023
33007759990
1781717209024
33019230078
1781717210023
33030874572
1781717211025
33042449756
1781717212023
33054137885
1781717213022
33065875617
1781717214024
33077644729
1781717215023
33089339513
1781717216023
33101245285
1781717217024
33112983460
1781717218023
33124683844
1781717219024
33136419113
1781717220023
33148179871
1781717221024
33159722420
1781717222024
33171272268
1781717223022
33182754688
1781717224022
33193962872
1781717225023
33205566438
1781717226023
33217251552
1781717227027
33228757152
1781717228023
33240323998
1781717229024
33251931389
1781717230024
33263581421
1781717231023
33275229984
1781717232022
33286863600
1781717233025
33298702143
1781717234024
33310386202
1781717235023
33321945199
1781717236021
33333423259
1781717237022
33345461636
1781717238049
33356572587
1781717239025
33367975433
1781717240023
33379541743
1781717241023
33391013729
1781717242024
33402455788
1781717243026
33413991437
1781717244023
33425791822
1781717245024
33437468415
1781717246022
33449183380
1781717247024
33460653301
1781717248022
33472094105
1781717249023
33483742592
1781717250021
33495443695
1781717251024
33507048807
1781717252021
33518649404
1781717253023
33530196544
1781717254022
33541817414
1781717255022
33553464876
1781717256023
33564941895
1781717257023
33576547083
1781717258023
33588266546
1781717259024
33600013504
1781717260024
33611647027
1781717261022
33623284498
1781717262023
33634747365
1781717263023
33646255168
1781717264024
33657885616
1781717265024
33669544920
1781717266022
33681383876
1781717267025
33693125004
1781717268024
33704676826
1781717269024
33716195523
1781717270023
33727765490
1781717271024
33739324043
1781717272023
33750916501
1781717273025
33762407765
1781717274025
33773914864
1781717275022
33785562754
1781717276023
33797369520
1781717277027
33808856897
1781717278024
33820252154
1781717279023
33831813996
1781717280021
33843331653
1781717281022
33854796922
1781717282022
33866322978
1781717283024
33877721080
1781717284023
33889231056
1781717285023
33900772428
1781717286025
33912339656
1781717287025
33923793649
1781717288021
33935276498
1781717289023
33946772688
1781717290023
33958285020
1781717291025
33969814886
1781717292025
33981294537
1781717293019
33992773883
1781717294023
34004666068
1781717295023
34016390550
1781717296024
34028236008
1781717297023
34039731648
1781717298023
34051293950
1781717299027
34062470814
1781717300025
34073795614
1781717301023
34084142071
1781717302023
34092409441
1781717303023
34100812063
1781717304023
34109257908
1781717305022
34117650570
1781717306023
34126297686
1781717307024
34135379170
1781717308024
34144618105
1781717309024
34153634778
1781717310023
34162781837
1781717311026
34171635687
1781717312025
34183384848
1781717313022
34194747240
1781717314023
34206260444
1781717315023
34217681159
1781717316023
34229144133
1781717317023
34240609602
1781717318026
34252124167
1781717319023
34263502716
1781717320025
34274932367
1781717321023
34286407367
1781717322025
34297893765
1781717323023
34309476952
1781717324023
34321128621
1781717325026
34332646476
1781717326022
34343966151
1781717327024
34355387845
1781717328023
34366814941
1781717329025
34378130316
1781717330026
34389724182
1781717331024
34401055239
1781717332023
34412599809
1781717333024
34424263840
1781717334023
34435924903
1781717335023
34447462220
1781717336024
34459148636
1781717337023
34470673223
1781717338023
34482166996
1781717339023
34493590649
1781717340023
34505135509
1781717341021
34516773240
1781717342024
34528320685
1781717343023
34539885542
1781717344022
34551369141
1781717345025
34562829438
1781717346024
34574308936
1781717347023
34585641355
1781717348025
34596845147
1781717349026
34608563249
1781717350026
34619956776
1781717351023
34631165266
1781717352023
34642561807
1781717353025
34653944518
1781717354021
34665511302
1781717355024
34676978867
1781717356022
34688433456
1781717357025
34699802886
1781717358021
34711253575
1781717359023
34722643094
1781717360023
34734149229
1781717361023
34745332275
1781717362023
34756898845
1781717363024
34768148644
1781717364023
34779566407
1781717365022
34790993334
1781717366023
34802556264
1781717367022
34814026199
1781717368023
34825471793
1781717369023
34836776198
1781717370023
34848179532
1781717371020
34859698627
1781717372024
34872346709
1781717373135
34882516573
1781717374026
34893966817
1781717375023
34905474162
1781717376026
34916966741
1781717377025
34928415043
1781717378021
34939708218
1781717379022
34951126577
1781717380023
34962647706
1781717381026
34974203689
1781717382023
34985566204
1781717383023
34997007238
1781717384023
35008563588
1781717385026
35019986859
1781717386022
35031526700
1781717387024
35043031244
1781717388023
35054477358
1781717389023
35066057499
1781717390027
35077290790
1781717391021
35088960039
1781717392023
35100420626
1781717393023
35111929026
1781717394023
35123643150
1781717395023
35135155359
1781717396025
35146481261
1781717397025
35158050310
1781717398026
35169535500
1781717399026
35181131355
1781717400023
35192702683
1781717401020
35204334462
1781717402022
35215854705
1781717403023
35227272896
1781717404024
35238715322
1781717405024
35250248538
1781717406023
35261739756
1781717407023
35273089755
1781717408023
35284527148
1781717409025
35295916682
1781717410024
35307349500
1781717411022
35318817110
1781717412023
35330260562
1781717413027
35341948691
1781717414023
35353455499
1781717415025
35365114084
1781717416020
35376809450
1781717417023
35388409788
1781717418023
35400070055
1781717419021
35411612314
1781717420023
35423323179
1781717421023
35435094999
1781717422023
35446663191
1781717423021
35458146208
1781717424022
35469984675
1781717425025
35481440474
1781717426023
35493006876
1781717427023
35504589680
1781717428028
35516023385
1781717429024
35527811346
1781717430023
35539617255
1781717431022
35551302538
1781717432023
35563192719
1781717433026
35574859795
1781717434024
35586576290
1781717435023
35598256983
1781717436023
35609947453
1781717437026
35621588474
1781717438024
35633485601
1781717439023
35645220089
1781717440023
35656837914
1781717441023
35668661249
1781717442025
35680273016
1781717443025
35692049120
1781717444022
35703780732
1781717445025
35715513659
1781717446023
35727082876
1781717447022
35738656286
1781717448025
35750277783
1781717449024
35761674509
1781717450022
35773145393
1781717451026
35784696403
1781717452025
35796189932
1781717453023
35807835496
1781717454023
35819503628
1781717455025
35830890362
1781717456023
35842393208
1781717457021
35853868331
1781717458023
35865506566
1781717459027
35877166788
1781717460025
35888475554
1781717461021
35900020536
1781717462021
35911658848
1781717463022
35923298507
1781717464022
35935041379
1781717465020
35946557138
1781717466023
35958132736
1781717467023
35969682384
1781717468025
35981129064
1781717469026
35992812787
1781717470023
36004367347
1781717471023
36015929434
1781717472022
36027579619
1781717473023
36039139320
1781717474023
36050820809
1781717475023
36062462411
1781717476025
36074074896
1781717477023
36087092963
1781717478139
36097431509
1781717479025
36109072744
1781717480026
36120787938
1781717481023
36132450333
1781717482024
36144192303
1781717483023
36156051057
1781717484026
36167598931
1781717485023
36179311066
1781717486024
36190813208
1781717487024
36202494375
1781717488023
36214200513
1781717489022
36225818445
1781717490025
36237495420
1781717491025
36249020497
1781717492023
36261012148
1781717493047
36272374326
1781717494023
36283830185
1781717495025
36295387683
1781717496022
36306777370
1781717497021
36318241920
1781717498024
36329645484
1781717499022
36341318160
1781717500026
36352931212
1781717501022
36364543346
1781717502024
36376171897
1781717503024
36387759735
1781717504022
36399416437
1781717505024
36411061359
1781717506023
36422502929
1781717507023
36434211055
1781717508023
36445888703
1781717509025
36457738232
1781717510023
36469361979
1781717511023
36480947873
1781717512022
36492582789
1781717513022
36504258234
1781717514023
36515981813
1781717515023
36527791852
1781717516025
36539462646
1781717517023
36551220390
1781717518025
36563007816
1781717519023
36574781580
1781717520023
36586665533
1781717521023
36598299638
1781717522023
36609960395
1781717523024
36621729002
1781717524025
36633264621
1781717525023
36644899873
1781717526023
36656343722
1781717527023
36667963307
1781717528022
36679638110
1781717529021
36691381686
1781717530023
36702972568
1781717531023
36714595198
1781717532024
36726161264
1781717533023
36737811036
1781717534025
36749587706
1781717535023
36761200620
1781717536023
36772784663
1781717537027
36784337571
1781717538023
36795844471
1781717539024
36807287188
1781717540023
36818858808
1781717541025
36830481177
1781717542022
36842149171
1781717543025
36853658719
1781717544024
36865335327
1781717545024
36876955187
1781717546025
36888579546
1781717547026
36900183142
1781717548025
36911731536
1781717549023
36923439311
1781717550025
36935153327
1781717551025
36946641684
1781717552018
36958417681
1781717553024
36969867819
1781717554023
36981398174
1781717555023
36993116811
1781717556022
37004799080
1781717557024
37016558721
1781717558023
37028274207
1781717559023
37039859887
1781717560025
37051495246
1781717561021
37063148950
1781717562022
37074907169
1781717563025
37086763582
1781717564021
37098367332
1781717565022
37110170502
1781717566022
37122037319
1781717567023
37133660469
1781717568024
37145450052
1781717569022
37156884890
1781717570023
37168638273
1781717571023
37180258516
1781717572027
37191820696
1781717573025
37203230946
1781717574024
37214872517
1781717575025
37226426083
1781717576025
37238102920
1781717577023
37249596770
1781717578024
37261105139
1781717579024
37272770900
1781717580024
37284348731
1781717581023
37296011110
1781717582019
37307613636
1781717583022
37319002145
1781717584023
37330442781
1781717585023
37341942001
1781717586025
37353476426
1781717587027
37365070781
1781717588024
37376586387
1781717589023
37388271273
1781717590026
37399950834
1781717591023
37411705717
1781717592025
37423346752
1781717593023
37434919320
1781717594023
37446536197
1781717595025
37458266585
1781717596022
37470037869
1781717597023
37481826734
1781717598025
37493371792
1781717599025
37504921502
1781717600025
37516655470
1781717601023
37528284939
1781717602023
37540016260
1781717603023
37551747198
1781717604024
37563461123
1781717605023
37575187808
1781717606023
37586961831
1781717607023
37598459445
1781717608023
37610103693
1781717609024
37621595661
1781717610025
37632995936
1781717611022
37644518978
1781717612025
37655963179
1781717613022
37667528219
1781717614024
37678850678
1781717615023
37690343243
1781717616023
37701863408
1781717617026
37713132975
1781717618023
37724519358
1781717619023
37735935743
1781717620022
37747317337
1781717621023
37758908188
1781717622023
37770506476
1781717623023
37781965319
1781717624024
37793477268
1781717625025
37804814829
1781717626022
37816195183
1781717627023
37827759045
1781717628023
37839188053
1781717629022
37850532927
1781717630026
37861910512
1781717631024
37873157894
1781717632022
37884691783
1781717633023
37896246833
1781717634025
37907620975
1781717635023
37919124387
1781717636023
37930661368
1781717637023
37941943419
1781717638024
37953286717
1781717639022
37964835310
1781717640023
37976189058
1781717641026
37987510247
1781717642023
37998862510
1781717643024
38010463980
1781717644026
38021933548
1781717645023
38033433977
1781717646022
38044908885
1781717647023
38056186301
1781717648024
38067675362
1781717649023
38079060780
1781717650023
38090578115
1781717651024
38102092375
1781717652024
38113555732
1781717653023
38125110613
1781717654022
38136730963
1781717655023
38148296661
1781717656023
38159753256
1781717657023
38171247656
1781717658024
38182511118
1781717659025
38193734923
1781717660019
38205141165
1781717661023
38216425328
1781717662024
38227752346
1781717663023
38239199439
1781717664023
38250635684
1781717665022
38262060882
1781717666021
38273548490
1781717667022
38284929548
1781717668022
38296226991
1781717669024
38307798549
1781717670023
38319316236
1781717671022
38330739324
1781717672023
38343592961
1781717673137
38353596116
1781717674025
38365028245
1781717675022
38376570397
1781717676022
38387984855
1781717677027
38399286980
1781717678024
38410718834
1781717679024
38422203749
1781717680023
38433718498
1781717681023
38445445015
1781717682023
38457049835
1781717683023
38468692615
1781717684024
38480239234
1781717685023
38491856218
1781717686024
38503436850
1781717687023
38517286746
1781717688238
38526484571
1781717689023
38537972698
1781717690023
38549666014
1781717691024
38561150561
1781717692024
38572702306
1781717693021
38584368908
1781717694024
38595835049
1781717695023
38607377277
1781717696026
38618879802
1781717697023
38630278746
1781717698027
38641836626
1781717699026
38653313355
1781717700027
38664694933
1781717701023
38676422995
1781717702026
38689266763
1781717703136
38699416477
1781717704023
38710827003
1781717705024
38722207113
1781717706022
38733503944
1781717707025
38745022595
1781717708023
38756542975
1781717709023
38768415086
1781717710029
38779942871
1781717711024
38791394462
1781717712023
38803021024
1781717713023
38814566511
1781717714023
38826065578
1781717715025
38837650187
1781717716024
38849029807
1781717717026
38860517139
1781717718023
38871984458
1781717719025
38883439186
1781717720023
38894888558
1781717721025
38906477482
1781717722023
38917927283
1781717723023
38929451717
1781717724023
38941061893
1781717725022
38952770906
1781717726023
38964296335
1781717727026
38975627989
1781717728023
38987274502
1781717729026
38998850513
1781717730022
39010522225
1781717731023
39022057017
1781717732023
39033935249
1781717733048
39045122395
1781717734026
39056612251
1781717735023
39068240848
1781717736022
39079837697
1781717737023
39091307724
1781717738023
39102890161
1781717739025
39114378426
1781717740024
39125895409
1781717741026
39137221739
1781717742024
39148610723
1781717743021
39160115680
1781717744024
39171726116
1781717745023
39183162116
1781717746024
39194574906
1781717747026
39206119950
1781717748023
39217568251
1781717749024
39228931989
1781717750023
39240385875
1781717751022
39251843235
1781717752023
39263248528
1781717753026
39274632676
1781717754024
39286054662
1781717755023
39297446093
1781717756026
39308801233
1781717757021
39320250407
1781717758025
39331671948
1781717759023
39343119255
1781717760023
39354680639
1781717761023
39366046841
1781717762024
39377466195
1781717763023
39389046229
1781717764023
39400377624
1781717765022
39411867510
1781717766022
39423421321
1781717767022
39434992114
1781717768023
39446543583
1781717769024
39457919225
1781717770023
39469461606
1781717771023
39480951524
1781717772021
39492423525
1781717773023
39503987785
1781717774025
39515571431
1781717775022
39527202613
1781717776024
39538663767
1781717777021
39550181178
1781717778023
39561718985
1781717779026
39573054418
1781717780023
39584657816
1781717781026
39596204404
1781717782022
39607696755
1781717783023
39619103547
1781717784023
39630428133
1781717785026
39641995407
1781717786023
39653551008
1781717787023
39664917102
1781717788026
39676474768
1781717789023
39687916032
1781717790023
39699253576
1781717791021
39710758167
1781717792023
39722196630
1781717793023
39733737849
1781717794023
39745135232
1781717795024
39756622869
1781717796024
39768071049
1781717797022
39779464408
1781717798021
39790869869
1781717799025
39802445145
1781717800022
39813902642
1781717801021
39825359833
1781717802023
39836691931
1781717803023
39848137035
1781717804025
39859684985
1781717805023
39871320192
1781717806023
39882940144
1781717807027
39894532877
1781717808025
39905899324
1781717809023
39917265709
1781717810023
39928736746
1781717811023
39940429848
1781717812027
39951997734
1781717813026
39963550795
1781717814023
39975146665
1781717815023
39986772599
1781717816023
39998294876
1781717817023
40009784457
1781717818022
40021324497
1781717819023
40032910162
1781717820023
40044507042
1781717821025
40056013285
1781717822023
40068715085
1781717823136
40078891803
1781717824022
40090314217
1781717825023
40101801120
1781717826024
40113352926
1781717827023
40124799545
1781717828023
40136400724
1781717829023
40147810026
1781717830023
40159135254
1781717831023
40170702819
1781717832025
40182058540
1781717833023
40193535422
1781717834022
40205046132
1781717835023
40216625356
1781717836023
40228168854
1781717837024
40239512014
1781717838022
40251058603
1781717839023
40262426885
1781717840025
40273721009
1781717841023
40285174466
1781717842026
40296727955
1781717843023
40308352314
1781717844023
40319952070
1781717845023
40331718933
1781717846022
40343453329
1781717847023
40355043523
1781717848023
40366626112
1781717849023
40378277307
1781717850024
40390027340
1781717851021
40401339150
1781717852022
40412942012
1781717853023
40424351528
1781717854019
40436049725
1781717855024
40447643330
1781717856021
40459320229
1781717857023
40470886126
1781717858023
40482441803
1781717859023
40493731903
1781717860023
40505185544
1781717861024
40516752803
1781717862023
40528376748
1781717863022
40540008528
1781717864027
40551437658
1781717865025
40562977224
1781717866022
40574609753
1781717867023
40586062002
1781717868025
40597532963
1781717869023
40608926551
1781717870023
40620366055
1781717871024
40631883972
1781717872023
40643402103
1781717873023
40654910166
1781717874023
40666575712
1781717875025
40678099764
1781717876023
40689832492
1781717877024
40701500930
1781717878022
40712960355
1781717879023
40724517898
1781717880025
40735994887
1781717881025
40747583016
1781717882026
40759271665
1781717883023
40770820916
1781717884020
40782439766
1781717885023
40794087672
1781717886023
40805618654
1781717887025
40817126702
1781717888023
40828616207
1781717889023
40840168579
1781717890023
40851737368
1781717891024
40863231248
1781717892023
40874916577
1781717893025
40886530042
1781717894022
40898286195
1781717895026
40909935248
1781717896024
40921541032
1781717897025
40933174280
1781717898022
40944775520
1781717899025
40956322323
1781717900023
40967993806
1781717901025
40979465516
1781717902023
40990966113
1781717903024
41002499865
1781717904023
41014289647
1781717905020
41026009677
1781717906024
41037890708
1781717907023
41049415724
1781717908026
41061086656
1781717909025
41072836872
1781717910023
41084486384
1781717911024
41096052710
1781717912022
41107593882
1781717913023
41119243241
1781717914023
41130988026
1781717915023
41142591469
1781717916022
41154232337
1781717917025
41165827273
1781717918024
41177311147
1781717919021
41188972027
1781717920023
41200623344
1781717921024
41212316951
1781717922024
41223927187
1781717923024
41232210592
1781717924023
41240323524
1781717925023
41248813433
1781717926021
41256908770
1781717927023
41265022192
1781717928022
41273096966
1781717929024
41281044199
1781717930023
41289115010
1781717931023
41297055098
1781717932023
41305537204
1781717933022
41314507548
1781717934022
41323806215
1781717935023
41332946389
1781717936023
41342039821
1781717937023
41350521468
1781717938024
41361641462
1781717939025
41373162668
1781717940023
41384883325
1781717941023
41396701626
1781717942023
41408332947
1781717943023
41420042358
1781717944023
41431585672
1781717945025
41443161300
1781717946023
41455033856
1781717947022
41466547121
1781717948023
41478228977
1781717949023
41489922415
1781717950022
41501591541
1781717951023
41513242736
1781717952023
41525007442
1781717953025
41536504214
1781717954021
41548253910
1781717955023
41559857399
1781717956023
41571470375
1781717957025
41583311963
1781717958047
41594337862
1781717959023
41605886822
1781717960022
41617469733
1781717961025
41628956805
1781717962023
41640622045
1781717963023
41652150732
1781717964024
41663863663
1781717965022
41675518254
1781717966023
41687106352
1781717967022
41698519586
1781717968021
41710085039
1781717969022
41721625141
1781717970025
41733232073
1781717971025
41744786663
1781717972024
41756282272
1781717973023
41767883298
1781717974023
41779528863
1781717975025
41791152839
1781717976022
41802880335
1781717977023
41814381268
1781717978024
41826067668
1781717979024
41837583259
1781717980023
41849301407
1781717981023
41861113359
1781717982027
41872662273
1781717983025
41884168944
1781717984023
41895768731
1781717985023
41907242109
1781717986021
41918919436
1781717987023
41930677884
1781717988022
41942281435
1781717989022
41953832568
1781717990023
41965275499
1781717991022
41976901785
1781717992023
41988412296
1781717993023
42000087543
1781717994024
42011773744
1781717995023
42023344338
1781717996024
42034861995
1781717997023
42046360083
1781717998023
42057556393
1781717999024
42069181654
1781718000020
42081002480
1781718001024
42092463588
1781718002023
42105650949
1781718003150
42115749255
1781718004024
42127419804
1781718005022
42139143261
1781718006028
42150691670
1781718007023
42162402321
1781718008027
42173985690
1781718009022
42185381589
1781718010025
42197070223
1781718011023
42208629633
1781718012022
42220144689
1781718013024
42231780079
1781718014027
42243310648
1781718015023
42254881105
1781718016022
42266403336
1781718017021
42277921023
1781718018022
42289497095
1781718019024
42300877878
1781718020020
42312510590
1781718021023
42324235990
1781718022025
42335645781
1781718023023
42347237398
1781718024024
42358875710
1781718025025
42370276643
1781718026023
42382059448
1781718027023
42393647056
1781718028023
42405171766
1781718029022
42416989562
1781718030023
42428440710
1781718031023
42440086335
1781718032025
42451638967
1781718033023
42463194736
1781718034023
42474726040
1781718035022
42486597999
1781718036023
42498496242
1781718037026
42510117006
1781718038025
42521499670
1781718039023
42533028404
1781718040023
42544631021
1781718041025
42556092236
1781718042022
42567737769
1781718043023
42579235459
1781718044023
42590599091
1781718045022
42602000850
1781718046024
42613363486
1781718047024
42624787874
1781718048023
42636208345
1781718049025
42647454258
1781718050025
42658949102
1781718051025
42670437688
1781718052024
42681514598
1781718053021
42692935589
1781718054022
42704267136
1781718055023
42715727111
1781718056023
42727210496
1781718057025
42738621343
1781718058027
42750206763
1781718059022
42761552019
1781718060023
42773203336
1781718061025
42784785513
1781718062023
42796112164
1781718063022
42807554085
1781718064023
42818904237
1781718065019
42830404819
1781718066022
42841951270
1781718067025
42853107724
1781718068023
42864742593
1781718069024
42876393054
1781718070025
42887817579
1781718071021
42899351224
1781718072022
42910860970
1781718073023
42922039992
1781718074022
42933539441
1781718075023
42944923529
1781718076022
42956200501
1781718077021
42967800288
1781718078025
42978970068
1781718079019
42990071136
1781718080025
43001438837
1781718081027
43012702544
1781718082025
43024044602
1781718083021
43035575707
1781718084025
43046897814
1781718085023
43058448687
1781718086025
43070079671
1781718087025
43081304791
1781718088023
43092718836
1781718089024
43103946358
1781718090025
43115383277
1781718091023
43126838035
1781718092024
43138326422
1781718093023
43149959119
1781718094026
43161314963
1781718095023
43172925383
1781718096023
43184403749
1781718097025
43195811888
1781718098021
43207295640
1781718099023
43218657772
1781718100023
43230087958
1781718101026
43241638311
1781718102024
43253080630
1781718103026
43264394154
1781718104023
43275879680
1781718105022
43287117805
1781718106023
43298582661
1781718107025
43310159697
1781718108022
43321691766
1781718109024
43333126160
1781718110022
43344673590
1781718111025
43356212039
1781718112023
43367875964
1781718113024
43379301330
1781718114025
43390986002
1781718115023
43402533906
1781718116023
43413871849
1781718117025
43425512364
1781718118026
43436909059
1781718119023
43448383141
1781718120023
43459940455
1781718121022
43471632485
1781718122024
43483320614
1781718123026
43494927026
1781718124025
43506487951
1781718125024
43518216441
1781718126023
43529565186
1781718127023
43541068200
1781718128023
43552708547
1781718129025
43564173831
1781718130023
43575714927
1781718131023
43587278239
1781718132025
43598789638
1781718133022
43610560417
1781718134023
43622206594
1781718135025
43633764504
1781718136024
43645441342
1781718137023
43657076166
1781718138023
43668723979
1781718139027
43680162933
1781718140023
43691801413
1781718141023
43703239326
1781718142022
43714625310
1781718143023
43726268503
1781718144023
43737976109
1781718145023
43749659587
1781718146022
43761347288
1781718147026
43773052644
1781718148023
43784720011
1781718149028
43796433401
1781718150024
43808121117
1781718151024
43819797908
1781718152023
43831457013
1781718153022
43843008559
1781718154026
43854505316
1781718155023
43866194791
1781718156021
43877821185
1781718157023
43889433946
1781718158023
43901063629
1781718159023
43912749034
1781718160023
43924488464
1781718161023
43936107177
1781718162021
43947543698
1781718163023
43959189935
1781718164024
43970926167
1781718165023
43982519421
1781718166023
43994252425
1781718167022
44007349699
1781718168137
44017734131
1781718169023
44029274263
1781718170020
44040867853
1781718171023
44052303364
1781718172023
44063936688
1781718173024
44075519874
1781718174023
44087104132
1781718175023
44098593575
1781718176024
44110195810
1781718177022
44121746239
1781718178024
44133377069
1781718179023
44144955803
1781718180024
44156433083
1781718181022
44168061420
1781718182026
44179781051
1781718183023
44191521751
1781718184026
44203054600
1781718185021
44214701802
1781718186021
44226226343
1781718187023
44237728577
1781718188023
44249147472
1781718189023
44260850978
1781718190022
44272595747
1781718191023
44284398825
1781718192023
44295996898
1781718193025
44307737262
1781718194026
44319298645
1781718195025
44330898096
1781718196025
44342360152
1781718197023
44354097348
1781718198023
44365915098
1781718199025
44377668528
1781718200024
44389382177
1781718201023
44401027742
1781718202024
44412314429
1781718203025
44423820932
1781718204023
44435384412
1781718205022
44447111602
1781718206025
44458766346
1781718207023
44470340536
1781718208023
44482057521
1781718209024
44493690952
1781718210023
44505409391
1781718211025
44517088661
1781718212022
44528818329
1781718213023
44540355172
1781718214025
44551842810
1781718215025
44563487885
1781718216019
44575107944
1781718217023
44586517781
1781718218022
44598061004
1781718219025
44609727942
1781718220023
44621121516
1781718221023
44632682395
1781718222025
44644353250
1781718223023
44655842632
1781718224025
44667277271
1781718225025
44678806968
1781718226023
44690050311
1781718227025
44701779750
1781718228024
44713346932
1781718229026
44724820540
1781718230023
44736368858
1781718231022
44747893659
1781718232023
44759284677
1781718233021
44770856297
1781718234023
44782452641
1781718235025
44794124032
1781718236023
44805653668
1781718237022
44817452049
1781718238023
44829056533
1781718239023
44840405752
1781718240024
44851968099
1781718241022
44863462117
1781718242023
44875140944
1781718243024
44886659075
1781718244023
44898099956
1781718245023
44909846393
1781718246023
44921399530
1781718247023
44932870139
1781718248023
44944595141
1781718249023
44956269423
1781718250023
44967920771
1781718251026
44979537312
1781718252023
44991162343
1781718253026
45002857220
1781718254025
45014481303
1781718255025
45025898301
1781718256024
45037463188
1781718257023
45049094263
1781718258023
45060439856
1781718259024
45071880064
1781718260023
45083414382
1781718261022
45094812209
1781718262024
45106201085
1781718263025
45117833904
1781718264023
45129534656
1781718265025
45141121621
1781718266023
45152645428
1781718267024
45164227574
1781718268023
45175785317
1781718269024
45187313209
1781718270023
45199017954
1781718271025
45210603251
1781718272026
45222245480
1781718273024
45233908181
1781718274026
45245450286
1781718275023
45257091261
1781718276022
45268732189
1781718277023
45280506626
1781718278026
45292158570
1781718279026
45303790196
1781718280021
45315513179
1781718281023
45327087705
1781718282023
45338782627
1781718283023
45350426570
1781718284025
45362125822
1781718285023
45373909989
1781718286022
45385563295
1781718287022
45397345978
1781718288022
45408977880
1781718289023
45420605620
1781718290024
45432406525
1781718291026
45444180502
1781718292023
45455862358
1781718293023
45467481515
1781718294027
45479215789
1781718295024
45490959824
1781718296022
45502649697
1781718297023
45514354641
1781718298024
45526163517
1781718299026
45537804783
1781718300024
45549582692
1781718301023
45561061808
1781718302024
45572628730
1781718303022
45584114409
1781718304025
45595347884
1781718305023
45606815754
1781718306024
45618507126
1781718307023
45630104373
1781718308024
45641667364
1781718309024
45653152921
1781718310023
45664652294
1781718311023
45676253442
1781718312024
45687600886
1781718313025
45699085250
1781718314026
45710714933
1781718315020
45722328291
1781718316024
45733792428
1781718317023
45745221956
1781718318025
45756677219
1781718319026
45768004360
1781718320025
45779304129
1781718321022
45790800503
1781718322023
45802210478
1781718323023
45813708994
1781718324024
45825235693
1781718325023
45836973807
1781718326023
45848558814
1781718327023
45860202114
1781718328024
45871903554
1781718329023
45883644560
1781718330022
45895295127
1781718331025
45906852747
1781718332023
45922259113
1781718333335
45930278868
1781718334027
45941746050
1781718335022
45953445745
1781718336025
45965143039
1781718337023
45976965288
1781718338026
45988545781
1781718339023
46000162811
1781718340025
46011888333
1781718341023
46023614422
1781718342023
46035353133
1781718343023
46047100962
1781718344023
46058770349
1781718345023
46070398838
1781718346023
46081757375
1781718347024
46093342198
1781718348021
46104978506
1781718349023
46116646821
1781718350026
46128250969
1781718351027
46139991975
1781718352026
46151623708
1781718353023
46163198938
1781718354024
46174789514
1781718355023
46186213229
1781718356023
46197777397
1781718357026
46209541598
1781718358027
46221137712
1781718359023
46232681287
1781718360023
46244311200
1781718361023
46255939842
1781718362025
46267593822
1781718363024
46279336602
1781718364026
46291029642
1781718365025
46302570417
1781718366023
46314070035
1781718367024
46325656465
1781718368027
46337126049
1781718369023
46348644409
1781718370022
46360204783
1781718371023
46371821400
1781718372025
46383320665
1781718373023
46394933809
1781718374026
46406571356
1781718375023
46418316493
1781718376024
46429903856
1781718377023
46441676900
1781718378024
46453385179
1781718379025
46464483769
1781718380023
46476202972
1781718381022
46487805039
1781718382024
46499453984
1781718383023
46511256175
1781718384026
46522813825
1781718385023
46534427199
1781718386023
46545920987
1781718387024
46557386424
1781718388024
46568990511
1781718389023
46580643312
1781718390024
46592159270
1781718391022
46603754513
1781718392023
46615411399
1781718393022
46626907590
1781718394027
46638231655
1781718395023
46649714596
1781718396023
46661214963
1781718397019
46672739122
1781718398024
46684149770
1781718399022
46695772063
1781718400023
46707116264
1781718401023
46718670212
1781718402026
46730124113
1781718403024
46741519568
1781718404025
46753068972
1781718405022
46764545288
1781718406030
46775873025
1781718407024
46787166231
1781718408022
46798593755
1781718409025
46810008595
1781718410023
46821486548
1781718411024
46832808747
1781718412022
46844267514
1781718413023
46855949798
1781718414023
46867523881
1781718415023
46879246619
1781718416023
46890637224
1781718417023
46902145471
1781718418024
46913773165
1781718419026
46925531429
1781718420023
46937135393
1781718421019
46948835517
1781718422027
46960352592
1781718423023
46971997651
1781718424026
46983731634
1781718425023
46995417147
1781718426024
47007020009
1781718427026
47018974450
1781718428027
47030697004
1781718429025
47042342890
1781718430024
47053876076
1781718431023
47065475832
1781718432021
47077224289
1781718433026
47088881037
1781718434026
47100419762
1781718435023
47111709081
1781718436021
47123255119
1781718437027
47134816365
1781718438023
47146164635
1781718439023
47157558729
1781718440024
47168886130
1781718441022
47180504980
1781718442026
47191957122
1781718443025
47203405806
1781718444025
47214998264
1781718445025
47226447025
1781718446023
47237978130
1781718447025
47249447729
1781718448026
47261000927
1781718449025
47272482644
1781718450023
47284009037
1781718451023
47295418369
1781718452027
47309308811
1781718453236
47318453284
1781718454024
47329805869
1781718455024
47341291334
1781718456020
47352892146
1781718457023
47364516214
1781718458024
47376146845
1781718459025
47387570193
1781718460024
47399229328
1781718461024
47410898868
1781718462023
47422449144
1781718463023
47434118836
1781718464026
47445637518
1781718465023
47457341360
1781718466023
47469025327
1781718467026
47480691485
1781718468023
47492444119
1781718469021
47503855242
1781718470023
47515379645
1781718471023
47527137282
1781718472023
47538742592
1781718473026
47550488494
1781718474026
47562241510
1781718475024
47573671773
1781718476020
47585337763
1781718477024
47596913391
1781718478023
47608322800
1781718479023
47619904502
1781718480023
47631563577
1781718481022
47643184737
1781718482023
47654766669
1781718483023
47666254552
1781718484023
47677734631
1781718485025
47689311070
1781718486024
47700750590
1781718487022
47712299963
1781718488024
47723502149
1781718489023
47734971304
1781718490025
47746365229
1781718491023
47757850312
1781718492023
47769508208
1781718493023
47781028083
1781718494024
47792571291
1781718495025
47804122117
1781718496023
47815679906
1781718497024
47827228728
1781718498022
47838751908
1781718499022
47850116870
1781718500023
47861704019
1781718501024
47873123572
1781718502022
47884692086
1781718503023
47896380796
1781718504027
47907960249
1781718505025
47919540024
1781718506024
47931202540
1781718507026
47942889813
1781718508025
47954410361
1781718509022
47966091406
1781718510024
47977658573
1781718511022
47989137627
1781718512024
48000600204
1781718513022
48012146379
1781718514020
48023749609
1781718515025
48035396642
1781718516023
48047126050
1781718517023
48058707049
1781718518023
48070210629
1781718519023
48081718050
1781718520022
48092954385
1781718521023
48104436484
1781718522023
48115981757
1781718523025
48127473878
1781718524028
48138775254
1781718525022
48150155577
1781718526024
48161507657
1781718527023
48173101844
1781718528025
48184386359
1781718529023
48195636939
1781718530024
48207055788
1781718531023
48218293316
1781718532024
48229579652
1781718533023
48241104056
1781718534027
48252588266
1781718535023
48264197922
1781718536023
48275655969
1781718537023
48286436089
1781718538021
48294596206
1781718539023
48302947987
1781718540025
48310926493
1781718541023
48318923635
1781718542023
48327063923
1781718543023
48335182547
1781718544025
48343235197
1781718545026
48351337633
1781718546022
48359710987
1781718547024
48368102318
1781718548018
48376368020
1781718549025
48384586232
1781718550022
48392845080
1781718551024
48401236212
1781718552023
48409313770
1781718553022
48417551918
1781718554027
48426057371
1781718555024
48434349160
1781718556024
48442643290
1781718557024
48450960309
1781718558025
48459195442
1781718559024
48467288331
1781718560023
48475281036
1781718561021
48483719170
1781718562023
48492236603
1781718563027
48500195327
1781718564022
48508494414
1781718565023
48516640685
1781718566026
48524794361
1781718567023
48532970222
1781718568023
48541254009
1781718569023
48549196009
1781718570026
48557317096
1781718571023
48565346261
1781718572023
48573409101
1781718573026
48581454805
1781718574023
48589224925
1781718575024
48597439954
1781718576022
48605559098
1781718577023
48613476664
1781718578019
48621572751
1781718579021
48629518668
1781718580023
48637573078
1781718581024
48645773587
1781718582023
48653373235
1781718583023
48661450136
1781718584026
48669598503
1781718585025
48677869392
1781718586022
48685973725
1781718587023
48694026834
1781718588046
48702033370
1781718589023
48710050081
1781718590023
48718058958
1781718591026
48726171645
1781718592023
48734127936
1781718593023
48742158416
1781718594023
48750563440
1781718595023
48758786272
1781718596023
48767231918
1781718597026
48775395876
1781718598023
48783652368
1781718599026
48791903903
1781718600023
48799999806
1781718601023
48808234511
1781718602024
48816899023
1781718603026
48824929305
1781718604024
48833208639
1781718605025
48841395685
1781718606023
48849582133
1781718607023
48857831878
1781718608023
48866017745
1781718609023
48874131121
1781718610024
48882202697
1781718611022
48890196121
1781718612025
48898286302
1781718613026
48906458047
1781718614025
48914758007
1781718615024
48922854399
1781718616022
48931041078
1781718617021
48940813769
1781718618237
48947228279
1781718619023
48955326018
1781718620023
48963435293
1781718621023
48971397658
1781718622023
48979342443
1781718623022
48987660212
1781718624023
48995918754
1781718625027
49003791782
1781718626023
49011980893
1781718627023
49020073262
1781718628025
49028143644
1781718629022
49036558430
1781718630026
49044483203
1781718631021
49052799197
1781718632023
49060940220
1781718633024
49068991080
1781718634022
49077170781
1781718635026
49085319438
1781718636026
49093525211
1781718637023
49101758202
1781718638022
49109958344
1781718639023
49118403929
1781718640025
49126638986
1781718641025
49134874501
1781718642023
49143196998
1781718643023
49151692032
1781718644023
49160271155
1781718645025
49168615622
1781718646027
49176793120
1781718647023
49185075729
1781718648025
49193261933
1781718649024
49201320336
1781718650023
49209575237
1781718651022
49217854526
1781718652022
49225946849
1781718653023
49234205437
1781718654024
49242329767
1781718655021
49250476880
1781718656023
49258628154
1781718657023
49266672863
1781718658023
49274792206
1781718659023
49282810278
1781718660023
49290975459
1781718661026
49298947647
1781718662023
49306773474
1781718663023
49314796427
1781718664023
49322917790
1781718665023
49330874585
1781718666022
49338918637
1781718667023
49346737518
1781718668023
49354860732
1781718669023
49362988505
1781718670025
49370778561
1781718671024
49378698423
1781718672019
49386569538
1781718673021
49394638376
1781718674021
49402962448
1781718675024
49411188753
1781718676023
49419592645
1781718677023
49427982645
1781718678047
49435940481
1781718679025
49443850413
1781718680023
49451970612
1781718681023
49460151935
1781718682022
49468484009
1781718683023
49476538618
1781718684020
49485029139
1781718685023
49493462942
1781718686025
49501768333
1781718687023
49510076998
1781718688023
49518211182
1781718689026
49526399160
1781718690024
49534883821
1781718691021
49543075258
1781718692023
49551363666
1781718693024
49559579643
1781718694022
49567799262
1781718695025
49575897017
1781718696025
49583890043
1781718697023
49591965888
1781718698024
49600149965
1781718699027
49608328809
1781718700025
49616307637
1781718701023
49624197617
1781718702022
49632179031
1781718703023
49640268737
1781718704023
49648440896
1781718705023
49656524406
1781718706023
49664705117
1781718707023
49672667558
1781718708024
49680614822
1781718709023
49688563922
1781718710023
49696513557
1781718711025
49704826858
1781718712023
49712795419
1781718713025
49720451417
1781718714024
49728626130
1781718715024
49736709579
1781718716023
49744758573
1781718717023
49752653036
1781718718023
49760263164
1781718719024
49768513674
1781718720023
49776602524
1781718721023
49784736876
1781718722023
49792963992
1781718723023
49801164287
1781718724024
49809037789
1781718725023
49817055846
1781718726022
49825077667
1781718727022
49833192588
1781718728023
49841502416
1781718729019
49849560696
1781718730023
49857599484
1781718731024
49865935980
1781718732023
49874231304
1781718733023
49882433236
1781718734024
49890866060
1781718735021
49899124679
1781718736022
49907483482
1781718737022
49915896983
1781718738025
49923909409
1781718739023
49931775889
1781718740023
49939571361
1781718741023
49947579565
1781718742022
49955648326
1781718743023
49963505121
1781718744023
49971501513
1781718745024
49979507941
1781718746023
49987767677
1781718747022
49995940111
1781718748022
50003743815
1781718749023
50011721403
1781718750023
50019606074
1781718751025
50027466143
1781718752023
50036475043
1781718753138
50043409218
1781718754024
50051413443
1781718755023
50059363354
1781718756023
50067372628
1781718757023
50075423932
1781718758023
50083346486
1781718759019
50091435535
1781718760022
50099334038
1781718761022
50107099583
1781718762021
50115343820
1781718763026
50123344129
1781718764023
50131552043
1781718765023
50139700104
1781718766023
50148008325
1781718767023
50157072474
1781718768137
50164092099
1781718769024
50172225686
1781718770023
50180450369
1781718771023
50188530681
1781718772023
50196666931
1781718773022
50204767669
1781718774023
50212927908
1781718775025
50221146212
1781718776023
50229524905
1781718777023
50237783967
1781718778025
50245927316
1781718779022
50254253331
1781718780023
50262289610
1781718781024
50270717615
1781718782023
50280056261
1781718783137
50287114457
1781718784024
50295307913
1781718785022
50303349378
1781718786024
50311327548
1781718787021
50319411885
1781718788023
50327517197
1781718789019
50335767187
1781718790023
