125788808350
1782487709371
125815806511
1782487710011
125856660594
1782487711012
125898788355
1782487712013
125940740090
1782487713038
125982883171
1782487714015
126028338011
1782487715012
126070926647
1782487716013
126112473843
1782487717015
126153970624
1782487718013
126195749203
1782487719014
126236383010
1782487720012
126277147249
1782487721014
126318691332
1782487722012
126358550849
1782487723012
126399638879
1782487724012
126442252906
1782487725012
126485424853
1782487726012
126528476928
1782487727015
126569214556
1782487728015
126613111843
1782487729015
126659706817
1782487730015
126700466356
1782487731014
126742314149
1782487732015
126782587789
1782487733013
126828083766
1782487734012
126872680026
1782487735011
126919031470
1782487736015
126964018294
1782487737013
127008324821
1782487738012
127052928039
1782487739014
127097128671
1782487740014
127141714799
1782487741012
127187010154
1782487742015
127231732269
1782487743015
127277052954
1782487744016
127324316810
1782487745015
127369709272
1782487746015
127414768055
1782487747014
127458957761
1782487748012
127503479254
1782487749014
127548564160
1782487750014
127592655051
1782487751014
127637533293
1782487752013
127681557533
1782487753015
127726123398
1782487754015
127771949697
1782487755014
127818083185
1782487756015
127864029844
1782487757015
127908793707
1782487758015
127954062451
1782487759015
128000357071
1782487760012
128044602869
1782487761014
128089646576
1782487762013
128134085122
1782487763014
128178573717
1782487764012
128224174247
1782487765014
128270046200
1782487766014
128315918946
1782487767013
128360768197
1782487768014
128405816299
1782487769015
128450583214
1782487770012
128494975068
1782487771015
128540279456
1782487772013
128584884566
1782487773015
128629864493
1782487774016
128677084587
1782487775011
128723148129
1782487776015
128768386294
1782487777011
128812929393
1782487778014
128857075459
1782487779013
128901909573
1782487780012
128947109652
1782487781013
128992866127
1782487782015
129037465500
1782487783015
129081712274
1782487784015
129126611817
1782487785012
129172483404
1782487786013
129217402051
1782487787015
129262629719
1782487788038
129306504484
1782487789013
129354087614
1782487790012
129399153600
1782487791015
129444099225
1782487792015
129489171619
1782487793015
129534424311
1782487794015
129580258788
1782487795015
129625710576
1782487796013
129671114635
1782487797012
129715146505
1782487798013
129759627836
1782487799012
129804174597
1782487800013
129848679549
1782487801014
129893714895
1782487802015
129938305540
1782487803013
129983485661
1782487804015
130030478888
1782487805011
130077309274
1782487806012
130122808181
1782487807012
130167913229
1782487808012
130212967007
1782487809013
130257386388
1782487810015
130302184003
1782487811013
130347660266
1782487812015
130391971859
1782487813014
130436259710
1782487814015
130481585460
1782487815015
130527353776
1782487816015
130572084801
1782487817013
130616654939
1782487818015
130660847392
1782487819011
130708129253
1782487820015
130752649647
1782487821015
130797628841
1782487822015
130842196842
1782487823013
130887342173
1782487824016
130933182632
1782487825015
130978951314
1782487826013
131023752957
1782487827013
131067913366
1782487828015
131112168624
1782487829015
131155760126
1782487830013
131199992984
1782487831012
131245152659
1782487832015
131289775347
1782487833014
131334416651
1782487834015
131381432217
1782487835014
131427923492
1782487836016
131474289767
1782487837016
131519215372
1782487838012
131563682544
1782487839012
131608239253
1782487840015
131652523747
1782487841016
131697452343
1782487842015
131741558614
1782487843015
131786400296
1782487844011
131831145299
1782487845013
131876682536
1782487846015
131921962938
1782487847014
131967081719
1782487848015
132011963867
1782487849015
132057433172
1782487850013
132102073683
1782487851011
132146939901
1782487852012
132191222807
1782487853012
132236329320
1782487854015
132281571270
1782487855015
132326676745
1782487856014
132371456843
1782487857015
132416336123
1782487858012
132461103403
1782487859015
132504795064
1782487860013
132549085234
1782487861015
132593985692
1782487862015
132639115215
1782487863014
132684609606
1782487864015
132732369310
1782487865014
132778143424
1782487866013
132823436094
1782487867014
132867899298
1782487868011
132912521437
1782487869012
132957388082
1782487870012
133001597747
1782487871015
133046254249
1782487872012
133090756210
1782487873013
133135441337
1782487874014
133180896726
1782487875013
133226413700
1782487876014
133271068859
1782487877012
133315811237
1782487878015
133360657558
1782487879013
133407053801
1782487880015
133451396766
1782487881015
133495808701
1782487882015
133540302606
1782487883015
133585249085
1782487884015
133630896002
1782487885013
133676464489
1782487886016
133721723833
1782487887016
133766121547
1782487888015
133812051300
1782487889016
133856017984
1782487890011
133900187488
1782487891013
133945151606
1782487892013
133990183900
1782487893014
134035497139
1782487894015
134082879403
1782487895013
134129288219
1782487896014
134173735371
1782487897012
134218015714
1782487898014
134262875097
1782487899015
134307588117
1782487900014
134351602348
1782487901012
134396211181
1782487902015
134440831428
1782487903013
134485508499
1782487904014
134531112996
1782487905015
134576495449
1782487906015
134621440524
1782487907012
134665671307
1782487908012
134710469776
1782487909012
134757031058
1782487910015
134801132447
1782487911015
134845147044
1782487912012
134889771624
1782487913013
134935111535
1782487914014
134980604766
1782487915013
135025740209
1782487916015
135070676251
1782487917015
135114716666
1782487918014
135159578856
1782487919013
135204491155
1782487920013
135248851760
1782487921013
135293533774
1782487922013
135338672147
1782487923013
135383838047
1782487924013
135431549717
1782487925012
135477520120
1782487926013
135521968248
1782487927012
135565895626
1782487928015
135610579593
1782487929013
135655220775
1782487930015
135698842673
1782487931015
135743639128
1782487932014
135787806923
1782487933012
135832321824
1782487934016
135877821951
1782487935015
135923768123
1782487936015
135969091493
1782487937015
136013497324
1782487938015
136058022357
1782487939015
136105465961
1782487940011
136150157192
1782487941015
136194493260
1782487942012
136239839030
1782487943015
136284904161
1782487944013
136330718436
1782487945015
136376545345
1782487946013
136422075563
1782487947015
136466178172
1782487948013
136510738239
1782487949012
136555053921
1782487950013
136599612096
1782487951016
136644057294
1782487952014
136689134877
1782487953015
136734409663
1782487954014
136780706359
1782487955015
136826733218
1782487956012
136871713633
1782487957013
136915925556
1782487958011
136960783656
1782487959011
137005300815
1782487960015
137049928265
1782487961016
137094522206
1782487962015
137139123349
1782487963015
137183446111
1782487964015
137228486951
1782487965013
137274130083
1782487966015
137320074301
1782487967014
137364178803
1782487968012
137408602761
1782487969015
137455313396
1782487970016
137499396779
1782487971012
137544286191
1782487972012
137588750433
1782487973015
137633412794
1782487974014
137679752519
1782487975015
137725048607
1782487976012
137770136748
1782487977013
137814451698
1782487978014
137858702927
1782487979015
137903129938
1782487980012
137947590822
1782487981013
137992158152
1782487982014
138037174516
1782487983015
138081834070
1782487984012
138129133754
1782487985014
138175095916
1782487986015
138220600744
1782487987015
138265382673
1782487988012
138310426991
1782487989014
138355609553
1782487990015
138399525579
1782487991013
138444231519
1782487992015
138488561667
1782487993015
138532829742
1782487994014
138577913306
1782487995015
138623596538
1782487996013
138668633593
1782487997012
138713358882
1782487998012
138758099551
1782487999015
138805950991
1782488000015
138850344920
1782488001013
138894797260
1782488002011
138939374233
1782488003015
138983745702
1782488004013
139029330912
1782488005014
139074750840
1782488006014
139119985953
1782488007014
139163700441
1782488008012
139208049632
1782488009013
139252260761
1782488010013
139296627286
1782488011012
139341606846
1782488012014
139385796430
1782488013012
139431192737
1782488014012
139479133105
1782488015012
139524983391
1782488016011
139570853391
1782488017015
139615674687
1782488018015
139660326550
1782488019013
139704487082
1782488020014
139748739776
1782488021015
139793272682
1782488022015
139837696396
1782488023012
139881851679
1782488024014
139927185669
1782488025015
139972761847
1782488026012
140017966015
1782488027015
140062332906
1782488028012
140106771330
1782488029016
140153795929
1782488030015
140198214211
1782488031015
140242995286
1782488032014
140287380060
1782488033015
140331754275
1782488034012
140377381660
1782488035013
140422698256
1782488036014
140467434591
1782488037012
140512129606
1782488038015
140556442298
1782488039015
140600634263
1782488040012
140645045953
1782488041013
140690748839
1782488042012
140736155461
1782488043015
140780978222
1782488044012
140827812514
1782488045016
140873509785
1782488046015
140919127832
1782488047012
140963467990
1782488048015
141008008525
1782488049015
141052352711
1782488050015
141096508115
1782488051012
141142164126
1782488052015
141186502209
1782488053015
141230410788
1782488054015
141275993740
1782488055012
141321746735
1782488056012
141367814122
1782488057013
141413742655
1782488058038
141457935596
1782488059014
141505570606
1782488060014
141550368220
1782488061013
141594772709
1782488062015
141639286206
1782488063015
141683572286
1782488064012
141728895168
1782488065012
141774621064
1782488066012
141819810036
1782488067013
141863618578
1782488068015
141908893548
1782488069011
141952934390
1782488070015
141997093151
1782488071012
142042176654
1782488072013
142086597622
1782488073014
142131584384
1782488074015
142178045874
1782488075015
142223318585
1782488076012
142269097215
1782488077015
142312978390
1782488078015
142357431950
1782488079012
142401901990
1782488080012
142445919822
1782488081015
142491115141
1782488082012
142535956212
1782488083011
142581384746
1782488084015
142626745348
1782488085012
142672635367
1782488086015
142718413021
1782488087014
142762529607
1782488088012
142807809581
1782488089012
142854028457
1782488090015
142898764000
1782488091014
142943272492
1782488092013
142987070048
1782488093014
143031741747
1782488094015
143076998345
1782488095013
143122124207
1782488096012
143166956672
1782488097015
143210726397
1782488098015
143254812832
1782488099013
143300182711
1782488100015
143345745155
1782488101014
143390663802
1782488102015
143435228874
1782488103015
143480996945
1782488104013
143528009825
1782488105015
143573405217
1782488106015
143618771983
1782488107014
143662810139
1782488108015
143706964445
1782488109013
143752476414
1782488110015
143796350691
1782488111015
143840821219
1782488112013
143885871031
1782488113013
143930522650
1782488114013
143976103221
1782488115013
144021418169
1782488116015
144066798302
1782488117012
144111805633
1782488118015
144156950476
1782488119014
144201189376
1782488120012
144245362969
1782488121014
144289820192
1782488122015
144334056834
1782488123012
144378675006
1782488124015
144424194115
1782488125015
144469577788
1782488126012
144514878393
1782488127014
144559736066
1782488128015
144604693714
1782488129014
144650139277
1782488130014
144694750979
1782488131015
144739452952
1782488132012
144784598039
1782488133015
144829452111
1782488134012
144877402794
1782488135013
144924032557
1782488136013
144968603366
1782488137011
145013113872
1782488138014
145057537343
1782488139014
145102773433
1782488140012
145146819524
1782488141014
145191367444
1782488142012
145235448752
1782488143012
145280453276
1782488144013
145325720677
1782488145012
145371238688
1782488146014
145415921496
1782488147015
145460492610
1782488148015
145505979310
1782488149015
145551509650
1782488150012
145596419325
1782488151015
145641077414
1782488152012
145685445525
1782488153014
145730160682
1782488154012
145776203777
1782488155015
145821535143
1782488156013
145866529901
1782488157015
145910761355
1782488158013
145954960827
1782488159015
145999267415
1782488160015
146044105130
1782488161013
146088546056
1782488162015
146132859358
1782488163015
146178226918
1782488164012
146224787101
1782488165012
146270736568
1782488166013
146316668091
1782488167014
146361677681
1782488168012
146405903825
1782488169015
146451011803
1782488170014
146495943878
1782488171015
146540488991
1782488172015
146584219042
1782488173014
146629117365
1782488174014
146673449893
1782488175013
146719408393
1782488176015
146764366591
1782488177013
146808652794
1782488178014
146854082304
1782488179015
146901045441
1782488180013
146945757912
1782488181015
146990744979
1782488182016
147034847161
1782488183015
147079765808
1782488184015
147124811469
1782488185016
147170220045
1782488186015
147215433979
1782488187015
147259075835
1782488188014
147303781104
1782488189015
147347809495
1782488190013
147392198785
1782488191014
147437098207
1782488192015
147481507212
1782488193015
147526500566
1782488194015
147573025715
1782488195015
147618176722
1782488196013
147663018160
1782488197013
147707640910
1782488198014
147752270190
1782488199012
147797567987
1782488200014
147842096742
1782488201015
147886815622
1782488202015
147930510945
1782488203012
147974991666
1782488204015
148020311862
1782488205013
148065587686
1782488206014
148110696336
1782488207015
148155236078
1782488208015
148199742739
1782488209012
148246043767
1782488210013
148291320812
1782488211012
148336347064
1782488212012
148380464810
1782488213014
148425057836
1782488214015
148470360149
1782488215014
148515738145
1782488216013
148560905815
1782488217013
148605397767
1782488218013
148649802194
1782488219013
148693838825
1782488220013
148738714320
1782488221016
148783652316
1782488222012
148828675333
1782488223016
148873698533
1782488224016
148919459646
1782488225015
148964953914
1782488226011
149009874515
1782488227014
149054742991
1782488228013
149099010517
1782488229014
149144044764
1782488230013
149188066075
1782488231012
149232959576
1782488232012
149276972342
1782488233011
149321564757
1782488234013
149367337589
1782488235011
149413037667
1782488236014
149457892411
1782488237015
149502116663
1782488238015
149547013093
1782488239014
149594908112
1782488240014
149641687961
1782488241015
149686062603
1782488242015
149730637440
1782488243015
149775602535
1782488244016
149820898439
1782488245015
149866029183
1782488246014
149911415786
1782488247015
149955133753
1782488248012
149999865205
1782488249012
150044141337
1782488250015
150089192064
1782488251015
150134039178
1782488252013
150179107361
1782488253014
150224914556
1782488254015
150271823982
1782488255015
150317442273
1782488256012
150362699360
1782488257014
150407789881
1782488258014
150452133274
1782488259012
150496757000
1782488260012
150541412830
1782488261011
150586064755
1782488262013
150630624821
1782488263015
150675121228
1782488264013
150720598834
1782488265014
150766180504
1782488266014
150811591948
1782488267015
150856161536
1782488268012
150901922589
1782488269014
150949453106
1782488270014
150994815966
1782488271012
151039492122
1782488272013
151083605168
1782488273015
151128430126
1782488274013
151173719317
1782488275014
151219291161
1782488276015
151264359893
1782488277015
151308351907
1782488278016
151352605578
1782488279013
151397816461
1782488280014
151442624451
1782488281015
151487010324
1782488282013
151531343463
1782488283013
151576981285
1782488284015
151625089560
1782488285014
151670585721
1782488286012
151715659641
1782488287012
151760250897
1782488288014
151803969413
1782488289012
151848478332
1782488290011
151893685736
1782488291015
151938219801
1782488292014
151982559348
1782488293011
152027459319
1782488294014
152072447363
1782488295014
152118217998
1782488296012
152163117663
1782488297013
152207606990
1782488298013
152252116398
1782488299012
152298152474
1782488300012
152342931046
1782488301012
152387701195
1782488302015
152432003388
1782488303014
152477090187
1782488304015
152522035323
1782488305015
152567010489
1782488306013
152612120542
1782488307012
152656262397
1782488308013
152700663650
1782488309013
152744967980
1782488310015
152789405122
1782488311014
152834653114
1782488312014
152879043626
1782488313012
152924618948
1782488314011
152970053280
1782488315014
153017576108
1782488316012
153062951114
1782488317015
153107694469
1782488318011
153153221024
1782488319015
153197609644
1782488320015
153242104708
1782488321014
153287378091
1782488322012
153331949632
1782488323013
153376692437
1782488324015
153422035339
1782488325016
153467797795
1782488326013
153512642407
1782488327013
153556960775
1782488328014
153601966885
1782488329015
153646724095
1782488330015
153691230328
1782488331013
153736352344
1782488332013
153780805355
1782488333015
153825881961
1782488334014
153871679573
1782488335015
153917495252
1782488336015
153963425554
1782488337015
154007560817
1782488338015
154051994663
1782488339015
154095901411
1782488340013
154140514456
1782488341015
154185857236
1782488342014
154231007511
1782488343038
154275154676
1782488344013
154321850296
1782488345015
154367423666
1782488346012
154412460293
1782488347015
154456846593
1782488348017
154501570722
1782488349012
154545900626
1782488350012
154590981931
1782488351015
154636101445
1782488352013
154680424634
1782488353012
154724977682
1782488354015
154770081021
1782488355015
154815944856
1782488356013
154861956213
1782488357013
154907025128
1782488358014
154951835011
1782488359015
154996069090
1782488360012
155041119939
1782488361015
155083408039
1782488362011
155124382360
1782488363014
155164642938
1782488364012
155209560853
1782488365015
155255315558
1782488366010
155302712653
1782488367013
155347371596
1782488368015
155391540245
1782488369015
155435688570
1782488370015
155480492532
1782488371012
155525738510
1782488372015
155570348870
1782488373013
155615692626
1782488374015
155663408141
1782488375012
155709290287
1782488376012
155754502146
1782488377015
155798538288
1782488378015
155843511562
1782488379012
155887685338
1782488380015
155932769146
1782488381013
155977610522
1782488382016
156022327449
1782488383014
156066479985
1782488384014
156111929881
1782488385014
156158259718
1782488386015
156203145468
1782488387012
156248669826
1782488388038
156292807775
1782488389014
156339809119
1782488390015
156384441634
1782488391012
156429068961
1782488392013
156473869384
1782488393014
156518169014
1782488394012
156563682508
1782488395012
156608644307
1782488396012
156653464871
1782488397012
156698107457
1782488398013
156743364177
1782488399015
156788246509
1782488400012
156833328913
1782488401014
156877978091
1782488402012
156922982309
1782488403015
156968533828
1782488404015
157015607987
1782488405015
157061481588
1782488406015
157106107511
1782488407013
157150320228
1782488408013
157195532331
1782488409013
157240759572
1782488410014
157286382074
1782488411014
157330794436
1782488412015
157375161876
1782488413012
157419957416
1782488414013
157465108179
1782488415011
157510827972
1782488416013
157556239660
1782488417013
157600645125
1782488418015
157646222218
1782488419015
157693161428
1782488420015
157738110776
1782488421014
157782286017
1782488422015
157826146195
1782488423011
157871622947
1782488424016
157918152674
1782488425014
157963750518
1782488426015
158008884619
1782488427015
158052628404
1782488428016
158096627986
1782488429013
158141541079
1782488430012
158186384409
1782488431013
158231475968
1782488432013
158277014426
1782488433038
158321524749
1782488434012
158369165740
1782488435014
158414833531
1782488436014
158460077983
1782488437015
158504222890
1782488438015
158549218502
1782488439014
158594317081
1782488440015
158639000621
1782488441011
158683801654
1782488442013
158728512355
1782488443012
158773115695
1782488444012
158818767067
1782488445015
158864496687
1782488446014
158909522817
1782488447015
158954191342
1782488448015
158998840947
1782488449015
159043012160
1782488450014
159088644611
1782488451014
159132931546
1782488452013
159178201755
1782488453012
159225904453
1782488454015
159271422342
1782488455015
159316891219
1782488456012
159361889395
1782488457015
159406113830
1782488458013
159450176462
1782488459012
159494400164
1782488460016
159539771997
1782488461014
159584516633
1782488462015
159628807047
1782488463012
159673560472
1782488464012
159721920639
1782488465015
159767480154
1782488466013
159812321836
1782488467014
159856561347
1782488468015
159901241530
1782488469011
159945679649
1782488470012
159990061371
1782488471013
160035431738
1782488472015
160079109178
1782488473011
160123315913
1782488474012
160168851807
1782488475015
160214444464
1782488476012
160259456311
1782488477015
160304227803
1782488478015
160348589323
1782488479012
160393007849
1782488480014
160438334455
1782488481015
160482999074
1782488482014
160527010619
1782488483016
160571218758
1782488484015
160616803175
1782488485014
160662070820
1782488486012
160707360133
1782488487013
160751514073
1782488488013
160796121991
1782488489015
160840149832
1782488490014
160885108396
1782488491015
160930124883
1782488492014
160975898935
1782488493038
161020133685
1782488494012
161067099813
1782488495011
161112820460
1782488496012
161157869173
1782488497014
161202005229
1782488498015
161246556507
1782488499014
161291190731
1782488500014
161335338018
1782488501013
161380900157
1782488502011
161425406452
1782488503015
161469807827
1782488504012
161515817109
1782488505012
161561632482
1782488506013
161606812298
1782488507014
161651771229
1782488508015
161697536675
1782488509014
161744351863
1782488510015
161789098453
1782488511013
161833755992
1782488512012
161878465167
1782488513015
161922677090
1782488514012
161968592439
1782488515014
162014036903
1782488516013
162058786666
1782488517015
162103090813
1782488518014
162148307555
1782488519012
162192882026
1782488520011
162237767958
1782488521011
162283036458
1782488522015
162328439174
1782488523038
162372172216
1782488524012
162418859658
1782488525012
162464920758
1782488526014
162510230945
1782488527015
162554047605
1782488528012
162598152595
1782488529015
162643223952
1782488530015
162687541892
1782488531016
162733138577
1782488532012
162778207981
1782488533015
162822928875
1782488534013
162868770615
1782488535014
162914301871
1782488536013
162959756466
1782488537015
163004012152
1782488538014
163048634657
1782488539016
163093974934
1782488540013
163138194486
1782488541015
163182660986
1782488542015
163226686691
1782488543014
163271030023
1782488544016
163316428527
1782488545012
163361758001
1782488546015
163407400462
1782488547016
163451398091
1782488548014
163495817777
1782488549015
163540494054
1782488550014
163585106184
1782488551012
163629915579
1782488552012
163674955075
1782488553012
163720171939
1782488554013
163767993472
1782488555015
163813910225
1782488556015
163858457413
1782488557013
163902664758
1782488558012
163946553135
1782488559013
163992371560
1782488560015
164037150742
1782488561012
164082433707
1782488562015
164126910644
1782488563012
164171326912
1782488564012
164216816054
1782488565013
164263286027
1782488566015
164309011618
1782488567012
164353589202
1782488568013
164398388770
1782488569015
164444871012
1782488570015
164489168445
1782488571012
164533553707
1782488572013
164577676458
1782488573012
164622639417
1782488574013
164668310320
1782488575014
164713901329
1782488576014
164759360929
1782488577013
164803903601
1782488578015
164848375106
1782488579015
164892730278
1782488580012
164937854003
1782488581015
164982420844
1782488582015
165026792984
1782488583014
165072026328
1782488584015
165119542746
1782488585012
165165184842
1782488586015
165210224338
1782488587013
165254354718
1782488588015
165298601736
1782488589015
165344232662
1782488590014
165388324041
1782488591015
165434099619
1782488592012
165478449115
1782488593012
165523239406
1782488594012
165569358001
1782488595011
165614864599
1782488596015
165659653668
1782488597014
165704822864
1782488598015
165749256527
1782488599015
165797108761
1782488600015
165841879337
1782488601013
165886980113
1782488602016
165930595846
1782488603014
165974408722
1782488604015
166020803867
1782488605015
166066147135
1782488606015
166111155442
1782488607013
166155814691
1782488608015
166199790103
1782488609015
166243757337
1782488610015
166288464009
1782488611015
166333456997
1782488612015
166377801671
1782488613013
166422664105
1782488614015
166469690108
1782488615012
166514883291
1782488616012
166559804868
1782488617015
166603764472
1782488618014
166648747206
1782488619013
166694053120
1782488620012
166738861599
1782488621015
166784648042
1782488622011
166829257059
1782488623013
166874250596
1782488624015
166919620353
1782488625015
166964906125
1782488626015
167009455755
1782488627013
167053971022
1782488628011
167099375691
1782488629015
167146797322
1782488630013
167192036281
1782488631015
167236918430
1782488632014
167280867902
1782488633014
167325309561
1782488634014
167371308283
1782488635015
167416677735
1782488636016
167461515145
1782488637013
167505764238
1782488638015
167550179346
1782488639015
167594343052
1782488640015
167638722699
1782488641014
167683812183
1782488642014
167728440304
1782488643015
167773104008
1782488644016
167818403513
1782488645015
167863440507
1782488646013
167908706199
1782488647015
167952900911
1782488648015
168000041537
1782488649012
168044830241
1782488650011
168089177844
1782488651014
168134195551
1782488652015
168179033388
1782488653015
168223195079
1782488654012
168268082111
1782488655014
168314400962
1782488656015
168359286589
1782488657015
168403741614
1782488658013
168448431869
1782488659012
168495480759
1782488660015
168540111749
1782488661015
168584939881
1782488662014
168629021494
1782488663015
168673425738
1782488664014
168719045922
1782488665011
168764881986
1782488666014
168809909642
1782488667013
168853672713
1782488668016
168897313532
1782488669014
168941565860
1782488670015
168986355357
1782488671015
169031126178
1782488672013
169076553124
1782488673015
169121324189
1782488674012
169169438385
1782488675015
169215160497
1782488676013
169260287029
1782488677012
169304411672
1782488678013
169348219909
1782488679011
169392938789
1782488680012
169438248243
1782488681014
169482901022
1782488682015
169527980497
1782488683012
169571783607
1782488684012
169616602279
1782488685014
169662054372
1782488686015
169707042965
1782488687013
169751259222
1782488688011
169795797072
1782488689014
169842032732
1782488690015
169886328151
1782488691013
169930921421
1782488692015
169975017499
1782488693015
170019311087
1782488694013
170064243406
1782488695013
170110040408
1782488696015
170154526683
1782488697014
170197748008
1782488698013
170241795625
1782488699015
170285899394
1782488700015
170330243091
1782488701014
170374924373
1782488702014
170419986575
1782488703014
170464925364
1782488704012
170511650708
1782488705012
170558091202
1782488706015
170602736473
1782488707014
170646382358
1782488708012
170690748455
1782488709012
170734915578
1782488710013
170779807126
1782488711015
170824751774
1782488712015
170869798289
1782488713015
170914435748
1782488714015
170960608238
1782488715014
171006196317
1782488716013
171051856295
1782488717014
171096365275
1782488718014
171141213610
1782488719014
171188269764
1782488720013
171233705134
1782488721015
171277936649
1782488722013
171322315136
1782488723015
171366927937
1782488724015
171412270595
1782488725012
171457888215
1782488726014
171503399756
1782488727014
171547209885
1782488728014
171591412531
1782488729015
171636079287
1782488730015
171680649119
1782488731014
171725748003
1782488732015
171770448083
1782488733014
171815959380
1782488734013
171862483859
1782488735015
171907799599
1782488736013
171952746262
1782488737012
171996630671
1782488738014
172040908573
1782488739014
172085622508
1782488740012
172131483841
1782488741013
172177148214
1782488742014
172222283475
1782488743014
172266620519
1782488744013
172311807965
1782488745012
172357557847
1782488746012
172402430535
1782488747013
172446985353
1782488748014
172491199656
1782488749014
172538323132
1782488750014
172582545309
1782488751013
172627278165
1782488752012
172671893163
1782488753012
172717167217
1782488754015
172762757860
1782488755014
172808157402
1782488756015
172852995666
1782488757014
172897102609
1782488758013
172941238177
1782488759013
172985499966
1782488760013
173030301853
1782488761016
173074985637
1782488762013
173119813342
1782488763015
173164392391
1782488764015
173211380064
1782488765014
173257082766
1782488766013
173302445809
1782488767015
173346565509
1782488768015
173390642788
1782488769013
173435093236
1782488770014
173480118450
1782488771015
173524701405
1782488772014
173569669430
1782488773012
173614204167
1782488774015
173659219493
1782488775012
173705155228
1782488776013
173750496237
1782488777016
173794862457
1782488778015
173839327431
1782488779012
173886155680
1782488780015
173930904711
1782488781014
173975788385
1782488782016
174020506837
1782488783015
174064599681
1782488784015
174110266373
1782488785014
174155710166
1782488786012
174200948392
1782488787018
174244895240
1782488788014
174288881211
1782488789013
174333306330
1782488790013
174378317445
1782488791014
174422895639
1782488792012
174467673661
1782488793016
174513184409
1782488794015
174560094506
1782488795012
174606066557
1782488796012
174651385349
1782488797012
174696050823
1782488798015
174740127249
1782488799013
174784451171
1782488800012
174829170661
1782488801013
174873814284
1782488802015
174918991049
1782488803011
174963281768
1782488804012
175009061497
1782488805013
175055588050
1782488806015
175101194256
1782488807014
175146127918
1782488808016
175191101924
1782488809014
175238312008
1782488810011
175283176457
1782488811013
175327624951
1782488812012
175372086568
1782488813012
175416859952
1782488814012
175462481417
1782488815012
175508195900
1782488816015
175552699814
1782488817012
175597337945
1782488818015
175641974976
1782488819014
175686380563
1782488820014
175730971087
1782488821015
175775952417
1782488822013
175820669465
1782488823013
175865414529
1782488824011
175912126934
1782488825013
175958272690
1782488826012
176002921013
1782488827015
176046926760
1782488828014
176090824474
1782488829012
176135452107
1782488830014
176180517848
1782488831011
176225515109
1782488832015
176270440287
1782488833014
176315582932
1782488834015
176360414299
1782488835014
176406632992
1782488836012
176452045046
1782488837015
176496510509
1782488838015
176541477984
1782488839014
176587198082
1782488840015
176631667877
1782488841015
176675844278
1782488842015
176719668446
1782488843013
176764207272
1782488844015
176809770937
1782488845014
176855402656
1782488846015
176900775404
1782488847015
176945394674
1782488848012
176989969328
1782488849014
177034271583
1782488850015
177078992111
1782488851014
177123946646
1782488852015
177169220212
1782488853038
177213404425
1782488854015
177260558662
1782488855016
177306552136
1782488856015
177350956869
1782488857013
177395037383
1782488858013
177439144143
1782488859015
177483575609
1782488860015
177527733088
1782488861015
177573042604
1782488862015
177617134654
1782488863015
177662489823
1782488864015
177707723411
1782488865015
177753613858
1782488866015
177798559849
1782488867013
177844166788
1782488868038
177888382434
1782488869015
177935334584
1782488870015
177979731565
1782488871013
178023803352
1782488872012
178068078019
1782488873013
178112486352
1782488874012
178157930022
1782488875014
178203541478
1782488876014
178248601726
1782488877012
178292301749
1782488878012
178336458923
1782488879015
178380244212
1782488880013
178425242082
1782488881015
178469733484
1782488882015
178514381747
1782488883013
178560060646
1782488884015
178606806193
1782488885015
178652565109
1782488886013
178697840933
1782488887014
178742226439
1782488888014
178786066415
1782488889015
178830952225
1782488890015
178874971583
1782488891015
178920149995
1782488892013
178964478861
1782488893014
179009443407
1782488894014
179055238211
1782488895015
179100742550
1782488896013
179146085818
1782488897013
179191885933
1782488898036
179235216693
1782488899014
179281014489
1782488900012
179325727265
1782488901012
179370202615
1782488902013
179414601305
1782488903015
179458897090
1782488904015
179504951476
1782488905012
179551316470
1782488906015
179596928353
1782488907012
179641366593
1782488908015
179685270778
1782488909014
179729524205
1782488910015
179774235211
1782488911014
179818922963
1782488912015
179863115782
1782488913013
179908108586
1782488914012
179954903755
1782488915015
180000980663
1782488916015
180045665790
1782488917013
180089604582
1782488918012
180133889136
1782488919015
180178363083
1782488920012
180222774285
1782488921011
180268458738
1782488922014
180312558662
1782488923015
180357508193
1782488924015
180402567770
1782488925014
180448258266
1782488926015
180493355928
1782488927015
180537686137
1782488928012
180582616747
1782488929016
180629640003
1782488930013
180674286679
1782488931013
180718922490
1782488932015
180762796523
1782488933013
180807139366
1782488934015
180853184414
1782488935015
180898229831
1782488936014
180943557169
1782488937014
180987543689
1782488938014
181031624387
1782488939015
181076092474
1782488940012
181121170850
1782488941015
181165836751
1782488942012
181210386808
1782488943014
181255152196
1782488944015
181301385537
1782488945015
181347246687
1782488946015
181392265248
1782488947013
181436659239
1782488948013
181480788764
1782488949014
181525062028
1782488950015
181569191370
1782488951013
181614849884
1782488952012
181659065041
1782488953013
181704636641
1782488954014
181749593008
1782488955015
181795662775
1782488956015
181840752259
1782488957015
181884799998
1782488958012
181930410599
1782488959013
181976353780
1782488960013
182021244900
1782488961014
182066287082
1782488962014
182110403180
1782488963013
182154942678
1782488964012
182200727168
1782488965015
182245721438
1782488966015
182290904916
1782488967013
182335117998
1782488968014
182379231960
1782488969013
182423669590
1782488970015
182468303631
1782488971015
182511173517
1782488972013
182560538198
1782488973130
182599694897
1782488974014
182644376057
1782488975014
182687804046
1782488976011
182730368573
1782488977015
182770739320
1782488978015
182811306660
1782488979015
182852188879
1782488980015
182893059319
1782488981015
182934924263
1782488982012
182975898890
1782488983013
183017089946
1782488984011
183059636773
1782488985014
183102754644
1782488986014
183145665850
1782488987012
183188225494
1782488988038
183230238448
1782488989015
183274534661
1782488990014
183316047311
1782488991015
183357645471
1782488992015
183401910861
1782488993011
183446896402
1782488994012
183493111311
1782488995011
183538583850
1782488996012
183583972711
1782488997012
183629078309
1782488998013
183673573800
1782488999013
183717787371
1782489000013
183762831140
1782489001013
183807702424
1782489002012
183853081458
1782489003013
183898263655
1782489004015
183946518048
1782489005015
183992207811
1782489006014
184037704277
1782489007012
184081981080
1782489008012
184125686351
1782489009015
184170010640
1782489010013
184214260221
1782489011014
184259052282
1782489012013
184303522200
1782489013011
184347946891
1782489014015
184393907466
1782489015015
184439274416
1782489016012
184484389779
1782489017015
184528620684
1782489018015
184573227320
1782489019012
184620509242
1782489020015
184665333224
1782489021014
184709935039
1782489022015
184754015859
1782489023015
184798258055
1782489024014
184843977115
1782489025014
184889427926
1782489026015
184937439522
1782489027015
184982529617
1782489028014
185026996056
1782489029014
185071405061
1782489030012
185116414223
1782489031015
185161555648
1782489032013
185206137809
1782489033012
185252057919
1782489034015
185299077635
1782489035015
185344224431
1782489036013
185389668955
1782489037013
185434223041
1782489038015
185478202237
1782489039015
185522294104
1782489040012
185567018477
1782489041015
185612658558
1782489042013
185657936213
1782489043015
185702359561
1782489044012
185748233040
1782489045013
185793952588
1782489046013
185839352008
1782489047014
185884278163
1782489048015
185929078219
1782489049016
185975079200
1782489050014
186020081587
1782489051015
186064648856
1782489052014
186109104186
1782489053015
186153366585
1782489054015
186199307935
1782489055015
186244541523
1782489056012
186290397912
1782489057014
186336129179
1782489058011
186380455054
1782489059013
186424411607
1782489060012
186469376396
1782489061013
186514369750
1782489062012
186558938606
1782489063014
186604154311
1782489064015
186651643691
1782489065015
186696991353
1782489066013
186742277187
1782489067012
186787603365
1782489068015
186832245463
1782489069014
186877438035
1782489070015
186921659479
1782489071013
186966189517
1782489072013
187012068244
1782489073016
187056484391
1782489074016
187102962543
1782489075015
187148591638
1782489076015
187193703155
1782489077012
187238467384
1782489078015
187282826096
1782489079015
187329017140
1782489080015
187373254881
1782489081015
187418265935
1782489082013
187463293591
1782489083012
187507781392
1782489084015
187553411158
1782489085015
187599016815
1782489086012
187644368078
1782489087014
187688692001
1782489088011
187732734063
1782489089015
187776628299
1782489090016
187821343455
1782489091013
187866932511
1782489092016
187911191553
1782489093013
187956327912
1782489094014
188003643526
1782489095014
188049217445
1782489096013
188094861554
1782489097015
188138828482
1782489098014
188183317993
1782489099015
188228340033
1782489100015
188272760940
1782489101014
188317869345
1782489102015
188362942960
1782489103014
188407769261
1782489104012
188453529276
1782489105013
188499576399
1782489106015
188544218924
1782489107012
188588580932
1782489108012
188633992925
1782489109015
188681404547
1782489110015
188725625259
1782489111015
188770693076
1782489112015
188815013702
1782489113014
188859518898
1782489114015
188904834578
1782489115015
188950362233
1782489116012
188995140316
1782489117012
189039415105
1782489118015
189084126966
1782489119015
189127848167
1782489120014
189172006868
1782489121015
189217315346
1782489122012
189261805710
1782489123014
189307226309
1782489124012
189353448054
1782489125015
189399132080
1782489126015
189444676092
1782489127012
189489069960
1782489128012
189533377159
1782489129014
189577799530
1782489130015
189621684855
1782489131011
189666478441
1782489132015
189711837212
1782489133014
189756524903
1782489134014
189802529302
1782489135012
189848287973
1782489136015
189894057082
1782489137015
189938982749
1782489138014
189984180570
1782489139014
190031329131
1782489140011
190075759437
1782489141015
190120562850
1782489142014
190164707329
1782489143014
190209441712
1782489144015
190254716743
1782489145015
190300217359
1782489146015
190345042500
1782489147012
190389279264
1782489148011
190433531714
1782489149015
190477702134
1782489150013
190522227715
1782489151012
190566962281
1782489152012
190611573312
1782489153015
190657781812
1782489154015
190703980546
1782489155011
190749688803
1782489156015
190795431362
1782489157012
190839182287
1782489158012
190883350509
1782489159015
190927838005
1782489160015
190971948549
1782489161013
191017018624
1782489162013
191061872513
1782489163011
191106911460
1782489164016
191152530972
1782489165012
191198445833
1782489166014
191243752358
1782489167015
191288519272
1782489168014
191333755545
1782489169015
191379380917
1782489170014
191423917546
1782489171014
191468995677
1782489172015
191512595297
1782489173015
191557656888
1782489174015
191602890904
1782489175013
191648324869
1782489176012
191693721970
1782489177014
191737830316
1782489178012
191781818424
1782489179012
191825460280
1782489180014
191869641502
1782489181012
191915249296
1782489182012
191959537146
1782489183014
192005257977
1782489184015
192051845015
1782489185015
192097548451
1782489186015
192142748835
1782489187014
192186887150
1782489188015
192231124281
1782489189013
192275322654
1782489190014
192319569489
1782489191013
192364688209
1782489192013
192409372970
1782489193012
192455127125
1782489194012
192500414851
1782489195011
192546623290
1782489196015
192592177922
1782489197015
192637102917
1782489198015
192681940753
1782489199011
192728841940
1782489200014
192772892669
1782489201014
192817895545
1782489202012
192861759629
1782489203012
192906198297
1782489204015
192951433228
1782489205015
192997049322
1782489206014
193042232739
1782489207014
193086345785
1782489208015
193130628692
1782489209011
193175266273
1782489210012
193219764023
1782489211013
193265194509
1782489212015
193309953367
1782489213013
193355214054
1782489214015
193402587102
1782489215013
193448285776
1782489216012
193493148516
1782489217015
193537420924
1782489218014
193581608067
1782489219012
193626547832
1782489220015
193670562551
1782489221012
193715386411
1782489222014
193759865606
1782489223014
193804776807
1782489224011
193849434042
1782489225013
193896064659
1782489226015
193940696564
1782489227014
193985090310
1782489228012
194029795335
1782489229013
194076980456
1782489230012
194121536494
1782489231014
194166133792
1782489232015
194211000560
1782489233013
194255157673
1782489234014
194300309840
1782489235013
194345593294
1782489236015
194390495401
1782489237015
194434839769
1782489238014
194479689386
1782489239015
194523350590
1782489240013
194567741529
1782489241015
194612347860
1782489242013
194656457915
1782489243012
194701343848
1782489244013
194748125466
1782489245015
194793432357
1782489246013
194838486075
1782489247013
194882734375
1782489248011
194927317207
1782489249014
194971809342
1782489250012
195015741969
1782489251014
195060235568
1782489252014
195104698284
1782489253015
195149569507
1782489254015
195194545039
1782489255012
195240856627
1782489256014
195285718573
1782489257012
195331253734
1782489258038
195375224630
1782489259015
195421227381
1782489260014
195465607455
1782489261015
195510336833
1782489262015
195555455248
1782489263013
195600239496
1782489264014
195645266602
1782489265015
195690861090
1782489266013
195735741224
1782489267014
195780518942
1782489268012
195824694732
1782489269015
195868679177
1782489270014
195913350206
1782489271013
195958608513
1782489272015
196003262329
1782489273014
196048754522
1782489274015
196095550240
1782489275014
196141481519
1782489276012
196186747699
1782489277013
196231185513
1782489278015
196275900974
1782489279015
196320236859
1782489280012
196364226493
1782489281012
196408859679
1782489282014
196453281685
1782489283014
196498300429
1782489284013
196543636800
1782489285014
196589231288
1782489286013
196634603364
1782489287014
196679261819
1782489288015
196724230759
1782489289015
196771420397
1782489290014
196815581111
1782489291014
196860103947
1782489292015
196904183057
1782489293013
196948714743
1782489294015
196994128933
1782489295015
197038992832
1782489296012
197083744548
1782489297014
197128098866
1782489298015
197172395505
1782489299012
197216037361
1782489300014
197260159502
1782489301014
197304902979
1782489302014
197349762361
1782489303015
197395340491
1782489304015
197443022803
1782489305011
197488760601
1782489306014
197533831470
1782489307013
197578091305
1782489308013
197622055365
1782489309015
197666244766
1782489310012
197710346948
1782489311013
197755667023
1782489312016
197799353190
1782489313014
197844868515
1782489314014
197889847709
1782489315015
197935892941
1782489316012
197981435365
1782489317015
198026022165
1782489318012
198070925676
1782489319013
198117553730
1782489320015
198161575285
1782489321015
198205836646
1782489322016
198249346545
1782489323015
198293588558
1782489324014
198339391969
1782489325015
198384439339
1782489326012
198428881180
1782489327013
198473268823
1782489328015
198517574130
1782489329015
198562051616
1782489330015
198606427113
1782489331013
198651692439
1782489332011
198696918031
1782489333037
198741175486
1782489334014
198788291515
1782489335015
198833867021
1782489336013
198878368372
1782489337015
198922916415
1782489338015
198966664960
1782489339014
199011193532
1782489340013
199055193481
1782489341016
199099762947
1782489342015
199143859514
1782489343012
199188664209
1782489344011
199234457548
1782489345013
199281193513
1782489346013
199326309547
1782489347017
199371184920
1782489348013
199416718068
1782489349015
199463495292
1782489350012
199508470030
1782489351013
199553132392
1782489352015
199597359634
1782489353014
199641713891
1782489354015
199686763336
1782489355012
199732420324
1782489356015
199777532147
1782489357012
199822555225
1782489358013
199867260494
1782489359015
199911583745
1782489360015
199956782603
1782489361015
200001762347
1782489362015
200046221645
1782489363014
200090731052
1782489364012
200137974095
1782489365011
200183992776
1782489366015
200228833360
1782489367014
200273061701
1782489368012
200317220218
1782489369015
200361844189
1782489370014
200405866293
1782489371013
200449993255
1782489372014
200493888406
1782489373015
200538064074
1782489374015
200584509634
1782489375013
200630568659
1782489376011
200676001710
1782489377015
200720414499
1782489378014
200765289750
1782489379015
200812382525
1782489380013
200857095240
1782489381015
200901185459
1782489382011
200945109114
1782489383013
200989165886
1782489384012
201034518736
1782489385015
201080060368
1782489386013
201126142464
1782489387013
201170362749
1782489388014
201215851524
1782489389014
201260054353
1782489390013
201304464029
1782489391011
201350020370
1782489392012
201395411428
1782489393038
201439306823
1782489394015
201486821472
1782489395014
201532357000
1782489396014
201577061598
1782489397014
201620804833
1782489398012
201665074251
1782489399014
201709582987
1782489400015
201753595325
1782489401012
201799035273
1782489402015
201843179935
1782489403012
201887222730
1782489404012
201933281572
1782489405015
201978965964
1782489406015
202025195155
1782489407013
202069811618
1782489408012
202114363872
1782489409015
202161267744
1782489410014
202205840567
1782489411014
202250286620
1782489412012
202294806464
1782489413015
202339028397
1782489414015
202384261191
1782489415012
202430542811
1782489416014
202476049225
1782489417011
202520391946
1782489418016
202564587817
1782489419015
202608719174
1782489420012
202652930486
1782489421014
202697568373
1782489422016
202741902244
1782489423014
202786464324
1782489424015
202833353120
1782489425015
202879158057
1782489426012
202924758526
1782489427015
202969244496
1782489428015
203013642942
1782489429014
203058979191
1782489430016
203102982069
1782489431012
203148445819
1782489432019
203192961941
1782489433015
203237729282
1782489434014
203283095621
1782489435013
203328091173
1782489436013
203374038199
1782489437015
203418602965
1782489438015
203462980842
1782489439011
203510609199
1782489440012
203555562087
1782489441014
203600398764
1782489442015
203644293549
1782489443012
203688344889
1782489444013
203734171554
1782489445012
203779440298
1782489446013
203824861263
1782489447015
203868959051
1782489448013
203913765027
1782489449017
203957932395
1782489450014
204002404083
1782489451011
204046780373
1782489452014
204091743698
1782489453015
204136807364
1782489454015
204182823909
1782489455012
204229081176
1782489456014
204274767765
1782489457013
204319534557
1782489458012
204364385395
1782489459015
204408592557
1782489460013
204453380345
1782489461015
204498706767
1782489462012
204542872975
1782489463014
204586769225
1782489464013
204633291872
1782489465015
204678611397
1782489466014
204724419507
1782489467011
204769335225
1782489468012
204814866419
1782489469012
204860522308
1782489470013
204905151039
1782489471013
204949824936
1782489472013
204994541740
1782489473012
205038899720
1782489474012
205084841680
1782489475015
205129508924
1782489476013
205174467671
1782489477015
205219282193
1782489478015
205263852758
1782489479012
205308204329
1782489480013
205352638297
1782489481014
205397826719
1782489482015
205442347723
1782489483015
205487592724
1782489484014
205533879227
1782489485014
205579377157
1782489486014
205624470731
1782489487014
205669118505
1782489488015
205713486494
1782489489013
205757946402
1782489490013
205802083313
1782489491014
205846507516
1782489492012
205890557757
1782489493013
205934809536
1782489494015
205980576875
1782489495013
206026177161
1782489496014
206071514203
1782489497014
206116413929
1782489498014
206162304132
1782489499016
206209489619
1782489500013
206253963016
1782489501012
206299055308
1782489502013
206343250324
1782489503013
206387569485
1782489504014
206432695896
1782489505012
206478061441
1782489506013
206523231736
1782489507012
206567207636
1782489508012
206611723575
1782489509014
206656221019
1782489510015
206700622700
1782489511012
206746279505
1782489512015
206790997835
1782489513014
206835961770
1782489514016
206882747356
1782489515016
206928632553
1782489516014
206973587638
1782489517014
207017857972
1782489518012
207062459786
1782489519012
207107259476
1782489520015
207151298243
1782489521015
207196079073
1782489522014
207240486552
1782489523012
207284778553
1782489524013
207330802361
1782489525011
207377198116
1782489526015
207422984437
1782489527011
207467509958
1782489528013
207512643387
1782489529013
207560071733
1782489530015
207604451807
1782489531013
207649011691
1782489532013
207693596598
1782489533013
207738238879
1782489534015
207783294367
1782489535014
207828285402
1782489536012
207873744025
1782489537013
207918324478
1782489538015
207963889669
1782489539015
208007936370
1782489540013
208053328893
1782489541014
208098162823
1782489542013
208143184681
1782489543012
208188485590
1782489544015
208235191586
1782489545014
208280812014
1782489546015
208325227794
1782489547012
208369456624
1782489548015
208414085416
1782489549012
208458591100
1782489550013
208503119673
1782489551014
208547528311
1782489552016
208591739258
1782489553015
208637045416
1782489554012
208682553478
1782489555015
208728395219
1782489556012
208774066855
1782489557011
208818732207
1782489558012
208863867772
1782489559015
208911202673
1782489560013
208955551009
1782489561015
209000148429
1782489562015
209044910400
1782489563015
209088872690
1782489564015
209134361038
1782489565014
209179877767
1782489566015
209224738492
1782489567013
209268548011
1782489568014
209313801313
1782489569013
209358222830
1782489570014
209402786864
1782489571016
209447367621
1782489572015
209491486222
1782489573015
209536756431
1782489574015
209583914452
1782489575014
209629956571
1782489576014
209674473668
1782489577013
209718447921
1782489578014
209762659478
1782489579013
209807137269
1782489580012
209851117503
1782489581013
209896835099
1782489582015
209941217920
1782489583015
209985919404
1782489584015
210031594947
1782489585015
210077720134
1782489586014
210123173570
1782489587015
210168653556
1782489588016
210213392028
1782489589016
210259433414
1782489590013
210303990184
1782489591015
210349041400
1782489592014
210393183437
1782489593014
210437586827
1782489594012
210483139933
1782489595014
210528718369
1782489596012
210573877006
1782489597014
210618768859
1782489598015
210662994942
1782489599016
210707290421
1782489600015
210752532798
1782489601015
210798062406
1782489602015
210842396582
1782489603015
210887264387
1782489604015
210934015122
1782489605012
210980057179
1782489606016
211024606748
1782489607015
211068827643
1782489608012
211113866102
1782489609014
211157786888
1782489610012
211201952119
1782489611016
211247525367
1782489612016
211291459519
1782489613013
211335765924
1782489614015
211381211059
1782489615014
211427727725
1782489616015
211472536143
1782489617012
211517645586
1782489618016
211562303674
1782489619014
211607614472
1782489620014
211652136635
1782489621012
211694987539
1782489622013
211737919680
1782489623014
211778870198
1782489624014
211822171295
1782489625013
211867417151
1782489626012
211913616801
1782489627010
211959177658
1782489628013
212003494256
1782489629014
212047187138
1782489630012
212091790356
1782489631015
212138044815
1782489632015
212182779564
1782489633013
212227726104
1782489634015
212275647857
1782489635013
212322063753
1782489636014
212366811625
1782489637015
212410638173
1782489638011
212455487057
1782489639015
212499892278
1782489640015
212544343641
1782489641013
212589375630
1782489642015
212633689115
1782489643012
212677908729
1782489644012
212723091780
1782489645013
212769255724
1782489646015
212814123956
1782489647012
212859233643
1782489648012
212904183845
1782489649012
212949805188
1782489650013
212994541280
1782489651015
213039931239
1782489652014
213084008763
1782489653015
213128142561
1782489654013
213173859974
1782489655013
213218931392
1782489656011
213263668826
1782489657013
213308304881
1782489658013
213352644672
1782489659015
213396422148
1782489660015
213440906104
1782489661012
213485609664
1782489662013
213530790945
1782489663015
213578381826
1782489664014
213626313955
1782489665037
213670765562
1782489666013
213716371768
1782489667015
213761478159
1782489668012
213806152606
1782489669014
213851059168
1782489670015
213896018464
1782489671014
213940813333
1782489672014
213985175096
1782489673013
214029952753
1782489674013
214075021668
1782489675014
214121164861
1782489676012
214166281994
1782489677012
214211133441
1782489678014
214256722375
1782489679015
214303523891
1782489680015
214348318515
1782489681012
214394265663
1782489682013
214438649766
1782489683014
214483527458
1782489684014
214528950133
1782489685014
214574706302
1782489686012
214619509532
1782489687015
214663662678
1782489688016
214707790190
1782489689012
214752302344
1782489690012
214797119734
1782489691016
214841848013
1782489692014
214886761595
1782489693013
214933013979
1782489694015
214980754762
1782489695013
215026508429
1782489696014
215071958874
1782489697011
215116474080
1782489698015
215160761870
1782489699015
215205504553
1782489700014
215249889571
1782489701014
215294283684
1782489702015
215338412355
1782489703013
215382597239
1782489704012
215428155655
1782489705012
215474155232
1782489706011
215519762538
1782489707012
215565022431
1782489708011
215610176491
1782489709015
215658169654
1782489710011
215702788192
1782489711015
215747297539
1782489712015
215791823426
1782489713015
215836406930
1782489714015
215882049025
1782489715012
215927575458
1782489716015
215972509914
1782489717012
216016748875
1782489718012
216060651412
1782489719012
216104592278
1782489720013
216149440247
1782489721013
216194367012
1782489722012
216238745011
1782489723011
216283575035
1782489724015
216329173063
1782489725015
216374926791
1782489726014
216419467143
1782489727013
216463663930
1782489728014
216507789183
1782489729015
216552102302
1782489730013
216596211076
1782489731015
216640746667
1782489732015
216685322420
1782489733015
216729512370
1782489734014
216774615831
1782489735012
216820501700
1782489736012
216867164056
1782489737012
216912439148
1782489738011
216957528205
1782489739013
217004831307
1782489740015
217049236955
1782489741012
217094511131
1782489742015
217138458589
1782489743015
217182414714
1782489744014
217228096726
1782489745015
217273433219
1782489746012
217318781247
1782489747012
217363225470
1782489748015
217407265030
1782489749015
217451596215
1782489750014
217496569550
1782489751014
217542146764
1782489752015
217586436751
1782489753012
217631921315
1782489754012
217679340017
1782489755015
217724520321
1782489756011
217768796331
1782489757012
217813339063
1782489758015
217857218834
1782489759012
217902051422
1782489760013
217946030557
1782489761015
217990814317
1782489762012
218035549188
1782489763015
218080929077
1782489764012
218126302557
1782489765015
218171559155
1782489766013
218216978960
1782489767015
218261656336
1782489768015
218307841460
1782489769016
218354129427
1782489770015
218398718546
1782489771014
218442890369
1782489772012
218487068235
1782489773014
218532261906
1782489774015
218577649241
1782489775015
218623159500
1782489776012
218668990254
1782489777015
218713489530
1782489778012
218757649207
1782489779012
218801811936
1782489780012
218846598015
1782489781013
218891220276
1782489782015
218935344553
1782489783012
218980362016
1782489784012
219027981767
1782489785012
219073683371
1782489786015
219119588832
1782489787014
219164143161
1782489788014
219208247663
1782489789015
219253653003
1782489790014
219297793698
1782489791015
219342725651
1782489792014
219386906385
1782489793012
219431027854
1782489794015
219475878447
1782489795014
219521542027
1782489796015
219566736857
1782489797012
219610813161
1782489798015
219656283442
1782489799016
219703462093
1782489800016
219747935795
1782489801012
219792771679
1782489802013
219836709433
1782489803013
219881423002
1782489804015
219927667574
1782489805015
219973138893
1782489806013
220018096237
1782489807013
220062139215
1782489808015
220106182925
1782489809015
220149991041
1782489810013
220194154380
1782489811014
220238515533
1782489812012
220283279090
1782489813012
220328455305
1782489814015
220375925704
1782489815012
220421417714
1782489816015
220466117429
1782489817014
220510800359
1782489818015
220555328077
1782489819015
220600100545
1782489820015
220644417936
1782489821015
220689101843
1782489822015
220733158981
1782489823015
220777419305
1782489824013
220822510925
1782489825013
220867820929
1782489826015
220913529369
1782489827013
220958417865
1782489828012
221003593409
1782489829013
221048291414
1782489830013
221093212564
1782489831012
221138069383
1782489832012
221182126521
1782489833014
221226522953
1782489834012
221272420845
1782489835014
221317859022
1782489836015
221363189168
1782489837014
221407342009
1782489838015
221451615272
1782489839015
221496627547
1782489840013
221541793569
1782489841016
221586689206
1782489842014
221632278262
1782489843037
221676689525
1782489844015
221724907846
1782489845015
221772150157
1782489846015
221816967486
1782489847015
221861133389
1782489848011
221905271764
1782489849014
221950522442
1782489850012
221995596118
1782489851015
222040369197
1782489852013
222084610661
1782489853012
222129424572
1782489854014
222174599932
1782489855014
222220812521
1782489856012
222267257349
1782489857014
222311863863
1782489858015
222357374428
1782489859015
222403687847
1782489860015
222448469715
1782489861013
222493229121
1782489862013
222537322453
1782489863016
222581743726
1782489864015
222627513934
1782489865014
222673657248
1782489866015
222719360562
1782489867014
222764117954
1782489868015
222808303693
1782489869012
222852909292
1782489870014
222897662778
1782489871015
222942852543
1782489872015
222987009901
1782489873013
223032260517
1782489874014
223078764732
1782489875014
223124412442
1782489876012
223169632663
1782489877012
223213817487
1782489878014
223257694083
1782489879012
223302577941
1782489880014
223347197821
1782489881012
223391850417
1782489882012
223436218590
1782489883013
223480464509
1782489884015
223525629066
1782489885013
223571706829
1782489886015
223616665210
1782489887011
223661908503
1782489888015
223707648803
1782489889015
223753647831
1782489890014
223798481639
1782489891015
223843412371
1782489892015
223887549282
1782489893011
223932508274
1782489894014
223977677653
1782489895013
224023136521
1782489896015
224069061330
1782489897013
224113257872
1782489898012
224157751960
1782489899012
224201956437
1782489900015
224246856163
1782489901013
224292022124
1782489902013
224336413612
1782489903015
224381932538
1782489904015
224428682663
1782489905015
224474173513
1782489906015
224519604793
1782489907013
224563705633
1782489908013
224608129286
1782489909015
224652777426
1782489910015
224697901639
1782489911016
224742767369
1782489912015
224787106245
1782489913016
224831739919
1782489914015
224877314388
1782489915015
224923140381
1782489916017
224968122200
1782489917014
225013624036
1782489918014
225058301595
1782489919011
225105311607
1782489920013
225150443144
1782489921015
225195081763
1782489922013
225239827376
1782489923014
225284336966
1782489924013
225329629819
1782489925012
225374965030
1782489926015
225419441906
1782489927013
225463813741
1782489928012
225507710784
1782489929013
225552297035
1782489930015
225597079879
1782489931015
225642316946
1782489932012
225688183772
1782489933015
225733220888
1782489934013
225780530703
1782489935013
225825695871
1782489936013
225870985001
1782489937015
225915385583
1782489938015
225959505526
1782489939015
226004103495
1782489940014
226048627490
1782489941014
226093643122
1782489942015
226137970584
1782489943016
226182216992
1782489944013
226227333759
1782489945014
226273332909
1782489946012
226318971281
1782489947014
226364532687
1782489948015
226409015728
1782489949014
226456167035
1782489950014
226501680041
1782489951015
226546667231
1782489952014
226591214602
1782489953016
226635485241
1782489954013
226680928667
1782489955012
226726107567
1782489956012
226772147611
1782489957015
226816232642
1782489958015
226860927413
1782489959013
226905163811
1782489960014
226950101318
1782489961011
226994790779
1782489962013
227039391739
1782489963015
227084757040
1782489964016
227131839256
1782489965011
227177681485
1782489966015
227222659031
1782489967015
227266683698
1782489968012
227311513478
1782489969015
227355985960
1782489970014
227400205207
1782489971014
227445152297
1782489972015
227489605918
1782489973015
227533934540
1782489974015
227579329687
1782489975014
227625345439
1782489976013
227670917160
1782489977012
227715674431
1782489978012
227761181883
1782489979015
227808426818
1782489980015
227853060066
1782489981014
227897585037
1782489982011
227942136986
1782489983015
227987165679
1782489984013
228032691625
1782489985015
228078026409
1782489986015
228123341356
1782489987015
228167665034
1782489988015
228212075138
1782489989015
228256535839
1782489990014
228301154988
1782489991012
228346626673
1782489992013
228392544280
1782489993038
228436996864
1782489994015
228483671000
1782489995015
228529552780
1782489996015
228574133720
1782489997012
228618470643
1782489998015
228662721811
1782489999013
228707495806
1782490000012
228752705468
1782490001013
228797662872
1782490002012
228842044900
1782490003014
228886485948
1782490004014
228931844841
1782490005014
228977993770
1782490006014
229023063052
1782490007015
229068657174
1782490008015
229113653396
1782490009015
229159502705
1782490010015
229204137234
1782490011014
229249084690
1782490012015
229293119673
1782490013012
229337558219
1782490014014
229383393611
1782490015013
229429086671
1782490016015
229474198982
1782490017015
229518658524
1782490018013
229563469383
1782490019012
229607751619
1782490020015
229652259317
1782490021012
229697515549
1782490022012
229747385600
1782490023138
229786645997
1782490024015
229833816409
1782490025014
229879812385
1782490026014
229924949110
1782490027016
229969405173
1782490028015
230013342194
1782490029012
230058128212
1782490030014
230102796372
1782490031013
230147874687
1782490032016
230192538635
1782490033015
230237143257
1782490034012
230282606580
1782490035016
230327961018
1782490036012
230372986476
1782490037014
230418354646
1782490038012
230464075476
1782490039015
230509003096
1782490040013
230553985097
1782490041015
230598311400
1782490042013
230642901618
1782490043015
230687462172
1782490044013
230733236652
1782490045012
230778511073
1782490046012
230823742402
1782490047015
230867554668
1782490048012
230911781544
1782490049015
230956215818
1782490050014
231000777105
1782490051015
231046058422
1782490052015
231091844682
1782490053037
231135893214
1782490054015
231183480007
1782490055014
231229044648
1782490056015
231274093178
1782490057014
231318427171
1782490058014
231362847651
1782490059015
231407580812
1782490060015
231451634899
1782490061014
231497046159
1782490062015
231541771875
1782490063015
231586017306
1782490064013
231631075846
1782490065015
231676810043
1782490066015
231721307670
1782490067014
231765790100
1782490068014
231811433355
1782490069014
231858592353
1782490070015
231903399856
1782490071012
231947757774
1782490072016
231992265534
1782490073015
232036751138
1782490074013
232082486922
1782490075015
232128081348
1782490076011
232172852413
1782490077011
232217422306
1782490078015
232261937878
1782490079015
232305889487
1782490080013
232350681425
1782490081013
232396325474
1782490082015
232440804852
1782490083015
232486570482
1782490084013
232531686760
1782490085012
232577348020
1782490086012
232622261541
1782490087013
232666702467
1782490088016
232710830528
1782490089012
232755265595
1782490090013
232800613501
1782490091015
232845313521
1782490092012
232889852286
1782490093012
232934912413
1782490094014
232980287602
1782490095012
233026211190
1782490096015
233071178238
1782490097015
233115659142
1782490098014
233160708404
1782490099014
233208370331
1782490100010
233256254119
1782490101015
233300682655
1782490102012
233345118394
1782490103015
233389405085
1782490104015
233434781067
1782490105013
233480087042
1782490106015
233525653454
1782490107016
233570155415
1782490108013
233614254424
1782490109013
233658931128
1782490110012
233704450665
1782490111015
233749787036
1782490112012
233794724420
1782490113014
233841120603
1782490114015
233887826538
1782490115015
233933675908
1782490116012
233978604382
1782490117013
234023299336
1782490118013
234068032925
1782490119012
234112704014
1782490120014
234157053144
1782490121013
234202495349
1782490122015
234246702634
1782490123014
234291883304
1782490124015
234337191782
1782490125015
234382789504
1782490126015
234427675681
1782490127012
234472034271
1782490128015
234517388525
1782490129015
234564999609
1782490130012
234609907148
1782490131012
234654674856
1782490132013
234698917357
1782490133014
234743812750
1782490134015
234789404369
1782490135014
234834784502
1782490136014
234880257042
1782490137012
234925178863
1782490138011
234969424355
1782490139015
235013511217
1782490140012
235058111506
1782490141012
235103716553
1782490142015
235148429573
1782490143011
235193937818
1782490144012
235239499775
1782490145014
235285081384
1782490146011
235329822663
1782490147012
235374235453
1782490148014
235418018300
1782490149014
235462132566
1782490150014
235506224556
1782490151013
235551314345
1782490152012
235595829917
1782490153013
235640485076
1782490154015
235685395362
1782490155015
235731269390
1782490156012
235776266284
1782490157012
235820707454
1782490158012
235865996950
1782490159015
235913143314
1782490160014
235958548105
1782490161013
236003831314
1782490162013
236048346093
1782490163013
236093081940
1782490164014
236138233619
1782490165013
236184274272
1782490166012
236230261948
1782490167015
236274411188
1782490168013
236319154542
1782490169015
236363499827
1782490170015
236407856342
1782490171015
236453333581
1782490172015
236498387604
1782490173014
236543662268
1782490174015
236591087989
1782490175011
236637291179
1782490176014
236681741810
1782490177012
236726089597
1782490178015
236770081061
1782490179012
236814673660
1782490180015
236858692834
1782490181012
236904001739
1782490182015
236948716590
1782490183012
236993256088
1782490184012
237038409110
1782490185012
237083900509
1782490186011
237128990787
1782490187013
237174171213
1782490188014
237219567154
1782490189012
237264782432
1782490190014
237310137357
1782490191013
237354551367
1782490192013
237399454511
1782490193013
237444091360
1782490194013
237489582576
1782490195014
237534896608
1782490196015
237580349068
1782490197015
237624678422
1782490198014
237669081507
1782490199013
237713502291
1782490200015
237757969279
1782490201013
237804122237
1782490202014
237848872855
1782490203014
237894192991
1782490204015
237941965390
1782490205012
237987937319
1782490206015
238033068490
1782490207012
238077549699
1782490208012
238121818934
1782490209013
238166426669
1782490210015
238210631329
1782490211014
238255868273
1782490212014
238300345149
1782490213012
238344935855
1782490214013
238390198313
1782490215015
238436154616
1782490216013
238481471883
1782490217015
238527130885
1782490218038
238571239964
1782490219013
238617505409
1782490220015
238662970991
1782490221012
238707650442
1782490222012
238752445188
1782490223014
238797384770
1782490224014
238843206430
1782490225012
238889031264
1782490226015
238933995932
1782490227011
238978553862
1782490228015
239023060462
1782490229014
239067945601
1782490230011
239113179555
1782490231012
239158237057
1782490232015
239204113588
1782490233036
239248723520
1782490234012
239296546395
1782490235012
239342389112
1782490236015
239388275836
1782490237015
239432292447
1782490238012
239476472937
1782490239013
239520887130
1782490240013
239565468986
1782490241015
239610235656
1782490242015
239654578072
1782490243014
239699186661
1782490244013
239744075828
1782490245013
239789751981
1782490246015
239834790684
1782490247012
239879664654
1782490248015
239924501575
1782490249016
239968566342
1782490250011
240013482731
1782490251012
240055965533
1782490252015
240096630102
1782490253014
240137935782
1782490254013
240180206243
1782490255012
240222878375
1782490256012
240265256684
1782490257013
240306704576
1782490258012
240347942691
1782490259015
240388104758
1782490260015
240428845193
1782490261014
240471161491
1782490262011
240512665841
1782490263013
240556658953
1782490264013
240602095360
1782490265016
240644645300
1782490266014
240686901723
1782490267014
240727307381
1782490268015
240767493985
1782490269013
240808108016
1782490270015
240848256901
1782490271014
240889934040
1782490272015
240930133339
1782490273014
240971015436
1782490274015
241012770151
1782490275011
241054947228
1782490276014
241096144694
1782490277015
241137338741
1782490278014
241178630017
1782490279016
241219276336
1782490280015
241260385545
1782490281010
241302514466
1782490282013
241343970658
1782490283013
241384445164
1782490284015
241426695117
1782490285013
241468840151
1782490286011
241511428726
1782490287015
241555251123
1782490288015
241596166180
1782490289012
241636549133
1782490290012
241677317217
1782490291013
241719332735
1782490292014
241761567429
1782490293038
241802953248
1782490294014
241847147532
1782490295015
241889435693
1782490296011
241931504799
1782490297013
241971820369
1782490298011
242012221023
1782490299014
242052853121
1782490300012
242093456411
1782490301014
242135910342
1782490302014
242176258872
1782490303015
242216670206
1782490304011
242258805719
1782490305014
242301346564
1782490306011
242344399860
1782490307015
242386358493
1782490308038
242428592760
1782490309015
242473446221
1782490310015
242514458629
1782490311014
242556484339
1782490312013
242597851543
1782490313013
242638986996
1782490314014
242681528575
1782490315012
242724146019
1782490316014
242765646889
1782490317013
242806025753
1782490318013
242846786879
1782490319014
242887330721
1782490320015
242928128834
1782490321011
242970526858
1782490322014
243012352129
1782490323035
243054093111
1782490324015
243100022376
1782490325015
243142906666
1782490326014
243184039678
1782490327014
243224508813
1782490328014
243264658429
1782490329012
243305284241
1782490330014
243345637592
1782490331015
243386260047
1782490332014
243427004938
1782490333015
243467536816
1782490334015
243510105982
1782490335012
243553126075
1782490336013
243595628468
1782490337013
243636577033
1782490338014
243679728168
1782490339015
243724196132
1782490340011
243764752425
1782490341012
243806772276
1782490342015
243847649674
1782490343014
243887975559
1782490344015
243929920093
1782490345012
243972639039
1782490346015
244014821914
1782490347016
244055038181
1782490348011
244095312553
1782490349013
244135608531
1782490350015
244176190459
1782490351014
244218263532
1782490352015
244259458739
1782490353013
244301915784
1782490354014
244346015524
1782490355015
244389217928
1782490356014
244432338668
1782490357015
244472657290
1782490358012
244512692710
1782490359013
244553583352
1782490360013
244594272823
1782490361015
244635477857
1782490362014
244675843721
1782490363012
244716154469
1782490364012
244758276371
1782490365014
244801373367
1782490366014
244842808137
1782490367014
244884879135
1782490368037
244926632812
1782490369012
244970412669
1782490370011
245012201380
1782490371014
245054973121
1782490372012
245096324089
1782490373014
245137193980
1782490374014
245179651208
1782490375011
245222171362
1782490376014
245264640614
1782490377014
245304611276
1782490378011
245345245571
1782490379015
245385523117
1782490380013
245427249390
1782490381016
245469253310
1782490382014
245510859954
1782490383014
245554497477
1782490384015
245599406359
1782490385011
245642116332
1782490386012
245684130446
1782490387013
245724903291
1782490388013
245765701953
1782490389015
245805750618
1782490390015
245846101589
1782490391012
245887801189
1782490392014
245928225097
1782490393013
245969376298
1782490394013
246011160615
1782490395012
246053482284
1782490396013
246095419310
1782490397014
246137624646
1782490398038
246179796719
1782490399014
246221499798
1782490400011
246263699519
1782490401013
246306213326
1782490402015
246346202298
1782490403014
246387115707
1782490404015
246429526060
1782490405014
246471622265
1782490406012
246514079859
1782490407013
246554129317
1782490408014
246594830690
1782490409013
246634883017
1782490410014
246675530923
1782490411015
246716917536
1782490412013
246758026561
1782490413014
246801062157
1782490414015
246847776942
1782490415014
246890718483
1782490416012
246933798206
1782490417014
246974794744
1782490418015
247015261804
1782490419015
247055748822
1782490420014
247096293640
1782490421015
247137149309
1782490422015
247178482699
1782490423012
247219613515
1782490424014
247262201540
1782490425014
247304823318
1782490426014
247346209260
1782490427015
247387939195
1782490428015
247431560299
1782490429018
247475222662
1782490430014
247517584615
1782490431014
247559478184
1782490432014
247600860585
1782490433015
247641642280
1782490434013
247684521992
1782490435015
247727313082
1782490436012
247769373521
1782490437015
247810314456
1782490438015
247850482078
1782490439012
247890599712
1782490440014
247931252013
1782490441014
247972932814
1782490442015
248014194610
1782490443012
248057051434
1782490444012
248102970872
1782490445015
248145567138
1782490446012
248187185073
1782490447015
248228483185
1782490448015
248268338674
1782490449013
248309449226
1782490450014
248349073209
1782490451014
248390403913
1782490452015
248432292722
1782490453014
248473011734
1782490454014
248514048372
1782490455011
248557423933
1782490456014
248599203122
1782490457015
248640509413
1782490458015
248683227810
1782490459013
248728028171
1782490460013
248769690662
1782490461014
248811487003
1782490462014
248852594930
1782490463015
248893387977
1782490464014
248935297050
1782490465013
248977807988
1782490466015
249019477987
1782490467015
249061397557
1782490468015
249101755974
1782490469012
249141617444
1782490470013
249182104340
1782490471012
249223961289
1782490472013
249265810120
1782490473013
249309565318
1782490474012
249356650829
1782490475015
249399371057
1782490476013
249441598915
1782490477015
249482272883
1782490478013
249522600051
1782490479012
249562644748
1782490480014
249602749626
1782490481014
249643890084
1782490482015
249685707177
1782490483014
249726245037
1782490484012
249767834469
1782490485012
249810386362
1782490486012
249852410058
1782490487015
249893408244
1782490488012
249936937430
1782490489012
249981615050
1782490490015
250023239211
1782490491015
250064210480
1782490492012
250107256391
1782490493015
250147463624
1782490494014
250189535111
1782490495011
250232159635
1782490496013
250274711956
1782490497014
250314775818
1782490498015
250355663714
1782490499014
250395698523
1782490500015
250435985835
1782490501013
250477500865
1782490502014
250520567772
1782490503013
250563878513
1782490504012
250610689550
1782490505014
250653952074
1782490506015
250696068604
1782490507015
250736016317
1782490508014
250777097694
1782490509014
250817468745
1782490510014
250857536575
1782490511015
250897965609
1782490512015
250939293934
1782490513015
250980082464
1782490514014
251021221458
1782490515015
251063712866
1782490516015
251105723805
1782490517015
251151340144
1782490518011
