32164878905
1782496213389
32168878034
1782496214025
32175073738
1782496215024
32181327246
1782496216027
32187702389
1782496217025
32194083254
1782496218025
32200284466
1782496219021
32206449418
1782496220025
32212530540
1782496221025
32218588346
1782496222025
32224774121
1782496223022
32230829172
1782496224023
32237951077
1782496225176
32242991968
1782496226021
32249008525
1782496227021
32255036802
1782496228021
32261227120
1782496229021
32267441078
1782496230025
32273564000
1782496231023
32279815274
1782496232025
32285946764
1782496233025
32292091856
1782496234025
32298346649
1782496235024
32304657700
1782496236023
32310973479
1782496237025
32317103577
1782496238022
32323403658
1782496239024
32330588416
1782496240176
32335564802
1782496241026
32341853928
1782496242021
32348637749
1782496243019
32357688617
1782496244024
32367708128
1782496245025
32377670892
1782496246021
32387380868
1782496247026
32397189423
1782496248024
32407070760
1782496249026
32416766691
1782496250021
32426586812
1782496251023
32436450233
1782496252024
32446640583
1782496253026
32456815650
1782496254025
32466687929
1782496255022
32476581781
1782496256026
32486479963
1782496257021
32496273340
1782496258024
32506125576
1782496259023
32515959207
1782496260023
32525875734
1782496261026
32535807974
1782496262023
32545782763
1782496263025
32555784541
1782496264025
32565768418
1782496265024
32575558644
1782496266024
32585490608
1782496267021
32595377147
1782496268025
32605484204
1782496269024
32617120206
1782496270177
32625868471
1782496271023
32635844178
1782496272023
32646200503
1782496273022
32656150032
1782496274023
32666571198
1782496275024
32676447624
1782496276023
32686280505
1782496277023
32696092426
1782496278021
32705990838
1782496279021
32715723412
1782496280021
32725774870
1782496281025
32735507796
1782496282022
32745160092
1782496283022
32754921354
1782496284024
32766049289
1782496285176
32774517411
1782496286025
32784158216
1782496287025
32793925400
1782496288025
32803741222
1782496289025
32813643948
1782496290024
32823696843
1782496291025
32833624845
1782496292023
32843589597
1782496293021
32853846136
1782496294022
32863659250
1782496295025
32873559742
1782496296025
32883235355
1782496297022
32893550478
1782496298024
32903507060
1782496299024
32914718884
1782496300177
32923099459
1782496301021
32932977904
1782496302022
32943052113
1782496303025
32953371443
1782496304024
32963288551
1782496305025
32973492580
1782496306024
32983419878
1782496307025
32993423415
1782496308023
33003323433
1782496309025
33013194810
1782496310025
33023007648
1782496311023
33033267186
1782496312022
33043198936
1782496313021
33053057935
1782496314025
33062952093
1782496315025
33072942258
1782496316025
33082782683
1782496317024
33092583511
1782496318024
33102455377
1782496319025
33112166394
1782496320025
33121938397
1782496321025
33132137148
1782496322025
33142207623
1782496323022
33152010914
1782496324025
33161879430
1782496325024
33171751204
1782496326023
33181586319
1782496327022
33191547889
1782496328025
33201594435
1782496329024
33211260057
1782496330024
33221333302
1782496331024
33231186089
1782496332025
33241004068
1782496333023
33250940990
1782496334025
33260780802
1782496335024
33270644039
1782496336022
33280568766
1782496337021
33290556499
1782496338026
33300354941
1782496339025
33310195090
1782496340025
33320086876
1782496341023
33329842983
1782496342021
33340015172
1782496343021
33349885692
1782496344025
33361063811
1782496345180
33369439995
1782496346025
33379159763
1782496347024
33389016222
1782496348025
33398854551
1782496349025
33408637065
1782496350022
33418449720
1782496351025
33428352415
1782496352024
33438702712
1782496353025
33448528510
1782496354026
33458437891
1782496355024
33468394320
1782496356026
33478276560
1782496357023
33488214399
1782496358025
33498031491
1782496359023
33508474568
1782496360085
33517751769
1782496361025
33527721050
1782496362025
33537926639
1782496363024
33547797664
1782496364021
33557708667
1782496365021
33567624536
1782496366024
33577734684
1782496367023
33587660789
1782496368023
33597598644
1782496369024
33607398462
1782496370025
33617388857
1782496371024
33627299218
1782496372023
33637473687
1782496373023
33647468259
1782496374025
33657958566
1782496375085
33667256575
1782496376025
33677086978
1782496377023
33687038496
1782496378022
33697258391
1782496379024
33707145068
1782496380022
33717038660
1782496381024
33727491237
1782496382027
33737836715
1782496383022
33748118422
1782496384022
33758024269
1782496385024
33767693349
1782496386025
33777608208
1782496387026
33787390462
1782496388024
33797232554
1782496389023
33807245440
1782496390023
33817155923
1782496391025
33827104458
1782496392025
33837430045
1782496393025
33847289870
1782496394024
33857349390
1782496395025
33867184185
1782496396025
33876843151
1782496397025
33886769256
1782496398022
33896758840
1782496399025
33906675489
1782496400025
33916571116
1782496401023
33926802853
1782496402026
33936859971
1782496403024
33946814243
1782496404024
33957971600
1782496405176
33966514936
1782496406022
33976313271
1782496407021
33986303742
1782496408025
33996398009
1782496409023
34006432545
1782496410025
34016496961
1782496411026
34026568706
1782496412025
34036741080
1782496413025
34046739262
1782496414024
34056694452
1782496415024
34066583775
1782496416026
34076468478
1782496417024
34086295622
1782496418026
34096246513
1782496419024
34106046591
1782496420022
34115751963
1782496421025
34125465305
1782496422025
34135496567
1782496423025
34145240127
1782496424024
34155146020
1782496425025
34164924097
1782496426024
34174694126
1782496427025
34184728356
1782496428024
34194845098
1782496429025
34204768281
1782496430022
34214582986
1782496431021
34224826167
1782496432023
34234729444
1782496433026
34244578636
1782496434023
34255141970
1782496435087
34264341080
1782496436025
34274327803
1782496437025
34284285058
1782496438024
34294140783
1782496439025
34304104296
1782496440025
34314067854
1782496441024
34323934167
1782496442021
34334367313
1782496443022
34344235446
1782496444023
34354232252
1782496445022
34364534981
1782496446025
34374220080
1782496447025
34384213535
1782496448023
34394265405
1782496449025
34405573054
1782496450178
34414007286
1782496451023
34423813974
1782496452024
34433741578
1782496453023
34443657952
1782496454023
34453678105
1782496455024
34463607056
1782496456025
34473492569
1782496457025
34483609358
1782496458025
34493488292
1782496459022
34503450857
1782496460023
34513506292
1782496461021
34523715737
1782496462024
34533530397
1782496463025
34543524708
1782496464023
34554001904
1782496465086
34563409552
1782496466026
34573244561
1782496467025
34583227857
1782496468023
34593196005
1782496469025
34603038771
1782496470022
34612995720
1782496471025
34623078282
1782496472025
34633147610
1782496473026
34642973087
1782496474023
34653101641
1782496475025
34663038134
1782496476024
34672898448
1782496477025
34682746538
1782496478023
34692615880
1782496479022
34702469156
1782496480021
34712351901
1782496481024
34721975677
1782496482024
34732528668
1782496483023
34742397291
1782496484024
34752302756
1782496485025
34762436680
1782496486024
34772255807
1782496487024
34782321157
1782496488026
34792336521
1782496489022
34802264523
1782496490026
34812138562
1782496491025
34822142008
1782496492025
34832135050
1782496493025
34842106764
1782496494025
34851938926
1782496495022
34861737964
1782496496024
34871659081
1782496497025
34881793678
1782496498023
34891678779
1782496499025
34901464934
1782496500025
34911256934
1782496501025
34921315154
1782496502025
34931357722
1782496503025
34941146754
1782496504025
34951156335
1782496505026
34961092859
1782496506025
34970974563
1782496507025
34980836515
1782496508022
34990630167
1782496509024
35001838213
1782496510176
35010284318
1782496511025
35020191282
1782496512025
35030566916
1782496513025
35040562497
1782496514025
35050899070
1782496515026
35060661572
1782496516023
35070646979
1782496517024
35080986979
1782496518023
35090807238
1782496519024
35101134478
1782496520025
35111463080
1782496521024
35121345717
1782496522026
35131425571
1782496523025
35141336269
1782496524025
35151793574
1782496525085
35161038630
1782496526025
35170828702
1782496527026
35180685528
1782496528024
35190457011
1782496529025
35200289127
1782496530023
35210039940
1782496531023
35219758056
1782496532022
35229819290
1782496533025
35239760113
1782496534026
35249746224
1782496535024
35259672237
1782496536027
35269330974
1782496537022
35279144608
1782496538022
35289092546
1782496539021
35300123586
1782496540177
35308409285
1782496541023
35318370641
1782496542023
35328622176
1782496543027
35338625072
1782496544026
35348756747
1782496545024
35358841053
1782496546025
35368783330
1782496547023
35378807339
1782496548024
35388757801
1782496549025
35398806321
1782496550023
35408809951
1782496551026
35418796873
1782496552022
35428802828
1782496553023
35438644828
1782496554025
35449941170
1782496555176
35458369313
1782496556022
35468102454
1782496557022
35478011422
1782496558023
35487710919
1782496559024
35497599844
1782496560025
35507502540
1782496561022
35517565181
1782496562025
35527514373
1782496563021
35537258148
1782496564023
35547131926
1782496565025
35556996219
1782496566024
35566578838
1782496567025
35576378121
1782496568023
35586209151
1782496569023
35597339550
1782496570175
35605787184
1782496571025
35615757123
1782496572023
35625883459
1782496573025
35635937961
1782496574025
35645912154
1782496575025
35655900804
1782496576022
35665716259
1782496577024
35675516124
1782496578023
35685272276
1782496579025
35695500203
1782496580025
35705394071
1782496581025
35715167435
1782496582025
35725065724
1782496583025
35735164398
1782496584023
35745380865
1782496585025
35755427366
1782496586025
35765214026
1782496587025
35774869183
1782496588024
35784541965
1782496589024
35794400428
1782496590024
35804497862
1782496591025
35814525666
1782496592025
35824470360
1782496593023
35834285356
1782496594024
35844227372
1782496595024
35854138988
1782496596024
35863952882
1782496597026
35873966380
1782496598024
35883752398
1782496599025
35894212824
1782496600088
35903558538
1782496601027
35913451167
1782496602024
35923394346
1782496603023
35933241120
1782496604027
35943020207
1782496605025
35953247079
1782496606025
35963204043
1782496607027
35973187630
1782496608025
35983140326
1782496609024
35993059591
1782496610024
36002939872
1782496611025
36013128050
1782496612024
36023088901
1782496613022
36033217440
1782496614025
36043557180
1782496615086
36052774726
1782496616024
36062552772
1782496617026
36072677257
1782496618022
36082940436
1782496619025
36092834487
1782496620025
36102803844
1782496621026
36113210262
1782496622022
36123370563
1782496623023
36133515228
1782496624023
36143714132
1782496625025
36153939642
1782496626025
36164200266
1782496627025
36173967663
1782496628025
36183814483
1782496629023
36193653087
1782496630023
36203470913
1782496631025
36213188020
1782496632023
36223077802
1782496633025
36232879120
1782496634023
36242578279
1782496635024
36252445923
1782496636022
36262138243
1782496637025
36272020115
1782496638026
36281880904
1782496639023
36291652876
1782496640021
36301542337
1782496641025
36311460761
1782496642022
36321485291
1782496643024
36331413522
1782496644023
36341666281
1782496645085
36350848347
1782496646025
36360590331
1782496647025
36370330357
1782496648025
36380114217
1782496649026
36390025557
1782496650021
36399933302
1782496651025
36409744488
1782496652025
36420039369
1782496653025
36430134645
1782496654025
36440550870
1782496655023
36450386658
1782496656022
36460312656
1782496657023
36470103386
1782496658025
36479900940
1782496659023
36490265588
1782496660085
36499509037
1782496661022
36509402063
1782496662024
36519469800
1782496663022
36529543289
1782496664025
36539369163
1782496665022
36549290479
1782496666025
36558984238
1782496667025
36569256413
1782496668024
36579212674
1782496669023
36589075727
1782496670025
36598922577
1782496671023
36608921663
1782496672025
36619067766
1782496673025
36629120203
1782496674023
36640361924
1782496675176
36648822655
1782496676025
36658776698
1782496677024
36668741129
1782496678022
36678902731
1782496679025
36688784205
1782496680024
36698922735
1782496681027
36708874084
1782496682024
36718830758
1782496683022
36728827671
1782496684025
36738753745
1782496685025
36749102650
1782496686023
36759019100
1782496687024
36768949687
1782496688024
36778836104
1782496689025
36788542515
1782496690025
36798467442
1782496691029
36808196452
1782496692025
36818025065
1782496693024
36827853081
1782496694023
36837824841
1782496695023
36847654846
1782496696023
36857510172
1782496697025
36867525308
1782496698026
36877400004
1782496699025
36887489849
1782496700022
36897424185
1782496701023
36907313784
1782496702025
36917589998
1782496703024
36927436390
1782496704021
36937318553
1782496705025
36947171462
1782496706025
36957054696
1782496707025
36967139951
1782496708024
36977041285
1782496709024
36986871091
1782496710023
36996888169
1782496711025
37006597106
1782496712022
37016357404
1782496713021
37026377894
1782496714025
37036428633
1782496715025
37046318247
1782496716024
37056151036
1782496717022
37066093175
1782496718023
37076113742
1782496719022
37087317228
1782496720175
37095887936
1782496721025
37105902980
1782496722024
37116178047
1782496723023
37126249945
1782496724023
37136305395
1782496725024
37146162497
1782496726023
37155958077
1782496727026
37165840041
1782496728025
37176044866
1782496729023
37185956649
1782496730024
37195861885
1782496731024
37205801928
1782496732025
37215734229
1782496733024
37225551458
1782496734025
37236691755
1782496735176
37245216686
1782496736025
37255161196
1782496737023
37265111995
1782496738026
37274822446
1782496739024
37284707317
1782496740022
37294606570
1782496741025
37304694503
1782496742025
37314610433
1782496743024
37324733035
1782496744021
37334594895
1782496745025
37344433820
1782496746024
37354679388
1782496747026
37364585312
1782496748024
37374367184
1782496749025
37385506899
1782496750176
37393990505
1782496751026
37403838671
1782496752025
37413918005
1782496753024
37423799342
1782496754024
37433545457
1782496755024
37443436968
1782496756025
37453225908
1782496757022
37463063823
1782496758024
37472936347
1782496759025
37482920791
1782496760023
37492837807
1782496761023
37502759337
1782496762024
37512969761
1782496763024
37523071755
1782496764025
37534307891
1782496765176
37542796040
1782496766025
37552608114
1782496767022
37562415383
1782496768023
37572300606
1782496769026
37582143907
1782496770024
37592205585
1782496771023
37602058249
1782496772026
37612045324
1782496773024
37621929063
1782496774021
37631806498
1782496775025
37641677921
1782496776024
37651678965
1782496777022
37661592049
1782496778021
37671409355
1782496779025
37681087064
1782496780024
37690919884
1782496781025
37700945791
1782496782024
37710850215
1782496783024
37720709872
1782496784025
37730420307
1782496785022
37740409402
1782496786025
37750245833
1782496787023
37760100227
1782496788025
37770104545
1782496789024
37780041084
1782496790024
37789903739
1782496791025
37799865003
1782496792025
37810210266
1782496793023
37820270277
1782496794024
37831736693
1782496795176
37840107002
1782496796025
37849950808
1782496797025
37860079698
1782496798024
37870072389
1782496799023
37879859187
1782496800022
37889820894
1782496801023
37899961994
1782496802024
37910493382
1782496803025
37920959225
1782496804024
37930922891
1782496805026
37941174763
1782496806023
37951038765
1782496807023
37960924462
1782496808024
37970694567
1782496809024
37981260793
1782496810088
37990883285
1782496811025
38001170989
1782496812025
38011108248
1782496813026
38020915762
1782496814026
38030633450
1782496815026
38040479413
1782496816026
38050519579
1782496817025
38060374722
1782496818025
38070134408
1782496819022
38079927693
1782496820024
38089900968
1782496821021
38099958132
1782496822027
38109962573
1782496823026
38119820607
1782496824025
38130315673
1782496825085
38139635393
1782496826025
38149436741
1782496827025
38159224273
1782496828025
38169019440
1782496829024
38178948207
1782496830024
38189126287
1782496831026
38199053555
1782496832025
38209169563
1782496833023
38219221005
1782496834025
38229170075
1782496835025
38239100050
1782496836022
38249059860
1782496837023
38258950010
1782496838025
38268790343
1782496839025
38280076923
1782496840176
38288554179
1782496841025
38298564219
1782496842026
38308684083
1782496843024
38317523520
1782496844021
38323875269
1782496845023
38330536293
1782496846022
38336682241
1782496847022
38342707932
1782496848021
38348593796
1782496849022
38354865526
1782496850019
38361401778
1782496851022
38371417219
1782496852025
38381540571
1782496853022
38391710191
1782496854023
38402878135
1782496855176
38411485425
1782496856028
38421131035
1782496857025
38431115035
1782496858026
38441080338
1782496859023
38450974603
1782496860025
38460946562
1782496861025
38470956923
1782496862025
38480953041
1782496863024
38490823101
1782496864024
38500661368
1782496865024
38510491450
1782496866022
38520228630
1782496867023
38530107473
1782496868025
38539984587
1782496869024
38551392343
1782496870178
38559870808
1782496871025
38569858510
1782496872024
38580141808
1782496873023
38590195959
1782496874022
38600159961
1782496875023
38610196593
1782496876025
38620152257
1782496877024
38630105152
1782496878026
38640207375
1782496879024
38650098519
1782496880025
38660495649
1782496881025
38670815254
1782496882025
38680765318
1782496883023
38690911590
1782496884027
38702167616
1782496885174
38710588828
1782496886024
38720623700
1782496887025
38730176546
1782496888025
38740021484
1782496889025
38749848766
1782496890022
38759826982
1782496891025
38770250597
1782496892028
38780110743
1782496893026
38789795628
1782496894022
38799565335
1782496895025
38809277056
1782496896025
38819127579
1782496897024
38829265221
1782496898025
38839178642
1782496899023
38849107562
1782496900027
38858876658
1782496901022
38868967512
1782496902022
38878947427
1782496903024
38888934043
1782496904023
38898780909
1782496905026
38908711221
1782496906025
38918867820
1782496907025
38928754007
1782496908025
38938652739
1782496909022
38948597388
1782496910026
38958462323
1782496911021
38968448832
1782496912022
38978480108
1782496913022
38988599467
1782496914023
38999854285
1782496915176
39008320387
1782496916024
39018112173
1782496917026
39028059070
1782496918023
39038062240
1782496919025
39047955419
1782496920022
39057919269
1782496921026
39067790018
1782496922024
39078184761
1782496923024
39088066695
1782496924024
39097916406
1782496925022
39107698507
1782496926022
39117447377
1782496927026
39127417300
1782496928025
39137190084
1782496929025
39148455749
1782496930175
39156897478
1782496931024
39166951781
1782496932025
39176904202
1782496933021
39186855138
1782496934025
39196741906
1782496935023
39206504806
1782496936024
39216325463
1782496937028
39226316638
1782496938025
39236203437
1782496939024
39246155490
1782496940021
39256108171
1782496941024
39266113147
1782496942022
39276199289
1782496943023
39286478717
1782496944025
39296989143
1782496945086
39306173336
1782496946025
39315955758
1782496947023
39325785120
1782496948024
39335637601
1782496949025
39345597993
1782496950024
39355432435
1782496951024
39365388298
1782496952026
39375842895
1782496953026
39385957419
1782496954026
39396009244
1782496955025
39405826030
1782496956025
39415604321
1782496957022
39425866842
1782496958024
39435553364
1782496959024
39445314978
1782496960022
39455068805
1782496961024
39464902375
1782496962025
39475000099
1782496963026
39484785842
1782496964026
39494502749
1782496965023
39504432036
1782496966023
39514273455
1782496967023
39524250876
1782496968023
39534278343
1782496969023
39544661198
1782496970026
39554381227
1782496971025
39564406980
1782496972021
39574590033
1782496973025
39584623972
1782496974025
39594330843
1782496975025
39604296942
1782496976025
39614240335
1782496977026
39624268001
1782496978026
39634275853
1782496979024
39644339505
1782496980025
39654294343
1782496981025
39664418613
1782496982024
39674326373
1782496983025
39684317273
1782496984025
39694317720
1782496985025
39704106124
1782496986022
39713867142
1782496987023
39723858960
1782496988023
39733773895
1782496989023
39744135040
1782496990023
39754046426
1782496991023
39763945342
1782496992025
39774089763
1782496993025
39783931136
1782496994025
39793738329
1782496995023
39803665887
1782496996025
39813473982
1782496997025
39823503943
1782496998025
39833511030
1782496999024
39843763897
1782497000022
39853661513
1782497001025
39863682477
1782497002021
39873747185
1782497003025
39883687350
1782497004019
39893900865
1782497005022
39903902919
1782497006024
39913932176
1782497007023
39923893577
1782497008026
39933821151
1782497009025
39943620571
1782497010024
39953373724
1782497011025
39963273712
1782497012025
39973130079
1782497013025
39982991954
1782497014024
39993195830
1782497015024
40003100377
1782497016026
40012940526
1782497017023
40023017259
1782497018026
40032677358
1782497019023
40043105348
1782497020085
40052443871
1782497021025
40062405105
1782497022025
40072545118
1782497023024
40082632515
1782497024023
40092741195
1782497025025
40102915527
1782497026025
40113041770
1782497027023
40123300573
1782497028025
40133259940
1782497029024
40143237514
1782497030021
40153349819
1782497031025
40163293611
1782497032025
40173256848
1782497033024
40183230107
1782497034025
40193762367
1782497035084
40203198703
1782497036025
40213105805
1782497037026
40223039453
1782497038023
40232906943
1782497039022
40242952953
1782497040025
40252899545
1782497041024
40262837874
1782497042026
40272806665
1782497043022
40283073241
1782497044025
40293150723
1782497045025
40303083376
1782497046023
40312983976
1782497047024
40322875104
1782497048025
40332963634
1782497049025
40344198332
1782497050176
40352654642
1782497051025
40362676892
1782497052024
40372662942
1782497053026
40382594692
1782497054024
40392489462
1782497055025
40402477271
1782497056026
40412473649
1782497057022
40422413278
1782497058024
40432306564
1782497059025
40442275539
1782497060024
40452167265
1782497061025
40462385140
1782497062025
40472544356
1782497063025
40482567936
1782497064025
40492566425
1782497065024
40502505152
1782497066026
40512315191
1782497067024
40522163770
1782497068024
40532065196
1782497069025
40542055560
1782497070025
40551942252
1782497071024
40561828500
1782497072023
40571928306
1782497073027
40582098307
1782497074024
40592068246
1782497075025
40601715983
1782497076021
40611568632
1782497077025
40621279588
1782497078025
40631195441
1782497079026
40642212114
1782497080174
40650610789
1782497081025
40660455406
1782497082025
40670433622
1782497083024
40680341566
1782497084022
40690244292
1782497085024
40700213910
1782497086026
40710112658
1782497087021
40719977639
1782497088024
40729925852
1782497089025
40740138342
1782497090024
40750074972
1782497091025
40760083575
1782497092025
40770233243
1782497093025
40780248883
1782497094024
40790307898
1782497095023
40800281509
1782497096024
40810141044
1782497097025
40820267471
1782497098025
40830217061
1782497099026
40840237872
1782497100026
40850189895
1782497101024
40860286641
1782497102026
40870483188
1782497103024
40880769301
1782497104025
40890895989
1782497105021
40900750994
1782497106022
40910747096
1782497107025
40920732167
1782497108025
40930515767
1782497109025
40940297486
1782497110023
40950072931
1782497111026
40960094247
1782497112023
40970061937
1782497113023
40979919177
1782497114025
40989815538
1782497115023
40999916322
1782497116025
41009655277
1782497117024
41019614766
1782497118024
41029550709
1782497119024
41039496183
1782497120022
41049311286
1782497121027
41059238125
1782497122024
41069690504
1782497123024
41079736881
1782497124022
41091128986
1782497125176
41099703932
1782497126024
41109628935
1782497127025
41119527316
1782497128025
41129498357
1782497129024
41140083325
1782497130021
41149998337
1782497131022
41160150591
1782497132024
41170518315
1782497133026
41180787996
1782497134025
41190783945
1782497135023
41200872903
1782497136025
41211227040
1782497137024
41221386837
1782497138022
41231294749
1782497139023
41241220839
1782497140025
41251138329
1782497141025
41261080912
1782497142026
41271194610
1782497143025
41281104374
1782497144025
41291109962
1782497145025
41301120186
1782497146022
41311011528
1782497147025
41320835720
1782497148024
41330586670
1782497149022
41340452049
1782497150025
41350412655
1782497151025
41360499730
1782497152022
41370815449
1782497153025
41380948777
1782497154029
41392067012
1782497155173
41400481935
1782497156024
41410202025
1782497157025
41420103512
1782497158025
41430025684
1782497159025
41439902293
1782497160025
41449936401
1782497161022
41459784016
1782497162025
41469901784
1782497163023
41479754326
1782497164024
41490088680
1782497165022
41500249364
1782497166023
41510256054
1782497167025
41520247612
1782497168025
41530139643
1782497169025
41541575475
1782497170177
41550269287
1782497171025
41560085736
1782497172022
41570213036
1782497173021
41580071729
1782497174025
41590156265
1782497175023
41600224873
1782497176023
41610141660
1782497177026
41620138558
1782497178024
41630071700
1782497179026
41640283639
1782497180023
41650232923
1782497181022
41660197936
1782497182025
41670232777
1782497183022
41680572043
1782497184025
41690967582
1782497185085
41700397033
1782497186024
41710246623
1782497187026
41720095707
1782497188023
41729849120
1782497189022
41739903867
1782497190025
41749844797
1782497191023
41759888804
1782497192022
41770231206
1782497193024
41780230980
1782497194025
41790214306
1782497195025
41799981872
1782497196023
41809806920
1782497197025
41819993890
1782497198022
41829715387
1782497199023
41839946482
1782497200085
41849601914
1782497201025
41859361188
1782497202021
41869385702
1782497203025
41879519351
1782497204025
41889521894
1782497205025
41899595001
1782497206026
41909662676
1782497207023
41919641474
1782497208025
41929700551
1782497209024
41939597784
1782497210024
41949475495
1782497211022
41959389757
1782497212026
41969379892
1782497213024
41979580830
1782497214027
41990803686
1782497215174
41999282518
1782497216025
42009037859
1782497217023
42018934649
1782497218025
42028748757
1782497219022
42038830830
1782497220024
42048787014
1782497221023
42058715766
1782497222022
42068720099
1782497223026
42078552399
1782497224021
42088571650
1782497225022
42098474897
1782497226025
42108248124
1782497227023
42118057458
1782497228025
42127834005
1782497229022
42138910303
1782497230176
42147315725
1782497231023
42157557499
1782497232025
42167676307
1782497233022
42177730977
1782497234025
42187684438
1782497235024
42197631443
1782497236023
42207730590
1782497237022
42217665370
1782497238022
42227534635
1782497239022
42237641356
1782497240022
42247418423
1782497241022
42257730332
1782497242026
42267738858
1782497243024
42277748011
1782497244025
42289045164
1782497245176
42297518885
1782497246024
42307291913
1782497247026
42317310965
1782497248022
42327741204
1782497249026
42337652361
1782497250022
42347406141
1782497251021
42357852660
1782497252024
42367990379
1782497253022
42377870430
1782497254022
42387714894
1782497255023
42397828653
1782497256024
42407731456
1782497257025
42417700584
1782497258025
42427652943
1782497259022
42438826197
1782497260176
42447328101
1782497261024
42457919770
1782497262026
42467894682
1782497263025
42477798632
1782497264024
42487658472
1782497265023
42497664504
1782497266025
42507545320
1782497267023
42517573384
1782497268023
42527289940
1782497269025
42537177305
1782497270023
42547070239
1782497271025
42557086231
1782497272024
42567609953
1782497273022
42577578944
1782497274023
42589281240
1782497275176
42597732486
1782497276024
42607655806
1782497277023
42617640158
1782497278023
42627671740
1782497279024
42637709749
1782497280022
42647602637
1782497281026
42657576202
1782497282025
42667747122
1782497283025
42677736125
1782497284025
42687881586
1782497285025
42697865555
1782497286021
42708030110
1782497287025
42718069557
1782497288025
42727929902
1782497289026
42739163284
1782497290173
42747628131
1782497291023
42757489884
1782497292026
42767864829
1782497293021
42777750129
1782497294025
42787642818
1782497295023
42797495421
1782497296023
42807335555
1782497297021
42817468806
1782497298022
42827384767
1782497299023
42837246887
1782497300023
42847083655
1782497301023
42856906316
1782497302025
42866804544
1782497303024
42877102484
1782497304024
42887261914
1782497305024
42897422460
1782497306021
42907122936
1782497307024
42917028293
1782497308025
42927003740
1782497309025
42936859572
1782497310025
42946821448
1782497311022
42956914429
1782497312025
42966931263
1782497313023
42976991426
1782497314023
42987045744
1782497315022
42997083417
1782497316024
43006790165
1782497317022
43016708589
1782497318022
43026766625
1782497319021
43037969362
1782497320175
43046472092
1782497321022
43056400369
1782497322023
43066384032
1782497323025
43076264497
1782497324024
43086097531
1782497325025
43095998620
1782497326025
43105864810
1782497327025
43115787686
1782497328024
43125574285
1782497329025
43135426108
1782497330023
43145313091
1782497331023
43155196049
1782497332024
43165136826
1782497333024
43175030082
1782497334025
43187162064
1782497335276
43194663593
1782497336021
43204551417
1782497337027
43214423940
1782497338023
43224260157
1782497339025
43234130065
1782497340023
43243953675
1782497341025
43253898048
1782497342025
43264108411
1782497343024
43274037698
1782497344022
43283994188
1782497345025
43293954274
1782497346024
43304050927
1782497347024
43313928714
1782497348023
43323858522
1782497349022
43335062681
1782497350176
43343614937
1782497351025
43353468153
1782497352025
43363400698
1782497353025
43373272044
1782497354023
43383177111
1782497355023
43392971926
1782497356026
43402713482
1782497357022
43412619161
1782497358025
43422521291
1782497359023
43432581561
1782497360025
43442521435
1782497361025
43452616941
1782497362026
43462635121
1782497363024
43472459052
1782497364022
43482367791
1782497365023
43492400277
1782497366024
43502229548
1782497367025
43512290246
1782497368024
43522185996
1782497369025
43532040756
1782497370024
43542005294
1782497371025
43551836600
1782497372023
43561844406
1782497373025
43571612890
1782497374025
43581611257
1782497375025
43591956750
1782497376025
43601795262
1782497377024
43611821627
1782497378026
43621742086
1782497379026
43632024864
1782497380085
43641285633
1782497381027
43651054392
1782497382023
43661049010
1782497383022
43671051997
1782497384025
43681017866
1782497385023
43691040942
1782497386026
43701184199
1782497387025
43711448403
1782497388023
43721535020
1782497389024
43731434778
1782497390021
43741552943
1782497391024
43751573739
1782497392025
43761621571
1782497393025
43771655632
1782497394025
43783162303
1782497395176
43791633974
1782497396029
43801598772
1782497397023
43811597659
1782497398026
43821836450
1782497399025
43831891931
1782497400023
43841674613
1782497401022
43851538539
1782497402023
43861480800
1782497403024
43871643274
1782497404023
43881604263
1782497405025
43891487252
1782497406024
43901430446
1782497407025
43911659169
1782497408025
43921402301
1782497409024
43932660347
1782497410180
43941279327
1782497411026
43951226438
1782497412025
43961139951
1782497413025
43971076505
1782497414025
43981058348
1782497415026
43991089731
1782497416027
44001104974
1782497417025
44011040748
1782497418024
44020908927
1782497419024
44030886546
1782497420025
44040783076
1782497421025
44050947126
1782497422027
44061198952
1782497423024
44071419933
1782497424025
44081934828
1782497425087
44091390090
1782497426024
44101320739
1782497427025
44111188214
1782497428023
44121249861
1782497429024
44131035129
1782497430022
44141008357
1782497431021
44151012477
1782497432024
44161188904
1782497433025
44171162010
1782497434025
44181193624
1782497435025
44190935226
1782497436025
44200796427
1782497437025
44210631726
1782497438022
44220749066
1782497439022
44230615164
1782497440024
44240308785
1782497441025
44250071730
1782497442025
44260007014
1782497443024
44269967345
1782497444022
44280296084
1782497445025
44290157424
1782497446024
44299879885
1782497447026
44309807979
1782497448023
44319689193
1782497449024
44329665849
1782497450024
44339627327
1782497451025
44348758122
1782497452021
44354959105
1782497453022
44361337063
1782497454022
44368027447
1782497455087
44373707067
1782497456024
44380155803
1782497457022
44386620986
1782497458021
44395708957
1782497459023
44405609985
1782497460023
44415574461
1782497461025
44425517472
1782497462023
44435654396
1782497463023
44445540338
1782497464026
44455730841
1782497465025
44465808523
1782497466025
44475603568
1782497467022
44485572971
1782497468023
44495690540
1782497469025
44505973502
1782497470088
44515223071
1782497471024
44525277068
1782497472023
44535224883
1782497473025
44545121979
1782497474024
44555060415
1782497475023
44565071741
1782497476023
44575120306
1782497477025
44585094055
1782497478024
44594798478
1782497479024
44604601417
1782497480021
44614254233
1782497481025
44624092378
1782497482021
44634123930
1782497483024
44643960147
1782497484023
44654581881
1782497485087
44663871674
1782497486023
44673706591
1782497487025
44683572245
1782497488026
44693551639
1782497489026
44703404793
1782497490024
44713290246
1782497491026
44723670225
1782497492022
44734096333
1782497493024
44744071551
1782497494026
44754102063
1782497495024
44764446607
1782497496025
44774396549
1782497497023
44784372852
1782497498024
44794351910
1782497499025
44804141049
1782497500024
44813994693
1782497501023
44824186558
1782497502024
44834308748
1782497503025
44844283139
1782497504023
44854306276
1782497505023
44864393138
1782497506023
44874369564
1782497507022
44884238247
1782497508022
44894267673
1782497509023
44904080420
1782497510021
44913958911
1782497511025
44923938489
1782497512024
44934152692
1782497513025
44944031673
1782497514025
44954489957
1782497515085
44963869239
1782497516021
44973926159
1782497517024
44983642011
1782497518023
44993528167
1782497519024
45003356535
1782497520027
45013639329
1782497521025
45023464973
1782497522022
45033591309
1782497523024
45043661646
1782497524024
45053568259
1782497525023
45063448509
1782497526024
45073248067
1782497527025
45082966857
1782497528023
45092732036
1782497529021
45102658829
1782497530025
45112473764
1782497531024
45122422941
1782497532023
45132426126
1782497533021
45142434973
1782497534024
45152969253
1782497535025
45162800528
1782497536023
45172666366
1782497537021
45182698193
1782497538023
45192640439
1782497539024
45202336126
1782497540024
45212230238
1782497541026
45222101385
1782497542024
45232177276
1782497543024
45242239122
1782497544025
45253255673
1782497545085
45262579080
1782497546025
45272520760
1782497547021
45282508172
1782497548025
45292690566
1782497549025
45302486789
1782497550021
45312546968
1782497551026
45322786783
1782497552023
45333222913
1782497553025
45343314120
1782497554026
45353202265
1782497555022
45363179028
1782497556025
45373035717
1782497557024
45382873617
1782497558025
45392774094
1782497559023
45404060261
1782497560177
45412485696
1782497561023
45422165868
1782497562023
45431999224
1782497563024
45442004643
1782497564023
45451957049
1782497565025
45461831439
1782497566025
45471917000
1782497567024
45482009217
1782497568025
45491818047
1782497569024
45501705748
1782497570025
45511684699
1782497571024
45521567397
1782497572025
45531749716
1782497573021
45541594608
1782497574023
45552919025
1782497575175
45561378380
1782497576024
45570998102
1782497577023
45581020704
1782497578025
45591105316
1782497579025
45600952977
1782497580024
45610949064
1782497581025
45620892458
1782497582023
45630980910
1782497583025
45641030409
1782497584024
45650960645
1782497585026
45660753563
1782497586023
45670719738
1782497587024
45680577758
1782497588025
45690549043
1782497589026
45701979444
1782497590177
45710301634
1782497591025
45719898926
1782497592024
45729745119
1782497593023
45739576791
1782497594025
45749757748
1782497595024
45759590844
1782497596025
45769568127
1782497597025
45779329603
1782497598024
45789180921
1782497599024
45799442494
1782497600026
45809316379
1782497601022
45819359345
1782497602022
45829335312
1782497603024
45839041785
1782497604022
45850249219
1782497605177
45858908988
1782497606027
45868783991
1782497607024
45878587695
1782497608025
45888430889
1782497609024
45898360314
1782497610024
45908389617
1782497611025
45918208239
1782497612024
45928461641
1782497613022
45938398042
1782497614025
45948652072
1782497615021
45958763276
1782497616025
45968660754
1782497617022
45978628321
1782497618022
45988627040
1782497619025
46000015533
1782497620173
46008560033
1782497621024
46018882667
1782497622026
46028956034
1782497623025
46039070987
1782497624027
46049398334
1782497625026
46059675604
1782497626026
46069505502
1782497627023
46079326587
1782497628025
46089302141
1782497629022
46099133110
1782497630022
46109078080
1782497631024
46119069133
1782497632024
46128989025
1782497633025
46138960143
1782497634024
46150364548
1782497635173
46158973920
1782497636025
46168912249
1782497637025
46178654325
1782497638025
46188393892
1782497639024
46198370578
1782497640024
46208255005
1782497641023
46218016191
1782497642025
46227961773
1782497643024
46237757031
1782497644023
46247820209
1782497645023
46257614259
1782497646026
46267454240
1782497647023
46277298979
1782497648024
46287043426
1782497649025
46298257255
1782497650177
46306716013
1782497651025
46316477306
1782497652022
46326421388
1782497653025
46336369571
1782497654026
46346364831
1782497655021
46356287279
1782497656024
46366069456
1782497657025
46376061397
1782497658026
46385982605
1782497659025
46395760193
1782497660024
46405649302
1782497661023
46415624718
1782497662024
46425558916
1782497663024
46435792536
1782497664021
46446297852
1782497665088
46455548431
1782497666021
46465513413
1782497667025
46475486764
1782497668025
46485507621
1782497669026
46495326534
1782497670025
46505199134
1782497671024
46515338781
1782497672023
46525587042
1782497673025
46535572908
1782497674025
46545675055
1782497675025
46555530779
1782497676025
46565479191
1782497677025
46575424558
1782497678025
46585444161
1782497679025
46596767921
1782497680176
46605142636
1782497681025
46615022504
1782497682025
46624937990
1782497683022
46635006476
1782497684025
46645054246
1782497685024
46654899200
1782497686024
46664788049
1782497687025
46674603595
1782497688026
46684384319
1782497689025
46694242094
1782497690024
46704169866
1782497691025
46714079355
1782497692025
46724218389
1782497693024
46734076623
1782497694025
46744088331
1782497695025
46753842005
1782497696025
46763833119
1782497697025
46773667148
1782497698025
46783639443
1782497699024
46793562044
1782497700023
46803486940
1782497701023
46813632768
1782497702025
46823673148
1782497703022
46833901534
1782497704024
46844285874
1782497705025
46854268619
1782497706023
46864282959
1782497707025
46874181875
1782497708025
46883976246
1782497709025
46895298767
1782497710179
46903704265
1782497711023
46913726056
1782497712023
46924011741
1782497713025
46933831495
1782497714025
46944020806
1782497715024
46954009350
1782497716023
46963888850
1782497717025
46973739006
1782497718025
46983734205
1782497719026
46993576955
1782497720025
47003470348
1782497721025
47013396927
1782497722025
47023815768
1782497723021
47033727903
1782497724024
47044109596
1782497725024
47054026016
1782497726022
47063986790
1782497727026
47073787740
1782497728021
47083612834
1782497729024
47093427019
1782497730024
47103362885
1782497731024
47113378066
1782497732024
47123827538
1782497733025
47133708064
1782497734025
47143617843
1782497735024
47153509569
1782497736022
47163523158
1782497737025
47173377598
1782497738025
47183274755
1782497739023
47194427032
1782497740176
47202958710
1782497741022
47213325882
1782497742025
47223292685
1782497743025
47233374100
1782497744025
47243379336
1782497745024
47253387770
1782497746023
47263293862
1782497747022
47273413924
1782497748023
47283394145
1782497749024
47293278511
1782497750025
47303178529
1782497751023
47313445166
1782497752025
47323404226
1782497753022
47333470953
1782497754026
47343527414
1782497755024
47353126221
1782497756023
47363005645
1782497757024
47372807850
1782497758024
47383058926
1782497759024
47392853742
1782497760024
47402738980
1782497761023
47412518220
1782497762024
47422532314
1782497763023
47432376059
1782497764024
47442238378
1782497765028
47452006877
1782497766024
47461824734
1782497767025
47471995378
1782497768023
47482095566
1782497769022
47493235404
1782497770176
47501721932
1782497771026
47511499076
1782497772024
47521562314
1782497773022
47531720458
1782497774026
47542168782
1782497775025
47552197810
1782497776025
47562191449
1782497777025
47572109062
1782497778026
47582038333
1782497779027
47591870419
1782497780024
47601852675
1782497781024
47611640192
1782497782025
47621624605
1782497783025
47631717510
1782497784024
47641685659
1782497785022
47651441245
1782497786024
47661431013
1782497787025
47671363375
1782497788022
47681322068
1782497789022
47691129200
1782497790025
47700986776
1782497791025
47710999692
1782497792023
47721120015
1782497793023
47730965427
1782497794022
47740832214
1782497795022
47750710567
1782497796022
47760331773
1782497797024
47770200610
1782497798025
47779922077
1782497799025
47790095980
1782497800025
47799942494
1782497801025
47809862662
1782497802026
47819886013
1782497803025
47830198932
1782497804023
47840158483
1782497805022
47850089040
1782497806025
47859995269
1782497807025
47870269969
1782497808026
47880268733
1782497809025
47890272393
1782497810025
47900211824
1782497811025
47910064611
1782497812023
47920334216
1782497813021
47930200758
1782497814025
47941699059
1782497815176
47950252020
1782497816025
47960130449
1782497817021
47970268443
1782497818023
47980682113
1782497819023
47990847081
1782497820023
48000827868
1782497821023
48010706145
1782497822025
48020976836
1782497823023
48030846682
1782497824023
48041044239
1782497825023
48051390038
1782497826025
48061390546
1782497827022
48071362979
1782497828021
48081606834
1782497829027
48092996246
1782497830176
48101542321
1782497831026
48111338008
1782497832024
48121531771
1782497833024
48131250469
1782497834025
48141149049
1782497835025
48150972414
1782497836025
48160874405
1782497837023
48170862245
1782497838025
48180472680
1782497839022
48190289191
1782497840025
48200219839
1782497841024
48210187514
1782497842024
48220181321
1782497843025
48230119069
1782497844024
48240034065
1782497845027
48249864545
1782497846026
48259532722
1782497847020
48269346984
1782497848026
48279349741
1782497849024
48289171698
1782497850022
48299059614
1782497851021
48309213918
1782497852022
48319381441
1782497853024
48329476718
1782497854022
48339967056
1782497855023
48349990438
1782497856024
48360131966
1782497857024
48370186162
1782497858025
48380265726
1782497859022
48390813821
1782497860085
48400138651
1782497861025
48410168688
1782497862025
48420253806
1782497863025
48430178457
1782497864023
48440176900
1782497865023
48450162108
1782497866025
48460190952
1782497867024
48470314779
1782497868025
48480266694
1782497869025
48490444285
1782497870026
48500347868
1782497871025
48510125226
1782497872024
48520064427
1782497873025
48529998839
1782497874025
48540628315
1782497875085
48549934510
1782497876024
48560033458
1782497877028
48569917289
1782497878025
48579885729
1782497879025
48589740168
1782497880024
48599625896
1782497881025
48609688599
1782497882024
48619743789
1782497883023
48629722434
1782497884022
48639802533
1782497885024
48649915909
1782497886024
48660020840
1782497887025
48670001627
1782497888025
48679840246
1782497889023
48689902612
1782497890023
48699908353
1782497891023
48709830419
1782497892021
48719999992
1782497893021
48730118295
1782497894022
48740238480
1782497895021
48750356768
1782497896025
48760142112
1782497897025
48770450350
1782497898023
48780343223
1782497899025
48790376748
1782497900024
48800777138
1782497901025
48810955004
1782497902022
48821138561
1782497903023
48831136438
1782497904025
48843009621
1782497905177
48851699822
1782497906022
48861562156
1782497907024
48871581774
1782497908025
48881226251
1782497909023
48891066829
1782497910023
48900856580
1782497911024
48910807899
1782497912024
48920835733
1782497913024
48930682400
1782497914026
48940915912
1782497915022
48950746804
1782497916025
48960605681
1782497917021
48970749458
1782497918025
48980619090
1782497919023
48991466316
1782497920088
49000710117
1782497921025
49010613455
1782497922024
49021032847
1782497923025
49031214431
1782497924024
49041387906
1782497925024
49051380397
1782497926026
49061145117
1782497927023
49071456445
1782497928025
49081589283
1782497929024
49091603041
1782497930024
49101550673
1782497931025
49111418775
1782497932022
49121669530
1782497933021
49131638613
1782497934025
49142985720
1782497935176
49151485008
1782497936022
49161316803
1782497937022
49171542405
1782497938021
49181449905
1782497939023
49191870321
1782497940024
49201816729
1782497941025
49212355629
1782497942024
49222393745
1782497943024
49232316254
1782497944022
49242289482
1782497945022
49252223145
1782497946022
49262048775
1782497947022
49271933018
1782497948022
49281810178
1782497949023
49293147524
1782497950179
49301607843
1782497951023
49311453408
1782497952026
49321488249
1782497953022
49331392154
1782497954025
49341193640
1782497955023
49351190415
1782497956024
49361026081
1782497957024
49371354162
1782497958024
49381300494
1782497959023
49391245585
1782497960023
49401188214
1782497961025
49411067393
1782497962026
49421044615
1782497963026
49431060837
1782497964022
49442499912
1782497965181
49451232402
1782497966024
49461095731
1782497967023
49471032699
1782497968024
49481044345
1782497969024
49491523851
1782497970024
49501622524
1782497971023
49511872683
1782497972021
49521870391
1782497973024
49531895410
1782497974025
49541947204
1782497975024
49551724118
1782497976023
49561505852
1782497977026
49571572334
1782497978026
49581429833
1782497979024
49592846785
1782497980177
49601352239
1782497981025
49611223171
1782497982025
49621146522
1782497983024
49631019597
1782497984024
49640909027
1782497985023
49650929747
1782497986023
49660697603
1782497987022
49670515307
1782497988025
49680689868
1782497989023
49690711154
1782497990021
49700585652
1782497991025
49710398735
1782497992026
49720257030
1782497993022
49730090799
1782497994025
49741774200
1782497995177
49750618182
1782497996022
49760579767
1782497997023
49770454953
1782497998023
49780192424
1782497999024
49789956501
1782498000022
49799780846
1782498001027
49809713315
1782498002026
49819828788
1782498003023
49829834651
1782498004022
49839786980
1782498005023
49849754318
1782498006024
49859710471
1782498007025
49869605226
1782498008023
49879611059
1782498009025
49889454329
1782498010024
49899381153
1782498011025
49909271165
1782498012025
49919265645
1782498013025
49929412834
1782498014025
49939659826
1782498015022
49949818919
1782498016025
49959614606
1782498017026
49969604404
1782498018023
49979539505
1782498019022
49989481797
1782498020023
49999269284
1782498021022
50009174167
1782498022022
50018933578
1782498023024
50028767622
1782498024021
50040077566
1782498025176
50048498349
1782498026022
50058309719
1782498027025
50068233376
1782498028020
50078098800
1782498029025
50087863046
1782498030025
50097723667
1782498031026
50107692030
1782498032025
50117594771
1782498033025
50127486741
1782498034025
50137544135
1782498035024
50147615835
1782498036025
50157398716
1782498037026
50167179960
1782498038023
50177066162
1782498039024
50188318884
1782498040177
50196887618
1782498041026
50206852768
1782498042026
50216976564
1782498043021
50227451969
1782498044025
50237870733
1782498045023
50247743961
1782498046025
50257765905
1782498047025
50267720391
1782498048024
50277760052
1782498049025
50287710820
1782498050025
50297506064
1782498051026
50307499167
1782498052023
50317404815
1782498053025
50327352187
1782498054025
50337245610
1782498055023
50347341637
1782498056025
50357305272
1782498057025
50367140755
1782498058022
50375189151
1782498059025
50381520291
1782498060021
50387495859
1782498061021
50393622087
1782498062024
50399781958
1782498063023
50406213512
1782498064021
50413040372
1782498065023
50422684437
1782498066026
50432724756
1782498067024
50442633801
1782498068025
50452641316
1782498069025
50462403145
1782498070024
50472112387
1782498071025
50482016123
1782498072025
50492005034
1782498073022
50502353174
1782498074025
50512247026
1782498075024
50521958196
1782498076025
50531853257
1782498077026
50541766509
1782498078023
50551584336
1782498079022
50561305803
1782498080024
50571040581
1782498081023
50580917205
1782498082026
50591047993
1782498083025
50601219708
1782498084023
50611879050
1782498085088
50621217665
1782498086025
50631146202
1782498087023
50641020378
1782498088023
50650919188
1782498089024
50660680205
1782498090021
50670471088
1782498091022
50680727275
1782498092022
50691145412
1782498093024
50701191423
1782498094024
50711078497
1782498095023
50721004127
1782498096025
50730875152
1782498097025
50740672277
1782498098025
50750593195
1782498099024
50760361373
1782498100021
50770178541
1782498101026
50780133073
1782498102025
50789899339
1782498103025
50799587391
1782498104025
50809743179
1782498105027
50819639877
1782498106022
50829580883
1782498107026
50839591903
1782498108024
50849227307
1782498109024
50859028319
1782498110022
50868764382
1782498111025
50878893701
1782498112024
50888941976
1782498113023
50898708364
1782498114022
50908650105
1782498115024
50918503519
1782498116024
50928280265
1782498117025
50938545724
1782498118023
50948460904
1782498119024
50958580630
1782498120025
50968471973
1782498121025
50978536741
1782498122024
50988455701
1782498123024
50998340511
1782498124025
51008321573
1782498125023
51018289461
1782498126024
51028215030
1782498127024
51038149841
1782498128022
51048209438
1782498129025
51058030691
1782498130024
51067932193
1782498131025
51078025527
1782498132024
51088257249
1782498133025
51098235006
1782498134025
51108094785
1782498135025
51117980926
1782498136022
51127845035
1782498137025
51137861823
1782498138026
51147864687
1782498139024
51157804592
1782498140025
51167761832
1782498141025
51178027857
1782498142024
51188084271
1782498143023
51198864988
1782498144026
51208899371
1782498145023
51218730508
1782498146025
51228419860
1782498147025
51238513393
1782498148025
51248266393
1782498149024
51258057200
1782498150024
51268016964
1782498151023
51277811305
1782498152026
51287921392
1782498153025
51297692446
1782498154022
51307656403
1782498155025
51317543936
1782498156022
51327553166
1782498157024
51337235954
1782498158025
51347032927
1782498159023
51358203747
1782498160177
51366608986
1782498161024
51376527456
1782498162023
51386978855
1782498163026
51396872172
1782498164023
51406748276
1782498165022
51416661284
1782498166024
51426564408
1782498167025
51436585892
1782498168025
51446479530
1782498169023
51456475127
1782498170022
51466435091
1782498171024
51476484972
1782498172022
51486657407
1782498173026
51496413237
1782498174025
51506750621
1782498175085
51516553163
1782498176027
51526509883
1782498177025
51536544816
1782498178024
51546641944
1782498179024
51556713659
1782498180024
51566743099
1782498181024
51577015351
1782498182025
51588206597
1782498183026
51598200267
1782498184022
51608123724
1782498185024
51618003898
1782498186023
51627900565
1782498187024
51637853445
1782498188023
51647768411
1782498189025
51657892742
1782498190022
51667719412
1782498191025
51677624219
1782498192023
51687597080
1782498193022
51697483848
1782498194022
51707516686
1782498195024
51717414118
1782498196023
51727309760
1782498197024
51737533664
1782498198025
51747808226
1782498199024
51757654327
1782498200025
51767749787
1782498201025
51777773888
1782498202023
51787745694
1782498203023
51797715036
1782498204023
51807923119
1782498205086
51817212683
1782498206025
51826910481
1782498207024
51836836707
1782498208024
51846691927
1782498209022
51856661116
1782498210022
51866912453
1782498211025
51876769631
1782498212026
51886934431
1782498213025
51897159497
1782498214024
51907055369
1782498215025
51917068852
1782498216021
51927048812
1782498217025
51937043078
1782498218023
51947172673
1782498219025
51957029728
1782498220024
51966854333
1782498221025
51976768090
1782498222025
51986713320
1782498223025
51996633993
1782498224024
52006632512
1782498225023
52016568852
1782498226024
52026464831
1782498227022
52036368261
1782498228024
52046306192
1782498229024
52056400536
1782498230025
52066417247
1782498231025
52076294437
1782498232021
52086340524
1782498233021
52096414228
1782498234025
52106377465
1782498235025
52116260745
1782498236025
52126050343
1782498237024
52135960627
1782498238021
52145865419
1782498239024
52155749938
1782498240022
52165624237
1782498241025
52175538499
1782498242023
52185598938
1782498243024
52195631561
1782498244025
52205704897
1782498245021
52215979704
1782498246026
52226047915
1782498247022
52235905307
1782498248021
52245938052
1782498249025
52256994750
1782498250175
52265430069
1782498251025
52275245095
1782498252025
52285118889
1782498253025
52294983641
1782498254024
52304949418
1782498255025
52314713281
1782498256025
52324660515
1782498257025
52334949077
1782498258022
52345159639
1782498259022
52355337413
1782498260022
52365239604
1782498261022
52375243493
1782498262024
52385133276
1782498263027
52395069340
1782498264026
52404820826
1782498265025
52414607731
1782498266022
52424370370
1782498267025
52434326845
1782498268025
52444684961
1782498269024
52455121657
1782498270024
52465150700
1782498271022
52475073193
1782498272024
52485481523
1782498273022
52495300620
1782498274024
52505312022
1782498275023
52515268298
1782498276024
52525195060
1782498277023
52535110393
1782498278022
52545006296
1782498279023
52556232671
1782498280177
52564707356
1782498281025
52574996254
1782498282026
52585256143
1782498283023
52595402706
1782498284023
52605438373
1782498285025
52615300815
1782498286025
52625171839
1782498287026
52635023570
1782498288022
52645037481
1782498289025
52654925994
1782498290022
52664830571
1782498291025
52674783650
1782498292024
52684844608
1782498293025
52694755749
1782498294022
52706170620
1782498295176
52714677099
1782498296024
52724589877
1782498297025
52734484005
1782498298022
52744472503
1782498299025
52754400168
1782498300024
52764498198
1782498301020
52774645786
1782498302025
52784967732
1782498303024
52795018929
1782498304022
52805343782
1782498305021
52815719538
1782498306023
52825680175
1782498307023
52835635273
1782498308021
52845557797
1782498309022
52855660311
1782498310024
52865917064
1782498311027
52875968858
1782498312024
52886101619
1782498313022
52896206535
1782498314025
52906527333
1782498315023
52916528622
1782498316022
52926476958
1782498317025
52936333325
1782498318025
52946232440
1782498319026
52956178542
1782498320025
52966050714
1782498321025
52975776556
1782498322025
52985874281
1782498323024
52995712135
1782498324024
53006129140
1782498325087
53015391163
1782498326024
53025197668
1782498327026
53034985690
1782498328025
53044760034
1782498329026
53054580033
1782498330025
53064386797
1782498331028
53074404441
1782498332024
53084478038
1782498333025
53094542929
1782498334023
53104680586
1782498335025
53115125575
1782498336024
53125022089
1782498337024
53135008200
1782498338025
53145068195
1782498339025
53155021289
1782498340021
53164824152
1782498341025
53174707585
1782498342021
53184755324
1782498343021
53194847403
1782498344025
53204851675
1782498345023
53215112865
1782498346025
53225036996
1782498347022
53235231784
1782498348021
53245490786
1782498349021
53255470593
1782498350025
53265415930
1782498351026
53275592465
1782498352026
53285710462
1782498353022
53295823134
1782498354022
53305834368
1782498355025
53315622604
1782498356023
53325585827
1782498357021
53335494504
1782498358026
53345174860
1782498359025
53355262854
1782498360025
53365187704
1782498361024
53375188381
1782498362024
53385214960
1782498363024
53395278413
1782498364025
53405240182
1782498365023
53415287692
1782498366022
53425351175
1782498367025
53435673855
1782498368025
53445778006
1782498369024
53456924607
1782498370176
53465424966
1782498371025
53475799131
1782498372025
53485948523
1782498373023
53496067943
1782498374024
53506136460
1782498375025
53516129915
1782498376022
53526281557
1782498377025
53536520256
1782498378022
53546672663
1782498379022
53556724900
1782498380023
53567112958
1782498381025
53577348413
1782498382026
53587367557
1782498383022
53597354234
1782498384023
53607478244
1782498385024
53617336554
1782498386026
53627197083
1782498387025
53637227640
1782498388025
53647201710
1782498389026
53657217029
1782498390021
53667183235
1782498391026
53677066607
1782498392023
53687060383
1782498393020
53696879984
1782498394024
53706884670
1782498395025
53716784014
1782498396022
53726764969
1782498397025
53736600590
1782498398026
53746413994
1782498399024
53756310325
1782498400022
53766075887
1782498401022
53775986737
1782498402021
53786529539
1782498403025
53796515803
1782498404023
53806552939
1782498405023
53816515902
1782498406025
53826511284
1782498407024
53836582601
1782498408023
53846526989
1782498409026
53856661985
1782498410025
53866701768
1782498411025
53876766338
1782498412023
53886921162
1782498413024
53897314176
1782498414026
53908756236
1782498415177
53917094460
1782498416024
53926969662
1782498417025
53936869511
1782498418025
53946635302
1782498419023
53956642053
1782498420025
53966643051
1782498421025
53976779806
1782498422024
53986847604
1782498423025
53997125517
1782498424022
54007248195
1782498425023
54017458176
1782498426025
54027551158
1782498427022
54037729177
1782498428024
54047857593
1782498429025
54058731318
1782498430087
54068105185
1782498431024
54078118423
1782498432022
54088207090
1782498433023
54098430458
1782498434026
54108416309
1782498435025
54118245228
1782498436023
54128160194
1782498437027
54138119545
1782498438025
54147918828
1782498439024
54157699445
1782498440025
54167486794
1782498441025
54177442534
1782498442024
54187509521
1782498443025
54197568659
1782498444023
54208761359
1782498445176
54217281256
1782498446024
54227180295
1782498447025
54237095383
1782498448024
54246996166
1782498449025
54257086026
1782498450024
54267074433
1782498451024
54277180572
1782498452023
54287423310
1782498453024
54297481668
1782498454025
54307511307
1782498455024
54317350584
1782498456025
54327068318
1782498457026
54337157888
1782498458021
54347304267
1782498459025
54357514263
1782498460025
54367675849
1782498461026
54377587908
1782498462026
54387591110
1782498463023
54397681047
1782498464024
54407855332
1782498465025
54417845590
1782498466027
54427693802
1782498467026
54437934000
1782498468025
54448064375
1782498469025
54458064302
1782498470023
54467946312
1782498471027
54478058908
1782498472025
54488124166
1782498473023
54498074567
1782498474025
54508176698
1782498475025
54518082285
1782498476023
54527983879
1782498477022
54537975009
1782498478023
54547690952
1782498479023
54557523222
1782498480025
54567499036
1782498481022
54577423458
1782498482021
54587501246
1782498483025
54597440907
1782498484025
54607440191
1782498485025
54617424772
1782498486025
54627264233
1782498487024
54637198293
1782498488025
54646991655
1782498489025
54656827443
1782498490024
54666723147
1782498491024
54676876074
1782498492025
54686867418
1782498493025
54696789804
1782498494023
54706590112
1782498495023
54716577677
1782498496022
54726620612
1782498497025
54736630117
1782498498025
54746684328
1782498499028
54756735235
1782498500025
54766797280
1782498501025
54776767372
1782498502025
54786989853
1782498503022
54796961658
1782498504023
54808096677
1782498505086
54817468325
1782498506022
54827536658
1782498507025
54837505740
1782498508025
54847492081
1782498509025
54857494333
1782498510022
54867495928
1782498511023
54877296374
1782498512024
54887648078
1782498513023
54897391822
1782498514023
54907357707
1782498515023
54917635895
1782498516023
54927576305
1782498517025
54937472804
1782498518021
54947750548
1782498519026
54958125034
1782498520024
54968128496
1782498521023
54978098970
1782498522025
54988179329
1782498523021
54998177558
1782498524023
55008750042
1782498525023
55019001439
1782498526024
55028914019
1782498527022
55039055777
1782498528024
55048994580
1782498529026
55059009746
1782498530021
55069310869
1782498531024
55079463964
1782498532023
55089578427
1782498533024
55099521162
1782498534024
55110728137
1782498535176
55119106417
1782498536023
55129139866
1782498537024
55139190130
1782498538027
55149105127
1782498539025
55159073062
1782498540022
55169000329
1782498541021
55179130551
1782498542026
55189171359
1782498543023
55199277606
1782498544026
55209621661
1782498545023
55219683553
1782498546022
55229670153
1782498547021
55239974489
1782498548024
55249848773
1782498549026
55261057660
1782498550176
55269576531
1782498551024
55279615428
1782498552025
55289547851
1782498553025
55299397180
1782498554025
55309255980
1782498555025
55319278199
1782498556024
55329049575
1782498557027
55339018121
1782498558022
55349064606
1782498559023
55358948544
1782498560025
55368811949
1782498561025
55379021991
1782498562025
55389035244
1782498563022
55398933549
1782498564024
55410351219
1782498565178
55419196272
1782498566028
55429149274
1782498567025
55439115770
1782498568025
55449012774
1782498569025
55458871696
1782498570022
55468843854
1782498571023
55478875498
1782498572024
55489017669
1782498573022
55498979958
1782498574025
55508923673
1782498575025
55518952149
1782498576027
55529007432
1782498577025
55538824310
1782498578025
55548717733
1782498579022
55560059868
1782498580176
55568581203
1782498581022
55578558012
1782498582026
55588932590
1782498583026
55598926320
1782498584022
55608763869
1782498585021
55618686026
1782498586024
55628648559
1782498587025
55638858785
1782498588026
55648855927
1782498589023
55658746551
1782498590024
55668647288
1782498591023
55678859227
1782498592025
55688786173
1782498593025
55698576552
1782498594021
55709342657
1782498595086
55718673499
1782498596025
55728413908
1782498597023
55738351212
1782498598026
55748170492
1782498599023
55757925359
1782498600025
55767775437
1782498601024
55777586409
1782498602024
55787917520
1782498603023
55797855635
1782498604024
55807820250
1782498605022
55817766367
1782498606025
55827665115
1782498607023
55837731383
1782498608024
55847875405
1782498609024
55858294399
1782498610086
55867546539
1782498611024
55877704178
1782498612025
55887762352
1782498613022
55897838381
1782498614026
55907897825
1782498615023
55917931841
1782498616023
55927961098
1782498617021
55937821825
1782498618021
55947619089
1782498619024
55957480153
1782498620023
55967389917
1782498621021
55977325048
1782498622024
55987513272
1782498623023
55997506758
1782498624023
56008742313
1782498625176
56017150352
1782498626025
56027030158
1782498627025
56036841773
1782498628024
56046626873
1782498629022
56056471887
1782498630024
56066263596
1782498631025
56076151635
1782498632025
56086163312
1782498633021
56096015732
1782498634024
56105944422
1782498635024
56116048419
1782498636024
56126194706
1782498637026
56136182194
1782498638026
56146057166
1782498639024
56156254815
1782498640027
56166448042
1782498641025
56176286325
1782498642023
56186105039
1782498643023
56195893168
1782498644028
56205623983
1782498645026
56215659222
1782498646021
56225433520
1782498647025
56235426180
1782498648025
56245247586
1782498649023
56255168948
1782498650023
56265317101
1782498651022
56275545350
1782498652023
56285720722
1782498653025
56295715662
1782498654024
56306254194
1782498655086
56315699787
1782498656025
56325775419
1782498657025
56335734357
1782498658021
56345706055
1782498659025
56355531899
1782498660026
56365476945
1782498661025
56375771014
1782498662025
56386133551
1782498663020
56395919385
1782498664025
56405964723
1782498665025
56413619405
1782498666023
56419953498
1782498667021
56426229741
1782498668024
56432355448
1782498669027
56438801445
1782498670085
56444551369
1782498671023
56450700102
1782498672021
56456952600
1782498673023
56462970151
1782498674023
56469219390
1782498675023
56475263548
1782498676021
56481288612
1782498677023
56487370086
1782498678025
56493408905
1782498679021
56499308631
1782498680023
56505378554
1782498681024
56511477639
1782498682023
56517760966
1782498683023
56523869613
1782498684021
56529968040
1782498685023
56536007991
1782498686025
56542142755
1782498687023
56548197639
1782498688023
56554300319
1782498689023
56560583478
1782498690025
56566853755
1782498691025
56573144197
1782498692023
56579755908
1782498693022
56586099915
1782498694021
56592478332
1782498695025
56598700552
1782498696024
56604832868
1782498697024
56611053955
1782498698023
56617134803
1782498699024
56623706046
1782498700085
56629440118
1782498701023
56635450004
1782498702025
56641543352
1782498703024
56647590156
1782498704025
56653695101
1782498705025
56659664779
1782498706025
56665502800
1782498707023
56671664538
1782498708025
56677668671
1782498709021
56683653526
1782498710025
56689707798
1782498711025
56695824585
1782498712024
56701988312
1782498713023
56708081476
1782498714024
56715089442
1782498715180
56720259388
1782498716025
56726322870
1782498717021
56732282404
1782498718026
56738310114
1782498719023
56744449637
1782498720022
56750522467
1782498721023
56756692926
1782498722022
56763162577
1782498723024
56769360041
1782498724021
56775841565
1782498725025
56781974952
1782498726023
56788059686
1782498727021
56794137397
1782498728021
56800270738
1782498729024
56806607646
1782498730025
56812698500
1782498731025
56818954211
1782498732023
56825323968
1782498733021
56831575885
1782498734025
56837970351
1782498735023
56844102408
1782498736023
56850130914
1782498737021
56856318264
1782498738023
56862369720
1782498739022
56868518806
1782498740025
56874478263
1782498741026
56880602623
1782498742024
56886875792
1782498743023
56892890237
1782498744022
56899333312
1782498745085
56905173199
1782498746023
56911254582
1782498747023
56917140018
1782498748021
56923283182
1782498749025
56929421190
1782498750025
56935353750
1782498751022
56941540290
1782498752023
56947776585
1782498753023
56953799445
1782498754021
56959826987
1782498755021
56966112503
1782498756025
56972173139
1782498757025
56978149013
1782498758022
56984264820
1782498759025
56991240060
1782498760176
56996290666
1782498761022
57002538636
1782498762025
57008851538
1782498763025
57014939331
1782498764021
57021285343
1782498765023
57027354624
1782498766022
57033324439
1782498767021
57039544516
1782498768023
57045559941
1782498769021
57051696587
1782498770021
57058061846
1782498771024
57064186069
1782498772023
57070480718
1782498773023
57076477829
1782498774023
57083135394
1782498775086
57088790259
1782498776022
57094855148
1782498777023
57101055840
1782498778022
57107149509
1782498779021
57113387181
1782498780025
57119550588
1782498781025
57125613075
1782498782025
57132052187
1782498783025
57138088618
1782498784023
57144327668
1782498785022
57150388763
1782498786024
57156404707
1782498787022
57162332264
1782498788021
57168215451
1782498789024
57175040765
1782498790177
57180140316
1782498791024
57186372940
1782498792024
57192599749
1782498793023
57198714256
1782498794021
57204879713
1782498795021
57210882744
1782498796021
57216943304
1782498797024
57222912522
1782498798024
57228999566
1782498799023
57234974751
1782498800023
57241064060
1782498801024
57247142857
1782498802023
57253405239
1782498803024
57259631390
1782498804022
57266953985
1782498805173
57271920610
1782498806022
57278013881
1782498807025
57284166669
1782498808025
57290310705
1782498809025
57296458413
1782498810023
57302501286
1782498811023
57308873048
1782498812025
57315403011
1782498813022
57321477310
1782498814023
57327861388
1782498815023
57334063564
1782498816023
57340183626
1782498817021
57346263540
1782498818024
57352261996
1782498819021
57358517784
1782498820085
57364088514
1782498821021
57370135778
1782498822025
57376216717
1782498823023
57382097012
1782498824022
57388015220
1782498825023
57393963998
1782498826026
57400077067
1782498827023
57406072708
1782498828024
57412104075
1782498829024
57417977210
1782498830026
57424055196
1782498831022
57430127032
1782498832023
57436167625
1782498833025
57442112593
1782498834021
57448624548
1782498835085
57454178922
1782498836025
57460204980
1782498837025
57466280733
1782498838024
57472310891
1782498839023
57478487792
1782498840022
57484632272
1782498841021
57490781449
1782498842022
57497277997
1782498843021
57503370595
1782498844020
57509616958
1782498845025
57515711361
1782498846021
57521947335
1782498847023
57528163296
1782498848023
57534329349
1782498849022
57541508217
1782498850176
57546567712
1782498851023
57552900413
1782498852021
57559213208
1782498853024
57565437967
1782498854025
57571586043
1782498855024
57577678059
1782498856023
57583520869
1782498857022
57589475920
1782498858025
57595366848
1782498859021
57601268303
1782498860023
57607324395
1782498861025
57613342466
1782498862023
57619598177
1782498863021
57625492380
1782498864023
57632260733
1782498865177
57637386049
1782498866024
57643284245
1782498867023
57649234338
1782498868021
57655328007
1782498869022
57661315096
1782498870021
57667405598
1782498871024
57673664476
1782498872025
57679955300
1782498873024
57686004048
1782498874020
57692249110
1782498875023
57698344890
1782498876022
57704558190
1782498877026
57710771795
1782498878022
57716942698
1782498879024
57724093123
1782498880176
57729111125
1782498881021
57735094649
1782498882024
57741389298
1782498883025
57747585339
1782498884023
57753927847
1782498885025
57760077177
1782498886023
57766126813
1782498887025
57772352520
1782498888025
57778158274
1782498889023
57784209898
1782498890025
57790329011
1782498891022
57796575786
1782498892025
57802924690
1782498893024
57808995837
1782498894024
57816097546
1782498895175
57821296211
1782498896024
57827229306
1782498897024
57833098049
1782498898023
57838954966
1782498899021
57844679476
1782498900026
57850641947
1782498901023
57856677614
1782498902025
57862972646
1782498903021
57868998321
1782498904021
57875166440
1782498905025
57881193354
1782498906021
57887329572
1782498907025
57893355416
1782498908022
57899381520
1782498909025
57906359911
1782498910175
57911347864
1782498911023
57917511393
1782498912025
57923661916
1782498913022
57929896498
1782498914021
57936259125
1782498915023
57942461807
1782498916027
57948454281
1782498917024
57954739292
1782498918024
57960833634
1782498919022
57967087769
1782498920022
57973267775
1782498921023
57979530111
1782498922023
57986052899
1782498923024
57992220268
1782498924025
57998727067
1782498925022
58004921180
1782498926024
58011101845
1782498927021
58017181958
1782498928023
58023269017
1782498929021
58029138036
1782498930025
58035091893
1782498931027
58041044939
1782498932022
58047308300
1782498933022
58053440938
1782498934024
58059586474
1782498935024
58065587118
1782498936024
58071503292
1782498937025
58077359856
1782498938024
58083273352
1782498939023
58090136167
1782498940174
58095338504
1782498941025
58101428715
1782498942023
58107417227
1782498943021
58113577909
1782498944021
58119807534
1782498945024
58125896108
1782498946024
58131883900
1782498947024
58137955537
1782498948024
58144025674
1782498949024
58150132379
1782498950023
58156220799
1782498951023
58162586517
1782498952026
58168852724
1782498953022
58175018487
1782498954023
58181094989
1782498955023
58186949931
1782498956025
58192889652
1782498957024
58198959590
1782498958023
58205092350
1782498959025
58211124467
1782498960023
58217149668
1782498961021
58223529799
1782498962025
58229822964
1782498963021
58235903414
1782498964023
58242114693
1782498965023
58248407476
1782498966024
58254195864
1782498967025
58260130795
1782498968024
58266254115
1782498969023
58272541543
1782498970085
58277963772
1782498971024
58283811661
1782498972023
58289887077
1782498973025
58295893536
1782498974024
58302065953
1782498975023
58308193236
1782498976025
58314006150
1782498977025
58320009732
1782498978024
58326096577
1782498979021
58332118076
1782498980023
58338115813
1782498981024
58344251144
1782498982025
58350310097
1782498983025
58356368453
1782498984023
58363526069
1782498985176
58368647652
1782498986024
58374748527
1782498987025
58380686197
1782498988022
58386801423
1782498989022
58392910912
1782498990024
58399081800
1782498991025
58405059816
1782498992023
58411353960
1782498993024
58417573885
1782498994024
58423822160
1782498995021
58430236792
1782498996023
58436364121
1782498997025
58442210664
1782498998021
58448460469
1782498999022
58455622552
1782499000174
58460720267
1782499001024
58466879374
1782499002022
58473263115
1782499003022
58479322849
1782499004022
58485487815
1782499005022
58491591490
1782499006021
58497628702
1782499007022
58503693760
1782499008022
58509502818
1782499009025
58515342629
1782499010022
58521380743
1782499011023
58527542757
1782499012023
58533416703
1782499013021
58539511075
1782499014025
58545823870
1782499015084
58551541006
1782499016021
58557620354
1782499017023
58563591378
1782499018025
