117244246484
1780068722019
117290282438
1780068723138
117327157893
1780068724013
117370486884
1780068725014
117413439716
1780068726011
117455459750
1780068727015
117496440297
1780068728013
117537378241
1780068729014
117578307275
1780068730015
117618504804
1780068731012
117659780394
1780068732014
117700353349
1780068733013
117741631869
1780068734012
117783747423
1780068735014
117826749632
1780068736011
117869178539
1780068737013
117909829802
1780068738013
117951193771
1780068739013
117991092046
1780068740011
118032131491
1780068741011
118073611915
1780068742013
118114392023
1780068743015
118157058234
1780068744011
118203356395
1780068745014
118246395774
1780068746014
118288950597
1780068747011
118329468438
1780068748013
118370708261
1780068749012
118412490808
1780068750012
118454141397
1780068751016
118495259029
1780068752015
118536924572
1780068753014
118580582480
1780068754011
118627944053
1780068755012
118672729583
1780068756014
118714843550
1780068757012
118755009646
1780068758013
118795907368
1780068759014
118836782813
1780068760012
118878239188
1780068761012
118919155160
1780068762011
118960237819
1780068763017
119001748272
1780068764015
119043695308
1780068765014
119086096628
1780068766013
119128928000
1780068767014
119169931496
1780068768011
119213806506
1780068769015
119260103812
1780068770012
119302085271
1780068771014
119343265586
1780068772014
119383996805
1780068773015
119426054681
1780068774014
119468177498
1780068775014
119510339804
1780068776011
119553512240
1780068777015
119593927176
1780068778012
119634498483
1780068779013
119675424587
1780068780014
119716722760
1780068781015
119758550350
1780068782015
119799220107
1780068783015
119841845975
1780068784012
119886984897
1780068785015
119929446397
1780068786013
119971968994
1780068787015
120012589007
1780068788014
120052547584
1780068789011
120093825798
1780068790015
120134167675
1780068791013
120175527371
1780068792012
120215980759
1780068793013
120257965393
1780068794010
120299960586
1780068795015
120342109525
1780068796012
120385150553
1780068797012
120426862238
1780068798015
120469608345
1780068799012
120513264361
1780068800011
120553606421
1780068801015
120594953605
1780068802012
120635327952
1780068803012
120677441858
1780068804013
120719194376
1780068805012
120761182000
1780068806012
120802623605
1780068807013
120844040675
1780068808012
120885047345
1780068809014
120925507324
1780068810015
120967018326
1780068811012
121008716217
1780068812012
121050652817
1780068813011
121093532406
1780068814013
121139445680
1780068815012
121182212172
1780068816011
121223646819
1780068817013
121264675035
1780068818015
121305574710
1780068819015
121346882527
1780068820014
121386815408
1780068821014
121427511044
1780068822014
121467801529
1780068823014
121508492892
1780068824012
121551561690
1780068825012
121594167294
1780068826015
121636197521
1780068827013
121676898833
1780068828012
121720065593
1780068829013
121766662519
1780068830015
121807884338
1780068831016
121848170611
1780068832012
121889689914
1780068833012
121932360459
1780068834015
121974534118
1780068835015
122017526501
1780068836014
122059793177
1780068837013
122100033980
1780068838012
122141139527
1780068839014
122181527668
1780068840013
122223213108
1780068841012
122265178699
1780068842015
122306676090
1780068843015
122349096392
1780068844015
122390765414
1780068845012
122433076279
1780068846014
122475199768
1780068847015
122516474137
1780068848014
122558732452
1780068849014
122600163987
1780068850015
122640793582
1780068851014
122682008992
1780068852014
122724392123
1780068853013
122765216176
1780068854012
122807853640
1780068855013
122850959060
1780068856013
122893686551
1780068857015
122936167277
1780068858038
122977714167
1780068859015
123021890568
1780068860014
123062646811
1780068861012
123103409036
1780068862013
123144220455
1780068863015
123187553352
1780068864014
123229796530
1780068865012
123272595859
1780068866013
123314954027
1780068867014
123356129336
1780068868012
123397323628
1780068869012
123437584877
1780068870012
123478114559
1780068871011
123519938304
1780068872013
123561079068
1780068873014
123604485451
1780068874014
123649418197
1780068875015
123691985960
1780068876013
123734115612
1780068877015
123773794466
1780068878014
123814788318
1780068879013
123855625189
1780068880013
123895903284
1780068881015
123937614420
1780068882014
123978284848
1780068883014
124019300979
1780068884013
124062214016
1780068885013
124104461771
1780068886015
124146703240
1780068887013
124188950569
1780068888015
124232012409
1780068889014
124273169103
1780068890013
124314146110
1780068891015
124354877695
1780068892013
124395954128
1780068893012
124437476788
1780068894011
124481122062
1780068895014
124524202274
1780068896015
124566089496
1780068897013
124607180821
1780068898013
124647376153
1780068899012
124687493970
1780068900014
124729084928
1780068901014
124771570049
1780068902015
124813251583
1780068903013
124856664802
1780068904015
124901243606
1780068905013
124943969998
1780068906013
124986238933
1780068907015
125026587584
1780068908013
125066874591
1780068909011
125107838719
1780068910015
125147879632
1780068911013
125188875560
1780068912011
125230108548
1780068913015
125271183394
1780068914014
125313802364
1780068915011
125356595529
1780068916014
125399202048
1780068917014
125440214333
1780068918012
125482936026
1780068919012
125525500309
1780068920014
125567074909
1780068921014
125608392553
1780068922016
125649904287
1780068923017
125690986030
1780068924012
125734315326
1780068925014
125776837495
1780068926013
125818904160
1780068927014
125859092838
1780068928014
125899652305
1780068929015
125939872905
1780068930013
125980371886
1780068931012
126021605484
1780068932013
126063650115
1780068933015
126106545635
1780068934012
126150996693
1780068935013
126194147340
1780068936012
126236554519
1780068937012
126276806369
1780068938012
126317409597
1780068939013
126358238045
1780068940012
126399194361
1780068941013
126440392254
1780068942015
126480462647
1780068943012
126521686967
1780068944015
126564754911
1780068945012
126608068094
1780068946012
126651317190
1780068947011
126691982979
1780068948012
126735496845
1780068949011
126782217184
1780068950015
126823380958
1780068951016
126864308710
1780068952013
126904833875
1780068953014
126947159694
1780068954012
126991326329
1780068955014
127033476001
1780068956014
127076159425
1780068957013
127116447164
1780068958012
127157699560
1780068959013
127197850275
1780068960012
127238647656
1780068961015
127280879604
1780068962014
127321943158
1780068963014
127365606316
1780068964012
127412263423
1780068965015
127454895821
1780068966013
127497555685
1780068967013
127537850748
1780068968012
127578628109
1780068969014
127619994581
1780068970015
127660907257
1780068971014
127701438403
1780068972011
127741820441
1780068973013
127783343406
1780068974011
127826219394
1780068975010
127869216965
1780068976013
127911868955
1780068977014
127953705335
1780068978012
127996878320
1780068979015
128043027799
1780068980013
128083438035
1780068981012
128124119999
1780068982014
128164702476
1780068983013
128206482276
1780068984015
128250086351
1780068985014
128292526184
1780068986013
128335251416
1780068987014
128376524870
1780068988015
128416186573
1780068989012
128456931525
1780068990012
128497055324
1780068991012
128538697063
1780068992016
128580783381
1780068993038
128623127877
1780068994016
128666692279
1780068995012
128709581330
1780068996012
128752515790
1780068997014
128793529357
1780068998013
128834008746
1780068999015
128875254551
1780069000011
128915877249
1780069001015
128956678292
1780069002015
128997248806
1780069003016
129037733871
1780069004014
129079928770
1780069005016
129123713387
1780069006015
129165787315
1780069007013
129207427712
1780069008013
129249854788
1780069009014
129290709237
1780069010013
129331614894
1780069011012
129372360151
1780069012014
129413017151
1780069013015
129454607377
1780069014013
129497681302
1780069015014
129540117717
1780069016012
129582997917
1780069017014
129624944770
1780069018014
129665934777
1780069019012
129705906660
1780069020013
129746547791
1780069021012
129788442521
1780069022014
129829749605
1780069023012
129873317181
1780069024013
129920446272
1780069025015
129963804010
1780069026013
130005944832
1780069027014
130046623256
1780069028011
130087795575
1780069029013
130128945860
1780069030013
130169920121
1780069031014
130211002718
1780069032014
130251728810
1780069033015
130292708319
1780069034013
130335828509
1780069035015
130379339018
1780069036012
130422187785
1780069037015
130463142026
1780069038013
130506424142
1780069039014
130548302880
1780069040015
130588940898
1780069041011
130630662349
1780069042014
130671154555
1780069043014
130712712371
1780069044011
130755703106
1780069045013
130798729973
1780069046015
130840559456
1780069047012
130881570643
1780069048013
130922825298
1780069049014
130963422911
1780069050014
131004890944
1780069051016
131046666533
1780069052015
131088265609
1780069053011
131131431331
1780069054012
131177869445
1780069055014
131221408151
1780069056014
131263526208
1780069057015
131303982403
1780069058013
131345120847
1780069059014
131386091140
1780069060013
131426066319
1780069061011
131467671864
1780069062012
131507694711
1780069063015
131548203702
1780069064014
131591252297
1780069065013
131634215994
1780069066013
131676850223
1780069067013
131718734454
1780069068013
131762008269
1780069069015
131806568885
1780069070014
131847454767
1780069071015
131888883310
1780069072012
131929152250
1780069073014
131970914778
1780069074015
132014266962
1780069075012
132057455572
1780069076012
132101063553
1780069077013
132142046236
1780069078013
132183122425
1780069079012
132224896732
1780069080014
132265414390
1780069081012
132307394019
1780069082013
132348700798
1780069083014
132391536565
1780069084015
132436719005
1780069085014
132479586876
1780069086013
132521671485
1780069087014
132563539420
1780069088015
132605162055
1780069089013
132646450951
1780069090012
132687175395
1780069091013
132728795772
1780069092012
132768927261
1780069093013
132810113252
1780069094013
132852770430
1780069095013
132896449151
1780069096015
132939007087
1780069097011
132981396261
1780069098015
133024097689
1780069099016
133068141339
1780069100012
133109752744
1780069101013
133150097367
1780069102012
133192644011
1780069103016
133233535386
1780069104015
133276733517
1780069105015
133319336741
1780069106014
133361583337
1780069107014
133402506511
1780069108015
133443208738
1780069109015
133483780900
1780069110014
133524529636
1780069111014
133566118763
1780069112014
133607699040
1780069113012
133650462602
1780069114015
133695341027
1780069115013
133738736424
1780069116012
133780477528
1780069117015
133821305732
1780069118013
133862515221
1780069119013
133903427897
1780069120013
133944172421
1780069121013
133985858655
1780069122013
134026377167
1780069123015
134066835132
1780069124013
134109606568
1780069125014
134153700144
1780069126014
134196346214
1780069127015
134238528357
1780069128013
134283194564
1780069129015
134325880612
1780069130014
134367616528
1780069131014
134408422515
1780069132015
134449737045
1780069133015
134490303958
1780069134015
134532961747
1780069135015
134575651090
1780069136012
134617998943
1780069137014
134658847228
1780069138014
134699525651
1780069139014
134740492404
1780069140015
134782417285
1780069141011
134824007388
1780069142014
134865093587
1780069143015
134906777928
1780069144015
134952598062
1780069145015
134995125786
1780069146014
135037160285
1780069147015
135078228600
1780069148013
135118893840
1780069149016
135159543028
1780069150015
135199409259
1780069151012
135242389496
1780069152016
135282790271
1780069153013
135323404608
1780069154015
135365669576
1780069155013
135409751494
1780069156013
135452080854
1780069157015
135494087399
1780069158014
135536776804
1780069159014
135580202474
1780069160011
135621411048
1780069161015
135662618889
1780069162012
135704084847
1780069163015
135745300379
1780069164015
135787969154
1780069165013
135830965870
1780069166014
135872761906
1780069167014
135913641256
1780069168013
135954253701
1780069169013
135994821835
1780069170015
136036229749
1780069171012
136078270107
1780069172015
136119955487
1780069173038
136161895565
1780069174015
136206327885
1780069175013
136249192949
1780069176014
136291682769
1780069177014
136332900986
1780069178013
136373400272
1780069179015
136414273703
1780069180012
136455234963
1780069181016
136496508234
1780069182018
136536975415
1780069183012
136577333588
1780069184012
136619655440
1780069185012
136662603145
1780069186013
136705372567
1780069187012
136747890830
1780069188013
136791668916
1780069189015
136834710004
1780069190015
136875311219
1780069191011
136915907245
1780069192014
136957920749
1780069193015
136999066212
1780069194013
137042506164
1780069195014
137086462717
1780069196013
137128423303
1780069197013
137168903973
1780069198013
137210605466
1780069199013
137250707963
1780069200013
137291658786
1780069201014
137334124864
1780069202014
137375261843
1780069203015
137419291333
1780069204011
137464397235
1780069205014
137506387362
1780069206015
137549510665
1780069207014
137590517823
1780069208013
137631556353
1780069209013
137672668614
1780069210012
137713612173
1780069211015
137754816963
1780069212013
137795598048
1780069213013
137836598309
1780069214013
137878214230
1780069215015
137920984689
1780069216013
137964466023
1780069217015
138006201207
1780069218013
138049114061
1780069219014
138092241453
1780069220013
138133832838
1780069221012
138175913968
1780069222015
138216487473
1780069223013
138256865666
1780069224016
138299491289
1780069225014
138343023038
1780069226011
138385048931
1780069227013
138426054197
1780069228015
138466582841
1780069229014
138506622045
1780069230014
138547770011
1780069231014
138589263618
1780069232012
138632133137
1780069233037
138674443820
1780069234014
138718456281
1780069235016
138760729122
1780069236012
138803364572
1780069237012
138843943936
1780069238011
138885469891
1780069239015
138926455138
1780069240012
138967351945
1780069241011
139008806245
1780069242016
139050000232
1780069243013
139091336674
1780069244015
139133492328
1780069245012
139177068083
1780069246012
139220423318
1780069247015
139261554988
1780069248014
139304445869
1780069249015
139349366836
1780069250014
139390640351
1780069251015
139431432666
1780069252013
139471919318
1780069253015
139512614343
1780069254012
139555565588
1780069255011
139598104664
1780069256014
139640856996
1780069257013
139682598283
1780069258014
139724207551
1780069259012
139765432238
1780069260012
139807370241
1780069261013
139848932757
1780069262012
139891135224
1780069263015
139934708233
1780069264013
139980216845
1780069265014
140023515989
1780069266015
140065943066
1780069267013
140106916716
1780069268013
140148302779
1780069269014
140189607361
1780069270015
140230167865
1780069271015
140271520237
1780069272014
140312558889
1780069273012
140353861579
1780069274015
140396089986
1780069275014
140438954623
1780069276013
140481854415
1780069277015
140523295349
1780069278012
140566957896
1780069279015
140611786639
1780069280013
140653607455
1780069281015
140694110891
1780069282014
140734532663
1780069283011
140775215969
1780069284013
140818134438
1780069285014
140860679373
1780069286013
140904485352
1780069287015
140946228898
1780069288012
140987989289
1780069289015
141028131764
1780069290012
141070031498
1780069291014
141111444112
1780069292013
141158016747
1780069293137
141196388902
1780069294012
141243238880
1780069295014
141286099366
1780069296013
141327854447
1780069297014
141368440158
1780069298013
141410104297
1780069299014
141450578742
1780069300013
141491816796
1780069301012
141532804789
1780069302013
141574074581
1780069303014
141614968763
1780069304012
141657167386
1780069305014
141700619179
1780069306015
141743325063
1780069307015
141784899358
1780069308013
141828650772
1780069309013
141871081328
1780069310014
141912628890
1780069311015
141954056518
1780069312014
141995117814
1780069313013
142035649876
1780069314015
142078228136
1780069315012
142120227235
1780069316015
142163363477
1780069317013
142203919282
1780069318014
142245948349
1780069319012
142286061283
1780069320011
142327914448
1780069321013
142370863557
1780069322015
142413832074
1780069323037
142455664792
1780069324012
142501209170
1780069325014
142544101760
1780069326015
142586040679
1780069327015
142627144334
1780069328012
142668379763
1780069329011
142709602191
1780069330015
142750007178
1780069331015
142790738702
1780069332015
142831122266
1780069333015
142871180574
1780069334013
142914259504
1780069335015
142957127559
1780069336014
143000807317
1780069337013
143042529501
1780069338012
143085521822
1780069339014
143132027685
1780069340014
143173248038
1780069341016
143214452644
1780069342012
143254999294
1780069343012
143295661238
1780069344012
143337862729
1780069345014
143380967050
1780069346015
143426121414
1780069347013
143467086641
1780069348013
143508033131
1780069349013
143548394661
1780069350015
143592868912
1780069351010
143636674342
1780069352012
143678548441
1780069353015
143721229423
1780069354013
143766106750
1780069355015
143809572032
1780069356012
143853020651
1780069357015
143894137550
1780069358014
143934605403
1780069359011
143976222179
1780069360014
144016088288
1780069361012
144057243212
1780069362012
144097840459
1780069363014
144138664878
1780069364013
144180986303
1780069365012
144223941637
1780069366011
144266429810
1780069367013
144309963939
1780069368037
144351911586
1780069369013
144396500644
1780069370013
144437216665
1780069371012
144477877267
1780069372014
144518545742
1780069373013
144559931744
1780069374014
144602236323
1780069375014
144645333076
1780069376016
144687693563
1780069377012
144728624183
1780069378014
144769773309
1780069379013
144810356396
1780069380016
144851322233
1780069381011
144893405256
1780069382013
144934841673
1780069383015
144977192944
1780069384015
145022272662
1780069385015
145065548980
1780069386015
145107492232
1780069387013
145148974548
1780069388013
145189816362
1780069389013
145230972812
1780069390013
145270999443
1780069391015
145314219608
1780069392013
145354707236
1780069393012
145395801186
1780069394014
145438551504
1780069395015
145482243653
1780069396015
145525147169
1780069397013
145567977320
1780069398012
145611860264
1780069399014
145655111741
1780069400015
145695792484
1780069401014
145737997087
1780069402013
145778490209
1780069403012
145819974661
1780069404015
145862529423
1780069405015
145905671524
1780069406012
145949555811
1780069407014
145990649700
1780069408013
146032262631
1780069409012
146072888015
1780069410014
146114520294
1780069411014
146156665754
1780069412014
146198012145
1780069413015
146240624524
1780069414013
146285670429
1780069415014
146329557768
1780069416012
146371593732
1780069417013
146412442016
1780069418014
146454195388
1780069419012
146494956026
1780069420013
146535484060
1780069421015
146576638739
1780069422015
146618128318
1780069423015
146658326091
1780069424012
146700431757
1780069425015
146743147285
1780069426014
146784679283
1780069427012
146827053382
1780069428013
146870464159
1780069429013
146914391964
1780069430013
146955657667
1780069431016
146997193754
1780069432015
147037974228
1780069433013
147079215578
1780069434014
147121197587
1780069435011
147164506741
1780069436015
147207254251
1780069437013
147249895805
1780069438013
147291174569
1780069439014
147332180323
1780069440014
147373348248
1780069441015
147414731137
1780069442015
147456068739
1780069443013
147498896083
1780069444013
147545734952
1780069445014
147589381691
1780069446015
147631056450
1780069447014
147671960703
1780069448014
147712979397
1780069449013
147754183210
1780069450014
147794618104
1780069451013
147835365986
1780069452013
147875756752
1780069453014
147916417475
1780069454013
147958541208
1780069455013
148001629903
1780069456014
148043747227
1780069457013
148086135974
1780069458012
148128797486
1780069459015
148173453438
1780069460013
148214408717
1780069461015
148255043805
1780069462013
148295475953
1780069463011
148336044758
1780069464013
148378982880
1780069465015
148421358565
1780069466014
148464310909
1780069467012
148505776989
1780069468014
148546228180
1780069469014
148587263475
1780069470015
148627975163
1780069471015
148669809406
1780069472018
148711952670
1780069473038
148753318958
1780069474014
148798427668
1780069475013
148841229866
1780069476015
148883294333
1780069477013
148923403117
1780069478014
148964266904
1780069479012
149006012830
1780069480015
149047120574
1780069481015
149088117234
1780069482012
149130372253
1780069483012
149170703754
1780069484013
149212511813
1780069485012
149255441818
1780069486011
149297009461
1780069487012
149340051282
1780069488012
149382989465
1780069489016
149426592991
1780069490017
149468121999
1780069491012
149509336737
1780069492011
149550170312
1780069493013
149591066264
1780069494013
149633557977
1780069495014
149676531377
1780069496014
149717973532
1780069497012
149760730320
1780069498012
149802550525
1780069499014
149843746159
1780069500012
149884180199
1780069501011
149926179603
1780069502015
149967563774
1780069503014
150010130499
1780069504015
150055273511
1780069505013
150099163108
1780069506012
150140978247
1780069507012
150182715079
1780069508013
150224090889
1780069509014
150265041956
1780069510015
150304968306
1780069511012
150346652159
1780069512014
150387991043
1780069513013
150428533969
1780069514011
150470342089
1780069515012
150513925108
1780069516015
150555199904
1780069517012
150598323024
1780069518015
150641731604
1780069519014
150683050407
1780069520014
150724536751
1780069521013
150765317286
1780069522011
150806098676
1780069523013
150846956604
1780069524013
150888692825
1780069525012
150931296537
1780069526014
150973983439
1780069527012
151015844599
1780069528012
151057004894
1780069529012
151097835112
1780069530013
151139018112
1780069531012
151180546448
1780069532014
151227568117
1780069533142
151264896940
1780069534013
151310528232
1780069535014
151354464216
1780069536015
151395833739
1780069537012
151437252639
1780069538012
151478487763
1780069539015
151519391711
1780069540012
151560203313
1780069541013
151601636801
1780069542014
151642652138
1780069543014
151683205501
1780069544015
151726444770
1780069545014
151769992388
1780069546015
151811673494
1780069547011
151853687364
1780069548013
151896938108
1780069549011
151939828989
1780069550013
151981190272
1780069551014
152022347271
1780069552013
152063380064
1780069553015
152104936171
1780069554015
152147618984
1780069555016
152190125345
1780069556014
152232220514
1780069557014
152273758737
1780069558012
152314646938
1780069559012
152355519026
1780069560013
152396720581
1780069561012
152438683486
1780069562014
152479430269
1780069563013
152521391221
1780069564013
152563093629
1780069565014
152606430066
1780069566015
152648401333
1780069567013
152689232222
1780069568015
152731557004
1780069569015
152772969007
1780069570013
152813835113
1780069571012
152855474228
1780069572011
152896760133
1780069573013
152937804095
1780069574015
152980293550
1780069575011
153023550336
1780069576014
153066648248
1780069577012
153107810252
1780069578014
153151917622
1780069579014
153195898894
1780069580011
153237328292
1780069581015
153278879211
1780069582012
153319988786
1780069583013
153360756443
1780069584014
153403285387
1780069585013
153446020873
1780069586012
153488005812
1780069587011
153531003016
1780069588011
153571871564
1780069589012
153612671386
1780069590014
153654029618
1780069591015
153695871002
1780069592014
153737098314
1780069593015
153780369993
1780069594016
153827280639
1780069595013
153871449105
1780069596010
153913833457
1780069597011
153954822671
1780069598012
153995630428
1780069599014
154036627820
1780069600014
154077084809
1780069601015
154117733875
1780069602014
154158496283
1780069603012
154199602379
1780069604011
154241501258
1780069605012
154284757862
1780069606012
154326622500
1780069607011
154368760515
1780069608012
154411579803
1780069609015
154456041298
1780069610012
154497036066
1780069611013
154537982982
1780069612011
154579500515
1780069613015
154620067306
1780069614013
154662297056
1780069615013
154704524609
1780069616012
154746734645
1780069617014
154788636088
1780069618011
154829304319
1780069619012
154869622880
1780069620013
154910548130
1780069621012
154951982594
1780069622012
154994113895
1780069623014
155036225237
1780069624014
155081421655
1780069625014
155125252780
1780069626012
155166656788
1780069627014
155206954170
1780069628013
155247744593
1780069629015
155288289838
1780069630015
155328864564
1780069631013
155369985125
1780069632012
155411086704
1780069633012
155451407280
1780069634015
155493275031
1780069635012
155536164387
1780069636013
155578441134
1780069637014
155620786790
1780069638038
155663177062
1780069639015
155707521309
1780069640012
155748231898
1780069641015
155789654217
1780069642014
155830503904
1780069643013
155871963637
1780069644012
155913979338
1780069645014
155956395428
1780069646012
155998723200
1780069647012
156039828015
1780069648012
156081539517
1780069649011
156122958417
1780069650011
156164456052
1780069651013
156205945509
1780069652011
156247456145
1780069653012
156289858808
1780069654015
156336383225
1780069655013
156379733516
1780069656012
156422502389
1780069657014
156463683131
1780069658011
156504384198
1780069659015
156545124573
1780069660015
156585393512
1780069661015
156626217321
1780069662012
156666937798
1780069663015
156707693920
1780069664012
156749649318
1780069665013
156792989539
1780069666016
156834732046
1780069667014
156875840584
1780069668015
156918977619
1780069669012
156959514747
1780069670013
157001091545
1780069671013
157042597664
1780069672014
157083628382
1780069673015
157125858071
1780069674013
157168849905
1780069675011
157211332645
1780069676012
157254130814
1780069677015
157294906345
1780069678014
157337686447
1780069679015
157378114078
1780069680015
157420152423
1780069681012
157461781284
1780069682013
157504186387
1780069683015
157547290891
1780069684015
157592748294
1780069685015
157635152056
1780069686013
157677737701
1780069687013
157718441576
1780069688011
157759876285
1780069689013
157800875630
1780069690012
157841796302
1780069691015
157883045281
1780069692015
157923325939
1780069693012
157964340544
1780069694013
158005969038
1780069695014
158049318659
1780069696012
158092215766
1780069697014
158134410482
1780069698015
158177355990
1780069699017
158223287818
1780069700013
158264638115
1780069701013
158305696970
1780069702013
158346709438
1780069703012
158387806745
1780069704012
158430606013
1780069705014
158472906259
1780069706012
158515508261
1780069707013
158555839030
1780069708014
158597546198
1780069709012
158638910472
1780069710011
158679949308
1780069711013
158722083111
1780069712015
158763317746
1780069713013
158807250923
1780069714015
158851984878
1780069715015
158895345851
1780069716014
158937871804
1780069717015
158978421444
1780069718013
159018953323
1780069719012
159060529876
1780069720014
159100848132
1780069721013
159142440433
1780069722015
159182793784
1780069723013
159224606177
1780069724014
159266219474
1780069725013
159309725527
1780069726013
159352789626
1780069727016
159394768339
1780069728015
159438799599
1780069729015
159481625783
1780069730013
159522338386
1780069731012
159563265711
1780069732014
159604704264
1780069733014
159645473142
1780069734014
159688179087
1780069735013
159730706078
1780069736011
159773460546
1780069737014
159814139458
1780069738011
159856707281
1780069739015
159897309533
1780069740012
159938158062
1780069741015
159980054561
1780069742016
160020948682
1780069743013
160064200769
1780069744015
160109086213
1780069745012
160152496746
1780069746014
160194823298
1780069747015
160235424452
1780069748013
160276014008
1780069749012
160316897265
1780069750012
160356973701
1780069751015
160398424950
1780069752013
160439845620
1780069753013
160480501766
1780069754012
160522598277
1780069755012
160565538719
1780069756015
160607172401
1780069757012
160649306266
1780069758014
160692212284
1780069759012
160736798961
1780069760015
160777666777
1780069761013
160819269331
1780069762015
160859855348
1780069763014
160900770404
1780069764015
160942874118
1780069765012
160985266099
1780069766014
161026994874
1780069767015
161067609028
1780069768012
161108915746
1780069769014
161149651176
1780069770013
161190343577
1780069771013
161232079981
1780069772011
161273724894
1780069773015
161316435234
1780069774012
161362110166
1780069775012
161405369699
1780069776014
161448647054
1780069777013
161489737403
1780069778013
161531767996
1780069779015
161572909675
1780069780011
161613542994
1780069781013
161654554241
1780069782014
161695215087
1780069783014
161735702227
1780069784016
161778074006
1780069785012
161820757429
1780069786015
161862955258
1780069787014
161905102367
1780069788036
161948177391
1780069789015
161989075297
1780069790013
162030769282
1780069791013
162071887402
1780069792014
162112706755
1780069793015
162154128280
1780069794012
162196171873
1780069795015
162238269605
1780069796013
162280920070
1780069797013
162322190655
1780069798015
162363269651
1780069799011
162404611403
1780069800013
162445674775
1780069801015
162487410386
1780069802014
162529482910
1780069803013
162573056040
1780069804014
162617022481
1780069805015
162660302765
1780069806016
162702618148
1780069807012
162743156496
1780069808016
162787357860
1780069809014
162831383992
1780069810015
162871536844
1780069811014
162913401177
1780069812014
162954803293
1780069813013
162995716518
1780069814012
163038055033
1780069815014
163081982106
1780069816012
163125371582
1780069817015
163167189041
1780069818013
163211000330
1780069819015
163256918303
1780069820012
163298405136
1780069821014
163339442628
1780069822013
163380817583
1780069823015
163421884007
1780069824012
163463447926
1780069825015
163506076235
1780069826015
163548705581
1780069827014
163590166474
1780069828012
163630820117
1780069829012
163672788149
1780069830013
163714060322
1780069831015
163755624302
1780069832014
163796826284
1780069833012
163839741946
1780069834012
163884770517
1780069835011
163928767353
1780069836015
163970588779
1780069837011
164010860343
1780069838013
164052155709
1780069839014
164093543664
1780069840013
164134004559
1780069841012
164174965880
1780069842014
164215257342
1780069843014
164255089210
1780069844014
164297250540
1780069845012
164341316956
1780069846015
164384676036
1780069847014
164426004178
1780069848017
164468107708
1780069849014
164513953538
1780069850014
164554733646
1780069851012
164595974690
1780069852014
164636041909
1780069853012
164676309689
1780069854011
164718789805
1780069855013
164761938498
1780069856013
164805615755
1780069857012
164847494188
1780069858013
164887692754
1780069859013
164930165546
1780069860014
164971777134
1780069861011
165013719287
1780069862013
165054554021
1780069863011
165097541887
1780069864013
165142683617
1780069865015
165186004551
1780069866013
165228813280
1780069867015
165270466127
1780069868014
165311150654
1780069869016
165352332983
1780069870013
165392607538
1780069871013
165434038401
1780069872015
165474759305
1780069873013
165515507065
1780069874016
165557235291
1780069875013
165600306164
1780069876013
165642956018
1780069877015
165684576029
1780069878011
165728139943
1780069879015
165774629143
1780069880013
165816383614
1780069881013
165857495447
1780069882013
165898165448
1780069883011
165939245909
1780069884014
165981182814
1780069885012
166024276697
1780069886015
166066303140
1780069887012
166107658015
1780069888016
166148204176
1780069889013
166189916044
1780069890012
166230454881
1780069891012
166272290162
1780069892014
166319134219
1780069893138
166356730131
1780069894012
166403745453
1780069895015
166446814495
1780069896015
166489963738
1780069897011
166530875498
1780069898012
166572052578
1780069899013
166612871809
1780069900012
166653538148
1780069901014
166694293537
1780069902015
166735607884
1780069903013
166776721549
1780069904015
166819064641
1780069905016
166863219557
1780069906015
166905476590
1780069907012
166957546037
1780069908239
166991066459
1780069909015
167034866884
1780069910012
167076955094
1780069911015
167117993014
1780069912014
167158990284
1780069913013
167200197332
1780069914013
167242426411
1780069915011
167285029818
1780069916014
167327423508
1780069917015
167368575380
1780069918011
167409512287
1780069919011
167450808568
1780069920012
167491871451
1780069921012
167534440556
1780069922013
167575888082
1780069923012
167620322905
1780069924014
167665066503
1780069925014
167708432542
1780069926012
167750363282
1780069927015
167791501482
1780069928013
167832989902
1780069929014
167874101002
1780069930014
167914275277
1780069931014
167955039211
1780069932012
167996466046
1780069933015
168037271361
1780069934012
168079547010
1780069935012
168123017540
1780069936014
168165759985
1780069937015
168207827382
1780069938013
168251741698
1780069939014
168297615543
1780069940014
168339668414
1780069941012
168381140049
1780069942012
168422276479
1780069943014
168462787240
1780069944011
168505563192
1780069945014
168548327853
1780069946015
168590145556
1780069947015
168631538517
1780069948012
168672480245
1780069949015
168714026403
1780069950013
168755024834
1780069951013
168797758611
1780069952015
168839426595
1780069953011
168884087247
1780069954012
168927429116
1780069955013
168970170401
1780069956014
169012731449
1780069957012
169062381225
1780069958015
169107617437
1780069959013
169150651567
1780069960016
169191991061
1780069961012
169233728991
1780069962015
169275756167
1780069963016
169316114523
1780069964013
169358409886
1780069965012
169402535688
1780069966015
169443878539
1780069967013
169485186295
1780069968012
169527418303
1780069969013
169573039829
1780069970015
169614938892
1780069971014
169655977605
1780069972013
169697606222
1780069973013
169738535927
1780069974016
169780573295
1780069975012
169823420414
1780069976015
169865572894
1780069977014
169907105808
1780069978015
169947563468
1780069979012
169988781746
1780069980011
170030103540
1780069981016
170071829690
1780069982013
170113149226
1780069983014
170156292792
1780069984014
170201234693
1780069985014
170243982814
1780069986015
170286427591
1780069987013
170328032464
1780069988011
170368886791
1780069989014
170410573391
1780069990012
170451375899
1780069991014
170493043395
1780069992011
170536076732
1780069993012
170577074246
1780069994014
170618503645
1780069995014
170661966485
1780069996015
170704070686
1780069997015
170746263388
1780069998015
170788679845
1780069999012
170833792766
1780070000012
170875832454
1780070001013
170917479320
1780070002013
170957558624
1780070003014
170998480760
1780070004014
171041876401
1780070005014
171083943432
1780070006013
171126126613
1780070007012
171167257367
1780070008013
171208415587
1780070009013
171249366837
1780070010015
171291695525
1780070011013
171333381209
1780070012015
171374697449
1780070013011
171418631845
1780070014015
171464128372
1780070015011
171507069912
1780070016013
171548201155
1780070017013
171589913572
1780070018013
171630833206
1780070019012
171672118013
1780070020015
171712506581
1780070021011
171754275456
1780070022015
171795090476
1780070023014
171835924906
1780070024013
171877966119
1780070025014
171921042363
1780070026015
171963151814
1780070027014
172004511998
1780070028013
172048725630
1780070029014
172090610716
1780070030012
172132588514
1780070031014
172174737271
1780070032015
172216365704
1780070033015
172257034484
1780070034015
172300014843
1780070035016
172342394190
1780070036012
172384472085
1780070037011
172425191647
1780070038015
172465947157
1780070039015
172506703096
1780070040011
172549220504
1780070041014
172591944332
1780070042016
172633788586
1780070043015
172676932518
1780070044011
172724143762
1780070045012
172767620396
1780070046013
172809363087
1780070047012
172851549869
1780070048015
172892992512
1780070049014
172935446017
1780070050016
172975524161
1780070051013
173016787849
1780070052016
173058395226
1780070053013
173098731853
1780070054015
173140217709
1780070055013
173183325387
1780070056016
173224704736
1780070057014
173266724160
1780070058012
173308893669
1780070059015
173351803105
1780070060012
173393285543
1780070061011
173435514744
1780070062012
173476676443
1780070063014
173517843207
1780070064013
173560726032
1780070065015
173603911407
1780070066013
173646264082
1780070067013
173687606872
1780070068014
173728799332
1780070069016
173768845555
1780070070013
173811019459
1780070071015
173852662296
1780070072011
173895038897
1780070073013
173939330959
1780070074015
173983305822
1780070075012
174027429427
1780070076013
174070230587
1780070077013
174112024792
1780070078014
174153199003
1780070079014
174194628767
1780070080013
174235007692
1780070081012
174276234576
1780070082012
174316855261
1780070083011
174357140741
1780070084012
174399600777
1780070085014
174442644612
1780070086015
174484281041
1780070087013
174527232713
1780070088037
174569413391
1780070089014
174614400031
1780070090015
174655061121
1780070091013
174696864054
1780070092011
174737931331
1780070093016
174777792496
1780070094012
174820078521
1780070095013
174863045696
1780070096015
174905157161
1780070097013
174946803538
1780070098012
174987412382
1780070099013
175027746568
1780070100014
175070258422
1780070101013
175111936111
1780070102012
175153355744
1780070103013
175196815044
1780070104015
175242942246
1780070105012
175286011410
1780070106015
175327880932
1780070107011
175369010465
1780070108012
175409697922
1780070109014
175450671450
1780070110016
175490861411
1780070111014
175532139320
1780070112014
175572529781
1780070113012
175614364146
1780070114013
175656292689
1780070115015
175698554910
1780070116012
175741221243
1780070117012
175782868170
1780070118013
175826089251
1780070119015
175871827660
1780070120012
175912660319
1780070121013
175954965935
1780070122013
175995224866
1780070123015
176036098601
1780070124014
176077784225
1780070125014
176120232968
1780070126014
176162166943
1780070127012
176203181853
1780070128014
176244118943
1780070129014
176284249150
1780070130013
176325816976
1780070131011
176367546911
1780070132012
176408525932
1780070133014
176451589298
1780070134011
176497177560
1780070135013
176541190631
1780070136014
176582730808
1780070137013
176623965321
1780070138014
176664981025
1780070139013
176705891076
1780070140014
176746859782
1780070141013
176787864560
1780070142012
176828134538
1780070143013
176868636082
1780070144015
176910403858
1780070145012
176954250975
1780070146014
176996637036
1780070147015
177036975373
1780070148011
177079729169
1780070149012
177123259637
1780070150012
177163806652
1780070151013
177206125025
1780070152014
177246982525
1780070153014
177288022215
1780070154015
177331603830
1780070155014
177373941063
1780070156013
177416118994
1780070157014
177457219475
1780070158014
177498471750
1780070159016
177539145657
1780070160014
177579728133
1780070161015
177621771300
1780070162011
177662692704
1780070163015
177705476591
1780070164012
177752520355
1780070165013
177796586282
1780070166016
177837589107
1780070167013
177877947585
1780070168014
177919122223
1780070169015
177960082629
1780070170015
178000446051
1780070171013
178041496483
1780070172013
178082480325
1780070173012
178123338680
1780070174014
178165491954
1780070175014
178208509605
1780070176011
178251321385
1780070177015
178291902885
1780070178015
178335230716
1780070179015
178376034445
1780070180013
178416547524
1780070181013
178458766227
1780070182014
178499317820
1780070183014
178539890226
1780070184014
178582586772
1780070185015
178624920282
1780070186012
178667426155
1780070187015
178707799831
1780070188015
178748555830
1780070189012
178789394470
1780070190013
178829926227
1780070191014
178872369783
1780070192015
178913908739
1780070193012
178957015135
1780070194015
179003529481
1780070195011
179046882764
1780070196013
179089150417
1780070197011
179130332135
1780070198014
179171765501
1780070199013
179212654983
1780070200015
179252994358
1780070201012
179293687735
1780070202014
179334673775
1780070203014
179374852078
1780070204012
179416698895
1780070205015
179459767632
1780070206015
179502336066
1780070207013
179543876365
1780070208012
179586554173
1780070209013
179630320357
1780070210015
179671570190
1780070211012
179712878556
1780070212014
179753953280
1780070213014
179795925036
1780070214013
179838282593
1780070215015
179880883497
1780070216014
179923448086
1780070217013
179964259505
1780070218015
180005287293
1780070219015
180045316548
1780070220013
180085741371
1780070221014
180128282156
1780070222011
180170024969
1780070223015
180212792133
1780070224015
180257990442
1780070225012
180301170935
1780070226015
180343679859
1780070227013
180384183906
1780070228013
180425892844
1780070229015
180466429545
1780070230014
180506782957
1780070231011
180547626969
1780070232013
180588230869
1780070233015
180628979971
1780070234014
180671331425
1780070235014
180714768631
1780070236013
180757229582
1780070237015
180798857405
1780070238014
180841107174
1780070239011
180884919806
1780070240012
180926462608
1780070241014
180967840493
1780070242011
181008982111
1780070243014
181050134349
1780070244016
181091460965
1780070245011
181133823222
1780070246015
181177078726
1780070247015
181217977975
1780070248014
181259013453
1780070249012
181299619856
1780070250014
181340364441
1780070251013
181383507519
1780070252012
181425057828
1780070253038
181466769391
1780070254015
181511957386
1780070255012
181555643675
1780070256015
181598764537
1780070257013
181639353727
1780070258014
181681287946
1780070259013
181722488890
1780070260016
181763379838
1780070261015
181804507723
1780070262017
181845157338
1780070263015
181886826055
1780070264012
181929191059
1780070265012
181971721773
1780070266013
182014408919
1780070267012
182055106325
1780070268013
182097503311
1780070269014
182138039828
1780070270014
182178655813
1780070271014
182220191046
1780070272012
182263951310
1780070273014
182310642109
1780070274015
182353674042
1780070275013
182396282698
1780070276015
182437919676
1780070277012
182479962293
1780070278015
182521283903
1780070279014
182561794420
1780070280014
182603367983
1780070281015
182645705643
1780070282012
182687424286
1780070283015
182729390610
1780070284014
182773280939
1780070285014
182817721316
1780070286012
182859958329
1780070287013
182900792209
1780070288012
182942782947
1780070289015
182983912907
1780070290014
183026199664
1780070291013
183068126254
1780070292015
183108480887
1780070293014
183149915595
1780070294012
183191744406
1780070295016
183234646335
1780070296013
183277554062
1780070297015
183318883912
1780070298014
183362991160
1780070299015
183406144431
1780070300013
183447381203
1780070301014
183488959100
1780070302014
183530197092
1780070303013
183571133633
1780070304014
183613902017
1780070305012
183656456596
1780070306015
183698407050
1780070307013
183739357567
1780070308013
183780430033
1780070309014
183821128904
1780070310015
183862064895
1780070311011
183904807156
1780070312011
183946060041
1780070313013
183988519161
1780070314012
184033742373
1780070315013
184077416089
1780070316013
184118985197
1780070317014
184160234237
1780070318013
184201554565
1780070319015
184242872209
1780070320014
184283607090
1780070321015
184324810292
1780070322012
184365216012
1780070323013
184406840600
1780070324014
184449040138
1780070325014
184492243274
1780070326014
184534024234
1780070327015
184575292744
1780070328015
184618866607
1780070329012
184664444799
1780070330011
184705437980
1780070331012
184747567206
1780070332013
184789644918
1780070333014
184830456947
1780070334013
184873371083
1780070335014
184915965151
1780070336013
184957700396
1780070337014
184999943879
1780070338015
185042371383
1780070339015
185083621399
1780070340013
185125417862
1780070341013
185167415557
1780070342014
185210406902
1780070343038
185252971002
1780070344014
185298080140
1780070345014
185341880076
1780070346014
185384418175
1780070347014
185424716717
1780070348014
185466862666
1780070349011
185508649364
1780070350012
185550156521
1780070351017
185591451764
1780070352012
185632662596
1780070353012
185673070818
1780070354013
185715158784
1780070355011
185757831526
1780070356014
185800266232
1780070357015
185842106152
1780070358014
185885390831
1780070359013
185929912262
1780070360014
185971335069
1780070361012
186013008851
1780070362016
186054788957
1780070363013
186095668369
1780070364013
186138239671
1780070365012
186180724486
1780070366012
186223898631
1780070367013
186265454433
1780070368012
186306736981
1780070369012
186349166438
1780070370014
186391195383
1780070371015
186432931116
1780070372011
186475805518
1780070373014
186518783985
1780070374015
186564014277
1780070375014
186607511663
1780070376015
186649644734
1780070377012
186691535984
1780070378012
186733001881
1780070379012
186775738710
1780070380015
186816431233
1780070381014
186858298435
1780070382013
186898931205
1780070383016
186940144723
1780070384012
186983098470
1780070385014
187026463593
1780070386013
187068472946
1780070387015
187110498290
1780070388011
187154083323
1780070389013
187200125930
1780070390015
187241604827
1780070391013
187283244003
1780070392012
187325068481
1780070393012
187366913344
1780070394014
187409875698
1780070395012
187452611672
1780070396014
187494844963
1780070397013
187536249154
1780070398012
187579458943
1780070399014
187620716894
1780070400015
187662680470
1780070401013
187705000736
1780070402014
187747426164
1780070403015
187790197295
1780070404014
187831881575
1780070405012
187875464289
1780070406014
187917914802
1780070407015
187958728052
1780070408011
188001370521
1780070409011
188043581351
1780070410013
188084501961
1780070411012
188125662134
1780070412015
188166286847
1780070413014
188207871824
1780070414015
188249991284
1780070415015
188292931665
1780070416013
188334813760
1780070417013
188376112543
1780070418011
188419057868
1780070419013
188464370862
1780070420015
188506463161
1780070421014
188547958844
1780070422015
188588616699
1780070423011
188629935868
1780070424013
188673420742
1780070425013
188716317300
1780070426015
188758992178
1780070427015
188799217844
1780070428014
188840670558
1780070429015
188882687967
1780070430014
188923527523
1780070431015
188966349008
1780070432014
189009736775
1780070433038
189052341708
1780070434013
189097902871
1780070435014
189140444937
1780070436014
189183258304
1780070437014
189223980246
1780070438014
189265890661
1780070439016
189308389270
1780070440015
189348832770
1780070441012
189390204979
1780070442013
189431896950
1780070443014
189472753229
1780070444015
189514708749
1780070445012
189557377463
1780070446012
189598556740
1780070447013
189639900995
1780070448013
189682630988
1780070449014
189727984754
1780070450013
189769584562
1780070451012
189810637374
1780070452013
189851612123
1780070453012
189893927139
1780070454012
189936916226
1780070455015
189979628763
1780070456014
190021761467
1780070457014
190062710581
1780070458012
190104109889
1780070459013
190145025373
1780070460012
190186191833
1780070461013
190228399061
1780070462013
190270791836
1780070463013
190314060951
1780070464016
190359636640
1780070465012
190402449397
1780070466011
190444900216
1780070467012
190485772120
1780070468013
190527879068
1780070469012
190569848931
1780070470012
190610529552
1780070471014
190651820401
1780070472015
190692381638
1780070473015
190732548039
1780070474013
190774840777
1780070475014
190817516144
1780070476015
190859389328
1780070477014
190900783204
1780070478014
190944036145
1780070479014
190989826067
1780070480015
191031498873
1780070481012
191072776843
1780070482015
191113741643
1780070483014
191155600056
1780070484014
191198304659
1780070485013
191240896103
1780070486013
191282769531
1780070487013
191323472429
1780070488015
191364259373
1780070489012
191405274588
1780070490015
191446719734
1780070491014
191487822778
1780070492013
191529832741
1780070493011
191572645620
1780070494012
191614800053
1780070495013
191657831254
1780070496015
191698817355
1780070497013
191740532885
1780070498015
191784053831
1780070499011
191825446181
1780070500012
191866445771
1780070501011
191907380358
1780070502015
191948092901
1780070503013
191989302024
1780070504011
192031552770
1780070505014
192075526840
1780070506013
192117091369
1780070507013
192158515030
1780070508013
192201312284
1780070509012
192247673616
1780070510013
192290005111
1780070511013
192330825197
1780070512011
192371175619
1780070513011
192413564060
1780070514013
192456462998
1780070515012
192499049315
1780070516014
192540450576
1780070517014
192581143282
1780070518014
192623063768
1780070519014
192664313601
1780070520013
192705877704
1780070521013
192747907320
1780070522012
192789171497
1780070523015
192832136597
1780070524013
192874312453
1780070525012
192917563869
1780070526014
192959891458
1780070527014
193002078545
1780070528012
193047311522
1780070529012
193089464124
1780070530015
193130345917
1780070531012
193171660203
1780070532013
193211740362
1780070533011
193253031821
1780070534014
193295527378
1780070535014
193338606126
1780070536015
193380679931
1780070537014
193422044083
1780070538014
193465608181
1780070539013
193510218845
1780070540013
193551778981
1780070541015
193593937625
1780070542012
193634756796
1780070543012
193677073399
1780070544012
193720313828
1780070545013
193763509152
1780070546014
193806276986
1780070547015
193846670926
1780070548011
193888032514
1780070549013
193929430907
1780070550014
193970472672
1780070551012
194012443451
1780070552015
194054383590
1780070553015
194098335199
1780070554012
194143687011
1780070555015
194186861217
1780070556011
194228586269
1780070557015
194270531657
1780070558012
194312865472
1780070559013
194359346188
1780070560011
194401965525
1780070561013
194444544334
1780070562013
194486215126
1780070563013
194531628706
1780070564013
194574890741
1780070565013
194617835334
1780070566012
194659600852
1780070567014
194702607089
1780070568038
194744566638
1780070569013
194788447263
1780070570015
194829671950
1780070571015
194870877166
1780070572012
194911622179
1780070573013
194954016297
1780070574015
194996599074
1780070575012
195039383693
1780070576017
195081143962
1780070577012
195121918272
1780070578013
195163323439
1780070579013
195204442597
1780070580012
195245619737
1780070581014
195286947940
1780070582015
195327654500
1780070583013
195371726043
1780070584015
195418294954
1780070585012
195461153243
1780070586015
195503218443
1780070587011
195543562212
1780070588013
195583818945
1780070589012
195624834648
1780070590013
195665723459
1780070591015
195707081996
1780070592014
195752828400
1780070593015
195793534411
1780070594015
195836708373
1780070595014
195880126353
1780070596014
195922467980
1780070597015
195964054238
1780070598015
196007463673
1780070599015
196050475831
1780070600014
196091650286
1780070601015
196132816624
1780070602011
196173264640
1780070603012
196214310006
1780070604012
196257859883
1780070605013
196301051056
1780070606014
196342797959
1780070607016
196383029179
1780070608013
196423414757
1780070609013
196463693890
1780070610014
196505072507
1780070611016
196546862927
1780070612013
196587487884
1780070613012
196631360147
1780070614013
196678340374
1780070615014
196721746268
1780070616015
196763551093
1780070617013
196804668481
1780070618013
196846429787
1780070619012
196887286860
1780070620013
196928476330
1780070621017
196969394316
1780070622012
197010089769
1780070623015
197050111456
1780070624012
197092528767
1780070625012
197135662384
1780070626012
197177748275
1780070627013
197220524655
1780070628038
197263511178
1780070629016
197304384669
1780070630011
197345946636
1780070631014
197387432308
1780070632013
197428323256
1780070633011
197469951262
1780070634012
197513222453
1780070635014
197556316031
1780070636011
197598474615
1780070637015
197638772974
1780070638014
197679894023
1780070639015
197720368468
1780070640013
197761828811
1780070641013
197803593475
1780070642013
197845133896
1780070643014
197888950678
1780070644011
197933371951
1780070645013
197976546950
1780070646014
198018914212
1780070647013
198059851913
1780070648015
198101994566
1780070649014
198143646193
1780070650013
198184524506
1780070651013
198225329455
1780070652012
198265740302
1780070653015
198306350061
1780070654013
198349013770
1780070655013
198391776722
1780070656011
198435698485
1780070657012
198478560191
1780070658038
198520259487
1780070659013
198566591338
1780070660013
198608449935
1780070661015
198649530701
1780070662014
198689868671
1780070663013
198731184606
1780070664014
198774161363
1780070665015
198817179991
1780070666014
198859499768
1780070667015
198900286834
1780070668012
198941601792
1780070669013
198982055485
1780070670011
199023645649
1780070671015
199065281956
1780070672013
199106200797
1780070673014
199149068729
1780070674011
199196228886
1780070675012
199239155717
1780070676014
199280812654
1780070677013
199321038442
1780070678013
199362865362
1780070679015
199403799949
1780070680015
199444893533
1780070681013
199486187251
1780070682015
199526617201
1780070683011
199566622408
1780070684012
199608393114
1780070685013
199652479672
1780070686012
199694938913
1780070687016
199735609647
1780070688012
199778304850
1780070689011
199820377618
1780070690014
199866741330
1780070691014
199906899797
1780070692012
199947625339
1780070693012
199988263907
1780070694011
200032438294
1780070695016
200074311599
1780070696013
200116401335
1780070697013
200156998277
1780070698013
200198151309
1780070699014
200239913043
1780070700015
200280980870
1780070701012
200323454760
1780070702013
200364885257
1780070703013
200408042984
1780070704015
200454266620
1780070705013
200497003144
1780070706013
200540296368
1780070707014
200581447569
1780070708014
200622153398
1780070709013
200663433138
1780070710011
200704498524
1780070711014
200745616522
1780070712015
200786113976
1780070713014
200827163798
1780070714015
200869780388
1780070715015
200913430240
1780070716013
200955379412
1780070717012
200996914462
1780070718013
201040385420
1780070719014
201084867545
1780070720014
201126271004
1780070721011
201167585290
1780070722015
201208055645
1780070723015
201248526428
1780070724012
201291267590
1780070725014
201333848231
1780070726015
201375638285
1780070727013
201416533383
1780070728013
201457468398
1780070729013
201499461699
1780070730013
201541457502
1780070731014
201583339780
1780070732011
201624135269
1780070733014
201667368801
1780070734014
201714504117
1780070735014
201759028478
1780070736015
201801046925
1780070737013
201841888068
1780070738014
201882618311
1780070739013
201924397745
1780070740015
201965756709
1780070741015
202006636426
1780070742012
202047922148
1780070743013
202088579148
1780070744013
202130819396
1780070745011
202173598767
1780070746015
202215620571
1780070747014
202256616132
1780070748012
202300627372
1780070749015
202344054324
1780070750012
202385861529
1780070751014
202427086643
1780070752014
202466849420
1780070753011
202507200635
1780070754012
202550168848
1780070755014
202592785255
1780070756015
202635137868
1780070757014
202675139353
1780070758013
202716856592
1780070759012
202758482523
1780070760015
202800098384
1780070761012
202842095163
1780070762013
202883414393
1780070763014
202927031408
1780070764014
202971872663
1780070765016
203014483760
1780070766013
203057353035
1780070767015
203097747280
1780070768013
203139612956
1780070769012
203180950497
1780070770013
203222356092
1780070771012
203263614104
1780070772014
203303955492
1780070773014
203343908088
1780070774012
203386409993
1780070775013
203428985629
1780070776015
203471102098
1780070777012
203514013426
1780070778038
203556102002
1780070779012
203596869415
1780070780011
203638666366
1780070781014
203679639894
1780070782015
203720396748
1780070783016
203766278222
1780070784013
203810098300
1780070785016
203852442247
1780070786015
203894336183
1780070787012
203934589681
1780070788012
203975363380
1780070789013
204016939812
1780070790015
204057694224
1780070791011
204099415126
1780070792014
204140488568
1780070793013
204183247370
1780070794015
204230169308
1780070795015
204273632880
1780070796014
204316393574
1780070797014
204356604653
1780070798013
204397538813
1780070799015
204439272654
1780070800014
204480616176
1780070801015
204522143536
1780070802012
204562308838
1780070803012
204603014422
1780070804012
204645719757
1780070805014
204688512067
1780070806015
204730604916
1780070807013
204771480605
1780070808012
204814163967
1780070809012
204858015540
1780070810013
204899903616
1780070811011
204940186350
1780070812013
204980851224
1780070813015
205021120774
1780070814013
205063287231
1780070815012
205106185742
1780070816011
205148477870
1780070817014
205188853621
1780070818013
205230045105
1780070819014
205270754107
1780070820012
205313432098
1780070821013
205355212631
1780070822014
205396830078
1780070823014
205440102734
1780070824015
205484765400
1780070825013
205527790314
1780070826011
205569304002
1780070827012
205609734257
1780070828013
205650656089
1780070829013
205692370398
1780070830015
205733542351
1780070831014
205774581125
1780070832012
205814634917
1780070833015
205855317308
1780070834014
205896764956
1780070835012
205939883376
1780070836015
205982159390
1780070837014
206023143783
1780070838013
206067417839
1780070839014
206109145454
1780070840016
206149848353
1780070841015
206191022930
1780070842013
206231383545
1780070843013
206272097369
1780070844013
206314891083
1780070845014
206358033245
1780070846012
206400165522
1780070847014
206440286574
1780070848014
206480390537
1780070849014
206520905204
1780070850015
206561761727
1780070851014
206604403708
1780070852015
206645409340
1780070853013
206688280385
1780070854015
206734911003
1780070855011
206778368106
1780070856011
206820329547
1780070857013
206861648289
1780070858012
206901936333
1780070859016
206942819285
1780070860013
206983072783
1780070861014
207025453106
1780070862015
207066924375
1780070863013
207107530716
1780070864013
207149583343
1780070865015
207192537945
1780070866014
207234157284
1780070867014
207275899914
1780070868037
207317722255
1780070869015
207364468901
1780070870014
207405958297
1780070871014
207448492184
1780070872014
207488258806
1780070873013
207528913426
1780070874015
207570845692
1780070875015
207613527773
1780070876013
207655134722
1780070877015
207695674596
1780070878015
207736365532
1780070879012
207776864024
1780070880013
207818083279
1780070881015
207860240581
1780070882012
207902230281
1780070883011
207945660284
1780070884013
207991456615
1780070885012
208035514058
1780070886015
208078342562
1780070887014
208118868825
1780070888012
208160071906
1780070889013
208201893088
1780070890015
208242224405
1780070891013
208284042963
1780070892013
208324278333
1780070893013
208364426912
1780070894013
208406513413
1780070895012
208449169493
1780070896014
208491283582
1780070897012
208532789152
1780070898013
208576410928
1780070899014
208622096297
1780070900015
208663572692
1780070901015
208705184280
1780070902013
208745956941
1780070903015
208785888541
1780070904013
208828260747
1780070905013
208871522782
1780070906015
208912827669
1780070907013
208953850086
1780070908013
208994214851
1780070909012
209035828270
1780070910014
209077118752
1780070911015
209118672357
1780070912013
209160597360
1780070913014
209203162924
1780070914015
209248331510
1780070915012
209291810341
1780070916015
209333346856
1780070917015
209373261244
1780070918013
209413309664
1780070919015
209454673999
1780070920014
209495167914
1780070921015
209536825095
1780070922011
209577837563
1780070923012
209618681575
1780070924013
209661948249
1780070925015
209704804279
1780070926014
209748020477
1780070927015
209788464221
1780070928014
209831890380
1780070929012
209878637452
1780070930014
209919095967
1780070931012
209960263708
1780070932012
210001287041
1780070933015
210041494824
1780070934013
210083858180
1780070935013
210127793919
1780070936013
210170901292
1780070937015
210211534977
1780070938015
210252644491
1780070939016
210293245156
1780070940011
210335443595
1780070941015
210376590462
1780070942012
210418034204
1780070943013
210461551243
1780070944015
210503358387
1780070945011
210547531248
1780070946012
210588573745
1780070947012
210629896943
1780070948013
210674367593
1780070949014
210715647456
1780070950014
210756727978
1780070951013
210798331082
1780070952012
210838319871
1780070953013
210879592776
1780070954013
210921884660
1780070955013
210964789091
1780070956014
211006850201
1780070957015
211047106263
1780070958014
211090679760
1780070959014
211136722428
1780070960015
211178254426
1780070961012
211220025376
1780070962013
211260182256
1780070963014
211301702352
1780070964013
211343991733
1780070965013
211387469894
1780070966014
211429223449
1780070967013
211469998491
1780070968015
211511007358
1780070969012
211552047170
1780070970014
211592890693
1780070971013
211634868491
1780070972015
211675076640
1780070973014
211718286246
1780070974014
211763304625
1780070975014
211807279915
1780070976013
211849032127
1780070977011
211889437969
1780070978015
211930294798
1780070979012
211972905651
1780070980013
212014511074
1780070981013
212055750531
1780070982011
212096680480
1780070983016
212137038531
1780070984013
212178858493
1780070985011
212222216414
1780070986015
212263467590
1780070987013
212304929093
1780070988015
212347295195
1780070989015
212391460365
1780070990013
212432098079
1780070991012
212474454232
1780070992012
212515266262
1780070993015
212555649947
1780070994013
212598078061
1780070995011
212640783152
1780070996011
212682870752
1780070997011
212723411115
1780070998015
212763742066
1780070999012
212804475421
1780071000012
212845398901
1780071001013
212887458424
1780071002013
212928747686
1780071003012
212971765520
1780071004012
213015949245
1780071005013
213059779943
1780071006012
213101862355
1780071007015
213142293831
1780071008011
213183453333
1780071009014
213224409283
1780071010013
213264986022
1780071011015
213306692641
1780071012016
213347047702
1780071013013
213388012502
1780071014011
213430856508
1780071015013
213473665359
1780071016016
213516001554
1780071017013
213557917950
1780071018011
213600960809
1780071019015
213646346496
1780071020013
213687750077
1780071021014
213729526337
1780071022014
213770229175
1780071023015
213810651801
1780071024014
213852430075
1780071025013
213896463715
1780071026012
213940462870
1780071027012
213981158810
1780071028012
214021459000
1780071029014
214061277990
1780071030012
214102113518
1780071031015
214143955574
1780071032014
214185820335
1780071033015
214228159155
1780071034014
214271908188
1780071035012
214314980099
1780071036015
214358197457
1780071037015
214399167018
1780071038013
214440064984
1780071039012
214480464295
1780071040013
214520906147
1780071041015
214562167699
1780071042012
214602915703
1780071043012
214642882214
1780071044015
214684578457
1780071045014
214727874611
1780071046015
214768934443
1780071047012
214810928170
1780071048038
214851726833
1780071049015
214895790380
1780071050014
214935946100
1780071051013
214976385450
1780071052014
215017804960
1780071053015
215057929613
1780071054013
215099864748
1780071055014
215143579235
1780071056015
215185539638
1780071057015
215226374128
1780071058012
215266326114
1780071059014
215306925131
1780071060012
215347501260
1780071061011
215389152337
1780071062014
215430785715
1780071063015
215473565268
1780071064015
215518501493
1780071065013
215562570533
1780071066012
215605504933
1780071067012
215647298832
1780071068011
215687836753
1780071069012
215728959268
1780071070015
215769145383
1780071071012
215810404921
1780071072013
215850791170
1780071073011
215892476671
1780071074013
215933979922
1780071075013
215977574659
1780071076013
216020195949
1780071077014
216062727456
1780071078013
216104855095
1780071079013
216150663999
1780071080014
216191117691
1780071081015
216232124605
1780071082014
216273013783
1780071083014
216313706367
1780071084013
216356607014
1780071085012
216399668854
1780071086014
216442857159
1780071087011
216485117854
1780071088014
216526578503
1780071089013
216567013946
1780071090013
216607777758
1780071091012
216649849915
1780071092014
216690116902
1780071093012
216732429660
1780071094013
216777945840
1780071095013
216822188280
1780071096017
216865549070
1780071097014
216906594620
1780071098015
216946921115
1780071099015
216988891040
1780071100012
217029623174
1780071101012
217071120749
1780071102013
217111347330
1780071103011
217153056940
1780071104012
217195146188
1780071105011
217238649067
1780071106013
217281687776
1780071107014
217324092940
1780071108038
217365379334
1780071109014
217409748239
1780071110012
217450626369
1780071111012
217491727399
1780071112013
217532706237
1780071113014
217573566728
1780071114014
217615311006
1780071115013
217657908187
1780071116015
217701327692
1780071117014
217741814893
1780071118012
217781607882
1780071119016
217822790699
1780071120014
217863383552
1780071121012
217905093650
1780071122014
217946270242
1780071123012
217988962698
1780071124011
218034533077
1780071125013
218077977973
1780071126015
218120195822
1780071127013
218161851538
1780071128014
218202108271
1780071129014
218242735913
1780071130013
218283111970
1780071131011
218324014148
1780071132013
218364853765
1780071133012
218405108422
1780071134011
218447623572
1780071135012
218490691272
1780071136016
218532694705
1780071137012
218574877702
1780071138038
218617350433
1780071139014
218659737043
1780071140012
218700643371
1780071141011
218741956498
1780071142014
218782904819
1780071143015
218822730705
1780071144015
218864691352
1780071145014
218907301778
1780071146012
218950472505
1780071147013
218991185780
1780071148012
219031684150
1780071149015
219072258692
1780071150016
219112965375
1780071151012
219154826718
1780071152012
219196792065
1780071153013
219240266929
1780071154015
219285572599
1780071155016
219328637552
1780071156015
219371792044
1780071157014
219412834969
1780071158013
219454574913
1780071159012
219496221413
1780071160012
219536803829
1780071161013
219577717542
1780071162013
219618287018
1780071163014
219659255969
1780071164012
219701639893
1780071165013
219748485599
1780071166014
219791610183
1780071167011
219833588591
1780071168037
219875933759
1780071169013
219919686637
1780071170015
219961069100
1780071171015
220001462978
1780071172014
220042015670
1780071173012
220082158817
1780071174012
220124253558
1780071175013
220166094027
1780071176013
220208223802
1780071177014
220248762760
1780071178013
220289232994
1780071179013
220329678935
1780071180015
220370167845
1780071181015
220411904677
1780071182012
220454907740
1780071183038
220497027078
1780071184011
220541464404
1780071185012
220585150144
1780071186015
220628129831
1780071187011
220669009670
1780071188013
220710043623
1780071189014
220750871827
1780071190011
220791777056
1780071191012
220833640780
1780071192015
220876390975
1780071193011
220917517762
1780071194014
220959180741
1780071195015
221002718228
1780071196015
221044433209
1780071197012
221086368587
1780071198013
221129074288
1780071199011
221172559101
1780071200014
221213487158
1780071201012
221254041132
1780071202011
221295610849
1780071203015
221336135038
1780071204013
221378257183
1780071205013
221420589900
1780071206012
221462718271
1780071207012
221504463525
1780071208015
221544942059
1780071209014
221585274781
1780071210013
221626361284
1780071211014
221668121493
1780071212015
221710134935
1780071213014
221753063353
1780071214014
221797083626
1780071215014
221840122273
1780071216015
221882620394
1780071217016
221924045825
1780071218013
221964411750
1780071219013
222006222983
1780071220013
222046847208
1780071221014
222087797786
1780071222014
222128112624
1780071223013
222169475983
1780071224015
222211090928
1780071225013
222253869871
1780071226014
222295493605
1780071227014
222336019929
1780071228013
222379875347
1780071229014
222425874313
1780071230014
222466937319
1780071231015
222508007465
1780071232013
222549062108
1780071233013
222589696282
1780071234013
222632274786
1780071235015
222674379842
1780071236012
222716693637
1780071237014
222758343616
1780071238013
222798836127
1780071239014
222839075221
1780071240015
222880502849
1780071241015
222922011166
1780071242014
222963353772
1780071243015
223005728786
1780071244013
223051068025
1780071245013
223093784103
1780071246012
223136227903
1780071247016
223179062266
1780071248011
223219520292
1780071249012
223260097336
1780071250012
223301251101
1780071251013
223342107686
1780071252015
223382969947
1780071253015
223422917049
1780071254012
223464487621
1780071255011
223507853355
1780071256013
223549978552
1780071257015
223591284050
1780071258015
223633588446
1780071259014
223679839731
1780071260011
223721938134
1780071261016
223762803813
1780071262012
223804295162
1780071263012
223844475235
1780071264012
223886406158
1780071265013
223928947553
1780071266015
223970726377
1780071267013
224012305616
1780071268013
224052423494
1780071269012
224093230885
1780071270015
224134057379
1780071271014
224176067282
1780071272013
224217950475
1780071273014
224261120531
1780071274014
224307069449
1780071275014
224350143984
1780071276014
224392257463
1780071277013
224434162690
1780071278014
224474746327
1780071279013
224514996040
1780071280011
224555845057
1780071281015
224596914166
1780071282012
224637996153
1780071283012
224678411149
1780071284013
224719958284
1780071285011
224762862532
1780071286013
224805059934
1780071287012
224847081616
1780071288037
224888474821
1780071289011
224931143962
1780071290011
224971889341
1780071291014
225013026199
1780071292015
225053165561
1780071293013
225092795037
1780071294011
225135585272
1780071295012
225177766316
1780071296014
225220277377
1780071297015
225262380602
1780071298014
225302803228
1780071299013
225342614344
1780071300015
225383896465
1780071301013
225425652095
1780071302014
225467802805
1780071303014
225509678736
1780071304015
225551458231
1780071305015
225594339530
1780071306014
225635519234
1780071307012
225676884607
1780071308012
225717635906
1780071309014
225758311827
1780071310014
225798538043
1780071311013
225839900486
1780071312012
225880339469
1780071313012
225920630015
1780071314012
225962255946
1780071315012
226005889624
1780071316012
226048298268
1780071317014
226090146122
1780071318014
226133355972
1780071319015
226179951556
1780071320011
226223696134
1780071321013
226265268903
1780071322013
226306076111
1780071323015
226346036702
1780071324013
226387966832
1780071325014
226430821946
1780071326015
226471766483
1780071327011
226512871846
1780071328013
226553190408
1780071329013
226594484003
1780071330013
226635072522
1780071331015
226677704249
1780071332015
226719636087
1780071333013
226762607962
1780071334014
226807208251
1780071335013
226850187450
1780071336012
226892708948
1780071337015
226934246378
1780071338012
226974516538
1780071339013
227015707412
1780071340014
227056646150
1780071341015
227097865466
1780071342014
227139144413
1780071343012
227179160790
1780071344014
227220654519
1780071345012
227263878347
1780071346013
227306053348
1780071347013
227347187276
1780071348013
227390311495
1780071349013
227433113143
1780071350015
227473826234
1780071351013
227515358660
1780071352014
227556645480
1780071353014
227597605458
1780071354015
227639607304
1780071355014
227681489521
1780071356013
227724008394
1780071357015
227765091297
1780071358013
227805281685
1780071359015
227845497402
1780071360014
227886958172
1780071361014
227928823055
1780071362013
227972720648
1780071363038
228015314350
1780071364012
228057047581
1780071365015
228100011704
1780071366014
228141662293
1780071367012
228182689044
1780071368011
228223206213
1780071369011
228264287101
1780071370014
228305358163
1780071371014
228347486962
1780071372014
228388090617
1780071373011
228428142944
1780071374011
228469122637
1780071375011
228512128935
1780071376012
228554218549
1780071377012
228596436459
1780071378015
228643627134
1780071379012
228691316526
1780071380013
228738676268
1780071381015
228785584961
1780071382013
228832683962
1780071383014
228879985049
1780071384013
228927436893
1780071385013
228974763432
1780071386012
229022398991
1780071387015
229069125983
1780071388011
229115828134
1780071389012
229162633495
1780071390014
229209633802
1780071391015
229256808853
1780071392013
229305129285
1780071393038
229351494706
1780071394015
229399310441
1780071395012
229446868547
1780071396015
229494364031
1780071397013
229541468829
1780071398013
229588550801
1780071399012
229635978414
1780071400015
229683006797
1780071401012
229730441734
1780071402015
229777536890
1780071403014
229824657863
1780071404015
229872072597
1780071405012
229919730129
1780071406012
229967249295
1780071407013
230014085173
1780071408013
230061127045
1780071409012
230108900360
1780071410014
230156070894
1780071411014
230202908481
1780071412015
230249876134
1780071413012
230297123145
1780071414013
230343819131
1780071415013
230386396049
1780071416013
230427167001
1780071417014
230467524625
1780071418015
230508523483
1780071419016
230548144048
1780071420011
230589105369
1780071421013
230630794105
1780071422012
230677892190
1780071423138
230715615604
1780071424013
230762326910
1780071425012
230804992511
1780071426011
230846883578
1780071427014
230886849601
1780071428012
230928382881
1780071429014
230969430201
1780071430013
231009689009
1780071431016
231050116334
1780071432013
231090422811
1780071433015
231131738440
1780071434015
231173598745
1780071435015
231217088929
1780071436016
231259747267
1780071437012
231300689607
1780071438014
231342156663
1780071439014
231382605229
1780071440014
231423730979
1780071441014
231464344827
1780071442015
231506531243
1780071443016
231549859562
1780071444013
231592483232
1780071445013
231634486970
1780071446012
231676324082
1780071447014
231716588078
1780071448014
231757539328
1780071449014
231797749918
1780071450015
231838318723
1780071451013
231880267591
1780071452011
231922268643
1780071453038
231964805582
1780071454016
232007722464
1780071455011
232050521549
1780071456012
232092414447
1780071457013
232132997351
1780071458013
232174203728
1780071459011
232214598644
1780071460013
232254481232
1780071461016
232295175830
1780071462012
232335735724
1780071463015
232376237512
1780071464012
232418544167
1780071465014
232461701222
1780071466015
232503808353
1780071467014
232544675619
1780071468013
232588174042
1780071469015
232635104281
1780071470015
232675630301
1780071471012
232716602669
1780071472015
232757147975
1780071473014
232797810957
1780071474012
232840173092
1780071475015
232882299937
1780071476014
232924281642
1780071477015
232964410994
1780071478011
233005436402
1780071479013
233045808186
1780071480014
233086853369
1780071481015
233128405753
1780071482014
233169226754
1780071483011
233212384969
1780071484012
233256873258
1780071485012
233300374978
1780071486014
233341657160
1780071487012
233381886549
1780071488016
233423240081
1780071489015
233465121871
1780071490012
233505391787
1780071491015
233545535666
1780071492013
233585938029
1780071493013
233627241756
1780071494011
233668611767
1780071495013
233711296289
1780071496015
233753474343
1780071497013
233794399592
1780071498012
233838188604
1780071499013
233880569904
1780071500014
233921964268
1780071501013
233962396843
1780071502012
234002290234
1780071503011
234043593168
1780071504013
234085764935
1780071505016
234128439692
1780071506014
234170144053
1780071507014
234210095916
1780071508015
234251551254
1780071509013
234291498600
1780071510012
234332332907
1780071511015
234374411291
1780071512015
234416077688
1780071513011
234460400939
1780071514012
234506403080
1780071515013
234549472671
1780071516014
234592620632
1780071517013
234633589644
1780071518012
234675456602
1780071519014
234716060441
1780071520013
234756595066
1780071521013
234797631399
1780071522013
234837413402
1780071523015
234877964323
1780071524013
234919724165
1780071525014
234963043634
1780071526015
235005397835
1780071527012
235048150777
1780071528039
235089499670
1780071529015
235134556867
1780071530012
235175750487
1780071531015
235216218035
1780071532013
235256782201
1780071533012
235297347405
1780071534013
235339449348
1780071535013
235380836998
1780071536013
235422562783
1780071537015
235462920711
1780071538013
235507735782
1780071539010
