3522290494
1781749356742
3523853848
1781749357022
3529212428
1781749358019
3534664981
1781749359023
3539950488
1781749360024
3545355749
1781749361022
3550788580
1781749362020
3556052163
1781749363024
3561317749
1781749364021
3566717869
1781749365023
3571948052
1781749366023
3577348401
1781749367022
3582818595
1781749368024
3588323688
1781749369021
3594158082
1781749370020
3599835974
1781749371022
3605274695
1781749372021
3610720363
1781749373024
3616202751
1781749374023
3621810140
1781749375023
3627505182
1781749376023
3633067268
1781749377024
3638650712
1781749378024
3644287263
1781749379025
3650085213
1781749380020
3655686130
1781749381020
3661151611
1781749382024
3666612074
1781749383024
3672029682
1781749384024
3677461243
1781749385024
3682917529
1781749386020
3688253970
1781749387020
3693497632
1781749388025
3698956917
1781749389024
3704263079
1781749390020
3709744411
1781749391024
3715116012
1781749392024
3720779230
1781749393024
3729922663
1781749394023
3742697796
1781749395024
3757521308
1781749396019
3773136886
1781749397019
3788703963
1781749398020
3804531675
1781749399021
3820127240
1781749400018
3835702089
1781749401020
3851383228
1781749402021
3866957128
1781749403018
3882623808
1781749404019
3898380054
1781749405019
3913932168
1781749406019
3929678805
1781749407019
3945455324
1781749408020
3961155449
1781749409018
3976970447
1781749410017
3992704432
1781749411020
4008400533
1781749412019
4024248763
1781749413021
4039830727
1781749414020
4055628528
1781749415019
4073200042
1781749416148
4086797351
1781749417019
4102452219
1781749418020
4118092828
1781749419020
4133770845
1781749420017
4149587924
1781749421019
4165110141
1781749422020
4180771863
1781749423019
4196489676
1781749424020
4212042707
1781749425018
4227914269
1781749426020
4243497105
1781749427019
4259147965
1781749428022
4274819235
1781749429019
4290355206
1781749430017
4306152105
1781749431019
4321859207
1781749432018
4337441201
1781749433018
4353344235
1781749434019
4368959247
1781749435019
4384568628
1781749436019
4400387054
1781749437018
4415963448
1781749438018
4431630296
1781749439019
4447343519
1781749440018
4462900834
1781749441018
4478771891
1781749442020
4494406931
1781749443019
4510094082
1781749444019
4525810992
1781749445019
4541646721
1781749446023
4557221035
1781749447019
4572910619
1781749448020
4588598198
1781749449020
4604475391
1781749450017
4620262818
1781749451019
4635964336
1781749452019
4651701319
1781749453020
4667223078
1781749454020
4682961377
1781749455019
4698833000
1781749456019
4714491816
1781749457020
4730413409
1781749458021
4746131802
1781749459020
4761743769
1781749460018
4777662088
1781749461019
4793245383
1781749462018
4809042113
1781749463019
4824744013
1781749464020
4840495516
1781749465019
4856196927
1781749466018
4871873200
1781749467017
4887616334
1781749468018
4903501421
1781749469019
4919030386
1781749470017
4934732776
1781749471019
4950530653
1781749472018
4966161347
1781749473020
4982029100
1781749474019
4997681780
1781749475019
5013136356
1781749476019
5028890016
1781749477019
5044594043
1781749478018
5060251176
1781749479020
5075942611
1781749480016
5091540273
1781749481019
5107255209
1781749482019
5122986577
1781749483019
5138598115
1781749484018
5154456030
1781749485019
5170095414
1781749486022
5185681907
1781749487018
5201508839
1781749488019
5217043296
1781749489018
5232842948
1781749490016
5248598230
1781749491019
5264239084
1781749492022
5280055734
1781749493020
5295751698
1781749494020
5311392031
1781749495022
5327275849
1781749496018
5342947593
1781749497018
5358648223
1781749498019
5374441312
1781749499019
5390139785
1781749500018
5406038902
1781749501018
5421749860
1781749502018
5437357880
1781749503019
5453092369
1781749504018
5468817036
1781749505020
5484493401
1781749506019
5500338081
1781749507019
5516184429
1781749508020
5532030042
1781749509020
5547781637
1781749510018
5563559639
1781749511020
5579428554
1781749512019
5595163518
1781749513020
5611097963
1781749514019
5626891893
1781749515019
5642563744
1781749516019
5658470190
1781749517019
5674333827
1781749518020
5690066037
1781749519022
5705991440
1781749520017
5721702092
1781749521019
5737391262
1781749522020
5753127986
1781749523018
5768851383
1781749524019
5784732859
1781749525019
5800432327
1781749526018
5816059364
1781749527020
5831826963
1781749528019
5847572713
1781749529020
5863344642
1781749530016
5879151576
1781749531019
5894713803
1781749532020
5910466622
1781749533018
5926138152
1781749534018
5941746095
1781749535019
5957666388
1781749536020
5973248581
1781749537019
5988947544
1781749538022
6004640034
1781749539018
6020258336
1781749540017
6036051745
1781749541019
6051855238
1781749542019
6067647806
1781749543020
6083584317
1781749544019
6099347050
1781749545019
6115181571
1781749546019
6131065572
1781749547019
6146803947
1781749548020
6162735761
1781749549019
6178559373
1781749550018
6194831290
1781749551057
6210128643
1781749552019
6225768823
1781749553019
6241447161
1781749554019
6257211547
1781749555020
6272830338
1781749556019
6288703705
1781749557019
6304493718
1781749558020
6320311547
1781749559020
6336186475
1781749560017
6351895215
1781749561020
6367659570
1781749562019
6383488185
1781749563019
6399055414
1781749564019
6414744845
1781749565018
6430567340
1781749566019
6446188977
1781749567019
6462062650
1781749568019
6477893928
1781749569019
6493764373
1781749570016
6509729647
1781749571019
6525430186
1781749572018
6541186998
1781749573019
6556973202
1781749574018
6572686240
1781749575021
6588572980
1781749576019
6604289094
1781749577018
6619983283
1781749578019
6635896370
1781749579018
6651598775
1781749580017
6667414676
1781749581019
6683189175
1781749582023
6698902642
1781749583023
6714879284
1781749584023
6730633526
1781749585018
6746489773
1781749586020
6762431409
1781749587022
6778226043
1781749588019
6794153404
1781749589020
6809950409
1781749590019
6825579344
1781749591019
6841395642
1781749592018
6857148415
1781749593021
6872992529
1781749594020
6888877142
1781749595019
6904553782
1781749596020
6920365093
1781749597018
6936185935
1781749598019
6951993574
1781749599019
6967792094
1781749600016
6983668108
1781749601020
6999403852
1781749602019
7015324359
1781749603020
7030997235
1781749604019
7046843904
1781749605019
7062467744
1781749606017
7078204039
1781749607022
7094120859
1781749608019
7109947148
1781749609019
7125684345
1781749610017
7141658739
1781749611018
7157444422
1781749612019
7172968582
1781749613020
7188803088
1781749614020
7204474648
1781749615018
7220414586
1781749616019
7236233011
1781749617023
7251896340
1781749618019
7267905098
1781749619019
7283762492
1781749620017
7299741888
1781749621019
7315775432
1781749622018
7331521518
1781749623020
7347479311
1781749624020
7363216983
1781749625018
7379022082
1781749626018
7395029982
1781749627019
7410886765
1781749628021
7426798535
1781749629019
7442710245
1781749630016
7458666079
1781749631021
7474651244
1781749632019
7490647394
1781749633019
7506436887
1781749634018
7522399744
1781749635019
7538260565
1781749636019
7554157296
1781749637018
7570055296
1781749638020
7585758130
1781749639019
7601775073
1781749640016
7617686094
1781749641020
7633406721
1781749642019
7649503866
1781749643020
7665276866
1781749644019
7681104272
1781749645019
7697171766
1781749646024
7712857357
1781749647018
7728827940
1781749648020
7744622436
1781749649020
7760355396
1781749650017
7776305585
1781749651020
7792102804
1781749652019
7807937294
1781749653019
7823841354
1781749654020
7839813314
1781749655019
7859210715
1781749656248
7871452613
1781749657019
7887191570
1781749658018
7903201000
1781749659020
7918937708
1781749660017
7934922184
1781749661020
7950886923
1781749662022
7966565185
1781749663020
7982395055
1781749664020
7998214337
1781749665019
8013991008
1781749666020
8029746275
1781749667018
8045560508
1781749668019
8061410145
1781749669021
8077354245
1781749670017
8093180412
1781749671018
8109195947
1781749672019
8125143427
1781749673019
8140942666
1781749674020
8156979897
1781749675020
8172858069
1781749676019
8188840525
1781749677022
8204788878
1781749678018
8220505053
1781749679019
8236467513
1781749680016
8252451101
1781749681019
8268229043
1781749682022
8284208164
1781749683019
8299993235
1781749684019
8315804255
1781749685020
8331817327
1781749686018
8347516718
1781749687019
8363496436
1781749688022
8379430667
1781749689018
8395324353
1781749690017
8411299113
1781749691019
8427314939
1781749692022
8443064820
1781749693019
8458965131
1781749694019
8474733525
1781749695022
8490756817
1781749696019
8506617914
1781749697019
8522444494
1781749698019
8538478497
1781749699019
8554406424
1781749700017
8570255021
1781749701019
8586233820
1781749702020
8602109758
1781749703020
8617882957
1781749704019
8633744696
1781749705019
8649498969
1781749706019
8665540758
1781749707021
8681559461
1781749708021
8697474062
1781749709019
8713612731
1781749710021
8729522819
1781749711019
8745617684
1781749712019
8761654716
1781749713019
8777407060
1781749714020
8793456929
1781749715019
8809338772
1781749716020
8825066469
1781749717019
8841009665
1781749718019
8856952724
1781749719019
8872899777
1781749720016
8888843845
1781749721020
8904617640
1781749722019
8920675434
1781749723018
8936608273
1781749724019
8952432772
1781749725018
8968494375
1781749726018
8984297700
1781749727019
9000227493
1781749728019
9016387705
1781749729019
9032271645
1781749730017
9048280953
1781749731020
9064166958
1781749732020
9080081483
1781749733020
9096176471
1781749734019
9112058559
1781749735018
9127973971
1781749736019
9144008172
1781749737020
9159983683
1781749738020
9175838797
1781749739019
9191635803
1781749740018
9207452315
1781749741019
9223494916
1781749742019
9239413051
1781749743020
9255291957
1781749744018
9271220390
1781749745019
9286982817
1781749746018
9302888360
1781749747019
9319002106
1781749748019
9334954330
1781749749019
9350930437
1781749750016
9366895696
1781749751020
9382842748
1781749752020
9398747389
1781749753019
9414642911
1781749754019
9430640101
1781749755019
9446456109
1781749756019
9462284036
1781749757020
9478334853
1781749758024
9494133663
1781749759020
9510067037
1781749760020
9526586570
1781749761056
9541884045
1781749762018
9557853864
1781749763022
9573682831
1781749764021
9589550231
1781749765020
9605622636
1781749766019
9621445101
1781749767020
9637324680
1781749768021
9653120094
1781749769019
9668599303
1781749770019
9684502536
1781749771019
9700400965
1781749772020
9716147496
1781749773019
9732201556
1781749774018
9747986092
1781749775019
9763837902
1781749776019
9779698019
1781749777018
9795581745
1781749778018
9811683771
1781749779021
9827637280
1781749780016
9843501758
1781749781019
9859572725
1781749782019
9875561883
1781749783019
9891532497
1781749784019
9907523353
1781749785020
9923527949
1781749786018
9939594265
1781749787021
9955499043
1781749788019
9971417194
1781749789020
9987366449
1781749790018
10003152897
1781749791020
10018989055
1781749792019
10034942794
1781749793019
10050728492
1781749794019
10066780701
1781749795019
10082789535
1781749796019
10098715519
1781749797020
10114758197
1781749798019
10130596497
1781749799020
10146410408
1781749800017
10162375790
1781749801019
10178278411
1781749802020
10194241804
1781749803021
10210161347
1781749804018
10226025121
1781749805019
10242068303
1781749806019
10257986729
1781749807019
10273953748
1781749808019
10290042784
1781749809019
10305960874
1781749810018
10322010497
1781749811022
10337982351
1781749812019
10353867989
1781749813019
10369828765
1781749814019
10385768382
1781749815019
10401726221
1781749816018
10417775798
1781749817018
10433701446
1781749818020
10449677583
1781749819019
10465722556
1781749820015
10481584265
1781749821022
10497068767
1781749822019
10512620085
1781749823019
10528394049
1781749824018
10544364280
1781749825018
10560206681
1781749826019
10576083843
1781749827019
10591893593
1781749828018
10607659248
1781749829020
10623584024
1781749830017
10639495549
1781749831019
10655404749
1781749832018
10671422641
1781749833019
10687299741
1781749834019
10703226644
1781749835019
10719124950
1781749836021
10734878595
1781749837019
10750879764
1781749838020
10766748235
1781749839019
10782637025
1781749840017
10798659537
1781749841019
10814481405
1781749842020
10830292945
1781749843018
10846170091
1781749844020
10862101339
1781749845018
10878170837
1781749846019
10893995948
1781749847020
10909816913
1781749848019
10925818785
1781749849019
10941634395
1781749850016
10957573645
1781749851018
10973501373
1781749852019
10989379606
1781749853020
11005375986
1781749854019
11021249261
1781749855018
11037070701
1781749856019
11053069758
1781749857019
11069025898
1781749858018
11084871817
1781749859019
11100704166
1781749860016
11116552854
1781749861019
11132539457
1781749862018
11148412564
1781749863018
11164310442
1781749864018
11180347229
1781749865018
11196310255
1781749866020
11212070938
1781749867019
11228031179
1781749868019
11243888496
1781749869020
11259924029
1781749870019
11275329935
1781749871019
11290910369
1781749872019
11306848211
1781749873021
11322538223
1781749874021
11338338334
1781749875019
11354285662
1781749876019
11369969325
1781749877019
11385726443
1781749878019
11401540324
1781749879019
11417287527
1781749880018
11438288445
1781749881350
11448917294
1781749882022
11464680930
1781749883018
11480526054
1781749884018
11496244677
1781749885019
11512071915
1781749886020
11527894012
1781749887023
11543556316
1781749888019
11559326103
1781749889017
11575110133
1781749890018
11590861851
1781749891019
11606818190
1781749892020
11622517979
1781749893019
11638423278
1781749894019
11654261424
1781749895019
11669881852
1781749896019
11685876595
1781749897018
11701686375
1781749898020
11717548130
1781749899021
11733285909
1781749900016
11748931582
1781749901021
11764686053
1781749902020
11780503101
1781749903021
11796112054
1781749904018
11812092675
1781749905018
11827957153
1781749906019
11843711808
1781749907021
11859524847
1781749908019
11875137595
1781749909019
11890859798
1781749910017
11906534526
1781749911020
11922143831
1781749912020
11938070932
1781749913019
11953716084
1781749914021
11969374472
1781749915019
11985149169
1781749916019
12000790987
1781749917020
12016688299
1781749918019
12032557137
1781749919021
12048332049
1781749920018
12064261124
1781749921018
12080010393
1781749922019
12095809005
1781749923023
12111652568
1781749924020
12127266800
1781749925020
12142927436
1781749926019
12158630377
1781749927020
12174648758
1781749928020
12190871868
1781749929020
12207031452
1781749930019
12222898547
1781749931017
12239074380
1781749932020
12254944948
1781749933019
12270918943
1781749934020
12286900910
1781749935019
12302733457
1781749936019
12318861432
1781749937019
12335038749
1781749938019
12351100276
1781749939019
12367128266
1781749940015
12383140680
1781749941020
12399229349
1781749942018
12415316396
1781749943021
12431273638
1781749944018
12447332227
1781749945019
12463331101
1781749946020
12479302587
1781749947019
12495561499
1781749948020
12511638632
1781749949021
12527656325
1781749950019
12543740633
1781749951020
12559719647
1781749952019
12575809923
1781749953019
12591962469
1781749954021
12607863729
1781749955019
12623885246
1781749956019
12639622581
1781749957019
12655725893
1781749958019
12671784558
1781749959019
12687804959
1781749960019
12703864696
1781749961020
12719766307
1781749962019
12735963652
1781749963019
12752155826
1781749964019
12768274360
1781749965018
12784388764
1781749966020
12799825623
1781749967019
12815257065
1781749968019
12831263221
1781749969019
12847133819
1781749970019
12862965617
1781749971019
12878595607
1781749972018
12894332391
1781749973021
12910363624
1781749974020
12926432556
1781749975018
12942221162
1781749976019
12958276003
1781749977019
12974395241
1781749978022
12990240656
1781749979018
13006262800
1781749980018
13022059041
1781749981018
13037878124
1781749982019
13053784769
1781749983020
13069724951
1781749984020
13085700186
1781749985018
13102175823
1781749986058
13117472962
1781749987018
13133561417
1781749988024
13149160455
1781749989019
13165161547
1781749990015
13181209074
1781749991018
13197110120
1781749992020
13213129419
1781749993019
13228956320
1781749994018
13240082449
1781749995024
13247340570
1781749996026
13253607435
1781749997019
13260038224
1781749998023
13267365593
1781749999020
13274606027
1781750000020
13281617145
1781750001039
13288347982
1781750002023
13300044894
1781750003024
13313062332
1781750004024
13327036924
1781750005020
13342910246
1781750006020
13358817518
1781750007020
13374576686
1781750008020
13390492037
1781750009019
13406340833
1781750010016
13422041739
1781750011019
13437864096
1781750012019
13453556847
1781750013019
13469473207
1781750014021
13485361416
1781750015018
13501169942
1781750016020
13517094411
1781750017020
13532845930
1781750018022
13548595536
1781750019019
13564599458
1781750020016
13580466461
1781750021018
13596344250
1781750022018
13612218046
1781750023019
13627978958
1781750024019
13643930983
1781750025020
13659788561
1781750026022
13675449916
1781750027018
13691410249
1781750028020
13707262518
1781750029020
13723197713
1781750030019
13739166261
1781750031021
13754684837
1781750032019
13770268407
1781750033021
13786241776
1781750034020
13802034818
1781750035019
13818035635
1781750036019
13833956386
1781750037020
13849839546
1781750038020
13865824420
1781750039020
13881669666
1781750040018
13897745406
1781750041019
13913803185
1781750042020
13929709432
1781750043019
13945682601
1781750044019
13961487012
1781750045018
13977061264
1781750046019
13993001141
1781750047022
14008930797
1781750048019
14024968150
1781750049019
14040893645
1781750050017
14056737116
1781750051020
14072798031
1781750052021
14088666150
1781750053019
14104606379
1781750054018
14120635347
1781750055020
14136520205
1781750056019
14152531013
1781750057019
14168528325
1781750058019
14184329661
1781750059019
14200445334
1781750060019
14216385578
1781750061020
14232356728
1781750062020
14248464170
1781750063024
14264323217
1781750064020
14280524172
1781750065025
14296486280
1781750066019
14312436652
1781750067019
14328563954
1781750068024
14344580897
1781750069021
14360478270
1781750070018
14376467917
1781750071018
14392379520
1781750072019
14408316612
1781750073018
14424397019
1781750074020
14440324533
1781750075020
14456344444
1781750076020
14472202787
1781750077019
14488008804
1781750078019
14503922930
1781750079019
14519841050
1781750080016
14535903388
1781750081020
14551815204
1781750082018
14567768530
1781750083019
14583862845
1781750084020
14599795591
1781750085020
14615806445
1781750086022
14631849856
1781750087018
14647769369
1781750088021
14663760607
1781750089020
14679762082
1781750090017
14695693176
1781750091019
14711766943
1781750092020
14727715342
1781750093020
14743636522
1781750094019
14759697850
1781750095019
14775662864
1781750096020
14791761631
1781750097023
14807744271
1781750098020
14823570362
1781750099018
14839604594
1781750100015
14855652947
1781750101023
14871475626
1781750102019
14887475035
1781750103019
14903308286
1781750104022
14919196234
1781750105019
14938854102
1781750106250
14951040782
1781750107019
14967075366
1781750108019
14982956980
1781750109020
14998836743
1781750110018
15014839426
1781750111019
15030737885
1781750112018
15046764773
1781750113018
15062803947
1781750114020
15078749760
1781750115020
15094832446
1781750116020
15110783324
1781750117019
15126627713
1781750118019
15142601418
1781750119021
15158479085
1781750120017
15175004630
1781750121056
15190452244
1781750122020
15206377770
1781750123019
15222504719
1781750124025
15238403072
1781750125019
15254221986
1781750126019
15270271029
1781750127018
15286133288
1781750128019
15302035772
1781750129018
15318025465
1781750130017
15333946018
1781750131019
15349941877
1781750132018
15365854152
1781750133019
15381817270
1781750134019
15397886187
1781750135020
15413765399
1781750136019
15429700502
1781750137018
15445740547
1781750138019
15461703833
1781750139019
15477770547
1781750140017
15493811495
1781750141019
15509880106
1781750142016
15526092567
1781750143019
15542032903
1781750144019
15558033566
1781750145019
15574070873
1781750146019
15589994593
1781750147019
15606052417
1781750148019
15622036281
1781750149020
15637542036
1781750150018
15653147470
1781750151020
15668934912
1781750152021
15684832224
1781750153020
15700773356
1781750154019
15716682464
1781750155019
15732644923
1781750156018
15748635397
1781750157021
15764623622
1781750158019
15780676458
1781750159020
15796618278
1781750160017
15812655784
1781750161019
15828627943
1781750162019
15844383715
1781750163019
15860356930
1781750164019
15876136769
1781750165018
15892186744
1781750166019
15908270517
1781750167021
15924344376
1781750168022
15940322273
1781750169019
15956344479
1781750170017
15972161604
1781750171019
15988178944
1781750172020
16004040883
1781750173021
16020063685
1781750174019
16036161856
1781750175019
16052104287
1781750176019
16068095756
1781750177019
16084141615
1781750178019
16100044282
1781750179019
16116006237
1781750180016
16131931701
1781750181020
16147901688
1781750182019
16163967208
1781750183021
16179700351
1781750184019
16195742401
1781750185018
16211843341
1781750186020
16227803536
1781750187019
16243883254
1781750188019
16259923101
1781750189020
16275859474
1781750190017
16291905670
1781750191018
16307725687
1781750192019
16323761923
1781750193019
16339791014
1781750194019
16355532526
1781750195020
16372010473
1781750196055
16387249257
1781750197019
16403097242
1781750198020
16419118224
1781750199019
16434887383
1781750200017
16450790188
1781750201018
16466773425
1781750202020
16482732182
1781750203019
16498767897
1781750204019
16514750951
1781750205020
16530740583
1781750206021
16546807067
1781750207023
16562724529
1781750208018
16578644638
1781750209018
16594713295
1781750210017
16610666513
1781750211020
16626596674
1781750212019
16642728566
1781750213019
16658676750
1781750214019
16674736808
1781750215019
16690631060
1781750216020
16706505927
1781750217021
16722402688
1781750218018
16738352785
1781750219019
16754373645
1781750220018
16770451007
1781750221021
16786353200
1781750222018
16802441930
1781750223021
16818320377
1781750224019
16834244128
1781750225019
16850064481
1781750226018
16865892897
1781750227018
16882020948
1781750228022
16897918536
1781750229018
16913871356
1781750230018
16929938880
1781750231020
16945869699
1781750232020
16961811856
1781750233018
16977865350
1781750234020
16993776585
1781750235020
17009853795
1781750236019
17025854932
1781750237019
17041818952
1781750238021
17057815730
1781750239021
17073614035
1781750240017
17089676572
1781750241022
17105627985
1781750242019
17121619683
1781750243021
17137649967
1781750244018
17153642613
1781750245018
17169463395
1781750246019
17185485141
1781750247020
17201447494
1781750248018
17217359586
1781750249019
17233358872
1781750250018
17249235177
1781750251019
17265178619
1781750252020
17281079297
1781750253019
17297014843
1781750254019
17313001890
1781750255018
17329015482
1781750256019
17344850630
1781750257020
17360913396
1781750258020
17376841844
1781750259019
17392856889
1781750260018
17408854737
1781750261018
17424920380
1781750262023
17440818549
1781750263020
17456784757
1781750264022
17472733676
1781750265019
17488838150
1781750266019
17504628377
1781750267020
17520650629
1781750268018
17536600404
1781750269018
17552555979
1781750270017
17569211804
1781750271056
17584592373
1781750272022
17600244488
1781750273021
17615859316
1781750274019
17631824223
1781750275019
17647832322
1781750276019
17663819935
1781750277019
17679800724
1781750278018
17695949889
1781750279019
17711972569
1781750280017
17727968459
1781750281018
17744053349
1781750282019
17760126412
1781750283019
17776152795
1781750284019
17792152525
1781750285021
17808062965
1781750286019
17824064347
1781750287019
17839990974
1781750288019
17856014511
1781750289019
17872035830
1781750290017
17888009030
1781750291020
17903991639
1781750292019
17919966140
1781750293019
17935958434
1781750294019
17952007874
1781750295019
17967941906
1781750296019
17983867707
1781750297019
17999872011
1781750298019
18015453180
1781750299020
18031423962
1781750300017
18047476600
1781750301019
18063392394
1781750302020
18079574286
1781750303019
18095543952
1781750304019
18111495839
1781750305020
18127580423
1781750306019
18143703884
1781750307021
18159756583
1781750308018
18175815065
1781750309019
18191839842
1781750310017
18207865521
1781750311015
18223913997
1781750312021
18239876777
1781750313019
18256045297
1781750314020
18272058935
1781750315018
18287996455
1781750316018
18304028652
1781750317019
18320028857
1781750318019
18336013899
1781750319019
18351941153
1781750320018
18367845549
1781750321018
18383966103
1781750322019
18399842301
1781750323017
18415951304
1781750324019
18432020894
1781750325019
18447896006
1781750326019
18463960241
1781750327020
18479994687
1781750328020
18496007697
1781750329018
18512118934
1781750330017
18528105460
1781750331019
18544087152
1781750332019
18560100315
1781750333020
18576036780
1781750334024
18591991819
1781750335020
18608000423
1781750336024
18623865712
1781750337019
18640075006
1781750338019
18656204113
1781750339023
18672291604
1781750340018
18688392100
1781750341019
18704325658
1781750342021
18720380805
1781750343019
18736480551
1781750344018
18752560346
1781750345019
18768675408
1781750346019
18784584057
1781750347019
18800665811
1781750348019
18816805735
1781750349020
18832882761
1781750350017
18848980288
1781750351018
18865032865
1781750352019
18880999532
1781750353019
18897246234
1781750354018
18913341911
1781750355020
18929556147
1781750356020
18945590195
1781750357022
18961524870
1781750358020
18977603854
1781750359020
18993689662
1781750360017
19009579248
1781750361019
19025666739
1781750362019
19041699088
1781750363019
19057745637
1781750364022
19073655755
1781750365018
19089569055
1781750366019
19105653410
1781750367019
19121731797
1781750368020
19137554506
1781750369019
19153543159
1781750370018
19169424483
1781750371019
19185389727
1781750372019
19201339166
1781750373020
19217155388
1781750374021
19233118276
1781750375019
19249688007
1781750376058
19264810038
1781750377019
19280854628
1781750378020
19296926467
1781750379019
19312875202
1781750380018
19328936974
1781750381018
19344729068
1781750382020
19360678430
1781750383019
19376736698
1781750384020
19392719690
1781750385019
19408812919
1781750386020
19424822334
1781750387020
19440868928
1781750388018
19456944638
1781750389019
19472751328
1781750390019
19488669800
1781750391020
19504615506
1781750392022
19520525884
1781750393018
19536615333
1781750394019
19552625896
1781750395019
19568657022
1781750396021
19584182835
1781750397018
19600020813
1781750398021
19615942299
1781750399019
19631797873
1781750400017
19647622097
1781750401018
19663449350
1781750402018
19679236731
1781750403019
19695161691
1781750404019
19711040306
1781750405019
19726755380
1781750406021
19742511350
1781750407018
19758381275
1781750408019
19774362753
1781750409023
19790321004
1781750410017
19806132667
1781750411020
19822048798
1781750412018
19838024660
1781750413020
19853910543
1781750414020
19869928312
1781750415019
19885867546
1781750416020
19901692229
1781750417019
19917689725
1781750418019
19933464255
1781750419018
19949418927
1781750420018
19965432901
1781750421018
19981278071
1781750422018
19997278275
1781750423020
20013250664
1781750424020
20029073037
1781750425019
20044986919
1781750426018
20060876137
1781750427018
20076835200
1781750428018
20092856044
1781750429021
20108655604
1781750430015
20124781651
1781750431019
20140721650
1781750432021
20156487933
1781750433019
20172481605
1781750434018
20188609564
1781750435020
20205141245
1781750436056
20220560049
1781750437020
20236264596
1781750438020
20252254703
1781750439018
20268222456
1781750440017
20284017625
1781750441021
20299889539
1781750442019
20315676783
1781750443018
20331567776
1781750444019
20347585010
1781750445019
20363461927
1781750446020
20379437361
1781750447020
20395439906
1781750448020
20411370235
1781750449018
20427318175
1781750450017
20443835642
1781750451058
20459173295
1781750452018
20475155461
1781750453019
20491062412
1781750454019
20506994333
1781750455018
20522934087
1781750456019
20538879502
1781750457021
20554846704
1781750458019
20570784041
1781750459019
20586674744
1781750460021
20602581939
1781750461019
20618264118
1781750462018
20634198732
1781750463019
20650175772
1781750464018
20666072824
1781750465019
20682112946
1781750466020
20698065032
1781750467023
20713890189
1781750468022
20729759273
1781750469019
20745755943
1781750470018
20761670299
1781750471019
20777620702
1781750472019
20793475633
1781750473020
20809454020
1781750474019
20825347155
1781750475020
20841198521
1781750476019
20857185200
1781750477019
20872986306
1781750478020
20888954946
1781750479019
20904784541
1781750480014
20920615344
1781750481019
20936564186
1781750482022
20952460442
1781750483018
20968367730
1781750484019
20984308356
1781750485019
21000213976
1781750486018
21016234484
1781750487019
21032172953
1781750488019
21047937338
1781750489019
21063690662
1781750490016
21079540590
1781750491020
21095346224
1781750492018
21111163609
1781750493019
21126842850
1781750494021
21142658093
1781750495019
21158471071
1781750496020
21174132886
1781750497019
21190103653
1781750498022
21205788785
1781750499018
21221697618
1781750500019
21237709664
1781750501019
21253583307
1781750502019
21269553998
1781750503019
21285493002
1781750504018
21301361642
1781750505019
21317335164
1781750506019
21333193858
1781750507018
21349117012
1781750508021
21364930358
1781750509019
21380836345
1781750510018
21396753516
1781750511019
21412661416
1781750512019
21428573140
1781750513019
21444478118
1781750514018
21460241799
1781750515018
21476066054
1781750516019
21491992038
1781750517020
21507882480
1781750518020
21523791206
1781750519019
21539774565
1781750520020
21555692364
1781750521021
21571666543
1781750522018
21587582934
1781750523019
21603415788
1781750524018
21619419266
1781750525022
21635176338
1781750526018
21651094489
1781750527020
21667059090
1781750528019
21682781386
1781750529020
21698672532
1781750530016
21714496985
1781750531020
21730245168
1781750532020
21746206511
1781750533021
21761854402
1781750534018
21777822415
1781750535019
21793847758
1781750536022
21809687817
1781750537022
21825680571
1781750538019
21841617816
1781750539019
21857563261
1781750540019
21873572432
1781750541019
21889441760
1781750542019
21905394336
1781750543019
21921339185
1781750544018
21937246380
1781750545020
21953146997
1781750546019
21969056136
1781750547020
21984884751
1781750548020
22000819961
1781750549018
22016548530
1781750550018
22032059195
1781750551018
22047848887
1781750552018
22063472604
1781750553019
22079493678
1781750554020
22095360620
1781750555020
22111170033
1781750556019
22127054677
1781750557019
22142658825
1781750558019
22158443529
1781750559018
22174136433
1781750560016
22189779123
1781750561019
22205841369
1781750562019
22221833587
1781750563019
22237642251
1781750564019
22253663034
1781750565019
22269476180
1781750566020
22285407259
1781750567019
22301320636
1781750568021
22317027372
1781750569019
22333042494
1781750570016
22349009834
1781750571020
22364754467
1781750572020
22380658817
1781750573019
22396527350
1781750574019
22412474677
1781750575022
22428371928
1781750576021
22444240446
1781750577022
22460175503
1781750578019
22476028567
1781750579020
22491911650
1781750580017
22508015068
1781750581019
22523742489
1781750582020
22539579473
1781750583020
22555482293
1781750584018
22571335189
1781750585019
22587291116
1781750586019
22603132384
1781750587019
22619046954
1781750588019
22635043456
1781750589019
22650779812
1781750590018
22666639486
1781750591019
22682593087
1781750592022
22698556388
1781750593020
22714584331
1781750594019
22730499819
1781750595019
22746491808
1781750596021
22762273054
1781750597019
22778103842
1781750598018
22793966530
1781750599019
22809934206
1781750600016
22826425250
1781750601056
22841689586
1781750602020
22854029755
1781750603020
22860332820
1781750604023
22868068928
1781750605020
22875048207
1781750606022
22881519219
1781750607019
22887348198
1781750608024
22893463700
1781750609023
22900156440
1781750610020
22912058004
1781750611020
22924542146
1781750612023
22939005817
1781750613019
22954673033
1781750614020
22970455579
1781750615019
22986318619
1781750616020
23002005296
1781750617020
23017870723
1781750618019
23033699369
1781750619019
23049457497
1781750620017
23065409567
1781750621020
23081120831
1781750622020
23096830779
1781750623021
23112666417
1781750624019
23128344603
1781750625018
23144149870
1781750626021
23159872027
1781750627018
23175621557
1781750628018
23191527039
1781750629021
23207180025
1781750630017
23222893783
1781750631020
23238770042
1781750632023
23254474299
1781750633021
23270357015
1781750634020
23286149996
1781750635019
23301881226
1781750636021
23317652834
1781750637020
23333323905
1781750638019
23348831740
1781750639020
23364323204
1781750640015
23379956331
1781750641020
23395969280
1781750642018
23411872024
1781750643019
23427774920
1781750644019
23443712410
1781750645022
23459367676
1781750646016
23475207996
1781750647020
23491117639
1781750648021
23507036264
1781750649021
23523001998
1781750650019
23539044078
1781750651021
23554803293
1781750652019
23570845863
1781750653020
23586674049
1781750654021
23602460987
1781750655019
23618417082
1781750656018
23634177811
1781750657020
23650078122
1781750658020
23666068855
1781750659021
23681938168
1781750660015
23697985359
1781750661019
23713716773
1781750662019
23729677764
1781750663019
23745640269
1781750664020
23761570721
1781750665019
23777587710
1781750666019
23793573241
1781750667019
23809551628
1781750668021
23825587558
1781750669020
23841550017
1781750670017
23857519714
1781750671021
23873452292
1781750672020
23889150108
1781750673020
23904962596
1781750674019
23920902978
1781750675019
23936662498
1781750676019
23952606949
1781750677019
23968528971
1781750678020
23984419734
1781750679020
24000289292
1781750680015
24016076475
1781750681019
24032024491
1781750682018
24047994830
1781750683018
24063751994
1781750684019
24079738857
1781750685019
24095548607
1781750686019
24111368027
1781750687019
24127246382
1781750688018
24142957952
1781750689020
24158791188
1781750690018
24174675326
1781750691018
24190561485
1781750692020
24206593069
1781750693020
24222520048
1781750694020
24238518891
1781750695021
24254460848
1781750696019
24270367019
1781750697023
24286252489
1781750698023
24302020837
1781750699019
24317980527
1781750700017
24334013611
1781750701019
24349803885
1781750702019
24365515011
1781750703018
24381436604
1781750704018
24397130059
1781750705019
24413027922
1781750706020
24428864125
1781750707019
24444766670
1781750708020
24460781302
1781750709021
24476703232
1781750710019
24492607322
1781750711019
24508580751
1781750712019
24524343423
1781750713018
24540162109
1781750714018
24556099950
1781750715018
24572099727
1781750716020
24588113716
1781750717019
24604045086
1781750718019
24619932055
1781750719022
24635744345
1781750720018
24651517681
1781750721019
24667477433
1781750722020
24683259413
1781750723019
24698891071
1781750724021
24714827949
1781750725020
24730790669
1781750726021
24746516269
1781750727019
24762510430
1781750728020
24778225947
1781750729019
24794007576
1781750730019
24809861864
1781750731019
24825598465
1781750732019
24841565652
1781750733023
24857398781
1781750734026
24873052165
1781750735019
24889525568
1781750736055
24904703611
1781750737022
24920515335
1781750738019
24936326447
1781750739019
24951984865
1781750740017
24967935773
1781750741020
24983754014
1781750742019
24999619686
1781750743019
25015624863
1781750744020
25031386204
1781750745019
25047243399
1781750746019
25063212942
1781750747020
25079087610
1781750748021
25094977777
1781750749018
25110751419
1781750750016
25126575934
1781750751019
25142624777
1781750752020
25158377351
1781750753019
25174286567
1781750754018
25190292447
1781750755019
25206245390
1781750756019
25222035556
1781750757020
25237793072
1781750758019
25253510640
1781750759019
25269453225
1781750760017
25285215254
1781750761021
25301021026
1781750762019
25316920006
1781750763019
25332631652
1781750764021
25348556749
1781750765018
25364462445
1781750766019
25380283013
1781750767018
25396309793
1781750768019
25412011908
1781750769020
25427798172
1781750770017
25443766109
1781750771018
25459653614
1781750772021
25475617680
1781750773019
25491550886
1781750774021
25507200858
1781750775018
25523199135
1781750776020
25538913489
1781750777020
25554719215
1781750778020
25570649239
1781750779019
25586519638
1781750780018
25602402247
1781750781020
25618321009
1781750782019
25634098584
1781750783018
25650015510
1781750784019
25665790208
1781750785019
25681729687
1781750786020
25697748573
1781750787019
25713649618
1781750788019
25729530635
1781750789021
25745328972
1781750790015
25761236657
1781750791018
25777190334
1781750792018
25793073111
1781750793018
25808959560
1781750794018
25824900079
1781750795019
25840654153
1781750796020
25856573267
1781750797019
25872483906
1781750798024
25888136953
1781750799023
25904050743
1781750800019
25919975213
1781750801019
25935858097
1781750802018
25951836285
1781750803018
25967811397
1781750804018
25983721102
1781750805018
25999653772
1781750806019
26015402001
1781750807019
26031311982
1781750808020
26047209951
1781750809020
26063134834
1781750810019
26079069692
1781750811018
26095048645
1781750812021
26110948007
1781750813019
26126895687
1781750814018
26142653922
1781750815020
26158664913
1781750816019
26174407787
1781750817019
26190205985
1781750818020
26205971534
1781750819019
26221697455
1781750820019
26237604421
1781750821019
26253548766
1781750822021
26269393247
1781750823021
26285330721
1781750824023
26301185484
1781750825021
26316900129
1781750826018
26332769442
1781750827019
26348619033
1781750828019
26364500801
1781750829020
26380407813
1781750830017
26396287392
1781750831019
26412306584
1781750832020
26428257002
1781750833020
26444115590
1781750834019
26460132961
1781750835020
26475986301
1781750836020
26491891003
1781750837022
26507652864
1781750838018
26523356723
1781750839020
26539342010
1781750840019
26555119920
1781750841019
26570873489
1781750842019
26586891625
1781750843022
26602705812
1781750844020
26618669450
1781750845021
26634584632
1781750846019
26650260002
1781750847018
26666231611
1781750848018
26682096212
1781750849019
26698024368
1781750850016
26713973578
1781750851019
26729679135
1781750852020
26745558516
1781750853019
26761424187
1781750854020
26777089184
1781750855019
26795050512
1781750856148
26808852764
1781750857019
26824737607
1781750858019
26840705620
1781750859023
26856423937
1781750860016
26872310080
1781750861020
26888114062
1781750862019
26903825954
1781750863019
26919835981
1781750864019
26935722797
1781750865019
26951481950
1781750866020
26967459602
1781750867020
26983188155
1781750868019
26999124084
1781750869019
27014922145
1781750870016
27030654340
1781750871019
27046595410
1781750872022
27062446562
1781750873018
27078356802
1781750874019
27094205078
1781750875019
27109936109
1781750876020
27125775511
1781750877021
27141633838
1781750878019
27157328838
1781750879018
27173197891
1781750880017
27189140996
1781750881024
27204842208
1781750882020
27220831657
1781750883018
27236612046
1781750884018
27252477580
1781750885020
27268373989
1781750886019
27284202069
1781750887018
27300192114
1781750888019
27316145394
1781750889018
27332016466
1781750890017
27347960933
1781750891019
27363707203
1781750892020
27379576271
1781750893019
27395584554
1781750894020
27411334466
1781750895018
27427197429
1781750896016
27443131370
1781750897020
27458946903
1781750898019
27474861412
1781750899018
27490542153
1781750900015
27506384385
1781750901019
27522276541
1781750902019
27538027569
1781750903020
27553950953
1781750904022
27569722606
1781750905019
27585546049
1781750906019
27601544250
1781750907022
27617384615
1781750908019
27633276970
1781750909018
27649170839
1781750910017
27664859842
1781750911018
27680799749
1781750912019
27696663233
1781750913019
27712338098
1781750914018
27728353036
1781750915021
27746151343
1781750916147
27760050827
1781750917019
27776010241
1781750918019
27791860047
1781750919018
27807767426
1781750920017
27823783405
1781750921021
27839596965
1781750922019
27855548837
1781750923019
27871423489
1781750924020
27887326401
1781750925019
27903341814
1781750926021
27919085958
1781750927018
27935074672
1781750928019
27950962452
1781750929019
27966727174
1781750930017
27982735503
1781750931020
27998547487
1781750932020
28014447323
1781750933019
28030500588
1781750934022
28046290219
1781750935019
28062288082
1781750936019
28078305974
1781750937019
28094249859
1781750938021
28110191679
1781750939019
28125983895
1781750940017
28141839973
1781750941019
28157784027
1781750942020
28173600341
1781750943019
28189577366
1781750944018
28205394613
1781750945018
28221091326
1781750946019
28237066209
1781750947019
28252949002
1781750948020
28268770518
1781750949020
28284766545
1781750950019
28300458378
1781750951020
28316397857
1781750952020
28332402162
1781750953021
28348254278
1781750954019
28364145653
1781750955018
28379958188
1781750956019
28395722115
1781750957019
28411705826
1781750958020
28427529422
1781750959020
28443319925
1781750960017
28461246721
1781750961148
28474995943
1781750962018
28490856199
1781750963018
28506753603
1781750964019
28522489178
1781750965019
28538408874
1781750966018
28554182700
1781750967022
28570031649
1781750968018
28585835478
1781750969020
28601711660
1781750970016
28617740522
1781750971019
28633470421
1781750972019
28649233613
1781750973019
28665114294
1781750974020
28680928542
1781750975023
28696829404
1781750976022
28712649252
1781750977019
28728293686
1781750978020
28744323297
1781750979023
28760071572
1781750980018
28776059169
1781750981019
28792034174
1781750982020
28807850718
1781750983019
28823697341
1781750984018
28839559692
1781750985020
28855503195
1781750986021
28871436645
1781750987019
28887336038
1781750988020
28903168448
1781750989019
28919088495
1781750990019
28934778156
1781750991020
28950665844
1781750992018
28966677906
1781750993021
28982515288
1781750994019
28998286482
1781750995018
29014111104
1781750996018
29030012654
1781750997020
29046050435
1781750998020
29061748602
1781750999020
29077694951
1781751000016
29093640106
1781751001019
29109527825
1781751002019
29125524312
1781751003021
29141329992
1781751004018
29157310765
1781751005019
29173197337
1781751006018
29188882055
1781751007018
29204755453
1781751008021
29220520038
1781751009018
29236237866
1781751010018
29252131215
1781751011019
29267974763
1781751012019
29283823298
1781751013019
29299820320
1781751014020
29315675970
1781751015019
29331601985
1781751016020
29347533661
1781751017021
29363273429
1781751018020
29379305320
1781751019020
29395237393
1781751020018
29411291867
1781751021019
29427230902
1781751022019
29442902019
1781751023021
29458662457
1781751024018
29474573111
1781751025021
29490205779
1781751026021
29506131579
1781751027023
29521872036
1781751028020
29537746505
1781751029022
29553740100
1781751030017
29569569495
1781751031020
29585325083
1781751032019
29601277001
1781751033020
29616970608
1781751034018
29632862412
1781751035019
29648713427
1781751036023
29664421937
1781751037019
29680410620
1781751038019
29696137261
1781751039020
29711946965
1781751040019
29727809469
1781751041018
29743741895
1781751042021
29759691747
1781751043022
29775617716
1781751044024
29791609613
1781751045021
29807513794
1781751046018
29823401284
1781751047018
29839369297
1781751048019
29855295985
1781751049019
29871170592
1781751050018
29887657719
1781751051056
29903028757
1781751052021
29918902400
1781751053019
29934822799
1781751054020
29950576659
1781751055021
29966455733
1781751056018
29982267686
1781751057021
29998029762
1781751058019
30014025927
1781751059021
30029797978
1781751060017
30045854578
1781751061023
30061805777
1781751062020
30077608014
1781751063019
30093511110
1781751064019
30109395004
1781751065019
30125302138
1781751066022
30141086031
1781751067020
30156927820
1781751068018
30172768828
1781751069021
30188567241
1781751070016
30204478414
1781751071020
30220373584
1781751072020
30236276389
1781751073019
30252021221
1781751074021
30267876290
1781751075018
30283764590
1781751076019
30299413247
1781751077019
30315417200
1781751078019
30331302195
1781751079021
30347155413
1781751080017
30363103934
1781751081019
30378810409
1781751082021
30394753544
1781751083019
30410649693
1781751084018
30426572036
1781751085019
30442593095
1781751086018
30458418007
1781751087018
30474269924
1781751088018
30490289452
1781751089023
30506108780
1781751090018
30522082256
1781751091018
30537947575
1781751092021
30553703469
1781751093021
30569689644
1781751094021
30585446578
1781751095018
30601382049
1781751096019
30617380432
1781751097021
30633230483
1781751098019
30649258089
1781751099020
30665216862
1781751100018
30681142907
1781751101022
30697094549
1781751102019
30712974710
1781751103020
30728899669
1781751104019
30744893937
1781751105019
30760706502
1781751106019
30776515533
1781751107018
30792327058
1781751108019
30808164517
1781751109019
30824149375
1781751110018
30839960916
1781751111020
30855743600
1781751112020
30871632313
1781751113020
30887306184
1781751114019
30903298433
1781751115020
30919255659
1781751116019
30935173473
1781751117022
30951140997
1781751118020
30966800792
1781751119019
30982559899
1781751120019
30998534950
1781751121019
31014238304
1781751122018
31030136595
1781751123018
31046131659
1781751124019
31061949656
1781751125016
31077877782
1781751126019
31093743897
1781751127020
31109680056
1781751128020
31125686029
1781751129019
31141386567
1781751130018
31157228555
1781751131019
31173041242
1781751132020
31188727338
1781751133019
31204732056
1781751134019
31220626568
1781751135019
31236401572
1781751136019
31252300291
1781751137019
31268038896
1781751138022
31283805439
1781751139019
31299547732
1781751140018
31315163202
1781751141019
31331142599
1781751142019
31346878542
1781751143020
31362659298
1781751144020
31378593897
1781751145019
31394493259
1781751146021
31410413613
1781751147020
31426287133
1781751148018
31441867337
1781751149018
31457638975
1781751150014
31473454723
1781751151021
31489217410
1781751152021
31505160500
1781751153018
31521043001
1781751154019
31536975779
1781751155019
31552888176
1781751156019
31568811789
1781751157018
31584610462
1781751158020
31600434717
1781751159019
31616280682
1781751160018
31632320819
1781751161020
31648243743
1781751162019
31664069069
1781751163019
31680020895
1781751164021
31695768282
1781751165018
31711743532
1781751166019
31727656971
1781751167020
31743384269
1781751168018
31759369189
1781751169019
31775222391
1781751170018
31791214364
1781751171020
31807157683
1781751172019
31823017082
1781751173019
31839040374
1781751174019
31854970535
1781751175019
31870860931
1781751176018
31886832617
1781751177021
31902762931
1781751178019
31918695402
1781751179019
31934653761
1781751180016
31950514139
1781751181020
31966518077
1781751182019
31982427766
1781751183018
31998329408
1781751184019
32014343046
1781751185018
32030277185
1781751186017
32046167658
1781751187019
32062086436
1781751188019
32077778284
1781751189018
32093682879
1781751190017
32109581874
1781751191021
32125585766
1781751192019
32141534058
1781751193018
32157262840
1781751194019
32173157566
1781751195020
32189089104
1781751196019
32204824986
1781751197019
32220594084
1781751198020
32236433287
1781751199018
32252314365
1781751200015
32268329549
1781751201020
32284042450
1781751202019
32299862160
1781751203019
32315841847
1781751204019
32331632182
1781751205021
32347541734
1781751206019
32363502525
1781751207019
32379285179
1781751208018
32395359879
1781751209020
32411249587
1781751210018
32427213026
1781751211019
32434914602
1781751212024
32440912921
1781751213023
32448789560
1781751214024
32456208591
1781751215019
32463024772
1781751216020
32470257526
1781751217020
32476423793
1781751218022
32487673302
1781751219024
32500380533
1781751220020
32515428664
1781751221019
32531281209
1781751222020
32546932650
1781751223019
32562549681
1781751224019
32578228295
1781751225020
32594019440
1781751226019
32609673023
1781751227021
32625426178
1781751228021
32641025814
1781751229019
32656901522
1781751230017
32672775991
1781751231020
32688482038
1781751232020
32704302054
1781751233019
32720059907
1781751234021
32735703116
1781751235019
32751543558
1781751236019
32767155602
1781751237022
32782766222
1781751238019
32798623326
1781751239021
32814331270
1781751240017
32830164750
1781751241020
32845885271
1781751242022
32861599533
1781751243021
32877354953
1781751244020
32893031104
1781751245019
32908835285
1781751246020
32924630790
1781751247019
32940276280
1781751248022
32956040941
1781751249020
32971641081
1781751250015
32987437612
1781751251019
33003337953
1781751252018
33018914623
1781751253019
33034687255
1781751254019
33050547297
1781751255022
33066216746
1781751256020
33082109208
1781751257022
33097691829
1781751258018
33113300032
1781751259015
33129298860
1781751260018
33144885046
1781751261020
33160745638
1781751262019
33176599116
1781751263020
33192316133
1781751264019
33208133548
1781751265019
33223865574
1781751266018
33239563175
1781751267020
33255343350
1781751268019
33270984892
1781751269019
33286694535
1781751270017
33302454575
1781751271019
33318084474
1781751272021
33333824930
1781751273019
33349553361
1781751274021
33365367639
1781751275019
33381204700
1781751276020
33396765642
1781751277019
33412485856
1781751278019
33428192362
1781751279019
33443989673
1781751280015
33459838851
1781751281019
33475601584
1781751282018
33491287374
1781751283020
33507066065
1781751284019
33522580770
1781751285018
33538333941
1781751286018
33553960167
1781751287018
33569493018
1781751288015
33585448806
1781751289019
33601040333
1781751290018
33616676642
1781751291019
33632600775
1781751292020
33648318235
1781751293019
33664139675
1781751294018
33680037094
1781751295018
33695755549
1781751296021
33711473652
1781751297019
33727132039
1781751298021
33742757608
1781751299020
33758575299
1781751300017
33774227719
1781751301020
33790024372
1781751302019
33805853109
1781751303021
33821433956
1781751304020
33837396094
1781751305020
33855175888
1781751306156
33868634976
1781751307023
33884442003
1781751308026
33900126752
1781751309020
33916051880
1781751310018
33931926073
1781751311018
33947689617
1781751312020
33963627842
1781751313020
33979366508
1781751314019
33995054837
1781751315021
34010888455
1781751316020
34026549168
1781751317021
34042346602
1781751318019
34058194173
1781751319020
34073887659
1781751320016
34089827688
1781751321019
34105585679
1781751322019
34121220213
1781751323019
34136991361
1781751324019
34152712968
1781751325019
34168438308
1781751326019
34184322952
1781751327022
34199902008
1781751328020
34215532106
1781751329019
34231259022
1781751330016
34246922550
1781751331019
34262823044
1781751332018
34278503096
1781751333018
34294137019
1781751334020
34309966307
1781751335020
34327563724
1781751336146
34341208555
1781751337019
34356438558
1781751338019
34372333207
1781751339020
34387988259
1781751340018
34403674615
1781751341020
34419575905
1781751342019
34435470478
1781751343019
34451125209
1781751344018
34467074250
1781751345019
34482895337
1781751346018
34498783622
1781751347020
34514681669
1781751348020
34530374511
1781751349021
34546123903
1781751350017
34561968323
1781751351020
34577550180
1781751352019
34593344339
1781751353020
34609176549
1781751354022
34624920739
1781751355019
34640782723
1781751356019
34656562929
1781751357021
34672359062
1781751358019
34688264009
1781751359020
34704062621
1781751360017
34720053462
1781751361018
34735936101
1781751362020
34751761901
1781751363018
34767695229
1781751364019
34783559217
1781751365019
34799443157
1781751366021
34815293667
1781751367018
34831152132
1781751368019
34847056880
1781751369020
34862882236
1781751370018
34878773290
1781751371020
34894658102
1781751372021
34910543327
1781751373021
34926384564
1781751374020
34942390583
1781751375020
34958242316
1781751376019
34974180234
1781751377021
34990066117
1781751378020
35005830671
1781751379020
35021719798
1781751380016
35037544603
1781751381019
35053620359
1781751382022
35069552601
1781751383020
35085193577
1781751384021
35100906952
1781751385019
35116525743
1781751386020
35132248421
1781751387019
35148280709
1781751388019
35164043794
1781751389019
35179895635
1781751390015
35195882054
1781751391019
35211562060
1781751392020
35227438029
1781751393021
35243172518
1781751394020
35258989581
1781751395019
35274642751
1781751396020
35290373446
1781751397019
35306071384
1781751398020
35321961704
1781751399020
35337622524
1781751400018
35353535166
1781751401019
35369399935
1781751402019
35385200980
1781751403019
35401115137
1781751404020
35416833424
1781751405021
35432707434
1781751406020
35448691864
1781751407020
35464467220
1781751408019
35480378302
1781751409019
35496200766
1781751410016
35513880849
1781751411148
35527648080
1781751412019
35543286975
1781751413019
35558696079
1781751414019
35574332771
1781751415021
35590176380
1781751416019
35606092205
1781751417019
35621915282
1781751418018
35637852695
1781751419023
35653722865
1781751420017
35669658564
1781751421021
35685473853
1781751422020
35701393350
1781751423018
35717357493
1781751424019
35733348976
1781751425020
35749255453
1781751426019
35765056864
1781751427021
35781008904
1781751428020
35796990948
1781751429019
35812991091
1781751430016
35829093668
1781751431019
35845040583
1781751432021
35861009606
1781751433019
35877076870
1781751434023
35892829719
1781751435019
35908842975
1781751436018
35924852528
1781751437023
35940695877
1781751438020
35956773698
1781751439020
35972531137
1781751440017
35988603068
1781751441019
36004639090
1781751442020
36020593578
1781751443026
36036645588
1781751444023
36052640652
1781751445025
36068403584
1781751446019
36084464377
1781751447022
36100449863
1781751448023
36116394804
1781751449019
36132356758
1781751450018
36148381733
1781751451020
36164481893
1781751452019
36180477002
1781751453019
36196548688
1781751454019
36212556818
1781751455019
36228571956
1781751456019
36244548231
1781751457017
36260613185
1781751458018
36276505448
1781751459020
36292506264
1781751460017
36308530949
1781751461021
36324531980
1781751462020
36340625973
1781751463020
36356611704
1781751464020
36372676551
1781751465019
36388706131
1781751466020
36404675950
1781751467020
36420709493
1781751468019
36436686579
1781751469018
36452605740
1781751470016
36469293190
1781751471055
36484591369
1781751472020
36500492965
1781751473019
36516530762
1781751474023
36532447918
1781751475021
36548523199
1781751476018
36564508991
1781751477020
36580368069
1781751478019
36596435272
1781751479020
36612175499
1781751480016
36628252953
1781751481020
36644302133
1781751482019
36660292637
1781751483018
36676334167
1781751484018
36692342205
1781751485020
36708346005
1781751486019
36724392584
1781751487018
36740367038
1781751488018
36756406334
1781751489019
36772399791
1781751490018
36788425134
1781751491019
36804478613
1781751492019
36820401843
1781751493019
36836402308
1781751494018
36852449468
1781751495021
36868404078
1781751496019
36884455599
1781751497019
36900483879
1781751498018
36916440769
1781751499016
36932432238
1781751500016
36950401583
1781751501147
36964259757
1781751502019
36980332024
1781751503020
36996326032
1781751504019
37012381164
1781751505019
37028440900
1781751506019
37044167158
1781751507019
37060239196
1781751508019
37076279548
1781751509021
37092250683
1781751510018
37108293283
1781751511020
37124305605
1781751512023
37140419122
1781751513019
37156473152
1781751514019
37172373049
1781751515020
37188980159
1781751516058
37204362320
1781751517019
37220360627
1781751518019
37236458583
1781751519019
37252459935
1781751520016
37268560401
1781751521022
37284630052
1781751522022
37300587876
1781751523021
37316478593
1781751524018
37332375615
1781751525019
37348381388
1781751526018
37364471266
1781751527020
37380494742
1781751528021
37396519151
1781751529019
37412431656
1781751530018
37428344788
1781751531019
37444357386
1781751532019
37460250337
1781751533020
37476086158
1781751534019
37492237665
1781751535023
37508011383
1781751536019
37524099991
1781751537020
37540098910
1781751538020
37556058799
1781751539018
37572059692
1781751540018
37587979847
1781751541019
37603987013
1781751542022
37620017099
1781751543020
37635873116
1781751544018
37652039341
1781751545021
37668065448
1781751546019
37683938219
1781751547021
37699989051
1781751548019
37715926449
1781751549020
37731829789
1781751550017
37747884569
1781751551018
37763914563
1781751552019
37779880357
1781751553018
37795840246
1781751554020
37811740725
1781751555019
37827775860
1781751556021
37843707689
1781751557019
37859762866
1781751558019
37875832731
1781751559020
37891796430
1781751560017
37907845686
1781751561020
37923866454
1781751562019
37939919168
1781751563020
37955892582
1781751564018
37971801109
1781751565018
37987723437
1781751566019
38003760866
1781751567020
38019775682
1781751568019
38035843497
1781751569019
38051897818
1781751570017
38067764086
1781751571019
38083810053
1781751572020
38099769728
1781751573019
38115681575
1781751574020
38131783020
1781751575018
38147704582
1781751576020
38163617056
1781751577019
38179465760
1781751578020
38195314541
1781751579019
38211308962
1781751580018
38227284747
1781751581020
38243361651
1781751582019
38259367149
1781751583019
38275282439
1781751584023
38291212753
1781751585019
38307324754
1781751586024
38323227911
1781751587018
38339352902
1781751588021
38355361155
1781751589019
38371164035
1781751590017
38387772093
1781751591057
38403161369
1781751592019
38419107656
1781751593019
38435227338
1781751594019
38451144265
1781751595019
38467232337
1781751596024
38483097534
1781751597020
38498961844
1781751598019
38514984831
1781751599019
38530900503
1781751600017
38546879440
1781751601019
38562904339
1781751602018
38578858337
1781751603019
38594844435
1781751604019
38610784908
1781751605019
38626638768
1781751606019
38642677039
1781751607020
38658640279
1781751608019
38674597644
1781751609019
38690663975
1781751610016
38706602566
1781751611019
38722637700
1781751612020
38738639358
1781751613020
38754581301
1781751614022
38770651854
1781751615021
38786515216
1781751616020
38802666095
1781751617020
38818859355
1781751618021
38834832509
1781751619020
38850861110
1781751620016
38867444214
1781751621056
38882671921
1781751622019
38898744724
1781751623021
38914729399
1781751624020
38930813463
1781751625020
38946708817
1781751626020
38962762816
1781751627021
38978757237
1781751628019
38994801475
1781751629020
39010824262
1781751630017
39026903797
1781751631019
39042899121
1781751632018
39058901529
1781751633018
39075098017
1781751634021
39091099522
1781751635018
39107176012
1781751636019
39123187646
1781751637018
39139082326
1781751638019
39155081322
1781751639018
39171021627
1781751640017
39187077845
1781751641019
39203278908
1781751642023
39219130794
1781751643019
39235026637
1781751644020
39250973843
1781751645018
39266997227
1781751646018
39283182056
1781751647021
39299168567
1781751648022
39315158766
1781751649019
39331177667
1781751650016
39347242238
1781751651018
39363308309
1781751652020
39379280775
1781751653019
39395312895
1781751654020
39411327573
1781751655018
39427270709
1781751656018
39443440958
1781751657019
39459528602
1781751658019
39475494274
1781751659023
39491383202
1781751660017
39507403893
1781751661019
39523284038
1781751662019
39539314017
1781751663018
39555317725
1781751664019
39571353395
1781751665019
39587420062
1781751666020
39603227502
1781751667018
39619205843
1781751668016
39635336862
1781751669019
39651203314
1781751670019
39667127539
1781751671019
39683107058
1781751672022
39699033241
1781751673021
39715107620
1781751674019
39731176108
1781751675020
39747219306
1781751676019
39763122723
1781751677019
39778986956
1781751678019
39795020101
1781751679019
39810889108
1781751680019
39826646425
1781751681019
39842723543
1781751682020
39858688359
1781751683020
39874690583
1781751684020
39890677537
1781751685020
39906577236
1781751686019
39922674825
1781751687020
39938594062
1781751688019
39954560178
1781751689022
39970589499
1781751690019
39986521358
1781751691021
40002510363
1781751692018
40018534956
1781751693019
40034397032
1781751694019
40050459614
1781751695019
40068519826
1781751696148
40082495718
1781751697019
40098515048
1781751698020
40114405628
1781751699019
40130436906
1781751700016
40146544104
1781751701019
40162438692
1781751702020
40178476489
1781751703019
40194443676
1781751704019
40210380049
1781751705019
40226360501
1781751706019
40242414960
1781751707019
40258571040
1781751708019
40274702718
1781751709020
40290621052
1781751710017
40308869163
1781751711158
40322690602
1781751712019
40338765807
1781751713020
40355012556
1781751714024
40370984195
1781751715020
40387156570
1781751716023
40403223498
1781751717019
40419156015
1781751718019
40435192512
1781751719020
40451205706
1781751720017
40467194619
1781751721021
40483339653
1781751722019
40499426394
1781751723020
40515555609
1781751724018
40531698042
1781751725021
40547673261
1781751726019
40563730902
1781751727019
40579828874
1781751728019
40595761192
1781751729018
40611911750
1781751730016
40628025297
1781751731019
40644157402
1781751732019
40660275402
1781751733019
40676197561
1781751734019
40692309578
1781751735021
40708248597
1781751736018
40724281330
1781751737018
40740457148
1781751738020
40756523800
1781751739018
40772422948
1781751740017
40788391267
1781751741019
40804202456
1781751742019
40820310280
1781751743018
40836391728
1781751744019
40852315861
1781751745019
40868296772
1781751746020
40884237459
1781751747018
40900381423
1781751748021
40916416618
1781751749019
40932206065
1781751750016
40948224003
1781751751019
40964243944
1781751752019
40980276049
1781751753019
40996428626
1781751754018
41012491515
1781751755019
41028434421
1781751756018
41044529286
1781751757020
41060422070
1781751758019
41076452308
1781751759020
41092319938
1781751760018
41108246029
1781751761019
41124355399
1781751762019
41140428325
1781751763019
41156531391
1781751764019
41172658769
1781751765021
41188493412
1781751766019
41204564104
1781751767020
41220672265
1781751768019
41236597026
1781751769018
41252610755
1781751770016
41268529962
1781751771018
41284477044
1781751772019
41300555294
1781751773021
41316541943
1781751774019
41332656132
1781751775021
41348679715
1781751776019
41364577517
1781751777018
41380764075
1781751778019
41396851276
1781751779019
41412876067
1781751780017
41429023779
1781751781019
41444946780
1781751782019
41461056594
1781751783019
41477114051
1781751784019
41493173879
1781751785019
41509310652
1781751786019
41525296642
1781751787021
41541374846
1781751788019
41557524287
1781751789019
41573236637
1781751790017
41589053242
1781751791019
41605024346
1781751792020
41621023632
1781751793020
41637068176
1781751794019
41652938254
1781751795020
41668906466
1781751796022
41684961338
1781751797018
41700926872
1781751798019
41716955321
1781751799020
41732899604
1781751800017
41748903495
1781751801018
41764987452
1781751802018
41780991436
1781751803018
41797099000
1781751804019
41813092366
1781751805019
41828904839
1781751806018
41844953545
1781751807019
41860847231
1781751808019
41876694588
1781751809019
41892754922
1781751810017
41908712347
1781751811019
41924601795
1781751812019
41940640280
1781751813018
41956551684
1781751814018
41972617877
1781751815019
41988605214
1781751816020
42004282772
1781751817020
42020324883
1781751818018
42036291918
1781751819019
42047642789
1781751820021
42054066448
1781751821026
42061018951
1781751822020
42067475169
1781751823021
42074503224
1781751824021
42080325578
1781751825020
42086211977
1781751826026
42091576586
1781751827022
42097164406
1781751828024
42102782046
1781751829024
42108638763
1781751830022
42114546782
1781751831022
42120283960
1781751832022
42125954936
1781751833024
42131695450
1781751834025
42137325391
1781751835023
42143232920
1781751836024
42148974627
1781751837022
42154715157
1781751838023
42160625103
1781751839022
42166664977
1781751840021
42172491355
1781751841020
42178384976
1781751842022
42184106212
1781751843024
42189859333
1781751844022
42195646987
1781751845023
42201362225
1781751846023
42207001744
1781751847024
42212525121
1781751848024
42218189181
1781751849023
42224052508
1781751850022
42229686381
1781751851023
42235280688
1781751852026
42240787648
1781751853022
42246220877
1781751854023
42251781019
1781751855022
42257401642
1781751856022
42262769387
1781751857024
42268328290
1781751858024
42273939229
1781751859024
42280022187
1781751860023
42286560291
1781751861149
42291460743
1781751862022
42297021574
1781751863024
42302645441
1781751864022
42308097611
1781751865023
42313710110
1781751866022
42319272303
1781751867023
42324985644
1781751868023
42330555624
1781751869024
42336318889
1781751870022
42342095343
1781751871022
42347750896
1781751872020
42353345877
1781751873020
42359114512
1781751874024
42364745555
1781751875024
42370367616
1781751876024
42376212691
1781751877022
42381834584
1781751878024
42387641821
1781751879021
42393550192
1781751880023
42399125573
1781751881022
42404791484
1781751882022
42410417065
1781751883020
42416065305
1781751884022
42421699851
1781751885024
42427434337
1781751886024
42432999926
1781751887026
42438526424
1781751888022
42443802598
1781751889024
42449384421
1781751890020
42455040999
1781751891020
42460636255
1781751892023
42466167541
1781751893024
42471625602
1781751894024
42477061340
1781751895022
42482630234
1781751896024
42488063478
1781751897023
42493534743
1781751898023
42498902610
1781751899024
42504534678
1781751900020
42510235565
1781751901023
42515655606
1781751902022
42521186479
1781751903024
42526774269
1781751904023
42532232421
1781751905023
42539150561
1781751906248
42543511382
1781751907022
42548820987
1781751908023
42554482660
1781751909025
42560192437
1781751910020
42565882813
1781751911020
42571737266
1781751912024
42577584635
1781751913024
42583292117
1781751914023
42588915570
1781751915024
42594532445
1781751916024
42600023722
1781751917024
42605691714
1781751918024
42611249501
1781751919024
42616939647
1781751920020
42622600127
1781751921023
42628279273
1781751922024
42633751654
1781751923022
42639272415
1781751924023
42644788600
1781751925022
42650145895
1781751926020
42655558821
1781751927023
42661103021
1781751928023
42666627560
1781751929024
42672341743
1781751930020
42678150755
1781751931023
42683603139
1781751932024
42689159671
1781751933024
42694634072
1781751934023
42700105429
1781751935022
42705745850
1781751936023
42711234817
1781751937023
42716675329
1781751938023
42722228984
1781751939022
42727827116
1781751940020
42733678479
1781751941024
42739310745
1781751942024
42744927421
1781751943024
42750679778
1781751944024
42756242414
1781751945024
42761899084
1781751946024
42767502327
1781751947024
42773220931
1781751948023
42778963495
1781751949024
42784829745
1781751950021
42790713849
1781751951022
42796553967
1781751952023
42801979316
1781751953023
42807657574
1781751954024
42813178518
1781751955020
42818648345
1781751956022
42824233089
1781751957024
42829713198
1781751958024
42835166684
1781751959023
42840998692
1781751960020
42846635227
1781751961024
42852105819
1781751962023
42857601609
1781751963024
42862947750
1781751964020
42868427935
1781751965023
42874009620
1781751966022
42879595956
1781751967024
42885082827
1781751968024
42890571503
1781751969023
42896276919
1781751970019
42901851933
1781751971023
42907350554
1781751972023
42912873502
1781751973023
42918408430
1781751974022
42923926467
1781751975020
42929644872
1781751976022
42935138536
1781751977022
42940895498
1781751978023
42946551954
1781751979023
42952264989
1781751980022
42958312911
1781751981060
42963756865
1781751982020
42969317466
1781751983023
42974969562
1781751984020
42980671244
1781751985024
42986292908
1781751986023
42991944453
1781751987020
42997465090
1781751988024
43003163101
1781751989022
43008925066
1781751990019
43014499345
1781751991024
43020074268
1781751992024
43025560587
1781751993023
43031096801
1781751994023
43036590327
1781751995023
43042071934
1781751996020
43047601324
1781751997024
43052980161
1781751998024
43058401364
1781751999024
43064133295
1781752000022
43069578871
1781752001024
43075103104
1781752002021
43080636258
1781752003024
43086123342
1781752004022
43091793339
1781752005024
43097312737
1781752006024
43102708298
1781752007023
43108128904
1781752008022
43113599909
1781752009023
43119317243
1781752010022
43125368210
1781752011059
43130764076
1781752012023
43136322704
1781752013024
43141872794
1781752014022
43147372333
1781752015022
43152998112
1781752016023
43158315643
1781752017024
43163839264
1781752018023
43169351900
1781752019023
43175063987
1781752020020
43180960515
1781752021024
43186551716
1781752022020
43192148869
1781752023024
43197791953
1781752024020
43203349755
1781752025024
43208855490
1781752026023
43214343019
1781752027022
43219695724
1781752028022
43225113760
1781752029023
43230746179
1781752030020
43236223380
1781752031024
43241859579
1781752032024
43247359057
1781752033022
43252787451
1781752034024
43258263765
1781752035023
43263772775
1781752036022
43269203831
1781752037023
43274630527
1781752038024
43279997078
1781752039023
43285727953
1781752040020
43291531871
1781752041023
43297284242
1781752042019
43302779390
1781752043023
43308088398
1781752044022
43313515201
1781752045023
43318991699
1781752046021
43324529274
1781752047021
43329962212
1781752048024
43335502326
1781752049024
43341230769
1781752050023
43346947935
1781752051024
43352483567
1781752052024
43358085861
1781752053024
43363590724
1781752054022
43369242345
1781752055022
43374969044
1781752056024
43380597761
1781752057024
43385937109
1781752058023
43391531844
1781752059023
43397303708
1781752060022
43402919711
1781752061023
43408436539
1781752062022
43413896359
1781752063023
43419392257
1781752064024
43424729586
1781752065022
43430073294
1781752066023
43435525082
1781752067024
43440953966
1781752068023
43446362424
1781752069022
43451871923
1781752070019
43457466751
1781752071022
43462981345
1781752072020
43468531298
1781752073023
43473907458
1781752074023
43479344817
1781752075024
43484604636
1781752076022
43490026390
1781752077020
43495408746
1781752078023
43500760794
1781752079022
43506494989
1781752080020
43512042784
1781752081024
43517503645
1781752082023
43522945350
1781752083020
43528421572
1781752084021
43533867500
1781752085020
43539478469
1781752086023
43545027870
1781752087022
43550554995
1781752088024
43556000097
1781752089022
43561751229
1781752090019
43567435378
1781752091022
43572909856
1781752092024
43578469371
1781752093022
43584098042
1781752094021
43589690667
1781752095024
43595304022
1781752096023
43600725348
1781752097023
43606081434
1781752098022
43611432028
1781752099023
43617133542
1781752100019
43623014709
