61194289137
1781749360445
61198732272
1781749361024
61206575022
1781749362027
61214219009
1781749363024
61222788263
1781749364108
61230441522
1781749365019
61239592513
1781749366021
61247636733
1781749367021
61255060966
1781749368025
61262793342
1781749369023
61270442255
1781749370024
61278092179
1781749371024
61285752705
1781749372026
61293114270
1781749373021
61300864989
1781749374024
61308500929
1781749375019
61316178606
1781749376020
61323759711
1781749377022
61331342069
1781749378020
61339309713
1781749379024
61346910462
1781749380024
61354296323
1781749381024
61362283795
1781749382026
61369878424
1781749383024
61377639395
1781749384024
61385268159
1781749385020
61393438680
1781749386024
61403852854
1781749387021
61416954183
1781749388018
61427249492
1781749389020
61435884873
1781749390024
61443978160
1781749391024
61452357312
1781749392024
61460990689
1781749393024
61473253654
1781749394020
61489150324
1781749395019
61505569427
1781749396019
61522692988
1781749397020
61539919641
1781749398021
61557358275
1781749399020
61574633627
1781749400019
61591977248
1781749401018
61609323623
1781749402020
61626492839
1781749403018
61643979179
1781749404019
61661140118
1781749405017
61678559611
1781749406018
61696265613
1781749407019
61713940418
1781749408020
61731233946
1781749409019
61748692256
1781749410020
61765878226
1781749411019
61783366631
1781749412021
61800733248
1781749413022
61818043316
1781749414019
61835451916
1781749415015
61852582714
1781749416020
61869732652
1781749417019
61887124361
1781749418021
61904607105
1781749419019
61922012370
1781749420021
61939224656
1781749421021
61956547759
1781749422020
61974138429
1781749423021
61991292086
1781749424020
62008584972
1781749425017
62025884070
1781749426019
62043569875
1781749427019
62061012870
1781749428019
62078401396
1781749429021
62095612275
1781749430019
62113083436
1781749431019
62130233895
1781749432019
62147709769
1781749433020
62165013534
1781749434021
62181982381
1781749435015
62199480762
1781749436018
62216922807
1781749437019
62234156268
1781749438019
62251531239
1781749439021
62268708182
1781749440018
62285944244
1781749441018
62303355414
1781749442018
62320613585
1781749443020
62338009884
1781749444021
62355216830
1781749445017
62372422399
1781749446019
62389807024
1781749447020
62407046421
1781749448019
62424439660
1781749449023
62441513772
1781749450019
62458638435
1781749451019
62475979240
1781749452019
62493526152
1781749453019
62510682471
1781749454019
62527894374
1781749455016
62545145155
1781749456021
62562600542
1781749457018
62580724035
1781749458018
62597764242
1781749459020
62615166676
1781749460022
62632446435
1781749461019
62649793666
1781749462021
62667133707
1781749463018
62684449023
1781749464020
62701644311
1781749465016
62719211465
1781749466022
62736491116
1781749467019
62754370834
1781749468019
62771624430
1781749469019
62789019719
1781749470023
62806337131
1781749471018
62823541813
1781749472019
62840891187
1781749473021
62858429883
1781749474022
62875711707
1781749475015
62893225571
1781749476022
62910743382
1781749477022
62928140370
1781749478020
62945504370
1781749479019
62962794013
1781749480020
62980147839
1781749481020
62997430214
1781749482020
63014511777
1781749483019
63031967440
1781749484021
63049291416
1781749485016
63066664688
1781749486021
63084367844
1781749487019
63102088594
1781749488021
63119991721
1781749489020
63137564016
1781749490020
63154764062
1781749491018
63172154669
1781749492022
63189603462
1781749493019
63206916315
1781749494019
63224550498
1781749495016
63241903942
1781749496019
63259331040
1781749497022
63276859469
1781749498022
63293952706
1781749499019
63311218572
1781749500023
63328898411
1781749501022
63346107346
1781749502020
63363707793
1781749503020
63381490080
1781749504018
63398907753
1781749505016
63416651805
1781749506020
63433822904
1781749507019
63451428185
1781749508020
63468770169
1781749509019
63485965946
1781749510020
63503522834
1781749511018
63521125759
1781749512021
63538470788
1781749513020
63555893801
1781749514020
63573073207
1781749515015
63590449080
1781749516021
63607904973
1781749517019
63625144936
1781749518021
63642646989
1781749519019
63660669287
1781749520020
63678358321
1781749521019
63695963465
1781749522019
63713275812
1781749523020
63730645918
1781749524019
63748069848
1781749525016
63765453311
1781749526019
63783139560
1781749527021
63801163067
1781749528022
63818322399
1781749529019
63835903767
1781749530019
63853864835
1781749531022
63871365143
1781749532023
63888883597
1781749533023
63906019047
1781749534021
63923718959
1781749535016
63941112886
1781749536019
63958681356
1781749537021
63976189559
1781749538019
63993505533
1781749539020
64010782415
1781749540019
64028407923
1781749541021
64045777692
1781749542019
64063200246
1781749543020
64080490118
1781749544019
64097754607
1781749545016
64115412949
1781749546022
64132677163
1781749547020
64149980607
1781749548020
64167479614
1781749549020
64185236121
1781749550021
64202784089
1781749551018
64220324958
1781749552020
64237758328
1781749553019
64255337875
1781749554019
64272882906
1781749555017
64290336977
1781749556022
64307878611
1781749557019
64325140989
1781749558020
64342469998
1781749559020
64359824176
1781749560019
64377252177
1781749561020
64394978742
1781749562021
64412375913
1781749563019
64429794045
1781749564020
64447350902
1781749565016
64464850705
1781749566019
64482397556
1781749567022
64499875297
1781749568020
64517251522
1781749569019
64534828698
1781749570020
64552243265
1781749571018
64569677125
1781749572020
64587244034
1781749573019
64604506366
1781749574020
64622050540
1781749575018
64639582519
1781749576020
64656946351
1781749577023
64674458915
1781749578018
64692098897
1781749579019
64709477937
1781749580019
64727372680
1781749581019
64745034495
1781749582020
64762593188
1781749583018
64780044047
1781749584020
64797435235
1781749585017
64815274255
1781749586019
64832868903
1781749587017
64850727415
1781749588018
64868485452
1781749589019
64885755128
1781749590018
64903147235
1781749591018
64920819821
1781749592019
64938195235
1781749593020
64955732004
1781749594019
64973221357
1781749595016
64990714077
1781749596020
65008561236
1781749597020
65026175621
1781749598019
65043862666
1781749599019
65061284516
1781749600019
65078633721
1781749601023
65096094341
1781749602019
65113809676
1781749603019
65131282031
1781749604020
65148825149
1781749605017
65166201435
1781749606023
65183692410
1781749607021
65201284534
1781749608022
65218592001
1781749609020
65236120064
1781749610019
65253576492
1781749611019
65271056680
1781749612022
65289169463
1781749613019
65306656537
1781749614020
65324211007
1781749615017
65341719256
1781749616019
65359169793
1781749617017
65376730399
1781749618019
65394222920
1781749619021
65411625354
1781749620020
65429151550
1781749621019
65446752211
1781749622024
65464381804
1781749623019
65482027539
1781749624021
65499344492
1781749625015
65516841817
1781749626019
65534390840
1781749627019
65551828617
1781749628019
65569344639
1781749629019
65587066032
1781749630022
65604516952
1781749631020
65621956275
1781749632020
65639269602
1781749633019
65656671791
1781749634019
65674178755
1781749635016
65691724137
1781749636021
65709135782
1781749637018
13729975
1781749638019
31167232
1781749639019
48681035
1781749640023
65935900
1781749641019
83434266
1781749642021
101519447
1781749643019
119039416
1781749644019
136573231
1781749645015
154104568
1781749646019
171956424
1781749647021
189964907
1781749648020
207209307
1781749649019
224641102
1781749650020
242067787
1781749651019
259438565
1781749652021
277110096
1781749653020
294562760
1781749654020
311912761
1781749655015
329848660
1781749656022
347249978
1781749657019
364943066
1781749658022
382551606
1781749659021
399862929
1781749660020
417617248
1781749661021
435305777
1781749662022
452633960
1781749663020
469963643
1781749664019
487243754
1781749665015
504771418
1781749666021
522168742
1781749667023
539505172
1781749668020
557374731
1781749669020
575041717
1781749670022
592482218
1781749671020
610297767
1781749672019
628067799
1781749673020
645875775
1781749674019
663568757
1781749675017
681148395
1781749676020
698846120
1781749677023
716360137
1781749678019
735055666
1781749679107
751142055
1781749680020
768587987
1781749681020
786157253
1781749682019
803983329
1781749683021
821386145
1781749684019
838743184
1781749685016
856497029
1781749686020
874203688
1781749687019
891847664
1781749688022
909427777
1781749689018
926977948
1781749690019
944561029
1781749691019
961815130
1781749692019
979396421
1781749693020
996782836
1781749694019
1014221455
1781749695017
1031896045
1781749696021
1049401510
1781749697018
1066952889
1781749698019
1084449312
1781749699020
1101995413
1781749700019
1119526994
1781749701019
1137041975
1781749702019
1154636348
1781749703021
1172832240
1781749704020
1190197572
1781749705017
1207701216
1781749706022
1225315631
1781749707019
1243295533
1781749708019
1260701073
1781749709019
1278333926
1781749710020
1295694545
1781749711018
1313068536
1781749712019
1330593845
1781749713021
1348361827
1781749714019
1365876532
1781749715016
1383132025
1781749716018
1400923768
1781749717019
1418362830
1781749718022
1435950441
1781749719021
1453478243
1781749720019
1470831518
1781749721019
1488183294
1781749722019
1505970355
1781749723019
1523436177
1781749724021
1540898496
1781749725016
1558606180
1781749726022
1575838019
1781749727020
1593321666
1781749728019
1610800493
1781749729020
1628087841
1781749730019
1645705913
1781749731018
1663210704
1781749732019
1680834101
1781749733020
1698617138
1781749734019
1716392372
1781749735016
1733939957
1781749736021
1751521248
1781749737019
1769017609
1781749738020
1786615195
1781749739022
1804147083
1781749740018
1821702425
1781749741019
1839248526
1781749742021
1856619825
1781749743019
1874343789
1781749744021
1891765440
1781749745015
1909081092
1781749746018
1926749073
1781749747020
1944199152
1781749748022
1961589392
1781749749020
1979080046
1781749750020
1996433627
1781749751019
2013857726
1781749752020
2031249190
1781749753019
2050015206
1781749754105
2066064355
1781749755015
2083672513
1781749756019
2101337006
1781749757019
2118921112
1781749758020
2136205048
1781749759019
2153656626
1781749760019
2171167705
1781749761019
2188581186
1781749762019
2206348296
1781749763019
2223858779
1781749764023
2241807499
1781749765015
2259554076
1781749766021
2277288811
1781749767019
2295065009
1781749768019
2312437088
1781749769019
2329827956
1781749770018
2347283175
1781749771019
2364953589
1781749772021
2382514944
1781749773020
2400386491
1781749774018
2417782392
1781749775015
2435245598
1781749776022
2452740108
1781749777019
2470166640
1781749778020
2487674246
1781749779020
2505304574
1781749780022
2522827924
1781749781020
2540459598
1781749782022
2558145159
1781749783020
2575527259
1781749784019
2593118985
1781749785017
2610694187
1781749786019
2628595722
1781749787019
2646345313
1781749788022
2663701297
1781749789019
2681508447
1781749790019
2699172036
1781749791021
2716677501
1781749792019
2734179645
1781749793019
2751616015
1781749794020
2769064976
1781749795017
2787201994
1781749796025
2804635962
1781749797020
2822309129
1781749798016
2839664592
1781749799019
2857064395
1781749800020
2874416553
1781749801019
2891759608
1781749802018
2909328124
1781749803019
2926961190
1781749804020
2944430730
1781749805016
2962003224
1781749806020
2979324920
1781749807019
2996850611
1781749808022
3014356397
1781749809021
3031725171
1781749810022
3049108144
1781749811020
3066683131
1781749812019
3084230166
1781749813019
3101764318
1781749814020
3119078394
1781749815017
3136567549
1781749816022
3154096132
1781749817019
3171475264
1781749818020
3188934691
1781749819020
3206374564
1781749820021
3223707215
1781749821019
3241130549
1781749822018
3258369594
1781749823019
3276025167
1781749824019
3293505876
1781749825016
3311136403
1781749826019
3329424814
1781749827023
3347625006
1781749828017
3364880437
1781749829019
3382520970
1781749830021
3399942009
1781749831019
3417439747
1781749832021
3434929713
1781749833019
3452416496
1781749834019
3469949316
1781749835017
3487431816
1781749836020
3504763288
1781749837018
3522490343
1781749838019
3539978748
1781749839019
3557543821
1781749840020
3575185134
1781749841020
3592540827
1781749842021
3610096506
1781749843019
3627599048
1781749844022
3644936304
1781749845016
3662691082
1781749846020
3680078338
1781749847019
3697572726
1781749848021
3715130608
1781749849018
3732600760
1781749850021
3750221800
1781749851018
3767831014
1781749852022
3785156734
1781749853020
3802687260
1781749854019
3820117923
1781749855017
3837557750
1781749856019
3855383795
1781749857020
3873161340
1781749858019
3891095280
1781749859019
3908707952
1781749860019
3925988445
1781749861019
3943614856
1781749862019
3961148151
1781749863021
3978530145
1781749864022
3996033268
1781749865014
4013719854
1781749866024
4031050011
1781749867019
4048588737
1781749868021
4066052724
1781749869019
4083681965
1781749870022
4101091284
1781749871019
4118800376
1781749872020
4136658246
1781749873018
4153942778
1781749874020
4171285450
1781749875015
4188848779
1781749876019
4206390275
1781749877022
4223993782
1781749878020
4241307109
1781749879020
4258589239
1781749880023
4276194062
1781749881023
4293576836
1781749882020
4311151487
1781749883020
4328796074
1781749884022
4346158835
1781749885015
4363905290
1781749886020
4381594278
1781749887022
4399454320
1781749888022
4417376082
1781749889019
4435036505
1781749890022
4452520167
1781749891019
4470329795
1781749892020
4487606172
1781749893020
4505167191
1781749894020
4522791368
1781749895015
4540520580
1781749896020
4558154258
1781749897019
4575589924
1781749898020
4593514517
1781749899018
4611125092
1781749900020
4628471911
1781749901020
4645725323
1781749902020
4663461175
1781749903020
4680810090
1781749904022
4698540648
1781749905016
4716317304
1781749906020
4734153601
1781749907019
4752049016
1781749908019
4769340051
1781749909020
4787223701
1781749910021
4805121044
1781749911021
4822724857
1781749912019
4840532619
1781749913019
4858151441
1781749914022
4875684889
1781749915017
4893592866
1781749916024
4911342671
1781749917022
4929156890
1781749918021
4946472099
1781749919019
4964143446
1781749920021
4981859270
1781749921019
4999545519
1781749922023
5016981292
1781749923021
5034879920
1781749924019
5052496111
1781749925017
5070107451
1781749926020
5087805420
1781749927020
5105412400
1781749928019
5123282877
1781749929019
5141210330
1781749930018
5158670017
1781749931021
5176510506
1781749932020
5194203502
1781749933018
5211932683
1781749934022
5229634584
1781749935016
5246988885
1781749936020
5264650088
1781749937019
5282240834
1781749938022
5299842888
1781749939019
5317705806
1781749940021
5335444167
1781749941020
5353245396
1781749942023
5370961143
1781749943018
5388675651
1781749944023
5406313461
1781749945017
5423924618
1781749946021
5441760394
1781749947019
5459930184
1781749948020
5477564995
1781749949017
5495822485
1781749950019
5513799694
1781749951020
5531158340
1781749952020
5548904182
1781749953020
5566515783
1781749954021
5583753360
1781749955015
5601479037
1781749956020
5619020319
1781749957020
5636891162
1781749958020
5654683899
1781749959019
5672281302
1781749960020
5689818712
1781749961021
5707371897
1781749962020
5724970233
1781749963020
5742672746
1781749964021
5760160309
1781749965015
5777829866
1781749966020
5795679213
1781749967021
5813301141
1781749968022
5830976604
1781749969021
5848520517
1781749970022
5866049835
1781749971019
5883924809
1781749972019
5901399016
1781749973020
5918859865
1781749974022
5936518972
1781749975017
5954144129
1781749976020
5972011530
1781749977018
5989602154
1781749978019
6006911549
1781749979017
6024660788
1781749980020
6042888183
1781749981019
6060537529
1781749982020
6078312243
1781749983019
6095901551
1781749984019
6113583761
1781749985015
6131507099
1781749986022
6148995213
1781749987020
6166734676
1781749988019
6184519503
1781749989018
6202210311
1781749990017
6219959428
1781749991020
6237432365
1781749992020
6255381101
1781749993019
6273268193
1781749994019
6287145890
1781749995015
6298006702
1781749996024
6307193342
1781749997019
6316250912
1781749998021
6324684134
1781749999022
6333682508
1781750000023
6343879453
1781750001042
6352489451
1781750002024
6365700252
1781750003024
6381283485
1781750004020
6398580120
1781750005015
6416369705
1781750006020
6434172663
1781750007019
6452179294
1781750008020
6469698559
1781750009019
6487293850
1781750010019
6505329015
1781750011019
6523271647
1781750012022
6540907896
1781750013021
6558455863
1781750014022
6576167511
1781750015016
6593756513
1781750016020
6611422122
1781750017022
6629117812
1781750018019
6646833712
1781750019019
6664559221
1781750020019
6682167594
1781750021019
6699811508
1781750022019
6717476276
1781750023020
6734905194
1781750024020
6752388229
1781750025017
6770189779
1781750026020
6787512209
1781750027022
6805013099
1781750028019
6822626903
1781750029019
6840342237
1781750030022
6858108199
1781750031021
6875547537
1781750032020
6893232195
1781750033021
6911133868
1781750034022
6928399980
1781750035015
6946045974
1781750036019
6963583569
1781750037019
6981045382
1781750038020
6998639847
1781750039019
7016061911
1781750040020
7033757111
1781750041018
7052087643
1781750042019
7069714176
1781750043020
7087565772
1781750044019
7105130081
1781750045016
7122673030
1781750046022
7140332015
1781750047020
7158060660
1781750048021
7175685388
1781750049020
7193353032
1781750050019
7211182673
1781750051020
7228872411
1781750052020
7246438004
1781750053020
7263946238
1781750054019
7281459720
1781750055016
7299070983
1781750056023
7316849736
1781750057022
7334697033
1781750058019
7352162626
1781750059019
7369955792
1781750060020
7387540434
1781750061020
7404916261
1781750062023
7422853950
1781750063020
7440411924
1781750064023
7457857275
1781750065015
7475688890
1781750066020
7493321007
1781750067020
7511419010
1781750068020
7528943997
1781750069019
7546430367
1781750070021
7564165240
1781750071019
7582303803
1781750072021
7599802796
1781750073018
7617689138
1781750074019
7635173733
1781750075019
7652799563
1781750076020
7670476097
1781750077020
7688325903
1781750078023
7706097648
1781750079020
7723971460
1781750080024
7741444305
1781750081019
7759526518
1781750082018
7777051444
1781750083019
7794758456
1781750084019
7812709058
1781750085019
7830116450
1781750086020
7847840107
1781750087019
7865456007
1781750088020
7883007050
1781750089019
7900831688
1781750090019
7918464142
1781750091019
7936129951
1781750092020
7953946923
1781750093018
7971526088
1781750094021
7989259981
1781750095016
8007126403
1781750096021
8024698973
1781750097019
8042574040
1781750098022
8059851641
1781750099020
8077299899
1781750100020
8095030472
1781750101018
8112448788
1781750102019
8130778249
1781750103020
8148289482
1781750104018
8165654951
1781750105016
8183549816
1781750106019
8200935848
1781750107019
8218497708
1781750108021
8236518615
1781750109021
8254167272
1781750110021
8271620517
1781750111019
8289134519
1781750112020
8306465074
1781750113021
8324061527
1781750114020
8341498249
1781750115017
8359074460
1781750116020
8376886873
1781750117020
8394554319
1781750118021
8412097804
1781750119018
8429716580
1781750120018
8447464656
1781750121021
8465207409
1781750122020
8482727576
1781750123020
8500248738
1781750124020
8517916383
1781750125018
8535411872
1781750126021
8553519452
1781750127022
8571607311
1781750128019
8589106640
1781750129019
8606968319
1781750130021
8624525039
1781750131022
8642091841
1781750132022
8659963465
1781750133019
8678019591
1781750134021
8695496598
1781750135015
8713232465
1781750136017
8730654437
1781750137018
8748621151
1781750138022
8766187570
1781750139018
8783806714
1781750140020
8801374939
1781750141019
8818899406
1781750142021
8836619544
1781750143020
8854108592
1781750144019
8871479967
1781750145017
8888808196
1781750146022
8906095544
1781750147020
8923710816
1781750148021
8941450187
1781750149019
8958912858
1781750150021
8976553452
1781750151019
8993584692
1781750152023
9010730928
1781750153018
9028196597
1781750154020
9045529248
1781750155016
9062900899
1781750156020
9080582374
1781750157021
9097830906
1781750158020
9115205724
1781750159019
9132612518
1781750160017
9150059062
1781750161020
9167614313
1781750162020
9184957735
1781750163019
9202418141
1781750164021
9220519556
1781750165018
9237879303
1781750166020
9255294803
1781750167022
9272883393
1781750168018
9290293201
1781750169021
9308107420
1781750170021
9325741496
1781750171019
9343109398
1781750172020
9360852793
1781750173019
9378259327
1781750174022
9395560766
1781750175015
9413352172
1781750176018
9430604942
1781750177019
9447990760
1781750178022
9465496439
1781750179021
9482827177
1781750180022
9500381954
1781750181018
9517702028
1781750182019
9535209558
1781750183020
9553020288
1781750184021
9570391556
1781750185016
9588113974
1781750186019
9605970405
1781750187024
9623753825
1781750188022
9641225706
1781750189020
9658552283
1781750190016
9676047312
1781750191019
9693705348
1781750192021
9710978528
1781750193018
9728559728
1781750194021
9746195166
1781750195016
9764389482
1781750196020
9782052567
1781750197020
9799788510
1781750198021
9817388559
1781750199019
9835104185
1781750200020
9852437080
1781750201021
9869940540
1781750202020
9887591263
1781750203021
9904910419
1781750204019
9922578783
1781750205015
9940107366
1781750206019
9957496887
1781750207019
9975032064
1781750208021
9992446814
1781750209021
10010062071
1781750210018
10027539430
1781750211019
10044853644
1781750212019
10062394681
1781750213021
10079769422
1781750214020
10097430625
1781750215015
10115214504
1781750216023
10132666143
1781750217020
10150387536
1781750218019
10167979752
1781750219018
10185304370
1781750220020
10202854572
1781750221019
10220432221
1781750222021
10238062320
1781750223021
10255745952
1781750224021
10273262724
1781750225017
10290705381
1781750226020
10308832347
1781750227021
10326076595
1781750228019
10343616821
1781750229019
10361207552
1781750230020
10378758427
1781750231018
10396302417
1781750232021
10413635985
1781750233018
10431372495
1781750234020
10448757258
1781750235016
10466114649
1781750236020
10483968311
1781750237019
10501549235
1781750238022
10518821665
1781750239022
10536402650
1781750240020
10553792018
1781750241020
10571182273
1781750242020
10588690293
1781750243020
10606132599
1781750244021
10623852447
1781750245015
10641602176
1781750246023
10659185181
1781750247018
10677485419
1781750248021
10694983906
1781750249019
10712415258
1781750250020
10729901949
1781750251019
10747305653
1781750252020
10765022074
1781750253019
10782598408
1781750254019
10799849632
1781750255016
10817561325
1781750256020
10835107549
1781750257020
10852940448
1781750258020
10870713617
1781750259019
10888017565
1781750260020
10905852163
1781750261019
10923471184
1781750262020
10940864760
1781750263020
10958659532
1781750264020
10976238650
1781750265016
10993916255
1781750266021
11011578147
1781750267019
11029302263
1781750268021
11046727816
1781750269020
11064325279
1781750270022
11081574836
1781750271019
11099116026
1781750272020
11116674933
1781750273019
11134030243
1781750274019
11151688218
1781750275014
11169116540
1781750276021
11186505724
1781750277019
11204371320
1781750278023
11221529214
1781750279018
11239015248
1781750280020
11256385460
1781750281022
11273632737
1781750282021
11291418176
1781750283018
11308837455
1781750284019
11326527086
1781750285015
11344185413
1781750286019
11361566534
1781750287020
11379779975
1781750288020
11397665354
1781750289021
11415001876
1781750290021
11432594091
1781750291018
11450530602
1781750292019
11467882118
1781750293019
11485404902
1781750294023
11502773753
1781750295016
11520476541
1781750296021
11538187011
1781750297021
11555482314
1781750298018
11573085194
1781750299018
11590503494
1781750300018
11608121612
1781750301022
11625678515
1781750302019
11643189794
1781750303019
11661000340
1781750304020
11678536450
1781750305016
11696047668
1781750306019
11713876650
1781750307019
11731846699
1781750308023
11749274256
1781750309020
11766772331
1781750310020
11784012493
1781750311021
11801433180
1781750312018
11818978379
1781750313018
11836530646
1781750314020
11854075798
1781750315016
11871536418
1781750316022
11888857992
1781750317019
11906525560
1781750318021
11924433506
1781750319020
11941921620
1781750320018
11959542921
1781750321022
11977184066
1781750322021
11994829678
1781750323023
12011999614
1781750324018
12029361258
1781750325017
12047082621
1781750326020
12064548168
1781750327020
12082068213
1781750328019
12099630960
1781750329018
12116960551
1781750330019
12134846603
1781750331018
12152511876
1781750332019
12170044467
1781750333020
12187782308
1781750334019
12205146370
1781750335018
12222622122
1781750336022
12240190362
1781750337020
12257516006
1781750338019
12275028707
1781750339019
12292500358
1781750340021
12309677883
1781750341017
12327257506
1781750342020
12344483791
1781750343020
12361864836
1781750344022
12379174828
1781750345018
12396479051
1781750346019
12414158048
1781750347020
12431595045
1781750348019
12449408973
1781750349019
12466980090
1781750350020
12484358901
1781750351019
12501841446
1781750352020
12519530082
1781750353019
12536795535
1781750354022
12554258266
1781750355014
12571912278
1781750356019
12589345068
1781750357020
12606950258
1781750358019
12624404895
1781750359019
12641724205
1781750360019
12659195489
1781750361018
12676570812
1781750362020
12693992401
1781750363018
12711418030
1781750364019
12728989683
1781750365016
12746692593
1781750366023
12764043497
1781750367019
12781825310
1781750368020
12799274899
1781750369023
12816389907
1781750370019
12833692938
1781750371018
12851066103
1781750372020
12868226078
1781750373018
12885700667
1781750374020
12902973877
1781750375018
12920249107
1781750376019
12937865374
1781750377022
12955236413
1781750378022
12972661231
1781750379021
12990770785
1781750380019
13008009892
1781750381020
13025477535
1781750382021
13042783365
1781750383020
13060011517
1781750384020
13077521816
1781750385016
13094785494
1781750386022
13112256825
1781750387018
13129839248
1781750388022
13147039676
1781750389019
13164510348
1781750390019
13181822849
1781750391019
13199277120
1781750392023
13216834864
1781750393019
13234566539
1781750394022
13252082102
1781750395015
13269536954
1781750396019
13286715243
1781750397020
13304195937
1781750398019
13321562936
1781750399019
13338836361
1781750400021
13356243446
1781750401019
13373508807
1781750402020
13390849261
1781750403020
13408423545
1781750404019
13425735908
1781750405016
13443375202
1781750406019
13460537365
1781750407019
13477684595
1781750408019
13495249102
1781750409019
13512883989
1781750410019
13530449169
1781750411018
13547815389
1781750412024
13564922013
1781750413020
13582633032
1781750414023
13599838081
1781750415016
13617249298
1781750416021
13634842263
1781750417020
13652390154
1781750418018
13669766395
1781750419021
13687321508
1781750420020
13704559146
1781750421021
13721944658
1781750422019
13739517611
1781750423023
13756679973
1781750424020
13774037088
1781750425016
13791634506
1781750426020
13809255286
1781750427020
13827122764
1781750428020
13844312620
1781750429023
13861579006
1781750430025
13878840451
1781750431019
13896165238
1781750432020
13913982424
1781750433019
13931386144
1781750434019
13948828083
1781750435017
13966456238
1781750436020
13983760216
1781750437020
14001201941
1781750438019
14018754239
1781750439021
14036139108
1781750440023
14054137998
1781750441019
14071786104
1781750442020
14089212835
1781750443020
14106758355
1781750444021
14124522374
1781750445017
14142222485
1781750446021
14159642682
1781750447018
14177185417
1781750448020
14195058066
1781750449020
14212635808
1781750450022
14230150483
1781750451020
14247737619
1781750452020
14265058581
1781750453020
14282669401
1781750454022
14299959977
1781750455015
14317203444
1781750456019
14334656475
1781750457020
14352111572
1781750458019
14369423002
1781750459023
14386894684
1781750460020
14404367268
1781750461019
14421937207
1781750462020
14439306195
1781750463019
14456694125
1781750464019
14474257776
1781750465017
14491720415
1781750466019
14509010058
1781750467019
14526729738
1781750468021
14544080703
1781750469019
14561448360
1781750470020
14578953595
1781750471020
14596674789
1781750472021
14614075999
1781750473020
14631432273
1781750474019
14649113305
1781750475015
14666749569
1781750476020
14684069154
1781750477020
14701464673
1781750478020
14719050263
1781750479018
14736438270
1781750480018
14753942296
1781750481019
14771601602
1781750482021
14788933763
1781750483019
14806708660
1781750484023
14823753381
1781750485016
14841344678
1781750486021
14858965764
1781750487019
14876786103
1781750488020
14894257326
1781750489023
14911631547
1781750490022
14928871311
1781750491020
14946406335
1781750492019
14963792582
1781750493021
14981318227
1781750494023
14998733651
1781750495017
15016177900
1781750496019
15033722625
1781750497019
15051297796
1781750498020
15068547612
1781750499020
15086276090
1781750500020
15103455083
1781750501020
15121045539
1781750502019
15139013598
1781750503020
15156211227
1781750504019
15173432019
1781750505015
15191026775
1781750506019
15208371497
1781750507019
15225874973
1781750508020
15243510028
1781750509020
15261080885
1781750510021
15278700181
1781750511020
15296171924
1781750512020
15313701394
1781750513019
15331207823
1781750514019
15348621288
1781750515017
15366191686
1781750516022
15383452304
1781750517019
15400865433
1781750518019
15418343434
1781750519020
15435589671
1781750520021
15453022246
1781750521020
15470330065
1781750522019
15487782515
1781750523021
15505619729
1781750524022
15522999687
1781750525015
15540570758
1781750526020
15558200061
1781750527021
15575717184
1781750528018
15593183082
1781750529020
15610536205
1781750530020
15627949793
1781750531021
15645442007
1781750532019
15663230736
1781750533019
15681068363
1781750534019
15698501000
1781750535016
15716022192
1781750536022
15733463611
1781750537020
15750893111
1781750538020
15768367226
1781750539022
15785963786
1781750540020
15803352328
1781750541019
15820781629
1781750542020
15838397406
1781750543019
15855849520
1781750544019
15873326190
1781750545017
15890943222
1781750546020
15908552053
1781750547019
15926603513
1781750548022
15943932936
1781750549022
15961305627
1781750550019
15978931135
1781750551020
15996240315
1781750552019
16013742368
1781750553018
16031298888
1781750554020
16048624287
1781750555017
16066380014
1781750556021
16083776848
1781750557019
16101310464
1781750558019
16118931704
1781750559020
16136447496
1781750560020
16153886099
1781750561018
16171261254
1781750562019
16188799215
1781750563020
16206907362
1781750564020
16224245291
1781750565017
16241704335
1781750566020
16259534558
1781750567018
16276945789
1781750568017
16294435066
1781750569019
16311829330
1781750570018
16329315318
1781750571022
16346818870
1781750572020
16364245157
1781750573019
16381716992
1781750574020
16399254754
1781750575016
16416593449
1781750576020
16434068237
1781750577021
16451474389
1781750578019
16468654728
1781750579019
16486155067
1781750580019
16503551198
1781750581018
16521016561
1781750582021
16538543996
1781750583019
16556081621
1781750584019
16573409865
1781750585016
16590881976
1781750586019
16608101300
1781750587019
16625661416
1781750588021
16643143027
1781750589023
16660596395
1781750590021
16678118200
1781750591020
16695567146
1781750592019
16713093510
1781750593023
16731032500
1781750594021
16748542080
1781750595016
16766126784
1781750596022
16783835294
1781750597019
16801124463
1781750598019
16818637041
1781750599019
16836079149
1781750600019
16853731187
1781750601020
16871264865
1781750602019
16888788398
1781750603019
16901887417
1781750604021
16912271863
1781750605016
16921487053
1781750606025
16933814095
1781750607019
16945199100
1781750608024
16955189710
1781750609019
16964764618
1781750610023
16978583991
1781750611023
16993030098
1781750612019
17010408894
1781750613021
17027713026
1781750614020
17045189389
1781750615015
17062649214
1781750616019
17080132631
1781750617021
17097656333
1781750618021
17114790344
1781750619019
17132350873
1781750620020
17150008756
1781750621021
17167515383
1781750622019
17185129677
1781750623019
17202562650
1781750624019
17220539385
1781750625015
17238017737
1781750626022
17255659096
1781750627019
17273243034
1781750628021
17290769368
1781750629019
17308193651
1781750630020
17326026091
1781750631019
17343450129
1781750632018
17361242086
1781750633021
17378792441
1781750634018
17396581429
1781750635016
17414141255
1781750636021
17431590186
1781750637021
17448894011
1781750638020
17466260445
1781750639019
17483599445
1781750640020
17500845651
1781750641019
17518442670
1781750642021
17535720165
1781750643019
17553261906
1781750644022
17570697648
1781750645017
17588031844
1781750646020
17605505025
1781750647020
17622907062
1781750648021
17640269517
1781750649020
17657739470
1781750650020
17675102369
1781750651022
17692481318
1781750652020
17709956335
1781750653019
17727229683
1781750654020
17744576961
1781750655015
17762634679
1781750656022
17780043646
1781750657019
17798093347
1781750658019
17815439447
1781750659020
17832909492
1781750660019
17850691458
1781750661020
17868188002
1781750662022
17885949237
1781750663019
17903475494
1781750664021
17921071611
1781750665015
17938800164
1781750666019
17956444706
1781750667019
17974525374
1781750668019
17992151815
1781750669019
18009624476
1781750670020
18027226300
1781750671019
18044701761
1781750672021
18061799236
1781750673022
18079121835
1781750674021
18096574942
1781750675015
18114397790
1781750676021
18132141567
1781750677019
18149887609
1781750678022
18167495935
1781750679021
18185099457
1781750680021
18202844841
1781750681023
18220608493
1781750682021
18238303585
1781750683021
18256015003
1781750684022
18273676084
1781750685016
18291289444
1781750686021
18309584954
1781750687020
18327355384
1781750688018
18345131016
1781750689020
18363159526
1781750690021
18380887682
1781750691021
18398471406
1781750692020
18416262797
1781750693019
18433997532
1781750694021
18451782894
1781750695017
18469513636
1781750696020
18487101307
1781750697018
18505008825
1781750698021
18522517472
1781750699019
18540229455
1781750700020
18558106297
1781750701017
18576197032
1781750702019
18593830512
1781750703019
18611556984
1781750704019
18629355367
1781750705017
18647200568
1781750706020
18664864694
1781750707020
18682583670
1781750708022
18699554583
1781750709018
18716890768
1781750710021
18734471462
1781750711020
18752043681
1781750712022
18769457544
1781750713019
18787112535
1781750714021
18804486022
1781750715015
18822049381
1781750716020
18840004146
1781750717019
18857708204
1781750718018
18875372911
1781750719019
18893001357
1781750720019
18910353484
1781750721019
18928099434
1781750722020
18945608020
1781750723019
18963278372
1781750724023
18980788197
1781750725016
18998442163
1781750726020
19016202969
1781750727019
19034221014
1781750728019
19051663397
1781750729020
19069367256
1781750730020
19086827525
1781750731019
19104448366
1781750732020
19122021702
1781750733017
19139441409
1781750734019
19157259499
1781750735016
19174826316
1781750736020
19192254393
1781750737020
19210071549
1781750738020
19227536729
1781750739020
19244914744
1781750740022
19262452201
1781750741019
19279969997
1781750742025
19297512900
1781750743018
19314972572
1781750744021
19332333589
1781750745016
19349984633
1781750746024
19367459145
1781750747018
19385030782
1781750748018
19403021853
1781750749019
19420676937
1781750750019
19438266429
1781750751020
19455904024
1781750752022
19473347263
1781750753020
19491070951
1781750754019
19508784098
1781750755016
19526341797
1781750756019
19544161125
1781750757020
19561610852
1781750758019
19580760760
1781750759105
19596812005
1781750760019
19614146936
1781750761019
19631583351
1781750762019
19649100306
1781750763017
19666596499
1781750764018
19683948611
1781750765015
19701394788
1781750766019
19718935213
1781750767022
19736633656
1781750768022
19753735690
1781750769021
19770867452
1781750770020
19788296340
1781750771019
19805753395
1781750772021
19823385896
1781750773018
19840748825
1781750774019
19858025386
1781750775014
19875808928
1781750776022
19893197210
1781750777019
19910639225
1781750778021
19928787045
1781750779019
19946249134
1781750780019
19964028988
1781750781020
19981477017
1781750782022
19998829588
1781750783020
20016440821
1781750784020
20034042905
1781750785016
20051795725
1781750786020
20069713096
1781750787018
20087534658
1781750788019
20106349481
1781750789105
20122243335
1781750790020
20139656847
1781750791020
20157231987
1781750792019
20174592729
1781750793020
20192096817
1781750794022
20209581182
1781750795018
20226957117
1781750796023
20244328339
1781750797019
20261724546
1781750798019
20279082626
1781750799021
20296690524
1781750800019
20314131590
1781750801019
20331706654
1781750802019
20349337548
1781750803019
20366616618
1781750804020
20384137704
1781750805016
20401861882
1781750806020
20419373696
1781750807023
20437061445
1781750808021
20454541113
1781750809019
20472851266
1781750810022
20490444919
1781750811019
20507939995
1781750812018
20525576703
1781750813018
20543360811
1781750814018
20560843738
1781750815015
20578706901
1781750816022
20596021055
1781750817019
20613640565
1781750818020
20631118750
1781750819019
20648365522
1781750820020
20665937449
1781750821019
20683482388
1781750822020
20700807480
1781750823019
20718485911
1781750824020
20735947235
1781750825015
20753468596
1781750826020
20771264531
1781750827023
20788584759
1781750828020
20806146940
1781750829019
20823729057
1781750830019
20841187597
1781750831021
20858801018
1781750832019
20876283272
1781750833021
20895079842
1781750834106
20911156914
1781750835017
20928701256
1781750836019
20946250341
1781750837020
20963840720
1781750838022
20981192542
1781750839018
20999187514
1781750840019
21017235226
1781750841019
21034706220
1781750842019
21052478332
1781750843019
21070148272
1781750844018
21087940458
1781750845015
21105878729
1781750846020
21123461305
1781750847020
21141603296
1781750848020
21158933682
1781750849020
21176286544
1781750850019
21193926480
1781750851019
21211265420
1781750852022
21228774418
1781750853019
21246409504
1781750854020
21263748948
1781750855018
21281601524
1781750856021
21298955687
1781750857020
21316367607
1781750858021
21333951178
1781750859021
21351279636
1781750860020
21368925126
1781750861019
21386537737
1781750862019
21404061087
1781750863020
21421782128
1781750864021
21439093206
1781750865016
21456573732
1781750866021
21473987136
1781750867019
21491675282
1781750868022
21509489868
1781750869020
21527182681
1781750870019
21545006875
1781750871018
21562929172
1781750872018
21580602049
1781750873019
21598113190
1781750874021
21615862185
1781750875014
21633617391
1781750876024
21651171295
1781750877021
21668725062
1781750878020
21686030953
1781750879019
21703560362
1781750880022
21720874239
1781750881018
21738173796
1781750882019
21755844792
1781750883020
21773295054
1781750884019
21790977340
1781750885017
21808643317
1781750886018
21826216514
1781750887019
21843604260
1781750888020
21860922881
1781750889020
21878245924
1781750890022
21895864608
1781750891019
21913265375
1781750892019
21930832177
1781750893019
21948323106
1781750894022
21965465700
1781750895016
21983188486
1781750896018
22000979647
1781750897019
22018242515
1781750898020
22035870379
1781750899019
22053312731
1781750900019
22071081631
1781750901020
22088876403
1781750902024
22106637270
1781750903021
22124453631
1781750904022
22142032000
1781750905017
22159669457
1781750906020
22177662563
1781750907020
22195602073
1781750908020
22212999719
1781750909021
22230770072
1781750910021
22248266066
1781750911019
22265850784
1781750912020
22283376628
1781750913019
22300582794
1781750914019
22318208011
1781750915018
22335806683
1781750916020
22353203808
1781750917020
22371020674
1781750918019
22388354931
1781750919020
22405987600
1781750920020
22423585369
1781750921019
22441010585
1781750922021
22458753184
1781750923018
22476082132
1781750924022
22493519787
1781750925016
22511304262
1781750926019
22528617498
1781750927019
22546101420
1781750928023
22563812654
1781750929019
22581302956
1781750930021
22598738622
1781750931019
22616805871
1781750932020
22634417258
1781750933020
22652169190
1781750934021
22669391727
1781750935018
22686883773
1781750936018
22704552488
1781750937019
22721849766
1781750938023
22739485173
1781750939019
22757009181
1781750940021
22774268116
1781750941018
22791964540
1781750942019
22809254259
1781750943018
22826506126
1781750944018
22844261241
1781750945016
22861551204
1781750946020
22879231823
1781750947022
22896968440
1781750948022
22914407610
1781750949019
22932166518
1781750950020
22949792302
1781750951024
22967316509
1781750952019
22984969572
1781750953019
23003685864
1781750954104
23019603708
1781750955015
23037157031
1781750956020
23054569288
1781750957019
23072418360
1781750958022
23089797339
1781750959019
23107323091
1781750960021
23125018887
1781750961019
23142855995
1781750962022
23160435909
1781750963020
23178491959
1781750964020
23196084863
1781750965017
23213977173
1781750966021
23231686601
1781750967019
23249805443
1781750968023
23267346464
1781750969019
23285074360
1781750970021
23302713730
1781750971020
23320457293
1781750972022
23337919535
1781750973020
23355487974
1781750974016
23372897553
1781750975017
23390286524
1781750976022
23407939679
1781750977020
23425303741
1781750978020
23442802902
1781750979019
23460665040
1781750980022
23478071972
1781750981018
23495697878
1781750982021
23513230867
1781750983019
23530667986
1781750984020
23548147303
1781750985015
23565601069
1781750986020
23583149220
1781750987018
23600813652
1781750988019
23618363578
1781750989020
23636017238
1781750990019
23653767166
1781750991018
23671509964
1781750992020
23689964457
1781750993020
23707772769
1781750994021
23725404566
1781750995015
23743204356
1781750996022
23760469947
1781750997020
23778302143
1781750998021
23795978126
1781750999021
23813422681
1781751000020
23831137358
1781751001019
23848507784
1781751002020
23866203168
1781751003018
23884301721
1781751004019
23901526997
1781751005016
23919126342
1781751006018
23936726024
1781751007018
23954270641
1781751008022
23971882027
1781751009020
23989231523
1781751010019
24006707872
1781751011019
24024380229
1781751012019
24041776849
1781751013019
24059386170
1781751014022
24076736308
1781751015016
24094208465
1781751016023
24112079140
1781751017020
24129371598
1781751018020
24146661210
1781751019020
24164325228
1781751020020
24181690728
1781751021020
24199219127
1781751022022
24217112600
1781751023018
24234979481
1781751024019
24252826380
1781751025016
24270404060
1781751026019
24288105747
1781751027020
24306480053
1781751028023
24323893916
1781751029019
24341576264
1781751030020
24359362483
1781751031021
24376905295
1781751032022
24394384642
1781751033019
24412065613
1781751034019
24429313058
1781751035015
24447017300
1781751036020
24464249262
1781751037019
24482226471
1781751038024
24499667599
1781751039020
24516807087
1781751040020
24534560090
1781751041020
24552088168
1781751042019
24569518632
1781751043020
24587222568
1781751044019
24604490240
1781751045014
24622204580
1781751046022
24639671106
1781751047019
24657070633
1781751048020
24674767194
1781751049021
24692203411
1781751050020
24709544507
1781751051019
24727236188
1781751052021
24744681034
1781751053019
24763253627
1781751054020
24781062690
1781751055016
24798710138
1781751056018
24816294168
1781751057019
24833874480
1781751058020
24851172874
1781751059020
24868888331
1781751060019
24886467756
1781751061019
24904088062
1781751062020
24921765513
1781751063021
24939073669
1781751064020
24956584810
1781751065016
24974191025
1781751066020
24991463654
1781751067019
25009413201
1781751068020
25026767057
1781751069020
25044192717
1781751070022
25061923504
1781751071020
25079525221
1781751072022
25097184175
1781751073019
25114696310
1781751074022
25132045103
1781751075015
25149875478
1781751076020
25167352714
1781751077020
25184718504
1781751078019
25202327779
1781751079020
25219688888
1781751080022
25237180506
1781751081019
25254839537
1781751082019
25272198672
1781751083019
25290345099
1781751084020
25308023805
1781751085015
25325876672
1781751086019
25343707536
1781751087019
25361567043
1781751088022
25378953412
1781751089019
25396498335
1781751090019
25413833924
1781751091021
25431577288
1781751092023
25449034297
1781751093019
25466486946
1781751094020
25483963845
1781751095016
25501599115
1781751096020
25519114494
1781751097020
25536682030
1781751098021
25554014712
1781751099021
25571794245
1781751100018
25589453367
1781751101021
25606965472
1781751102019
25624856098
1781751103020
25642147332
1781751104022
25659629678
1781751105016
25677339398
1781751106020
25694782362
1781751107020
25712432977
1781751108020
25730104615
1781751109019
25747676772
1781751110019
25765070531
1781751111019
25782492136
1781751112021
25799971606
1781751113020
25817670768
1781751114020
25835559528
1781751115015
25853264933
1781751116022
25870680158
1781751117020
25888003981
1781751118025
25905475020
1781751119018
25922922299
1781751120021
25940616030
1781751121018
25958269858
1781751122021
25975546113
1781751123020
25993177114
1781751124020
26010447326
1781751125016
26027974072
1781751126021
26045640248
1781751127019
26062980044
1781751128022
26080564716
1781751129019
26098328261
1781751130020
26115524069
1781751131021
26132931185
1781751132019
26150501384
1781751133019
26167738792
1781751134022
26185360720
1781751135017
26202852231
1781751136019
26220336413
1781751137019
26238067093
1781751138022
26255630438
1781751139018
26273249872
1781751140023
26290807632
1781751141018
26308276850
1781751142019
26325731457
1781751143019
26343221316
1781751144020
26361016409
1781751145016
26379069246
1781751146021
26396867308
1781751147019
26414939148
1781751148020
26432334911
1781751149019
26449899296
1781751150022
26467783665
1781751151020
26485128846
1781751152020
26502854524
1781751153018
26520635021
1781751154022
26537840682
1781751155015
26555377251
1781751156019
26572916024
1781751157020
26590284752
1781751158020
26607834219
1781751159019
26625313888
1781751160020
26642840313
1781751161020
26660594448
1781751162022
26677780204
1781751163019
26695292064
1781751164021
26712782167
1781751165015
26730382874
1781751166022
26747844473
1781751167018
26765518467
1781751168021
26782924527
1781751169019
26800632671
1781751170020
26818005117
1781751171019
26835543522
1781751172018
26853454360
1781751173019
26870737669
1781751174021
26888527866
1781751175015
26906433563
1781751176020
26924198745
1781751177019
26941944848
1781751178019
26959573064
1781751179018
26977326450
1781751180019
26995155448
1781751181018
27012497187
1781751182020
27030530746
1781751183020
27048129311
1781751184018
27065493985
1781751185014
27083146712
1781751186018
27100618532
1781751187019
27118144896
1781751188017
27135746704
1781751189018
27153049046
1781751190020
27170697703
1781751191018
27188152494
1781751192022
27205567107
1781751193020
27223177590
1781751194019
27240489862
1781751195019
27257918704
1781751196020
27275503698
1781751197021
27292769885
1781751198020
27310299156
1781751199018
27327808247
1781751200021
27345176180
1781751201019
27362734215
1781751202022
27379896011
1781751203022
27397573921
1781751204022
27415172991
1781751205016
27433131290
1781751206021
27451223004
1781751207022
27469405891
1781751208021
27486990518
1781751209019
27504683576
1781751210022
27522371493
1781751211019
27537191577
1781751212023
27546264171
1781751213019
27556950717
1781751214019
27566717410
1781751215019
27576584151
1781751216025
27586115867
1781751217020
27594032516
1781751218024
27606952555
1781751219024
27622134760
1781751220020
27639337284
1781751221020
27656715285
1781751222019
27674323198
1781751223018
27691833053
1781751224019
27709173859
1781751225014
27726756696
1781751226020
27744269121
1781751227021
27761884608
1781751228023
27779507225
1781751229020
27796833189
1781751230023
27814216820
1781751231020
27831821750
1781751232019
27849352872
1781751233021
27867007251
1781751234020
27884479010
1781751235017
27902490308
1781751236020
27920281331
1781751237019
27937873730
1781751238023
27955529196
1781751239020
27973505854
1781751240022
27991131011
1781751241018
28009031169
1781751242017
28026782367
1781751243020
28044320512
1781751244019
28062169614
1781751245017
28079541127
1781751246021
28097091069
1781751247021
28114659386
1781751248019
28132074519
1781751249020
28149809055
1781751250020
28167245011
1781751251022
28184789889
1781751252020
28202342737
1781751253019
28219771962
1781751254019
28237231373
1781751255016
28254804448
1781751256020
28272196172
1781751257018
28289971100
1781751258022
28307401855
1781751259022
28324856202
1781751260019
28342566258
1781751261019
28359919089
1781751262022
28377268509
1781751263019
28394895180
1781751264021
28412194263
1781751265015
28429993457
1781751266020
28447984727
1781751267020
28466105634
1781751268019
28483885152
1781751269020
28501507936
1781751270020
28518927063
1781751271019
28536714307
1781751272021
28554061172
1781751273019
28571851170
1781751274016
28589496232
1781751275016
28607018144
1781751276022
28624774085
1781751277021
28642090655
1781751278020
28659794392
1781751279019
28677475516
1781751280022
28694933321
1781751281019
28712442962
1781751282019
28729795671
1781751283022
28747123717
1781751284019
28764594435
1781751285016
28782045707
1781751286019
28799378220
1781751287020
28817005488
1781751288022
28834293233
1781751289019
28851933934
1781751290019
28869652099
1781751291019
28887141132
1781751292020
28904623524
1781751293019
28921939084
1781751294020
28939438521
1781751295017
28957302158
1781751296022
28974902758
1781751297020
28992710229
1781751298021
29010179325
1781751299020
29027760050
1781751300022
29045543684
1781751301019
29063332045
1781751302021
29080751845
1781751303020
29098343510
1781751304019
29115715130
1781751305016
29133199220
1781751306019
29151070951
1781751307020
29168742818
1781751308019
29186632680
1781751309019
29204273106
1781751310019
29221985441
1781751311020
29239611240
1781751312021
29257090557
1781751313019
29274627784
1781751314019
29292171070
1781751315017
29309228872
1781751316019
29326215880
1781751317021
29343173742
1781751318019
29360678427
1781751319021
29378295963
1781751320019
29395843013
1781751321020
29413436606
1781751322019
29431170560
1781751323019
29448692717
1781751324018
29466359321
1781751325015
29484032397
1781751326019
29501752184
1781751327019
29519817001
1781751328022
29537195796
1781751329019
29554921336
1781751330020
29572849080
1781751331019
29590381825
1781751332019
29608081339
1781751333019
29625780853
1781751334020
29643258303
1781751335015
29660886596
1781751336016
29678473135
1781751337020
29696303113
1781751338022
29714039622
1781751339018
29731542532
1781751340022
29749173808
1781751341019
29767067847
1781751342023
29784439191
1781751343020
29802114730
1781751344019
29819491338
1781751345015
29837114154
1781751346023
29854668425
1781751347019
29872195508
1781751348020
29889804018
1781751349019
29907369443
1781751350022
29924812958
1781751351020
29942541833
1781751352022
29960117616
1781751353020
29977665905
1781751354020
29995470684
1781751355017
30012834914
1781751356022
30030353230
1781751357019
30048443338
1781751358021
30065945804
1781751359021
30083913818
1781751360020
30101408266
1781751361019
30119347470
1781751362022
30137178978
1781751363020
30154768209
1781751364018
30172513624
1781751365015
30189850605
1781751366017
30207078848
1781751367020
30224937238
1781751368019
30242738252
1781751369019
30260472727
1781751370018
30278363583
1781751371020
30295809209
1781751372020
30313699086
1781751373019
30331368949
1781751374019
30349164532
1781751375016
30366268065
1781751376023
30383665803
1781751377019
30401400966
1781751378021
30419242464
1781751379019
30436826188
1781751380020
30454583139
1781751381019
30472329532
1781751382022
30489894024
1781751383020
30507809498
1781751384019
30525445762
1781751385017
30543264677
1781751386020
30561038412
1781751387019
30579417613
1781751388020
30596915321
1781751389019
30614534403
1781751390021
30632388600
1781751391020
30650448598
1781751392021
30668235169
1781751393021
30686150306
1781751394020
30704009216
1781751395016
30721693048
1781751396022
30739500045
1781751397021
30757132637
1781751398019
30774750984
1781751399018
30792587847
1781751400023
30810230812
1781751401019
30827885727
1781751402020
30845718000
1781751403020
30863265462
1781751404020
30880662542
1781751405015
30898366937
1781751406021
30915850201
1781751407018
30933559507
1781751408019
30951315922
1781751409020
30968908704
1781751410019
30986613175
1781751411020
31004186357
1781751412022
31021680454
1781751413018
31039347058
1781751414020
31056615709
1781751415016
31074404544
1781751416022
31091976855
1781751417020
31109625986
1781751418020
31127633780
1781751419020
31145155998
1781751420019
31163032625
1781751421019
31180814851
1781751422021
31198848563
1781751423019
31216930379
1781751424020
31234749921
1781751425015
31252426042
1781751426020
31270366960
1781751427023
31287971507
1781751428021
31305645914
1781751429020
31323344434
1781751430019
31340970401
1781751431021
31358671950
1781751432021
31376235922
1781751433018
31393690208
1781751434020
31411362289
1781751435016
31428946992
1781751436020
31446541319
1781751437019
31464341431
1781751438021
31481797675
1781751439018
31499275645
1781751440021
31516918259
1781751441020
31534425269
1781751442017
31552419063
1781751443021
31570076747
1781751444020
31587665826
1781751445015
31605624094
1781751446019
31623517918
1781751447019
31641682568
1781751448020
31659105106
1781751449019
31676849970
1781751450019
31694652086
1781751451022
31712402412
1781751452019
31730282083
1781751453019
31748388012
1781751454020
31765950071
1781751455015
31783813371
1781751456019
31801348457
1781751457018
31818980666
1781751458020
31836761286
1781751459021
31854248742
1781751460018
31871925352
1781751461021
31889629197
1781751462020
31907407873
1781751463020
31925215757
1781751464019
31943071806
1781751465017
31960849442
1781751466020
31978478714
1781751467020
31996169370
1781751468020
32013967079
1781751469019
32031710428
1781751470020
32049542685
1781751471022
32067326717
1781751472019
32085078251
1781751473021
32102671170
1781751474018
32120467059
1781751475015
32138471242
1781751476021
32156060826
1781751477021
32173743312
1781751478020
32191246190
1781751479019
32208361275
1781751480020
32226294910
1781751481019
32244068981
1781751482018
32262231703
1781751483019
32280522884
1781751484021
32298458324
1781751485016
32316462981
1781751486017
32334291429
1781751487019
32352279654
1781751488019
32370235964
1781751489019
32387909453
1781751490018
32405941941
1781751491022
32423750361
1781751492020
32441492853
1781751493021
32459290776
1781751494019
32476991086
1781751495016
32494987252
1781751496020
32512939247
1781751497019
32530739221
1781751498020
32548518127
1781751499019
32566357285
1781751500020
32584174716
1781751501020
32602097932
1781751502020
32619961737
1781751503019
32638008745
1781751504021
32655804726
1781751505015
32673771837
1781751506020
32691848221
1781751507019
32710210761
1781751508021
32727895297
1781751509018
32745897950
1781751510018
32763598489
1781751511019
32781422224
1781751512019
32799554224
1781751513019
32817551017
1781751514019
32835529359
1781751515015
32853466038
1781751516020
32871216180
1781751517018
32889162101
1781751518018
32907106170
1781751519018
32924991044
1781751520021
32942869324
1781751521020
32960747772
1781751522020
32978715480
1781751523020
32998029526
1781751524107
33013933280
1781751525016
33031764680
1781751526020
33049646953
1781751527020
33067729747
1781751528024
33085626173
1781751529019
33103206867
1781751530020
33120749358
1781751531019
33138591942
1781751532021
33156210535
1781751533019
33173995959
1781751534020
33190892085
1781751535016
33208162740
1781751536022
33225746679
1781751537019
33243285497
1781751538020
33260768914
1781751539020
33278379092
1781751540023
33296177337
1781751541018
33313778380
1781751542021
33331543838
1781751543019
33349385673
1781751544019
33367456242
1781751545016
33385133189
1781751546022
33402661405
1781751547018
33420514179
1781751548021
33437905307
1781751549022
33455732530
1781751550021
33473440337
1781751551020
33491021307
1781751552020
33508710111
1781751553019
33526129054
1781751554022
33543572094
1781751555015
33561143119
1781751556019
33578772238
1781751557020
33596639777
1781751558018
33614206549
1781751559019
33631730664
1781751560020
33649505760
1781751561020
33667093860
1781751562022
33684538369
1781751563020
33702413971
1781751564021
33719643760
1781751565015
33737445830
1781751566020
33755225761
1781751567018
33773191205
1781751568020
33790777974
1781751569019
33808356128
1781751570020
33826051160
1781751571019
33844106674
1781751572020
33861636787
1781751573017
33879586778
1781751574023
33897243987
1781751575015
33915039708
1781751576022
33933077077
1781751577019
33950751423
1781751578022
33968270504
1781751579018
33986141256
1781751580020
34003580227
1781751581018
34020977964
1781751582019
34038555889
1781751583019
34055998532
1781751584019
34073797328
1781751585015
34091399412
1781751586021
34108885812
1781751587019
34126512376
1781751588020
34144124099
1781751589019
34161755115
1781751590020
34179336575
1781751591019
34196675453
1781751592019
34214453226
1781751593019
34232153751
1781751594019
34249807503
1781751595015
34267534587
1781751596019
34285040174
1781751597021
34302679345
1781751598021
34320227084
1781751599018
34337824394
1781751600020
34355147222
1781751601016
34372939363
1781751602024
34390586260
1781751603018
34408304563
1781751604019
34425983529
1781751605018
34444012422
1781751606019
34461851335
1781751607018
34479314479
1781751608018
34497270789
1781751609019
34515091571
1781751610019
34533017219
1781751611018
34550774568
1781751612020
34568237651
1781751613022
34585937823
1781751614022
34603540840
1781751615017
34620898400
1781751616019
34638611087
1781751617021
34656235616
1781751618023
34673708966
1781751619019
34691474530
1781751620020
34708911527
1781751621020
34726408821
1781751622020
34743938200
1781751623022
34761241643
1781751624020
34778619980
1781751625015
34796213802
1781751626019
34813960700
1781751627019
34832100258
1781751628019
34849353700
1781751629020
34866844033
1781751630019
34884514370
1781751631022
34902163027
1781751632022
34920131057
1781751633018
34937730035
1781751634018
34955223948
1781751635016
34973106909
1781751636021
34990816276
1781751637019
35008448715
1781751638022
35025982867
1781751639019
35043350004
1781751640020
35060963196
1781751641019
35078723666
1781751642022
35096238800
1781751643020
35114164632
1781751644021
35131362153
1781751645015
35148928771
1781751646021
35166674385
1781751647018
35184085800
1781751648019
35201517120
1781751649021
35218802097
1781751650020
35236075995
1781751651019
35253839295
1781751652019
35270872066
1781751653019
35288373002
1781751654020
35306066381
1781751655016
35323466535
1781751656020
35341251776
1781751657020
35358735973
1781751658022
35375815929
1781751659019
35393384460
1781751660019
35410940598
1781751661020
35428442268
1781751662019
35446034086
1781751663019
35463439656
1781751664020
35480979775
1781751665018
35498703877
1781751666019
35516485476
1781751667020
35533895177
1781751668020
35551397597
1781751669019
35568855004
1781751670020
35586454426
1781751671019
35603939235
1781751672019
35621498311
1781751673019
35639141873
1781751674021
35656379480
1781751675015
35673979820
1781751676022
35691470474
1781751677019
35709035471
1781751678021
35726772057
1781751679023
35744110231
1781751680018
35761751146
1781751681019
35779371376
1781751682019
35796534365
1781751683020
35814110454
1781751684019
35831590551
1781751685016
35849236699
1781751686020
35867176439
1781751687019
35885102317
1781751688019
35902691319
1781751689023
35920309713
1781751690020
35937653319
1781751691019
35955454532
1781751692019
35973093152
1781751693021
35990728758
1781751694019
36008533108
1781751695017
36025960772
1781751696019
36043671456
1781751697022
36061605075
1781751698018
36079071035
1781751699019
36096721038
1781751700019
36114346271
1781751701020
36131775588
1781751702022
36149471659
1781751703019
36168325911
1781751704107
36184115419
1781751705017
36201834823
1781751706023
36219215103
1781751707021
36236865611
1781751708019
36254456450
1781751709019
36271899735
1781751710020
36289857727
1781751711019
36307359076
1781751712020
36324757808
1781751713020
36342607996
1781751714022
36359939821
1781751715018
36377625596
1781751716020
36395247646
1781751717019
36412779702
1781751718021
36430208146
1781751719019
36447305912
1781751720021
36464171913
1781751721018
36481827501
1781751722019
36499249350
1781751723018
36517203334
1781751724021
36534786905
1781751725017
36552127114
1781751726019
36569757641
1781751727020
36587450347
1781751728019
36605328519
1781751729021
36623294131
1781751730018
36641039928
1781751731021
36658601360
1781751732021
36676283891
1781751733021
36693965550
1781751734019
36711728697
1781751735016
36729516615
1781751736022
36747063328
1781751737020
36765101860
1781751738023
36782586929
1781751739020
36800386827
1781751740022
36818098872
1781751741020
36835438790
1781751742020
36853413858
1781751743020
36871123225
1781751744020
36888520977
1781751745015
36906404474
1781751746023
36924153025
1781751747021
36942119800
1781751748020
36959764617
1781751749019
36977272866
1781751750026
36995034651
1781751751019
37012811797
1781751752020
37030318516
1781751753019
37048185948
1781751754021
37065765312
1781751755014
37083490836
1781751756023
37101126105
1781751757018
37118388300
1781751758018
37136639578
1781751759019
37154501257
1781751760023
37172058894
1781751761018
37190180031
1781751762019
37207813648
1781751763023
37225247340
1781751764022
37243125023
1781751765014
37260839608
1781751766020
37278512806
1781751767018
37296192690
1781751768020
37313572603
1781751769018
37331546844
1781751770021
37349134699
1781751771017
37366660681
1781751772020
37384216819
1781751773019
37401843979
1781751774020
37419548344
1781751775017
37437091155
1781751776020
37454422307
1781751777019
37472189753
1781751778019
37489590872
1781751779020
37507098264
1781751780019
37524975518
1781751781019
37542276146
1781751782018
37559883585
1781751783020
37577500571
1781751784020
37595274229
1781751785017
37613085158
1781751786020
37630872127
1781751787021
37648612554
1781751788019
37666520148
1781751789020
37684589724
1781751790022
37702404309
1781751791019
37720144231
1781751792020
37737648594
1781751793020
37755367967
1781751794020
37772993980
1781751795017
37790528117
1781751796020
37808363939
1781751797019
37825787885
1781751798020
37841953544
1781751799022
37856425707
1781751800023
37872841413
1781751801020
37890594370
1781751802020
37908252789
1781751803018
37925733605
1781751804019
37943232414
1781751805016
37960758717
1781751806021
37978485832
1781751807020
37996436970
1781751808019
38013916639
1781751809019
38031548053
1781751810020
38049012666
1781751811019
38066763665
1781751812020
38084545249
1781751813019
38101945235
1781751814020
38119657433
1781751815017
38137805803
1781751816020
38154999178
1781751817019
38172775575
1781751818020
38190061546
1781751819023
38202084439
1781751820019
38212255680
1781751821015
38221908312
1781751822019
38231622925
1781751823023
38241028401
1781751824024
38248663284
1781751825019
38256605729
1781751826024
38264116376
1781751827023
38271332958
1781751828026
38278908217
1781751829024
38286458400
1781751830020
38293874096
1781751831023
38301385080
1781751832024
38308824047
1781751833023
38316650395
1781751834024
38324309912
1781751835021
38331978960
1781751836021
38339621892
1781751837022
38347224293
1781751838024
38354929802
1781751839023
38362907283
1781751840025
38370449035
1781751841024
38378120073
1781751842022
38385958584
1781751843028
38393587470
1781751844023
38401555297
1781751845021
38410434499
1781751846022
38417763429
1781751847023
38427353851
1781751848021
38440520144
1781751849018
38448776926
1781751850023
38458898045
1781751851021
38467000787
1781751852023
38475280566
1781751853023
38483985914
1781751854023
38491313665
1781751855022
38499065441
1781751856021
38506449710
1781751857021
38513849601
1781751858020
38521213598
1781751859024
38528709068
1781751860027
38536236561
1781751861022
38543725881
1781751862026
38551079688
1781751863024
38558786956
1781751864026
38566142507
1781751865022
38573887979
1781751866024
38584431760
1781751867018
38595440340
1781751868019
38604157178
1781751869023
38613705724
1781751870023
38621937966
1781751871024
38630285294
1781751872020
38638383033
1781751873020
38646144953
1781751874024
38654086831
1781751875020
38661712886
1781751876025
38669297769
1781751877024
38676864736
1781751878024
38684604027
1781751879023
38692955287
1781751880021
38700292555
1781751881024
38712550992
1781751882020
38724390484
1781751883020
38732337702
1781751884023
38739987839
1781751885019
38747674085
1781751886026
38756836796
1781751887023
38765055313
1781751888019
38773447333
1781751889024
38781209451
1781751890023
38788790479
1781751891022
38796246704
1781751892023
38803674762
1781751893024
38811277332
1781751894024
38818734537
1781751895019
38826373705
1781751896024
38833950999
1781751897020
38841411616
1781751898024
38850267378
1781751899197
38856376454
1781751900022
38863900428
1781751901024
38871287926
1781751902024
38878585857
1781751903024
38886150529
1781751904024
38893494866
1781751905020
38901012735
1781751906023
38909098647
1781751907023
38917404773
1781751908024
38925012942
1781751909020
38932506255
1781751910020
38940100930
1781751911022
38947780046
1781751912027
38958035759
1781751913024
38966512984
1781751914024
38974959655
1781751915019
38983646459
1781751916020
38995324261
1781751917021
39005005963
1781751918019
39012879894
1781751919023
39020861078
1781751920024
39028892736
1781751921024
39036910824
1781751922024
39044728557
1781751923023
39053353902
1781751924025
39061086201
1781751925020
39069012503
1781751926024
39077093780
1781751927024
39089010720
1781751928025
39096831560
1781751929022
39105058569
1781751930021
39112668605
1781751931023
39120665625
1781751932023
39128697757
1781751933024
39136354734
1781751934023
39143822373
1781751935022
39151357164
1781751936023
39158677740
1781751937024
39167550486
1781751938024
39175182493
1781751939020
39182941169
1781751940025
39190478316
1781751941022
39198010950
1781751942022
39205737174
1781751943024
39216030800
1781751944023
39224314495
1781751945021
39231953066
1781751946024
39239487643
1781751947022
39247696644
1781751948021
39257406651
1781751949018
39270689117
1781751950020
39280419687
1781751951024
39288058151
1781751952026
39295961519
1781751953026
39304525204
1781751954024
39312591961
1781751955019
39320951238
1781751956025
39328880708
1781751957020
39337979129
1781751958024
39346204194
1781751959106
39353200043
1781751960023
39360895346
1781751961023
39368645653
1781751962024
39376561521
1781751963023
39384225429
1781751964023
39391934395
1781751965020
39399743699
1781751966024
39407262318
1781751967022
39415082622
1781751968023
39424018097
1781751969022
39431761687
1781751970024
39439435754
1781751971022
39447097168
1781751972022
39454429005
1781751973024
39463437507
1781751974024
39472472907
1781751975020
39480822851
1781751976024
39488197543
1781751977020
39495779703
1781751978023
39504041259
1781751979022
39511656467
1781751980024
39519769139
1781751981022
39527519767
1781751982022
39537440669
1781751983019
39550726608
1781751984021
39560287241
1781751985019
39568413056
1781751986024
39577516357
1781751987020
39589573981
1781751988023
39598978233
1781751989023
39607501129
1781751990023
39615307663
1781751991026
39622980843
1781751992026
39631022094
1781751993020
39638788512
1781751994023
39646626273
1781751995021
39654471134
1781751996024
39662054059
1781751997026
39669777759
1781751998022
39677452989
1781751999024
39686695918
1781752000024
39694415211
1781752001024
39702125830
1781752002024
39709726120
1781752003023
39717618809
1781752004023
39726929027
1781752005020
39735891813
1781752006024
39743724663
1781752007022
39751520059
1781752008024
39759111981
1781752009025
39767061845
1781752010025
39774700248
1781752011021
39782286539
1781752012024
39789765684
1781752013024
39797460069
1781752014023
39805604886
1781752015022
39813200464
1781752016024
39822119798
1781752017022
39835214823
1781752018018
39844040536
1781752019022
39852132293
1781752020023
39859827352
1781752021024
39868225950
1781752022026
39875988971
1781752023023
39884041912
1781752024024
39891914512
1781752025020
39899511574
1781752026023
39906991698
1781752027023
39914523199
1781752028026
39922112244
1781752029024
39930229598
1781752030024
39937796703
1781752031024
39945542634
1781752032024
39953379156
1781752033022
39961046950
1781752034024
39968736714
1781752035020
39978475348
1781752036023
39986312712
1781752037024
39994110464
1781752038025
40001791263
1781752039020
40009836202
1781752040020
40017564920
1781752041022
40025187564
1781752042024
40033140305
1781752043024
40040902286
1781752044024
40048529427
1781752045020
40056501997
1781752046023
40064748498
1781752047026
40073589114
1781752048019
40081352548
1781752049021
40089471753
1781752050020
40097881429
1781752051018
40111019233
1781752052020
40120514367
1781752053025
40128234410
1781752054023
40136196408
1781752055020
40144117723
1781752056020
40152572334
1781752057024
40160309942
1781752058024
40168145241
1781752059024
40175807848
1781752060021
40183686017
1781752061023
40191237974
1781752062024
40199025108
1781752063025
40206431318
1781752064020
40214079145
1781752065022
40221872950
1781752066024
40231161947
1781752067021
40239484352
1781752068024
40247002894
1781752069024
40254743516
1781752070024
40262650403
1781752071022
40270246302
1781752072024
40277962505
1781752073023
40285666591
1781752074024
40293259461
1781752075019
40301086543
1781752076020
40308788287
1781752077022
40316658087
1781752078024
40324249060
1781752079023
40331953038
1781752080024
40339680655
1781752081024
40347301264
1781752082022
40355642732
1781752083024
40363138860
1781752084023
40371682257
1781752085017
40384853079
1781752086020
40393124932
1781752087022
40401266123
1781752088024
40409259945
1781752089023
40417084656
1781752090021
40426789782
1781752091020
40434708328
1781752092024
40442847300
1781752093027
40451259822
1781752094023
40458788432
1781752095019
40466583154
1781752096024
40474824714
1781752097023
40485138750
1781752098024
40492682063
1781752099024
40500485950
1781752100024
40508201602
1781752101024
40516313616
1781752102023
40523936398
1781752103023
40531400579
1781752104026
40539037115
1781752105020
40546894446
1781752106023
40556211671
1781752107020
