14732294326
1781749368037
14740419008
1781749369023
14748374243
1781749370023
14756671403
1781749371022
14764748472
1781749372024
14772731002
1781749373019
14781130916
1781749374022
14789208689
1781749375023
14797473779
1781749376023
14805800039
1781749377026
14814115406
1781749378023
14822420628
1781749379024
14830705517
1781749380021
14838753577
1781749381023
14846878152
1781749382028
14856974209
1781749383237
14863191915
1781749384022
14871193020
1781749385024
14879009376
1781749386021
14887182330
1781749387023
14895155971
1781749388023
14903106096
1781749389023
14911398696
1781749390021
14919393084
1781749391020
14927309885
1781749392023
14935864681
1781749393023
14947662083
1781749394024
14964393276
1781749395020
14981743154
1781749396019
14999308916
1781749397017
15017088755
1781749398019
15034828432
1781749399025
15052471428
1781749400020
15070110982
1781749401018
15087783476
1781749402019
15105593043
1781749403019
15123271306
1781749404018
15140948436
1781749405023
15158674297
1781749406020
15176318288
1781749407019
15194123632
1781749408023
15211706132
1781749409022
15229362807
1781749410024
15246921041
1781749411019
15264563807
1781749412020
15282162617
1781749413020
15299822673
1781749414019
15317567215
1781749415026
15335157426
1781749416021
15352833776
1781749417021
15370483887
1781749418019
15388409902
1781749419022
15406025205
1781749420022
15423538549
1781749421018
15441300931
1781749422019
15459028888
1781749423022
15476778693
1781749424022
15494475959
1781749425020
15512045851
1781749426019
15529740194
1781749427021
15547504336
1781749428021
15565143430
1781749429018
15582950687
1781749430018
15600746515
1781749431020
15618529246
1781749432022
15636193586
1781749433018
15653873455
1781749434021
15671565518
1781749435018
15689320663
1781749436019
15707079021
1781749437022
15724782192
1781749438019
15742415427
1781749439018
15760065308
1781749440021
15777837054
1781749441019
15795572814
1781749442020
15813225143
1781749443020
15830884433
1781749444021
15848383915
1781749445018
15866265194
1781749446018
15883987842
1781749447021
15901616976
1781749448018
15919246799
1781749449019
15936957084
1781749450021
15954734399
1781749451019
15972589973
1781749452021
15990284928
1781749453017
16008004409
1781749454021
16025700833
1781749455019
16043501801
1781749456019
16061200306
1781749457020
16078767460
1781749458018
16096524334
1781749459019
16114331820
1781749460018
16132035680
1781749461019
16150027256
1781749462021
16167672577
1781749463018
16185546435
1781749464021
16203274147
1781749465018
16221020740
1781749466019
16238780704
1781749467021
16256449603
1781749468018
16274186021
1781749469019
16291827747
1781749470019
16309511625
1781749471018
16327247676
1781749472017
16345068871
1781749473020
16362675346
1781749474018
16380459347
1781749475018
16398209229
1781749476019
16415987079
1781749477018
16434030951
1781749478021
16451657316
1781749479019
16469446197
1781749480021
16487256499
1781749481019
16505001638
1781749482021
16522704426
1781749483018
16540411208
1781749484021
16558149967
1781749485023
16576036661
1781749486019
16593721916
1781749487021
16611281619
1781749488017
16628883825
1781749489019
16646510619
1781749490021
16664203447
1781749491017
16682106726
1781749492020
16699805017
1781749493020
16717592521
1781749494019
16735231754
1781749495020
16752972425
1781749496022
16770748822
1781749497022
16788448458
1781749498019
16806423755
1781749499021
16824157174
1781749500019
16841908617
1781749501019
16859525006
1781749502019
16879324537
1781749503137
16895024602
1781749504019
16912914402
1781749505022
16930465981
1781749506018
16948083227
1781749507018
16965794430
1781749508020
16983548489
1781749509021
17001304629
1781749510017
17018988507
1781749511022
17036630263
1781749512018
17054693596
1781749513022
17072483059
1781749514021
17090199924
1781749515018
17107967232
1781749516019
17125648876
1781749517019
17143610617
1781749518022
17161294327
1781749519019
17178978021
1781749520018
17196739209
1781749521018
17214456288
1781749522022
17232169144
1781749523024
17249805837
1781749524021
17267559207
1781749525019
17285182711
1781749526018
17302948887
1781749527023
17320756159
1781749528021
17338486977
1781749529018
17356266205
1781749530018
17374339406
1781749531022
17392091904
1781749532018
17409827710
1781749533018
17427787325
1781749534020
17445577507
1781749535019
17463330571
1781749536021
17481219744
1781749537018
17498977643
1781749538021
17516596878
1781749539017
17534272754
1781749540019
17551923140
1781749541019
17569734666
1781749542019
17587444003
1781749543019
17605226933
1781749544018
17622954538
1781749545021
17640650411
1781749546019
17658635193
1781749547020
17676426018
1781749548021
17694059773
1781749549018
17711948059
1781749550018
17729722512
1781749551021
17747553102
1781749552018
17765399649
1781749553021
17783028049
1781749554016
17801014561
1781749555021
17818758047
1781749556019
17836617401
1781749557018
17854465554
1781749558022
17872238187
1781749559018
17890207104
1781749560022
17907951830
1781749561019
17925837790
1781749562021
17949100889
1781749563334
17961263119
1781749564020
17979025654
1781749565017
17996907208
1781749566018
18014562949
1781749567019
18032310888
1781749568018
18050091003
1781749569018
18067872907
1781749570021
18085504979
1781749571018
18103416781
1781749572021
18121112027
1781749573017
18139067556
1781749574019
18156759007
1781749575018
18174530707
1781749576021
18192327223
1781749577018
18212266275
1781749578137
18227911887
1781749579018
18245587961
1781749580019
18263431341
1781749581021
18281166520
1781749582020
18298987991
1781749583018
18316727499
1781749584019
18334633961
1781749585022
18352394660
1781749586021
18370252193
1781749587019
18388217315
1781749588022
18405978152
1781749589022
18423723276
1781749590021
18441440370
1781749591019
18459428610
1781749592018
18481145231
1781749593235
18495119241
1781749594019
18512823422
1781749595020
18530524436
1781749596017
18548190948
1781749597018
18565960169
1781749598022
18583672597
1781749599018
18601475814
1781749600019
18619352013
1781749601021
18637401347
1781749602019
18655539221
1781749603017
18673504252
1781749604017
18691385285
1781749605022
18709472104
1781749606025
18727289811
1781749607018
18745366929
1781749608018
18763306990
1781749609019
18781496915
1781749610023
18799753273
1781749611018
18817895936
1781749612022
18835756514
1781749613021
18853545349
1781749614019
18871579934
1781749615018
18889475089
1781749616019
18907567339
1781749617021
18925573909
1781749618018
18943621820
1781749619018
18961698280
1781749620018
18979769248
1781749621018
18997822972
1781749622019
19015577980
1781749623021
19033200000
1781749624018
19051136587
1781749625019
19069125333
1781749626019
19087128690
1781749627019
19105179247
1781749628025
19123077509
1781749629019
19141153219
1781749630019
19159065036
1781749631021
19177208694
1781749632020
19195334298
1781749633019
19213623092
1781749634019
19231827216
1781749635020
19249795689
1781749636019
19267641349
1781749637018
19285632726
1781749638020
19303316496
1781749639019
19321437220
1781749640022
19339501440
1781749641022
19357426614
1781749642018
19375300610
1781749643018
19393065914
1781749644021
19410794881
1781749645018
19428967318
1781749646022
19446975250
1781749647022
19465223743
1781749648022
19483342309
1781749649018
19501336471
1781749650019
19519011521
1781749651018
19537042219
1781749652022
19555082280
1781749653024
19572685435
1781749654018
19590461985
1781749655019
19608627124
1781749656022
19626705451
1781749657018
19644856362
1781749658022
19663050479
1781749659017
19681233963
1781749660020
19699378493
1781749661018
19717607219
1781749662018
19735629257
1781749663022
19753593982
1781749664018
19771519967
1781749665019
19789458115
1781749666018
19807695149
1781749667022
19825518639
1781749668022
19843288335
1781749669020
19860959972
1781749670018
19879128233
1781749671019
19897251205
1781749672021
19914964290
1781749673019
19932778647
1781749674018
19950800715
1781749675018
19968698120
1781749676019
19986814957
1781749677018
20004900093
1781749678022
20022702423
1781749679018
20040294822
1781749680022
20057724291
1781749681018
20075248467
1781749682020
20093642449
1781749683044
20110979521
1781749684018
20128906287
1781749685019
20146732087
1781749686021
20164422559
1781749687019
20182164684
1781749688018
20200013771
1781749689018
20217971809
1781749690018
20235962804
1781749691022
20253614904
1781749692020
20271440643
1781749693019
20289258855
1781749694022
20307032115
1781749695020
20324868166
1781749696018
20342774215
1781749697021
20360632559
1781749698018
20378630653
1781749699018
20396333028
1781749700018
20414158293
1781749701018
20432012062
1781749702018
20450019290
1781749703021
20467791801
1781749704018
20485432792
1781749705020
20502997238
1781749706022
20520531375
1781749707019
20537998528
1781749708019
20555788374
1781749709017
20573818276
1781749710021
20591758750
1781749711019
20609997972
1781749712021
20628474818
1781749713042
20646157181
1781749714022
20664487881
1781749715022
20682574792
1781749716018
20700823622
1781749717024
20718866560
1781749718022
20736963094
1781749719021
20755282840
1781749720021
20773281454
1781749721020
20791547206
1781749722019
20809948546
1781749723018
20828054383
1781749724022
20846354269
1781749725018
20864495632
1781749726022
20882701791
1781749727023
20901063045
1781749728023
20918859990
1781749729021
20937018091
1781749730019
20955426317
1781749731021
20973443658
1781749732018
20991717702
1781749733019
21010076876
1781749734018
21027949204
1781749735017
21046109860
1781749736018
21064294828
1781749737020
21082562432
1781749738021
21100809273
1781749739018
21119080487
1781749740019
21137251777
1781749741021
21155289253
1781749742021
21173211336
1781749743020
21191621122
1781749744020
21209532159
1781749745019
21227566988
1781749746020
21245669841
1781749747019
21263762887
1781749748021
21281988614
1781749749020
21299970138
1781749750018
21317887249
1781749751018
21336160482
1781749752018
21354291793
1781749753021
21372272124
1781749754020
21390442939
1781749755019
21408708110
1781749756019
21426665047
1781749757018
21444222807
1781749758019
21462018374
1781749759021
21480275619
1781749760021
21498127461
1781749761018
21516527638
1781749762017
21534683567
1781749763018
21552945219
1781749764022
21571057818
1781749765018
21589230255
1781749766020
21607225503
1781749767018
21625636911
1781749768019
21643906167
1781749769019
21662285200
1781749770018
21680452053
1781749771021
21698373386
1781749772022
21716655999
1781749773022
21734603909
1781749774019
21752789626
1781749775018
21771087248
1781749776019
21789246237
1781749777023
21807477900
1781749778018
21825934688
1781749779022
21844107539
1781749780021
21862340457
1781749781019
21880517775
1781749782019
21898656124
1781749783022
21916898559
1781749784022
21935029319
1781749785019
21953327966
1781749786022
21971529733
1781749787018
21989499277
1781749788019
22007720766
1781749789018
22025958565
1781749790019
22044330377
1781749791021
22062632558
1781749792022
22080503830
1781749793023
22098682739
1781749794023
22116880422
1781749795019
22134913292
1781749796022
22153208466
1781749797018
22171290756
1781749798021
22189403982
1781749799019
22207847673
1781749800019
22225991239
1781749801021
22244368406
1781749802021
22262774229
1781749803021
22280841403
1781749804018
22298848814
1781749805019
22316869521
1781749806019
22334855574
1781749807021
22353195164
1781749808019
22371243840
1781749809019
22389469154
1781749810021
22407637154
1781749811018
22425775457
1781749812022
22443928142
1781749813018
22462088339
1781749814020
22480384248
1781749815019
22498669140
1781749816022
22516816715
1781749817019
22534996129
1781749818018
22553181265
1781749819017
22571240605
1781749820020
22589443535
1781749821022
22607497367
1781749822021
22625458557
1781749823019
22643745484
1781749824022
22661731583
1781749825021
22679841106
1781749826019
22698060377
1781749827018
22716099291
1781749828019
22734357913
1781749829018
22752472884
1781749830018
22770636585
1781749831021
22788981958
1781749832018
22807098887
1781749833020
22825232386
1781749834018
22843421102
1781749835018
22861313580
1781749836019
22879495427
1781749837019
22897550146
1781749838022
22915581594
1781749839022
22933907597
1781749840023
22952003198
1781749841021
22970426601
1781749842018
22988732745
1781749843020
23006774505
1781749844017
23025178493
1781749845019
23043357937
1781749846022
23061569405
1781749847022
23079831363
1781749848019
23097858236
1781749849021
23116067684
1781749850018
23134225142
1781749851018
23152510233
1781749852024
23170802118
1781749853020
23188884086
1781749854018
23206811693
1781749855022
23224462890
1781749856021
23242331423
1781749857018
23260333128
1781749858022
23277998952
1781749859018
23295809085
1781749860022
23313791588
1781749861021
23331532688
1781749862017
23355001388
1781749863335
23367415319
1781749864021
23385071090
1781749865018
23402839302
1781749866018
23420985545
1781749867022
23438912739
1781749868021
23456905416
1781749869021
23474881784
1781749870017
23492828118
1781749871020
23510576562
1781749872018
23528410012
1781749873021
23546116549
1781749874017
23564043835
1781749875018
23581911955
1781749876023
23599874859
1781749877022
23617513938
1781749878018
23635172999
1781749879021
23652930240
1781749880018
23670650563
1781749881019
23688450766
1781749882021
23706417648
1781749883019
23724174507
1781749884021
23741965638
1781749885019
23759823721
1781749886023
23777589821
1781749887019
23795648748
1781749888021
23813299363
1781749889018
23831177229
1781749890020
23849188466
1781749891018
23867026308
1781749892024
23884653086
1781749893018
23902499006
1781749894025
23920202666
1781749895019
23938158303
1781749896018
23955951575
1781749897022
23973622356
1781749898023
23991320325
1781749899019
24009050210
1781749900022
24027036706
1781749901020
24044888670
1781749902021
24062598282
1781749903018
24080660009
1781749904021
24098423355
1781749905019
24116624051
1781749906024
24134456507
1781749907018
24152236040
1781749908018
24170198592
1781749909022
24187841588
1781749910018
24205612431
1781749911019
24223604925
1781749912019
24241336921
1781749913018
24259387280
1781749914022
24277306472
1781749915017
24295013850
1781749916018
24312846061
1781749917022
24330480581
1781749918019
24348132788
1781749919018
24366157565
1781749920021
24383900608
1781749921018
24401855494
1781749922022
24420071965
1781749923043
24437316687
1781749924019
24455291953
1781749925021
24473083466
1781749926018
24490929294
1781749927019
24508697139
1781749928018
24526647833
1781749929024
24544552750
1781749930019
24562285985
1781749931021
24579963177
1781749932018
24597975653
1781749933021
24615701758
1781749934018
24633436080
1781749935019
24651402564
1781749936018
24669283934
1781749937020
24687159230
1781749938018
24705155274
1781749939021
24722887729
1781749940018
24740986053
1781749941019
24758816520
1781749942018
24776703153
1781749943023
24794325066
1781749944018
24812123740
1781749945018
24829805322
1781749946018
24847581765
1781749947022
24865234278
1781749948021
24882994548
1781749949022
24900894233
1781749950018
24918716422
1781749951021
24936786839
1781749952020
24954561905
1781749953020
24972265489
1781749954018
24990076647
1781749955020
25007795654
1781749956020
25025647663
1781749957017
25043393460
1781749958018
25061070591
1781749959017
25078713571
1781749960018
25096368547
1781749961019
25114174335
1781749962018
25131980598
1781749963022
25149625721
1781749964019
25167399777
1781749965018
25185246370
1781749966019
25203039903
1781749967019
25220743104
1781749968018
25238418506
1781749969023
25256014240
1781749970018
25273708981
1781749971018
25291456614
1781749972018
25309175850
1781749973018
25326946386
1781749974021
25344635374
1781749975019
25362642602
1781749976022
25380425425
1781749977021
25398204346
1781749978018
25416104520
1781749979020
25434003975
1781749980020
25451744202
1781749981022
25469398521
1781749982018
25487159694
1781749983021
25504825502
1781749984018
25522564383
1781749985020
25540158205
1781749986019
25557898647
1781749987021
25575482723
1781749988018
25593538498
1781749989024
25611162415
1781749990019
25629227706
1781749991020
25647182532
1781749992020
25664760533
1781749993018
25682630643
1781749994020
25700394585
1781749995019
25713423989
1781749996022
25723137683
1781749997023
25734036776
1781749998138
25742995293
1781749999022
25751771817
1781750000020
25761560145
1781750001035
25770699386
1781750002021
25784571100
1781750003022
25800884113
1781750004020
25818634898
1781750005019
25836525371
1781750006019
25854382873
1781750007021
25872224846
1781750008019
25890198490
1781750009020
25908221890
1781750010018
25926282576
1781750011018
25944145403
1781750012021
25962199342
1781750013019
25979967920
1781750014018
25997798770
1781750015021
26015652692
1781750016019
26033569451
1781750017022
26051329844
1781750018021
26069253993
1781750019022
26087224271
1781750020019
26105304526
1781750021020
26123151670
1781750022019
26141222209
1781750023021
26159240973
1781750024022
26177041651
1781750025018
26195249569
1781750026021
26213197968
1781750027018
26231172164
1781750028017
26249092748
1781750029018
26267058038
1781750030016
26285078623
1781750031018
26303092369
1781750032018
26321113780
1781750033019
26339259488
1781750034018
26357164772
1781750035018
26375119995
1781750036022
26393073000
1781750037022
26410903299
1781750038020
26428988373
1781750039019
26447096137
1781750040018
26465199112
1781750041021
26483131110
1781750042017
26501434944
1781750043043
26519027588
1781750044020
26537045617
1781750045019
26555032925
1781750046018
26573102454
1781750047021
26590937266
1781750048018
26608712424
1781750049019
26626854491
1781750050018
26644744215
1781750051022
26662503996
1781750052018
26680684328
1781750053021
26698675246
1781750054023
26716440672
1781750055021
26734416015
1781750056018
26752633389
1781750057020
26770529630
1781750058018
26788454559
1781750059019
26806530913
1781750060025
26824452736
1781750061021
26842104132
1781750062018
26860003877
1781750063021
26878094398
1781750064018
26896211052
1781750065019
26914276160
1781750066024
26931956595
1781750067018
26949869223
1781750068019
26967755214
1781750069018
26985823703
1781750070018
27003846934
1781750071019
27021914138
1781750072021
27039914252
1781750073018
27058020486
1781750074024
27075941804
1781750075018
27094011028
1781750076019
27112001135
1781750077022
27129906297
1781750078019
27148055830
1781750079017
27166225620
1781750080019
27184209500
1781750081018
27202444668
1781750082018
27220605385
1781750083019
27238675450
1781750084021
27256690435
1781750085019
27274744007
1781750086021
27292803499
1781750087019
27310796177
1781750088019
27328846872
1781750089022
27346624034
1781750090021
27364554349
1781750091020
27382526478
1781750092017
27400409868
1781750093018
27418268365
1781750094022
27436295743
1781750095021
27454224114
1781750096019
27472130362
1781750097017
27490178701
1781750098018
27508114019
1781750099019
27526121752
1781750100020
27544176502
1781750101018
27562123249
1781750102018
27580586172
1781750103047
27598013285
1781750104019
27615890692
1781750105018
27633961859
1781750106018
27651834386
1781750107018
27669792042
1781750108017
27687667797
1781750109018
27705511269
1781750110019
27723605293
1781750111022
27741250998
1781750112019
27759071229
1781750113023
27777235557
1781750114022
27795227929
1781750115021
27813198039
1781750116019
27831011003
1781750117018
27852697437
1781750118235
27866861932
1781750119019
27884912444
1781750120018
27902842162
1781750121019
27921026900
1781750122022
27938761390
1781750123021
27956661457
1781750124019
27974539844
1781750125019
27992501967
1781750126021
28010472429
1781750127017
28028309093
1781750128018
28046184633
1781750129018
28064377389
1781750130021
28082134049
1781750131018
28100189105
1781750132017
28118212857
1781750133023
28135915798
1781750134019
28153948470
1781750135018
28171885287
1781750136019
28189826205
1781750137019
28207982241
1781750138021
28225713303
1781750139019
28243837699
1781750140022
28261886206
1781750141019
28279789348
1781750142019
28297666434
1781750143018
28315805364
1781750144021
28333982040
1781750145018
28351968873
1781750146021
28369928089
1781750147018
28388215751
1781750148018
28406175182
1781750149020
28424205161
1781750150018
28442346799
1781750151018
28460377206
1781750152021
28478458517
1781750153019
28496623274
1781750154017
28514485350
1781750155019
28532558583
1781750156022
28550533420
1781750157018
28568532753
1781750158022
28586683587
1781750159020
28604876052
1781750160018
28623012167
1781750161021
28641242393
1781750162020
28659057560
1781750163018
28677080623
1781750164021
28695119078
1781750165018
28713147894
1781750166021
28731400167
1781750167018
28749500190
1781750168019
28767584254
1781750169018
28785797604
1781750170022
28803794137
1781750171021
28821965641
1781750172021
28840049782
1781750173021
28857889658
1781750174021
28875991058
1781750175019
28894078534
1781750176021
28912011021
1781750177018
28931935829
1781750178134
28947861966
1781750179022
28966239622
1781750180022
28984274834
1781750181021
29002316166
1781750182021
29020482911
1781750183019
29038810919
1781750184021
29057025814
1781750185020
29074944286
1781750186017
29092767868
1781750187019
29110948981
1781750188019
29128967225
1781750189021
29146904868
1781750190019
29164957705
1781750191021
29183075583
1781750192022
29200998906
1781750193018
29219128947
1781750194021
29236984857
1781750195018
29254995069
1781750196018
29272982820
1781750197021
29290997790
1781750198021
29309304729
1781750199018
29327351003
1781750200022
29345454850
1781750201019
29363792879
1781750202022
29381914062
1781750203021
29400039849
1781750204019
29418239566
1781750205022
29436154734
1781750206025
29454096585
1781750207021
29476015472
1781750208236
29490200041
1781750209020
29508485025
1781750210019
29526460796
1781750211019
29544723442
1781750212022
29562731405
1781750213019
29580690132
1781750214019
29599158440
1781750215022
29617173945
1781750216017
29635432399
1781750217021
29653783678
1781750218018
29671884787
1781750219022
29690226243
1781750220022
29708211883
1781750221019
29726065453
1781750222023
29748029689
1781750223233
29762271710
1781750224018
29780238852
1781750225022
29798475901
1781750226019
29816577315
1781750227023
29834444625
1781750228018
29852585269
1781750229024
29870347926
1781750230019
29888397979
1781750231022
29906345919
1781750232018
29924727966
1781750233018
29943050971
1781750234018
29960802643
1781750235020
29978779149
1781750236018
29996667281
1781750237018
30014584117
1781750238022
30032454440
1781750239018
30050446705
1781750240018
30068411919
1781750241016
30086683470
1781750242020
30104781564
1781750243018
30122992267
1781750244023
30141061597
1781750245021
30159049578
1781750246018
30177391906
1781750247018
30195218013
1781750248020
30213079187
1781750249019
30231130234
1781750250021
30248918932
1781750251017
30267060586
1781750252019
30285227500
1781750253022
30303111456
1781750254020
30321375861
1781750255020
30339497441
1781750256018
30357705359
1781750257020
30375524397
1781750258018
30393633110
1781750259019
30411381538
1781750260019
30429311226
1781750261020
30447379516
1781750262021
30465547088
1781750263018
30483731888
1781750264023
30501951311
1781750265018
30520147601
1781750266019
30538014666
1781750267017
30555941309
1781750268019
30574015933
1781750269025
30591891183
1781750270018
30609973978
1781750271018
30628126770
1781750272019
30646426947
1781750273021
30664573619
1781750274017
30682473334
1781750275018
30700868952
1781750276022
30719074529
1781750277022
30737153835
1781750278018
30755462994
1781750279019
30773595789
1781750280022
30791579883
1781750281021
30809717681
1781750282019
30827776531
1781750283021
30846014253
1781750284018
30864235773
1781750285018
30882177609
1781750286020
30900585574
1781750287020
30918645954
1781750288019
30936694997
1781750289018
30954850666
1781750290022
30972583626
1781750291018
30990649545
1781750292018
31008606787
1781750293023
31026302691
1781750294024
31044364081
1781750295019
31062253973
1781750296019
31080447402
1781750297018
31099332008
1781750298045
31117034889
1781750299022
31135223070
1781750300021
31153101074
1781750301019
31170892617
1781750302018
31189069216
1781750303024
31207100236
1781750304019
31225122855
1781750305021
31243177284
1781750306022
31261041809
1781750307018
31279196972
1781750308017
31297146703
1781750309021
31314940251
1781750310018
31332999285
1781750311021
31350804966
1781750312018
31368811995
1781750313021
31386875052
1781750314019
31404715434
1781750315022
31422712977
1781750316022
31440628619
1781750317018
31458587636
1781750318022
31476678035
1781750319021
31494828838
1781750320017
31512732944
1781750321020
31530814285
1781750322019
31548671879
1781750323022
31566724762
1781750324019
31584672871
1781750325018
31602734873
1781750326020
31621049982
1781750327018
31638928599
1781750328018
31657030350
1781750329021
31674991203
1781750330019
31692824210
1781750331023
31710840236
1781750332021
31728812518
1781750333019
31746707291
1781750334021
31764797965
1781750335019
31782657824
1781750336017
31800698926
1781750337019
31818791895
1781750338017
31836853499
1781750339018
31854977083
1781750340018
31873044654
1781750341018
31890934287
1781750342019
31908929121
1781750343018
31926910737
1781750344022
31944939905
1781750345023
31962847760
1781750346018
31980711550
1781750347019
31998694267
1781750348019
32016615586
1781750349021
32034494630
1781750350018
32052751065
1781750351022
32070620547
1781750352018
32088532134
1781750353020
32106722671
1781750354021
32124720995
1781750355019
32143098314
1781750356024
32161203615
1781750357018
32179585754
1781750358044
32197196743
1781750359018
32215233393
1781750360022
32233336674
1781750361021
32251546703
1781750362019
32269298727
1781750363021
32287357332
1781750364018
32305576312
1781750365021
32323395717
1781750366019
32341363946
1781750367018
32359484776
1781750368019
32377564449
1781750369022
32395745715
1781750370021
32413436003
1781750371019
32431604233
1781750372022
32449536277
1781750373022
32467171761
1781750374017
32485380750
1781750375018
32503328109
1781750376019
32521119714
1781750377021
32539258904
1781750378017
32557160914
1781750379018
32575446051
1781750380020
32593554396
1781750381019
32611596631
1781750382022
32629753278
1781750383019
32647759466
1781750384018
32665647476
1781750385021
32683488699
1781750386018
32701343937
1781750387022
32719183247
1781750388022
32737051750
1781750389018
32754947257
1781750390021
32773079624
1781750391018
32791073158
1781750392021
32808977081
1781750393018
32826821012
1781750394018
32844567038
1781750395020
32862460235
1781750396021
32880495079
1781750397021
32898234435
1781750398019
32916129667
1781750399018
32934217755
1781750400018
32952265069
1781750401019
32970453908
1781750402022
32988310523
1781750403021
33006377788
1781750404019
33024323234
1781750405018
33042383247
1781750406020
33060530807
1781750407021
33078367547
1781750408021
33096290655
1781750409018
33114427275
1781750410020
33132432713
1781750411018
33150739423
1781750412019
33168761002
1781750413021
33186686758
1781750414018
33204930830
1781750415018
33223097376
1781750416020
33240927231
1781750417019
33258728200
1781750418018
33276720801
1781750419021
33294836154
1781750420019
33313084189
1781750421021
33330974678
1781750422017
33349144239
1781750423021
33367192363
1781750424021
33385231079
1781750425021
33403323084
1781750426019
33421330985
1781750427018
33439118398
1781750428018
33457113187
1781750429019
33475296931
1781750430023
33493427813
1781750431019
33511369022
1781750432019
33529257491
1781750433019
33547301118
1781750434018
33565199761
1781750435021
33583057279
1781750436019
33601131750
1781750437021
33619068919
1781750438018
33637192075
1781750439021
33655130744
1781750440018
33673015664
1781750441022
33691077329
1781750442022
33709159435
1781750443017
33727265440
1781750444017
33745244500
1781750445020
33763162713
1781750446019
33781331646
1781750447022
33799257999
1781750448017
33817275738
1781750449019
33835516872
1781750450020
33853444769
1781750451019
33871293719
1781750452019
33889387193
1781750453018
33907429412
1781750454019
33925625028
1781750455022
33943763194
1781750456018
33962016583
1781750457019
33980238302
1781750458021
33998322718
1781750459018
34016440749
1781750460023
34034590343
1781750461021
34052410529
1781750462019
34070535092
1781750463018
34088551102
1781750464021
34106547330
1781750465018
34124580629
1781750466020
34142406077
1781750467017
34160475255
1781750468018
34178451225
1781750469018
34196426613
1781750470019
34214645808
1781750471021
34232591025
1781750472019
34250626297
1781750473021
34268676289
1781750474019
34286447805
1781750475019
34304657482
1781750476018
34322701629
1781750477022
34340445085
1781750478018
34358572540
1781750479019
34376709879
1781750480018
34394766511
1781750481019
34413002811
1781750482019
34430832497
1781750483021
34449004980
1781750484018
34467090697
1781750485021
34485212645
1781750486021
34503146830
1781750487020
34520815454
1781750488019
34538720034
1781750489020
34557007818
1781750490018
34574836097
1781750491019
34592867438
1781750492020
34610755326
1781750493018
34628697513
1781750494022
34646608152
1781750495018
34664620154
1781750496024
34682548419
1781750497024
34700561506
1781750498018
34718698264
1781750499019
34736686811
1781750500019
34754687796
1781750501018
34772664960
1781750502018
34790844114
1781750503018
34808903484
1781750504022
34826893637
1781750505022
34844824151
1781750506018
34862727522
1781750507018
34880446865
1781750508018
34898384295
1781750509019
34916495960
1781750510022
34934639695
1781750511023
34952817349
1781750512022
34970712734
1781750513019
34988852674
1781750514019
35006989769
1781750515019
35025085538
1781750516023
35043068668
1781750517018
35061174474
1781750518018
35079412395
1781750519018
35097381113
1781750520019
35115423485
1781750521018
35133394238
1781750522018
35151179876
1781750523018
35169280342
1781750524021
35187287845
1781750525018
35205499955
1781750526022
35223567496
1781750527018
35241314134
1781750528019
35259271775
1781750529018
35277465051
1781750530020
35295415317
1781750531018
35313587172
1781750532018
35331533124
1781750533022
35349477392
1781750534025
35367317345
1781750535020
35385096695
1781750536018
35403183590
1781750537024
35425022305
1781750538235
35439006153
1781750539017
35456981985
1781750540021
35474969201
1781750541018
35492880544
1781750542017
35510783946
1781750543018
35528800476
1781750544021
35546667648
1781750545019
35564633306
1781750546019
35582428950
1781750547018
35600529355
1781750548021
35618495426
1781750549020
35636307563
1781750550019
35654346630
1781750551019
35672404884
1781750552023
35692329997
1781750553135
35708251698
1781750554022
35726065595
1781750555021
35744235859
1781750556017
35762331812
1781750557018
35780437587
1781750558021
35798093634
1781750559020
35815995736
1781750560018
35833879936
1781750561022
35851774572
1781750562018
35869584873
1781750563019
35887466228
1781750564019
35905445426
1781750565021
35923347987
1781750566018
35941445668
1781750567018
35959316405
1781750568021
35977273158
1781750569017
35995273715
1781750570018
36013334004
1781750571020
36031446159
1781750572018
36049453586
1781750573022
36067589640
1781750574020
36085682502
1781750575019
36103607217
1781750576018
36121648334
1781750577019
36139605118
1781750578024
36157425548
1781750579019
36175376365
1781750580021
36193187156
1781750581018
36211139181
1781750582019
36229092293
1781750583019
36247096492
1781750584019
36265327146
1781750585018
36283473007
1781750586021
36301563130
1781750587020
36319635062
1781750588019
36337472383
1781750589021
36355289034
1781750590020
36373471065
1781750591019
36391655344
1781750592018
36409808044
1781750593018
36427822050
1781750594021
36445570555
1781750595018
36463568067
1781750596021
36481479946
1781750597020
36499440294
1781750598018
36517527832
1781750599022
36535465307
1781750600019
36553557129
1781750601018
36571479488
1781750602018
36589393737
1781750603017
36602123123
1781750604021
36611118758
1781750605022
36620923121
1781750606023
36630420060
1781750607024
36639450350
1781750608022
36648819748
1781750609023
36658320911
1781750610023
36672714370
1781750611023
36688110669
1781750612021
36705789849
1781750613017
36723663217
1781750614020
36741594909
1781750615018
36759397530
1781750616019
36777374847
1781750617020
36795150907
1781750618018
36812974810
1781750619020
36830870195
1781750620018
36848503751
1781750621017
36866175863
1781750622018
36884052643
1781750623022
36901764413
1781750624022
36919544022
1781750625021
36937233270
1781750626019
36954979343
1781750627020
36972958602
1781750628020
36990650298
1781750629019
37008326709
1781750630018
37026025841
1781750631019
37043757394
1781750632018
37061702886
1781750633018
37079434270
1781750634018
37097224651
1781750635018
37115040369
1781750636023
37132771539
1781750637022
37150473823
1781750638021
37168298399
1781750639018
37186028835
1781750640022
37203917258
1781750641022
37221578568
1781750642018
37239207473
1781750643019
37257056989
1781750644018
37274831152
1781750645019
37292792204
1781750646022
37310644627
1781750647021
37328316004
1781750648020
37346125663
1781750649018
37363966672
1781750650022
37381682160
1781750651022
37399484352
1781750652017
37417166348
1781750653017
37434870927
1781750654019
37452687103
1781750655018
37470380268
1781750656022
37488039084
1781750657019
37505773697
1781750658017
37523418606
1781750659018
37541203341
1781750660021
37558901356
1781750661018
37576755247
1781750662022
37594374742
1781750663018
37612105270
1781750664018
37630018035
1781750665021
37647639443
1781750666018
37665427223
1781750667019
37683420375
1781750668020
37701145869
1781750669018
37718961724
1781750670019
37736796582
1781750671019
37754505078
1781750672018
37772222677
1781750673019
37789957305
1781750674022
37807740923
1781750675022
37825652786
1781750676018
37843363882
1781750677017
37861061056
1781750678019
37878769765
1781750679021
37896423104
1781750680018
37914507857
1781750681022
37932312192
1781750682021
37950132377
1781750683020
37968047346
1781750684019
37985778746
1781750685019
38003599574
1781750686018
38021295645
1781750687021
38038943446
1781750688018
38056599554
1781750689020
38074214230
1781750690018
38092237614
1781750691019
38110388310
1781750692018
38128419345
1781750693019
38146278163
1781750694019
38164269295
1781750695020
38182079765
1781750696019
38200275045
1781750697018
38218212322
1781750698019
38236229648
1781750699022
38254389325
1781750700022
38272385047
1781750701022
38290300398
1781750702019
38308223002
1781750703021
38326146340
1781750704018
38344419711
1781750705018
38362345987
1781750706019
38380528553
1781750707022
38398626433
1781750708019
38416581871
1781750709017
38434886531
1781750710021
38452863143
1781750711020
38470865062
1781750712018
38489063402
1781750713018
38507031018
1781750714021
38525024966
1781750715019
38543254579
1781750716022
38561050101
1781750717018
38579557746
1781750718042
38597160167
1781750719025
38614989960
1781750720017
38632918944
1781750721018
38650830868
1781750722019
38668844385
1781750723022
38687050650
1781750724022
38704882096
1781750725021
38722700568
1781750726018
38740677777
1781750727018
38758464089
1781750728018
38776650724
1781750729021
38794673375
1781750730016
38812350168
1781750731021
38830498401
1781750732020
38848463707
1781750733018
38866595905
1781750734018
38884612420
1781750735023
38902176866
1781750736018
38920406036
1781750737018
38938305062
1781750738018
38956257409
1781750739017
38974207553
1781750740018
38992011260
1781750741019
39009956125
1781750742017
39027964776
1781750743018
39045731319
1781750744019
39063758606
1781750745022
39081622059
1781750746021
39099722449
1781750747024
39117719212
1781750748020
39135523409
1781750749019
39153730470
1781750750021
39171795318
1781750751018
39189992021
1781750752022
39208126300
1781750753021
39226025586
1781750754019
39244015005
1781750755018
39262136080
1781750756018
39279783865
1781750757019
39297491442
1781750758022
39315424404
1781750759018
39333158114
1781750760021
39351286487
1781750761017
39369240119
1781750762020
39387214330
1781750763019
39405298027
1781750764022
39423201689
1781750765021
39440946583
1781750766020
39458891265
1781750767018
39476778816
1781750768022
39494790175
1781750769020
39512578307
1781750770023
39530330469
1781750771019
39548184130
1781750772017
39566020993
1781750773018
39584021580
1781750774018
39601962238
1781750775018
39619868211
1781750776022
39638056774
1781750777022
39655753473
1781750778023
39673371056
1781750779019
39691187569
1781750780019
39708967608
1781750781018
39727096027
1781750782022
39745016580
1781750783018
39762848684
1781750784019
39780965934
1781750785019
39798995929
1781750786020
39816895169
1781750787018
39834976755
1781750788018
39852826531
1781750789022
39870696502
1781750790018
39888567361
1781750791020
39906324036
1781750792018
39924403281
1781750793022
39942278424
1781750794021
39960103582
1781750795018
39978309756
1781750796019
39996053487
1781750797019
40013986893
1781750798020
40031887969
1781750799020
40049557587
1781750800018
40067773599
1781750801021
40085612221
1781750802018
40103650630
1781750803023
40121781421
1781750804020
40139461734
1781750805018
40157542708
1781750806018
40175487450
1781750807022
40193264016
1781750808018
40211290154
1781750809021
40228995758
1781750810017
40246775934
1781750811019
40264846856
1781750812019
40282644412
1781750813019
40300633326
1781750814018
40318388395
1781750815019
40336134268
1781750816018
40354185927
1781750817019
40372120817
1781750818022
40389919230
1781750819021
40407901596
1781750820018
40425631679
1781750821018
40443672475
1781750822021
40461461954
1781750823018
40479259572
1781750824021
40497339138
1781750825020
40515301598
1781750826019
40533271938
1781750827019
40551314248
1781750828019
40569129721
1781750829019
40587198149
1781750830023
40605043151
1781750831020
40622838398
1781750832019
40640955066
1781750833020
40658757412
1781750834018
40676693204
1781750835018
40694541465
1781750836021
40712269958
1781750837020
40730204801
1781750838018
40748111982
1781750839018
40765907458
1781750840019
40784063616
1781750841023
40801888392
1781750842018
40819775301
1781750843018
40837786476
1781750844017
40855573170
1781750845019
40873541229
1781750846022
40891500507
1781750847021
40909356862
1781750848018
40927613342
1781750849022
40945449914
1781750850019
40963487543
1781750851021
40981544144
1781750852019
40999410504
1781750853017
41017531167
1781750854019
41035660137
1781750855019
41053417485
1781750856019
41071459597
1781750857017
41089401968
1781750858019
41107398486
1781750859022
41125292616
1781750860022
41143021369
1781750861018
41161193760
1781750862024
41179148540
1781750863021
41196954205
1781750864018
41215011541
1781750865018
41232991764
1781750866023
41250780447
1781750867017
41270885106
1781750868135
41286729985
1781750869022
41304664966
1781750870017
41322588748
1781750871018
41340466155
1781750872018
41358567906
1781750873018
41376455901
1781750874019
41394405708
1781750875018
41412432429
1781750876018
41430300778
1781750877019
41448367737
1781750878021
41466179691
1781750879020
41483987025
1781750880018
41502004672
1781750881019
41519879004
1781750882019
41537858753
1781750883021
41555748217
1781750884018
41573721632
1781750885020
41591750356
1781750886018
41609755687
1781750887019
41627524403
1781750888018
41645652578
1781750889020
41663513538
1781750890019
41681446285
1781750891022
41699279124
1781750892022
41716915785
1781750893018
41735002298
1781750894021
41752773493
1781750895018
41770507860
1781750896021
41788354668
1781750897023
41806194422
1781750898022
41823916351
1781750899018
41841519276
1781750900019
41859115852
1781750901018
41876815688
1781750902018
41894797885
1781750903024
41912585099
1781750904019
41930531325
1781750905017
41948258701
1781750906017
41966103657
1781750907018
41983956294
1781750908017
42001736730
1781750909020
42019662699
1781750910020
42037349285
1781750911016
42055183302
1781750912019
42073155064
1781750913018
42090909766
1781750914018
42108824612
1781750915018
42126694553
1781750916024
42144329425
1781750917022
42162080562
1781750918022
42179895943
1781750919022
42197700537
1781750920018
42215656449
1781750921018
42233379510
1781750922019
42251162532
1781750923018
42269151859
1781750924020
42286861471
1781750925020
42304597093
1781750926019
42322495492
1781750927020
42340231681
1781750928018
42358203015
1781750929021
42375912841
1781750930018
42393926358
1781750931022
42411791448
1781750932018
42429640536
1781750933020
42447599155
1781750934018
42465451899
1781750935017
42483239220
1781750936018
42501201971
1781750937018
42518795609
1781750938017
42536731677
1781750939020
42554940528
1781750940017
42572831354
1781750941017
42590975777
1781750942018
42611130268
1781750943134
42627063060
1781750944023
42645267704
1781750945019
42663512296
1781750946019
42681762565
1781750947018
42699871675
1781750948018
42718031368
1781750949019
42736341872
1781750950018
42754319954
1781750951020
42772232918
1781750952018
42790464980
1781750953019
42808597346
1781750954020
42826598852
1781750955019
42844796840
1781750956019
42862720515
1781750957018
42881290339
1781750958045
42898648572
1781750959018
42916757040
1781750960019
42935134941
1781750961018
42953314844
1781750962018
42971622870
1781750963017
42989908221
1781750964019
43007924828
1781750965021
43026157104
1781750966025
43044199996
1781750967018
43062511113
1781750968018
43080597702
1781750969018
43098518745
1781750970018
43116511958
1781750971018
43134526989
1781750972019
43152389953
1781750973018
43170117543
1781750974018
43188136781
1781750975022
43206311697
1781750976018
43224422169
1781750977018
43242619270
1781750978021
43260649601
1781750979018
43278754045
1781750980019
43296903027
1781750981020
43314923107
1781750982021
43333087267
1781750983019
43351468963
1781750984019
43369599004
1781750985017
43387731661
1781750986018
43405968710
1781750987019
43424054703
1781750988018
43442023497
1781750989019
43459985376
1781750990018
43477934310
1781750991018
43496187134
1781750992022
43514355762
1781750993019
43532501975
1781750994019
43550804584
1781750995024
43568798119
1781750996019
43586749318
1781750997019
43604974632
1781750998020
43623133315
1781750999019
43641436429
1781751000021
43659560733
1781751001018
43677618665
1781751002019
43695779092
1781751003017
43713870194
1781751004017
43732021273
1781751005017
43750285678
1781751006019
43768558683
1781751007020
43786726239
1781751008018
43804856326
1781751009019
43823019614
1781751010019
43841095126
1781751011018
43859272367
1781751012018
43877568367
1781751013018
43895759593
1781751014017
43914056251
1781751015018
43932365516
1781751016018
43950698772
1781751017021
43968663420
1781751018018
43986761163
1781751019017
44004935007
1781751020019
44023188489
1781751021021
44041568624
1781751022018
44059811609
1781751023020
44078036495
1781751024019
44096202812
1781751025018
44114044142
1781751026017
44132152427
1781751027018
44150389614
1781751028019
44168437478
1781751029018
44186583661
1781751030018
44204550665
1781751031018
44222484621
1781751032018
44240749057
1781751033019
44258754832
1781751034019
44277059675
1781751035021
44295276314
1781751036022
44313342034
1781751037022
44331509040
1781751038019
44349463422
1781751039020
44367600363
1781751040018
44385834979
1781751041019
44404127690
1781751042022
44422323949
1781751043019
44440409345
1781751044022
44458552330
1781751045022
44476673665
1781751046018
44494796745
1781751047018
44512936073
1781751048024
44531089278
1781751049025
44549108180
1781751050017
44567517553
1781751051019
44585659864
1781751052022
44603518376
1781751053020
44621916121
1781751054019
44640206216
1781751055017
44658449140
1781751056018
44676872482
1781751057021
44695163953
1781751058017
44713655885
1781751059017
44732087872
1781751060018
44750426008
1781751061017
44768740154
1781751062018
44786906502
1781751063021
44804961099
1781751064017
44823003134
1781751065018
44841110760
1781751066020
44859393297
1781751067018
44877805393
1781751068021
44895844246
1781751069018
44914340003
1781751070022
44932399863
1781751071018
44950866534
1781751072022
44969065884
1781751073018
44987104661
1781751074019
45005123655
1781751075018
45023252410
1781751076017
45041446023
1781751077020
45059569362
1781751078018
45077733920
1781751079022
45095977395
1781751080021
45113999097
1781751081018
45132198172
1781751082021
45150404942
1781751083018
45168533958
1781751084019
45186702953
1781751085017
45204977043
1781751086019
45223050612
1781751087020
45241280424
1781751088018
45259510329
1781751089018
45277784373
1781751090021
45295992567
1781751091020
45314042405
1781751092018
45332132605
1781751093022
45350267710
1781751094018
45368434349
1781751095020
45386573723
1781751096017
45404618772
1781751097017
45422790659
1781751098019
45441179254
1781751099017
45459384051
1781751100019
45477483477
1781751101021
45495772852
1781751102017
45513894891
1781751103019
45532128467
1781751104019
45550459504
1781751105018
45568826343
1781751106021
45587187613
1781751107018
45605643575
1781751108021
45623709662
1781751109017
45641997247
1781751110018
45660115201
1781751111020
45678299481
1781751112022
45696374442
1781751113018
45714507803
1781751114018
45732836499
1781751115018
45751030586
1781751116021
45769205762
1781751117022
45787372079
1781751118019
45805158375
1781751119019
45822820343
1781751120020
45840686734
1781751121018
45858533389
1781751122016
45882222272
1781751123335
45894510819
1781751124021
45912239112
1781751125017
45930129050
1781751126018
45947899006
1781751127018
45965853770
1781751128019
45983709956
1781751129017
46001624267
1781751130022
46019645280
1781751131022
46037435065
1781751132017
46055292307
1781751133018
46073229354
1781751134018
46090969275
1781751135019
46108666724
1781751136018
46126618979
1781751137022
46144376618
1781751138019
46162338466
1781751139019
46180145034
1781751140018
46198014975
1781751141020
46215930786
1781751142018
46233733667
1781751143021
46251630444
1781751144019
46269527680
1781751145021
46287268260
1781751146019
46305337820
1781751147018
46323253095
1781751148023
46341215509
1781751149020
46359116310
1781751150019
46376802009
1781751151019
46394687540
1781751152018
46412517043
1781751153018
46430385699
1781751154024
46448249933
1781751155019
46466072460
1781751156018
46484133834
1781751157020
46502037282
1781751158018
46519736108
1781751159019
46537753679
1781751160021
46555572150
1781751161017
46573371482
1781751162018
46591392755
1781751163022
46609110201
1781751164018
46627141389
1781751165018
46645014772
1781751166018
46662753225
1781751167019
46680649023
1781751168018
46698370937
1781751169020
46716142973
1781751170019
46734185804
1781751171019
46752081786
1781751172017
46769870132
1781751173017
46787854287
1781751174017
46805767420
1781751175021
46823697842
1781751176018
46841629748
1781751177019
46859435521
1781751178019
46877470457
1781751179017
46895380254
1781751180020
46913236043
1781751181018
46931245474
1781751182021
46948889235
1781751183018
46966858198
1781751184020
46984588312
1781751185017
47002387215
1781751186019
47020180564
1781751187021
47037937270
1781751188020
47055821042
1781751189018
47073673664
1781751190025
47091392257
1781751191019
47109134535
1781751192022
47127104568
1781751193022
47144852370
1781751194020
47162880360
1781751195018
47180916765
1781751196023
47198767519
1781751197021
47216546762
1781751198019
47234377152
1781751199021
47252237607
1781751200018
47269978830
1781751201019
47287664207
1781751202019
47305737393
1781751203018
47323600678
1781751204021
47341594473
1781751205018
47359482345
1781751206018
47377308926
1781751207021
47395293480
1781751208018
47413056198
1781751209017
47430812583
1781751210019
47448650501
1781751211019
47458760113
1781751212023
47470621301
1781751213235
47478315900
1781751214024
47488562065
1781751215023
47498704435
1781751216023
47507272588
1781751217024
47515813936
1781751218023
47527305536
1781751219027
47542416887
1781751220023
47558480709
1781751221021
47576548204
1781751222019
47594353365
1781751223018
47612523170
1781751224018
47630435508
1781751225021
47648409642
1781751226021
47666618829
1781751227019
47684813085
1781751228018
47703009925
1781751229018
47721333726
1781751230018
47739450073
1781751231018
47757553201
1781751232018
47775666902
1781751233018
47793842323
1781751234022
47811968661
1781751235018
47829975399
1781751236022
47848012569
1781751237019
47866162087
1781751238019
47884303909
1781751239018
47902522400
1781751240019
47920610228
1781751241021
47938668344
1781751242020
47956863517
1781751243017
47974841552
1781751244021
47992923429
1781751245018
48011153027
1781751246021
48029005388
1781751247019
48047165142
1781751248018
48065212089
1781751249018
48083281052
1781751250021
48101278993
1781751251017
48119296319
1781751252019
48137489258
1781751253018
48155926278
1781751254021
48174075980
1781751255020
48192378498
1781751256019
48210479193
1781751257021
48228428434
1781751258018
48246757069
1781751259022
48264653647
1781751260016
48282894307
1781751261018
48301146014
1781751262019
48319091292
1781751263018
48337307717
1781751264018
48355475809
1781751265018
48373536572
1781751266016
48391805674
1781751267020
48409763238
1781751268018
48428155323
1781751269021
48446455484
1781751270018
48464219809
1781751271017
48482640872
1781751272018
48500850197
1781751273018
48519023354
1781751274021
48537190497
1781751275019
48555294574
1781751276019
48573323650
1781751277018
48591411249
1781751278018
48609651297
1781751279021
48627696117
1781751280020
48645828759
1781751281020
48664113728
1781751282019
48682348497
1781751283022
48700258433
1781751284018
48718272240
1781751285019
48736003379
1781751286021
48753739093
1781751287018
48773830655
1781751288136
48789595454
1781751289018
48807467782
1781751290022
48825664470
1781751291018
48843555494
1781751292022
48861352959
1781751293021
48879323360
1781751294019
48897152786
1781751295020
48915116164
1781751296018
48933071388
1781751297018
48951074928
1781751298022
48968718980
1781751299019
48986594766
1781751300020
49004600571
1781751301019
49022660033
1781751302020
49040418284
1781751303017
49058496641
1781751304018
49076406592
1781751305022
49094202420
1781751306018
49112313917
1781751307021
49130181196
1781751308019
49148268183
1781751309022
49166376253
1781751310019
49184197601
1781751311021
49201974380
1781751312018
49219918985
1781751313018
49237950326
1781751314019
49255983977
1781751315018
49273690407
1781751316018
49291660043
1781751317020
49309456834
1781751318020
49327129298
1781751319018
49345300802
1781751320019
49363167546
1781751321022
49380854636
1781751322019
49398962003
1781751323018
49416811013
1781751324019
49434852727
1781751325019
49452905825
1781751326022
49470628335
1781751327018
49488791990
1781751328022
49506714747
1781751329021
49524454117
1781751330017
49542421749
1781751331022
49560318710
1781751332022
49578173351
1781751333018
49596178880
1781751334022
49613957909
1781751335019
49632022603
1781751336023
49650056178
1781751337024
49667833018
1781751338019
49685744239
1781751339020
49703426326
1781751340018
49721532867
1781751341020
49739513778
1781751342018
49757397321
1781751343021
49775403402
1781751344021
49793204860
1781751345018
49811046741
1781751346021
49828989005
1781751347018
49847190435
1781751348043
49864506333
1781751349022
49882403156
1781751350022
49900198907
1781751351019
49917756621
1781751352018
49935648808
1781751353022
49953533697
1781751354022
49971427537
1781751355018
49989234014
1781751356017
50007076614
1781751357017
50024771064
1781751358019
50042558675
1781751359022
50060757918
1781751360021
50078789703
1781751361018
50096869697
1781751362020
50115506581
1781751363042
50132949040
1781751364017
50151080489
1781751365020
50169368824
1781751366018
50187425302
1781751367022
50205567033
1781751368019
50223456588
1781751369018
50241435603
1781751370018
50259807889
1781751371021
50277929775
1781751372021
50296216075
1781751373019
50314563437
1781751374024
50332420786
1781751375018
50350807791
1781751376024
50368783806
1781751377018
50386812913
1781751378018
50405068965
1781751379021
50423084883
1781751380018
50441240628
1781751381019
50459568651
1781751382018
50477641348
1781751383019
50496020733
1781751384020
50513931433
1781751385018
50532067074
1781751386022
50550212553
1781751387018
50568370685
1781751388019
50586500511
1781751389019
50604657159
1781751390018
50622637444
1781751391017
50640684620
1781751392018
50658747938
1781751393018
50676819701
1781751394018
50694998304
1781751395019
50713050682
1781751396018
50731202113
1781751397017
50749294944
1781751398018
50767374725
1781751399019
50785445585
1781751400020
50803346723
1781751401018
50821308342
1781751402017
50839518111
1781751403019
50857380999
1781751404019
50875592940
1781751405018
50893868867
1781751406021
50911984465
1781751407018
50930368119
1781751408021
50948351310
1781751409018
50966623626
1781751410022
50984899231
1781751411021
51003059107
1781751412018
51021498591
1781751413022
51039503998
1781751414018
51057577215
1781751415018
51076040551
1781751416024
51093894901
1781751417018
51112073244
1781751418018
51130376313
1781751419023
51148444190
1781751420018
51166532401
1781751421022
51184697433
1781751422019
51202891321
1781751423021
51221019480
1781751424019
51239270590
1781751425018
51257552728
1781751426018
51276009898
1781751427023
51293882088
1781751428018
51311866810
1781751429021
51329908677
1781751430022
51347685472
1781751431018
51366088786
1781751432019
51384366793
1781751433022
51402695275
1781751434022
51420955657
1781751435019
51438949543
1781751436019
51457064147
1781751437022
51477354792
1781751438136
51493259464
1781751439017
51511666787
1781751440020
51529710597
1781751441018
51547832575
1781751442019
51566216290
1781751443020
51584099787
1781751444020
51602315676
1781751445017
51620320486
1781751446018
51638272160
1781751447018
51656613876
1781751448018
51674685120
1781751449022
51692852676
1781751450018
51711041913
1781751451018
51728946233
1781751452021
51747206553
1781751453019
51765223221
1781751454018
51783348382
1781751455017
51801394533
1781751456018
51819478276
1781751457019
51837546933
1781751458021
51855652081
1781751459018
51873670891
1781751460018
51891915805
1781751461017
51910108101
1781751462018
51928440424
1781751463019
51946728284
1781751464022
51964843285
1781751465020
51982772346
1781751466019
52000960175
1781751467022
52019043199
1781751468021
52036894504
1781751469018
52055029395
1781751470022
52072882629
1781751471019
52091109917
1781751472021
52108980760
1781751473018
52127189612
1781751474020
52145233713
1781751475017
52163243740
1781751476017
52181263392
1781751477017
52199528103
1781751478018
52217805376
1781751479017
52236199205
1781751480018
52254338043
1781751481019
52272511154
1781751482018
52290597987
1781751483019
52308434911
1781751484016
52326829550
1781751485021
52344939181
1781751486019
52362963836
1781751487019
52381214028
1781751488021
52399237688
1781751489018
52417455367
1781751490022
52435756875
1781751491022
52453907158
1781751492018
52472127882
1781751493019
52490409745
1781751494018
52508382594
1781751495019
52526588951
1781751496021
52544609827
1781751497019
52562645329
1781751498018
52580921500
1781751499021
52599112497
1781751500017
52617325142
1781751501017
52635528134
1781751502018
52653713729
1781751503022
52671949233
1781751504019
52690063729
1781751505018
52708127904
1781751506022
52726223412
1781751507017
52744261516
1781751508017
52762394479
1781751509020
52780404767
1781751510018
52798487148
1781751511018
52816560702
1781751512017
52834799373
1781751513018
52852833024
1781751514018
52870889196
1781751515019
52889042677
1781751516022
52906800331
1781751517018
52924459392
1781751518022
52942577469
1781751519022
52960580397
1781751520017
52978648366
1781751521018
52996579523
1781751522021
53014429696
1781751523018
53032476337
1781751524018
53050637039
1781751525017
53068912797
1781751526019
53087015268
1781751527018
53105228464
1781751528022
53123052658
1781751529018
53141339356
1781751530022
53159454709
1781751531021
53177419724
1781751532018
53195625209
1781751533022
53213848152
1781751534022
53231980779
1781751535021
53250186769
1781751536018
53268274597
1781751537019
53286382698
1781751538019
53304488335
1781751539018
53322878522
1781751540019
53340925438
1781751541018
53358837087
1781751542018
53377326372
1781751543045
53395064060
1781751544019
53412945966
1781751545021
53430854386
1781751546019
53448844432
1781751547018
53466996138
1781751548021
53484863478
1781751549018
53502893595
1781751550022
53520843111
1781751551018
53539181217
1781751552020
53557033532
1781751553017
53575133983
1781751554018
53593235627
1781751555018
53611237286
1781751556019
53629320723
1781751557018
53647157310
1781751558019
53664918192
1781751559019
53682821028
1781751560021
53700757310
1781751561023
53718650232
1781751562019
53736859619
1781751563019
53754973182
1781751564017
53773150744
1781751565020
53791146528
1781751566018
53809215507
1781751567019
53827150182
1781751568018
53844882346
1781751569019
53862722085
1781751570022
53880717685
1781751571018
53898725969
1781751572021
53916738613
1781751573019
53934691556
1781751574019
53952742037
1781751575017
53970774908
1781751576017
53988769942
1781751577019
54006840343
1781751578020
54024611599
1781751579017
54042365597
1781751580017
54060183686
1781751581018
54078068331
1781751582019
54096189146
1781751583020
54114422661
1781751584018
54132295677
1781751585021
54150170529
1781751586019
54168129134
1781751587022
54186481101
1781751588043
54204128075
1781751589018
54222096380
1781751590018
54240017545
1781751591018
54258127972
1781751592017
54276145007
1781751593019
54294391114
1781751594019
54312667530
1781751595018
54330722387
1781751596021
54348817069
1781751597018
54366845840
1781751598023
54384797223
1781751599018
54403089581
1781751600018
54421275498
1781751601018
54439325061
1781751602019
54457746796
1781751603044
54475187649
1781751604019
54493004713
1781751605021
54511049885
1781751606018
54529257864
1781751607022
54547080192
1781751608018
54565251497
1781751609024
54583252283
1781751610019
54601213688
1781751611018
54619263327
1781751612017
54637526830
1781751613018
54655489474
1781751614017
54673567663
1781751615018
54691763203
1781751616024
54709624362
1781751617018
54727914212
1781751618021
54745905788
1781751619018
54764067867
1781751620018
54781959105
1781751621018
54799981863
1781751622018
54817968466
1781751623023
54836023262
1781751624018
54853992087
1781751625018
54872018256
1781751626019
54889913136
1781751627018
54907812423
1781751628019
54925824531
1781751629018
54943901665
1781751630022
54961928324
1781751631018
54980048297
1781751632018
54997832283
1781751633018
55015676137
1781751634019
55033781561
1781751635021
55051662028
1781751636020
55069739559
1781751637018
55087664152
1781751638023
55105709309
1781751639021
55123801543
1781751640019
55141684443
1781751641019
55159628987
1781751642019
55177672384
1781751643018
55195781862
1781751644018
55214012868
1781751645017
55231958727
1781751646018
55250243543
1781751647018
55268059827
1781751648019
55285861178
1781751649018
55304179899
1781751650022
55322223663
1781751651022
55340114076
1781751652019
55358089326
1781751653018
55376165022
1781751654022
55394211311
1781751655018
55412400547
1781751656021
55430465135
1781751657018
55448703607
1781751658019
55466734642
1781751659022
55484777473
1781751660020
55502837822
1781751661019
55520705223
1781751662018
55539034180
1781751663021
55557132290
1781751664017
55575066980
1781751665017
55592915302
1781751666017
55610884999
1781751667018
55629065240
1781751668021
55647292084
1781751669023
55665043281
1781751670017
55683087979
1781751671019
55701005197
1781751672018
55719049191
1781751673018
55737074381
1781751674019
55754871433
1781751675020
55772688834
1781751676019
55790842375
1781751677017
55808737745
1781751678018
55826663148
1781751679018
55844859255
1781751680022
55862840167
1781751681018
55881202905
1781751682018
55899262046
1781751683022
55917200990
1781751684019
55935338773
1781751685019
55953085932
1781751686021
55970786517
1781751687018
55988675506
1781751688016
56006732765
1781751689021
56024930356
1781751690017
56042867326
1781751691018
56060888768
1781751692019
56078764416
1781751693018
56096752717
1781751694018
56114737653
1781751695016
56132857183
1781751696021
56150626205
1781751697019
56168762810
1781751698022
56186664529
1781751699019
56204821299
1781751700019
56223209665
1781751701019
56241305358
1781751702022
56259322424
1781751703022
56276945514
1781751704020
56294906322
1781751705019
56313088903
1781751706019
56331251044
1781751707021
56351613110
1781751708142
56367608877
1781751709020
56385557246
1781751710018
56403764063
1781751711022
56421691822
1781751712019
56439713478
1781751713024
56457659659
1781751714018
56475702352
1781751715018
56493639124
1781751716019
56511527425
1781751717019
56529366353
1781751718019
56547137991
1781751719018
56565187279
1781751720018
56583198087
1781751721019
56601399579
1781751722019
56619424065
1781751723019
56637411219
1781751724021
56655265019
1781751725017
56673213954
1781751726023
56691362248
1781751727021
56709547614
1781751728018
56727665766
1781751729017
56745814336
1781751730018
56763914067
1781751731020
56781958490
1781751732019
56800042095
1781751733018
56817971920
1781751734018
56836337122
1781751735022
56854487880
1781751736019
56872568762
1781751737023
56890388595
1781751738018
56908273086
1781751739019
56926278341
1781751740020
56944521403
1781751741018
56962697283
1781751742018
56980778945
1781751743021
56998890611
1781751744019
57017134652
1781751745022
57035381340
1781751746018
57053406194
1781751747018
57071541498
1781751748021
57089759942
1781751749023
57107693715
1781751750021
57125960400
1781751751019
57144196149
1781751752019
57162707772
1781751753044
57180425692
1781751754022
57198272683
1781751755022
57216148040
1781751756018
57234053232
1781751757018
57251897990
1781751758021
57269797215
1781751759018
57288115721
1781751760021
57305833427
1781751761018
57324292051
1781751762022
57342358980
1781751763021
57360347128
1781751764018
57378673652
1781751765020
57396729060
1781751766019
57414825884
1781751767018
57432881001
1781751768021
57450763917
1781751769022
57468938022
1781751770018
57487198296
1781751771022
57505305693
1781751772018
57523687955
1781751773019
57541684075
1781751774019
57559947027
1781751775021
57578060636
1781751776018
57596303958
1781751777021
57614524452
1781751778019
57632691290
1781751779022
57650879838
1781751780018
57669148375
1781751781022
57687047845
1781751782019
57705134067
1781751783019
57723349910
1781751784020
57741299671
1781751785024
57759339840
1781751786018
57777302040
1781751787019
57795261180
1781751788018
57813569145
1781751789022
57831637741
1781751790021
57849671453
1781751791020
57867848710
1781751792021
57885771788
1781751793018
57903885152
1781751794022
57921871449
1781751795018
57939995860
1781751796021
57957855932
1781751797018
57975855005
1781751798019
57993812891
1781751799018
58012099542
1781751800019
58030179277
1781751801019
58048538803
1781751802019
58066557552
1781751803019
58084501101
1781751804018
58102616546
1781751805017
58120511410
1781751806018
58138595781
1781751807019
58156840373
1781751808018
58174884198
1781751809021
58193255260
1781751810018
58211375571
1781751811021
58229323618
1781751812023
58247504822
1781751813018
58265539437
1781751814018
58283680724
1781751815017
58301762095
1781751816018
58319775810
1781751817018
58338120113
1781751818018
58356288817
1781751819019
58371569600
1781751820022
58380764227
1781751821022
58391416240
1781751822017
58400372737
1781751823020
58408916104
1781751824018
58417920629
1781751825022
58427085772
1781751826022
58435686208
1781751827023
58444179621
1781751828047
58452259138
1781751829022
58460387110
1781751830023
58468887897
1781751831026
58477155772
1781751832019
58485634191
1781751833023
58494157775
1781751834024
58502884941
1781751835025
58511254316
1781751836022
58519743720
1781751837023
58528235342
1781751838023
58536731983
1781751839019
58545249891
1781751840024
58553791361
1781751841020
58562254846
1781751842023
58572837198
1781751843235
58579426480
1781751844023
58587856092
1781751845024
58596316211
1781751846021
58604853336
1781751847023
58613236527
1781751848024
58621594581
1781751849023
58629944785
1781751850024
58638253756
1781751851023
58646547274
1781751852023
58654888069
1781751853025
58663229078
1781751854023
58671767916
1781751855026
58680189801
1781751856023
58688514562
1781751857024
58697600283
1781751858138
58704944192
1781751859026
58713125958
1781751860023
58721693989
1781751861025
58730030592
1781751862021
58738340925
1781751863024
58746500583
1781751864022
58754718442
1781751865022
58763067836
1781751866025
58771535085
1781751867023
58779521196
1781751868023
58787885767
1781751869021
58795914610
1781751870020
58804385899
1781751871023
58812646782
1781751872022
58820665298
1781751873022
58829094129
1781751874023
58837499031
1781751875025
58845906335
1781751876018
58854621843
1781751877023
58863151118
1781751878023
58871612646
1781751879025
58879977691
1781751880021
58888572374
1781751881021
58897010171
1781751882020
58905640366
1781751883022
58914112664
1781751884025
58922696102
1781751885022
58931455321
1781751886025
58940319973
1781751887023
58949140821
1781751888021
58957626889
1781751889022
58965864180
1781751890024
58974650679
1781751891022
58982939959
1781751892024
58991460024
1781751893022
58999798861
1781751894023
59008213264
1781751895026
59016537183
1781751896025
59025014454
1781751897021
59033438145
1781751898024
59041774824
1781751899020
59050020086
1781751900023
59058277756
1781751901024
59066598798
1781751902023
59074987238
1781751903022
59083378523
1781751904023
59091616731
1781751905022
59099962499
1781751906023
59108345338
1781751907025
59116659419
1781751908022
59124973638
1781751909022
59133059520
1781751910025
59141197758
1781751911023
59149524141
1781751912023
59157713129
1781751913024
59165984309
1781751914024
59174271049
1781751915023
59182631321
1781751916024
59190845141
1781751917022
59199285539
1781751918023
59207725998
1781751919022
59215985520
1781751920023
59224385970
1781751921023
59232883850
1781751922023
59241220422
1781751923022
59249545091
1781751924022
59258152289
1781751925023
59266635206
1781751926023
59275028358
1781751927024
59283472336
1781751928025
59291922755
1781751929027
59300375286
1781751930023
59308849895
1781751931026
59317229322
1781751932023
59325772077
1781751933022
59334174990
1781751934023
59342518417
1781751935023
59350944295
1781751936023
59359596491
1781751937023
59367848133
1781751938023
59376315306
1781751939023
59384632998
1781751940023
59392949787
1781751941023
59401269392
1781751942025
59409587880
1781751943023
59417969709
1781751944023
59426249197
1781751945023
59434728564
1781751946023
59443082410
1781751947023
59451443386
1781751948025
59459598653
1781751949019
59467728262
1781751950023
59476060351
1781751951024
59484221494
1781751952023
59492475201
1781751953023
59500799136
1781751954024
59509243833
1781751955023
59517548153
1781751956024
59525961011
1781751957023
59534189412
1781751958024
59542359795
1781751959023
59550475512
1781751960023
59558791904
1781751961024
59567069586
1781751962023
59575663826
1781751963047
59583701558
1781751964023
59592087871
1781751965023
59600424917
1781751966022
59608798990
1781751967025
59617352439
1781751968023
59625593387
1781751969023
59633960589
1781751970024
59642358086
1781751971024
59650708199
1781751972023
59659047923
1781751973021
59667437999
1781751974020
59676090302
1781751975023
59684684710
1781751976021
59693343852
1781751977023
59701794624
1781751978020
59710287087
1781751979021
59718453539
1781751980020
59727128256
1781751981023
59735796441
1781751982021
59744245805
1781751983021
59753052378
1781751984023
59761744782
1781751985023
59770325695
1781751986026
59779049220
1781751987022
59787430850
1781751988026
59795905734
1781751989021
59804522878
1781751990023
59812933089
1781751991024
59821348793
1781751992022
59830007797
1781751993023
59838185678
1781751994023
59846401625
1781751995022
59854516959
1781751996024
59863124846
1781751997023
59871435164
1781751998024
59879603466
1781751999023
59887829083
1781752000022
59896162488
1781752001023
59904557369
1781752002023
59912785005
1781752003023
59921134720
1781752004023
59929568569
1781752005022
59937721373
1781752006023
59945937840
1781752007023
59954193812
1781752008022
59962410356
1781752009023
59970429193
1781752010025
59978695798
1781752011023
59987168969
1781752012026
59995621944
1781752013023
60004037051
1781752014026
60012376683
1781752015023
60020846748
1781752016023
60029111716
1781752017023
60037243390
1781752018025
60045684171
1781752019022
60053991658
1781752020024
60062682532
1781752021023
60071068049
1781752022023
60080363916
1781752023137
60088092344
1781752024022
60096664949
1781752025023
60105109738
1781752026024
60113916648
1781752027021
60122388885
1781752028023
60130941371
1781752029021
60139680853
1781752030023
60148159868
1781752031024
60156571150
1781752032022
60164777367
1781752033023
60173021358
1781752034023
60181394482
1781752035023
60189940221
1781752036022
60198608252
1781752037025
60206827305
1781752038024
60215350537
1781752039026
60223782826
1781752040027
60232033795
1781752041021
60240474882
1781752042024
60248799657
1781752043023
60257181349
1781752044021
60265574501
1781752045023
60273866122
1781752046023
60282225445
1781752047022
60290303141
1781752048019
60298500070
1781752049023
60306714503
1781752050023
60315248154
1781752051025
60323355119
1781752052025
60331535677
1781752053022
60339771086
1781752054023
60348102257
1781752055024
60356308519
1781752056023
60364728951
1781752057019
60373147944
1781752058023
60381593299
1781752059019
60389999089
1781752060024
60398259849
1781752061021
60406576363
1781752062026
60415208547
1781752063025
60423682620
1781752064023
60432166929
1781752065023
60440871742
1781752066023
60449401859
1781752067021
60458087026
1781752068020
60466567250
1781752069019
60474848513
1781752070023
60483277237
1781752071023
60491882462
1781752072023
60500424100
1781752073022
60508968905
1781752074023
60517330646
1781752075024
60525739832
1781752076023
60534273851
1781752077023
60542407606
1781752078019
60550650068
1781752079023
60559191232
1781752080021
60567544649
1781752081019
60575946292
1781752082024
60585448526
1781752083137
60592832749
1781752084024
60601203043
1781752085022
60609718487
1781752086022
60618264853
1781752087023
60626490760
1781752088025
60634472434
1781752089024
60642800254
1781752090021
60651169920
1781752091023
60659491131
1781752092023
60667785246
1781752093022
60676105050
1781752094021
60684587721
1781752095021
60693001008
1781752096021
60701370383
1781752097022
60710755449
1781752098138
60717902309
1781752099023
60725880157
1781752100023
60734143121
1781752101023
60742473971
1781752102023
60750838221
1781752103023
60759275727
1781752104024
60767814535
1781752105020
60776301047
1781752106025
60784995394
1781752107023
60793206736
1781752108023
60801738353
1781752109023
60810029545
1781752110022
60818483208
1781752111023
60826919766
1781752112023
60835518748
1781752113024
60843902582
1781752114023
60852399422
1781752115023
60861041290
1781752116022
60869769160
1781752117023
60878407249
1781752118023
60886901366
1781752119024
60895558855
1781752120022
