28517988928
1781707712184
28522407782
1781707713023
28527707182
1781707714022
28533164478
1781707715022
28538472415
1781707716023
28543722687
1781707717024
28548920418
1781707718024
28554169542
1781707719023
28559607162
1781707720020
28565016156
1781707721023
28570185857
1781707722022
28575530270
1781707723024
28580913513
1781707724020
28586075473
1781707725024
28591500884
1781707726024
28596658896
1781707727023
28601989814
1781707728024
28607375720
1781707729024
28612581132
1781707730020
28618164867
1781707731021
28623448753
1781707732024
28628573381
1781707733024
28633897796
1781707734022
28639090126
1781707735024
28644454612
1781707736023
28649780711
1781707737022
28655105355
1781707738024
28660435784
1781707739024
28665919579
1781707740023
28671291118
1781707741024
28676588973
1781707742022
28681875322
1781707743023
28687141153
1781707744021
28692373937
1781707745024
28697452206
1781707746024
28702842075
1781707747024
28708438157
1781707748018
28714668944
1781707749024
28723847261
1781707750020
28737518836
1781707751020
28752096814
1781707752020
28766987891
1781707753019
28782027240
1781707754021
28797143410
1781707755018
28812164277
1781707756019
28827186337
1781707757020
28842314748
1781707758019
28857369657
1781707759019
28872426754
1781707760017
28887555088
1781707761019
28902519345
1781707762019
28917511570
1781707763022
28932623426
1781707764019
28947539350
1781707765019
28962673407
1781707766019
28977732432
1781707767019
28992797760
1781707768019
29007886360
1781707769019
29022954978
1781707770017
29038075662
1781707771020
29053167383
1781707772020
29068126178
1781707773020
29083211335
1781707774019
29098351282
1781707775019
29114037194
1781707776059
29128629951
1781707777019
29143677960
1781707778020
29158726245
1781707779019
29173910378
1781707780017
29189004593
1781707781019
29204297004
1781707782020
29219252601
1781707783019
29234263599
1781707784019
29249442423
1781707785019
29264461087
1781707786019
29279595082
1781707787021
29294680285
1781707788020
29309654824
1781707789019
29324769265
1781707790016
29339738954
1781707791020
29354719260
1781707792018
29369879250
1781707793018
29385012495
1781707794021
29399995510
1781707795019
29414959889
1781707796019
29429992047
1781707797019
29445158432
1781707798022
29460194752
1781707799021
29475180796
1781707800017
29490267774
1781707801019
29505235688
1781707802019
29520284691
1781707803019
29535377315
1781707804017
29550445765
1781707805019
29565527862
1781707806019
29580598485
1781707807020
29595572885
1781707808019
29610646797
1781707809019
29625645907
1781707810017
29640740092
1781707811019
29655834246
1781707812019
29670878889
1781707813019
29686102220
1781707814018
29701269906
1781707815019
29716274754
1781707816019
29731462712
1781707817019
29746484986
1781707818019
29761602901
1781707819018
29776748049
1781707820019
29791653508
1781707821018
29806720918
1781707822019
29821778734
1781707823021
29836696540
1781707824019
29851801878
1781707825021
29866819088
1781707826021
29881882611
1781707827022
29897008115
1781707828020
29911909014
1781707829020
29926885129
1781707830017
29942045669
1781707831019
29957070636
1781707832019
29972326129
1781707833020
29987359312
1781707834019
30002572270
1781707835020
30017614343
1781707836019
30032589478
1781707837018
30047696086
1781707838020
30062790561
1781707839018
30077827692
1781707840017
30092927950
1781707841019
30108068708
1781707842021
30123249353
1781707843019
30138437938
1781707844019
30153412278
1781707845019
30168427927
1781707846019
30183417811
1781707847020
30198521727
1781707848020
30213662561
1781707849021
30228770010
1781707850017
30243888200
1781707851019
30259090862
1781707852019
30274121230
1781707853019
30289353971
1781707854020
30304480959
1781707855016
30319577836
1781707856018
30334777560
1781707857020
30349896775
1781707858020
30364962180
1781707859018
30380187057
1781707860018
30395188799
1781707861019
30410266872
1781707862020
30425415800
1781707863019
30440468843
1781707864019
30455698723
1781707865022
30470761190
1781707866019
30485768333
1781707867019
30501072173
1781707868020
30516219219
1781707869020
30531344539
1781707870016
30546567595
1781707871021
30561663585
1781707872019
30576846938
1781707873019
30592039379
1781707874020
30607216551
1781707875019
30622391932
1781707876019
30637475223
1781707877020
30652602012
1781707878019
30667914144
1781707879020
30683020599
1781707880018
30698103156
1781707881019
30713197968
1781707882020
30728273165
1781707883020
30743506809
1781707884020
30758626314
1781707885017
30773824768
1781707886018
30789208918
1781707887018
30804354144
1781707888020
30819637803
1781707889019
30834938017
1781707890017
30850109054
1781707891019
30865436379
1781707892018
30880588275
1781707893019
30895780961
1781707894019
30910944546
1781707895019
30926054367
1781707896020
30941229366
1781707897020
30956478142
1781707898020
30971655252
1781707899019
30986907195
1781707900018
31001994173
1781707901021
31017111874
1781707902020
31032401669
1781707903019
31047578136
1781707904019
31063002617
1781707905019
31078376715
1781707906023
31093523669
1781707907019
31108826133
1781707908018
31123967013
1781707909018
31139109009
1781707910016
31155010407
1781707911058
31169547717
1781707912020
31184781300
1781707913021
31200048986
1781707914019
31215415770
1781707915019
31230802292
1781707916019
31246198085
1781707917019
31261465221
1781707918019
31276738186
1781707919019
31291868203
1781707920018
31307206866
1781707921022
31322461899
1781707922018
31337674827
1781707923020
31353041061
1781707924018
31368245420
1781707925018
31383381955
1781707926018
31398588747
1781707927018
31413830562
1781707928021
31429120846
1781707929019
31444381158
1781707930017
31459532702
1781707931019
31474857916
1781707932019
31490136160
1781707933019
31505339907
1781707934018
31520737338
1781707935018
31536023476
1781707936021
31551268182
1781707937019
31566500479
1781707938020
31581692109
1781707939019
31596983955
1781707940017
31612192415
1781707941019
31627345091
1781707942020
31642574436
1781707943020
31657818422
1781707944025
31673002265
1781707945019
31688239565
1781707946020
31703394215
1781707947019
31718605322
1781707948019
31733754541
1781707949019
31748905060
1781707950016
31764042084
1781707951019
31779259388
1781707952019
31794524626
1781707953019
31809859311
1781707954022
31824990231
1781707955020
31840123262
1781707956019
31855334904
1781707957019
31870473291
1781707958019
31885802131
1781707959020
31900934856
1781707960016
31916212258
1781707961020
31931522188
1781707962022
31946678169
1781707963019
31961890607
1781707964019
31977151561
1781707965021
31992319017
1781707966018
32007563081
1781707967018
32022733505
1781707968018
32037994138
1781707969021
32053311121
1781707970017
32068498222
1781707971021
32083688001
1781707972019
32098931376
1781707973019
32114112005
1781707974020
32129464025
1781707975020
32144512386
1781707976019
32159741884
1781707977022
32175071535
1781707978019
32190205392
1781707979019
32205413516
1781707980017
32220646670
1781707981019
32235940045
1781707982020
32251313424
1781707983019
32266512444
1781707984018
32281745767
1781707985020
32297055069
1781707986018
32312284261
1781707987022
32327536127
1781707988019
32342771316
1781707989018
32357962900
1781707990015
32373241649
1781707991019
32388490654
1781707992021
32403594416
1781707993018
32418933462
1781707994022
32434140208
1781707995019
32449499985
1781707996020
32464810466
1781707997019
32480079636
1781707998018
32495563955
1781707999019
32510923809
1781708000016
32526162854
1781708001020
32541356503
1781708002019
32556568406
1781708003019
32571931411
1781708004019
32587361691
1781708005021
32602613067
1781708006019
32618111248
1781708007020
32633349666
1781708008019
32648644663
1781708009021
32664027390
1781708010018
32679288711
1781708011020
32694779181
1781708012019
32710026779
1781708013019
32725290961
1781708014020
32740681430
1781708015019
32757871271
1781708016155
32770940562
1781708017020
32786322264
1781708018019
32801647937
1781708019021
32817131583
1781708020019
32832421393
1781708021020
32847819022
1781708022023
32862998412
1781708023019
32878282164
1781708024019
32893579884
1781708025019
32909136037
1781708026019
32924433971
1781708027019
32939768718
1781708028020
32955107442
1781708029021
32970321364
1781708030017
32985639892
1781708031019
33000837948
1781708032018
33016074300
1781708033018
33031468946
1781708034019
33046760929
1781708035019
33061981461
1781708036020
33077378646
1781708037021
33092656492
1781708038021
33108073935
1781708039018
33123415352
1781708040016
33138754015
1781708041020
33154098875
1781708042020
33169328342
1781708043021
33184596120
1781708044018
33200110947
1781708045021
33215322131
1781708046020
33230541117
1781708047018
33245820783
1781708048019
33261132320
1781708049021
33276344941
1781708050015
33291592814
1781708051020
33306797250
1781708052019
33322156645
1781708053021
33337329471
1781708054020
33352604028
1781708055019
33367872525
1781708056020
33383123840
1781708057019
33398551962
1781708058020
33413786188
1781708059020
33429015425
1781708060016
33444329624
1781708061019
33459557913
1781708062019
33474993379
1781708063022
33490287565
1781708064019
33505590319
1781708065020
33520874575
1781708066017
33536135759
1781708067018
33551401824
1781708068019
33566693164
1781708069020
33581903827
1781708070019
33597238390
1781708071023
33612467260
1781708072020
33627716739
1781708073020
33642994294
1781708074018
33658236720
1781708075018
33673404330
1781708076019
33688670119
1781708077019
33703962851
1781708078019
33719386751
1781708079019
33734695288
1781708080017
33749978626
1781708081019
33765385344
1781708082018
33780656993
1781708083018
33795972737
1781708084019
33811444449
1781708085020
33826723380
1781708086020
33842133954
1781708087020
33857540334
1781708088020
33872877972
1781708089019
33888428036
1781708090020
33903627178
1781708091019
33918855329
1781708092020
33934243136
1781708093019
33949516851
1781708094020
33964864755
1781708095021
33980181019
1781708096016
33995509676
1781708097021
34011020326
1781708098021
34026307826
1781708099019
34041627456
1781708100018
34056555023
1781708101019
34071567766
1781708102022
34087113927
1781708103019
34102569804
1781708104021
34117992387
1781708105021
34133538748
1781708106020
34148911668
1781708107020
34164339086
1781708108021
34179803959
1781708109019
34195194979
1781708110017
34210647673
1781708111019
34226159593
1781708112019
34241543712
1781708113020
34257040822
1781708114018
34272441160
1781708115018
34287893548
1781708116020
34303399776
1781708117018
34318819331
1781708118019
34334468370
1781708119018
34349936471
1781708120016
34368873663
1781708121251
34380749171
1781708122022
34396194552
1781708123024
34411597154
1781708124019
34427190608
1781708125019
34442628048
1781708126024
34458068716
1781708127020
34473546318
1781708128020
34489063532
1781708129024
34504453404
1781708130018
34519830578
1781708131020
34535108408
1781708132021
34550544456
1781708133019
34565996538
1781708134021
34581481438
1781708135018
34596948744
1781708136019
34612370715
1781708137020
34627981810
1781708138020
34643364354
1781708139019
34658724207
1781708140017
34674316101
1781708141021
34689654060
1781708142018
34705172192
1781708143018
34720726554
1781708144018
34736144900
1781708145019
34751707616
1781708146019
34767148927
1781708147019
34782589075
1781708148020
34798163817
1781708149019
34813558769
1781708150017
34829004348
1781708151020
34844504733
1781708152019
34860023064
1781708153021
34875581037
1781708154019
34891012143
1781708155018
34906510262
1781708156021
34921964563
1781708157019
34937412361
1781708158020
34952922001
1781708159020
34968442031
1781708160020
34983854807
1781708161020
34999458588
1781708162019
35014930316
1781708163020
35030266347
1781708164018
35045742848
1781708165019
35061088626
1781708166019
35076508470
1781708167019
35091967453
1781708168019
35107386609
1781708169019
35122875457
1781708170018
35138328977
1781708171019
35153770640
1781708172021
35169327236
1781708173019
35184703690
1781708174018
35200155910
1781708175018
35215629213
1781708176019
35231038486
1781708177022
35246558331
1781708178019
35262052397
1781708179019
35277450638
1781708180015
35292933167
1781708181020
35308266781
1781708182019
35323738172
1781708183019
35339295961
1781708184020
35354706749
1781708185019
35370286371
1781708186020
35385675846
1781708187019
35401093304
1781708188018
35416680913
1781708189019
35431975191
1781708190015
35447483807
1781708191019
35463057570
1781708192022
35478461885
1781708193022
35493897045
1781708194019
35509460251
1781708195019
35524919325
1781708196021
35540405144
1781708197018
35555824499
1781708198019
35571247236
1781708199020
35586140959
1781708200016
35601425047
1781708201019
35616936968
1781708202020
35632378447
1781708203018
35647790642
1781708204019
35663220569
1781708205019
35678529596
1781708206019
35693856111
1781708207019
35709265185
1781708208019
35724620831
1781708209020
35740080976
1781708210016
35755525882
1781708211019
35770911088
1781708212019
35786441414
1781708213019
35801817134
1781708214019
35817354666
1781708215023
35832767320
1781708216021
35847988495
1781708217019
35863550874
1781708218020
35878927680
1781708219020
35894283097
1781708220018
35909768151
1781708221019
35925090902
1781708222020
35940497328
1781708223021
35955855468
1781708224018
35971237920
1781708225019
35986714161
1781708226019
36002093461
1781708227019
36017489040
1781708228019
36032997793
1781708229018
36048354128
1781708230018
36063797764
1781708231020
36079267089
1781708232019
36094672567
1781708233019
36110169295
1781708234019
36125665089
1781708235020
36141042507
1781708236020
36156513301
1781708237021
36171900297
1781708238018
36187409356
1781708239019
36202848004
1781708240017
36218253789
1781708241020
36233847212
1781708242019
36249270484
1781708243020
36264585264
1781708244021
36280037575
1781708245018
36295399035
1781708246020
36310773087
1781708247017
36326276501
1781708248019
36341574634
1781708249019
36356917796
1781708250017
36372423351
1781708251019
36387778095
1781708252021
36403214020
1781708253018
36418627026
1781708254018
36434086268
1781708255019
36449529124
1781708256018
36464904018
1781708257018
36480364912
1781708258019
36495854709
1781708259018
36511250808
1781708260018
36526779803
1781708261018
36542125382
1781708262019
36557563373
1781708263021
36573019830
1781708264018
36588394678
1781708265018
36603779746
1781708266018
36619253692
1781708267019
36634679106
1781708268019
36650080025
1781708269019
36665468076
1781708270015
36680898371
1781708271018
36696244776
1781708272019
36711601677
1781708273020
36726975576
1781708274018
36742413765
1781708275018
36757768034
1781708276019
36773180627
1781708277016
36788580153
1781708278019
36803964900
1781708279019
36819444874
1781708280018
36834823608
1781708281019
36850257054
1781708282019
36865659733
1781708283019
36880937135
1781708284018
36896341022
1781708285019
36911555372
1781708286020
36926782651
1781708287019
36942224436
1781708288022
36957553598
1781708289019
36972952467
1781708290019
36988417493
1781708291019
37003762016
1781708292019
37019237920
1781708293019
37034604414
1781708294019
37050031801
1781708295020
37065474474
1781708296019
37080906375
1781708297019
37096337297
1781708298019
37111860356
1781708299019
37127188692
1781708300018
37142690743
1781708301021
37158029973
1781708302022
37173439765
1781708303021
37188964584
1781708304020
37204373474
1781708305019
37219950970
1781708306019
37235448783
1781708307019
37250796428
1781708308019
37266266946
1781708309019
37281673342
1781708310017
37297055259
1781708311018
37312517806
1781708312019
37327907005
1781708313019
37343382465
1781708314020
37358931702
1781708315021
37374203351
1781708316019
37389588618
1781708317018
37405108709
1781708318022
37420505435
1781708319018
37436073476
1781708320017
37451578986
1781708321020
37467115799
1781708322021
37482701358
1781708323019
37498143832
1781708324019
37513645792
1781708325019
37529065315
1781708326018
37544466601
1781708327018
37560007683
1781708328019
37575354700
1781708329022
37590783863
1781708330016
37606284568
1781708331019
37621623752
1781708332019
37637221230
1781708333019
37652649520
1781708334020
37668076847
1781708335019
37683536089
1781708336019
37699035739
1781708337019
37714369399
1781708338019
37729672658
1781708339022
37745188495
1781708340018
37760866787
1781708341018
37776595539
1781708342021
37792184449
1781708343018
37807765066
1781708344018
37823272014
1781708345019
37842403716
1781708346248
37854573856
1781708347018
37870100342
1781708348018
37885785657
1781708349019
37901385414
1781708350017
37916921249
1781708351019
37930393786
1781708352019
37937347055
1781708353017
37944207896
1781708354023
37950258786
1781708355020
37956250664
1781708356023
37962541611
1781708357020
37968257002
1781708358024
37976721513
1781708359020
37989471630
1781708360018
38004500912
1781708361021
38019889392
1781708362018
38035543051
1781708363020
38050943251
1781708364020
38066559930
1781708365019
38082127665
1781708366019
38097659827
1781708367019
38113405302
1781708368019
38128904355
1781708369019
38144433519
1781708370016
38160148103
1781708371020
38175575031
1781708372019
38191237244
1781708373019
38206811328
1781708374020
38222352792
1781708375018
38237875254
1781708376019
38253324919
1781708377019
38268841858
1781708378020
38284523715
1781708379020
38300008845
1781708380019
38315614233
1781708381019
38331167387
1781708382019
38346682734
1781708383019
38362338429
1781708384018
38377877614
1781708385019
38393499235
1781708386020
38409250034
1781708387019
38424748200
1781708388018
38440249854
1781708389019
38455836071
1781708390016
38471479510
1781708391022
38486940573
1781708392020
38502414611
1781708393020
38517919585
1781708394019
38533644313
1781708395020
38549101826
1781708396019
38564787417
1781708397021
38580277259
1781708398018
38595803057
1781708399019
38611504008
1781708400018
38627066266
1781708401019
38642713622
1781708402023
38658289695
1781708403019
38673829645
1781708404021
38689503776
1781708405017
38705045913
1781708406019
38720500734
1781708407020
38736174008
1781708408018
38751717967
1781708409019
38767225251
1781708410015
38782893583
1781708411019
38798387511
1781708412019
38814061994
1781708413024
38829578626
1781708414021
38845048319
1781708415019
38860669007
1781708416019
38876234905
1781708417019
38891990769
1781708418026
38907745699
1781708419018
38923258935
1781708420019
38938953614
1781708421019
38954532105
1781708422019
38970105623
1781708423023
38985599474
1781708424019
39001240587
1781708425019
39016858552
1781708426019
39032355432
1781708427019
39047796054
1781708428018
39063291160
1781708429020
39078911374
1781708430016
39094432000
1781708431020
39110109696
1781708432019
39125713217
1781708433021
39141306365
1781708434020
39157082593
1781708435023
39172559292
1781708436020
39188140736
1781708437019
39203759909
1781708438019
39219278546
1781708439020
39234932298
1781708440017
39250534320
1781708441019
39266093150
1781708442019
39281792143
1781708443019
39297301661
1781708444020
39312787694
1781708445021
39328350441
1781708446021
39343814289
1781708447019
39359521177
1781708448023
39374960407
1781708449018
39390488101
1781708450018
39405920553
1781708451020
39421422437
1781708452019
39437000117
1781708453019
39452505366
1781708454019
39467946356
1781708455021
39483535051
1781708456018
39499198610
1781708457020
39514823842
1781708458015
39530425895
1781708459019
39545909770
1781708460019
39561489485
1781708461019
39577102645
1781708462020
39592583874
1781708463018
39608152679
1781708464019
39623748795
1781708465019
39639250526
1781708466018
39654912585
1781708467019
39670458701
1781708468019
39686053394
1781708469018
39701675199
1781708470016
39717219984
1781708471019
39732922527
1781708472021
39748502609
1781708473020
39764128927
1781708474024
39779751711
1781708475019
39795216875
1781708476018
39810832866
1781708477018
39826491742
1781708478021
39842001153
1781708479019
39857484891
1781708480016
39873022898
1781708481019
39888519197
1781708482020
39904193466
1781708483018
39919742274
1781708484020
39935332133
1781708485021
39950853615
1781708486018
39966329856
1781708487020
39981945480
1781708488017
39997524735
1781708489019
40013031025
1781708490018
40028697705
1781708491018
40044196605
1781708492018
40059735851
1781708493020
40075388991
1781708494019
40090840506
1781708495019
40106479707
1781708496019
40122106607
1781708497020
40137622995
1781708498018
40153266633
1781708499020
40168789478
1781708500017
40184333038
1781708501018
40199870204
1781708502018
40215368522
1781708503018
40231017010
1781708504020
40246604283
1781708505020
40262141341
1781708506020
40277908450
1781708507018
40293527088
1781708508022
40309156528
1781708509022
40324703087
1781708510017
40340230353
1781708511019
40355943071
1781708512019
40371528141
1781708513022
40386975816
1781708514019
40402621305
1781708515019
40418142804
1781708516020
40433700471
1781708517019
40449313142
1781708518018
40464855448
1781708519020
40480402267
1781708520017
40495948337
1781708521019
40511446870
1781708522019
40527091166
1781708523020
40542608808
1781708524020
40558132372
1781708525020
40575718299
1781708526150
40589226623
1781708527021
40604747892
1781708528018
40620429810
1781708529022
40635856433
1781708530017
40651343292
1781708531018
40666901770
1781708532022
40682388216
1781708533018
40697943374
1781708534018
40713392519
1781708535019
40728903062
1781708536020
40744356444
1781708537020
40759850739
1781708538021
40775451507
1781708539020
40790959265
1781708540018
40807136567
1781708541055
40822209010
1781708542019
40837641202
1781708543020
40853210819
1781708544019
40868762596
1781708545021
40884222848
1781708546020
40899926768
1781708547019
40915450959
1781708548018
40931020820
1781708549021
40946438202
1781708550018
40961199902
1781708551019
40976614086
1781708552019
40992169917
1781708553020
41007655537
1781708554018
41023060724
1781708555018
41038469339
1781708556019
41053871528
1781708557020
41069318882
1781708558020
41084679592
1781708559020
41100078660
1781708560018
41115606966
1781708561022
41131035792
1781708562019
41146502700
1781708563019
41162006205
1781708564019
41177464652
1781708565019
41192919641
1781708566019
41208370759
1781708567020
41223910036
1781708568020
41239413450
1781708569022
41254803704
1781708570016
41270422587
1781708571020
41285923552
1781708572019
41301410610
1781708573018
41316858867
1781708574018
41332297684
1781708575019
41347796967
1781708576020
41362772499
1781708577019
41377878174
1781708578019
41393347821
1781708579019
41408854615
1781708580018
41424413859
1781708581019
41440095333
1781708582019
41455568790
1781708583019
41471234322
1781708584021
41486910534
1781708585019
41502431787
1781708586019
41518012878
1781708587022
41533547351
1781708588020
41549090453
1781708589022
41564537532
1781708590015
41580067613
1781708591018
41595636342
1781708592019
41611297437
1781708593019
41626828850
1781708594019
41642516124
1781708595020
41658095318
1781708596020
41673611140
1781708597018
41689165808
1781708598019
41704737705
1781708599019
41720354445
1781708600015
41735911455
1781708601020
41751339026
1781708602019
41766862590
1781708603020
41782323209
1781708604020
41797756304
1781708605020
41813454425
1781708606019
41828930650
1781708607019
41844438639
1781708608018
41859977762
1781708609019
41875497256
1781708610018
41891050089
1781708611019
41906560739
1781708612018
41922073577
1781708613019
41937762060
1781708614021
41953308971
1781708615020
41968882887
1781708616020
41984442176
1781708617018
41999928744
1781708618021
42015656731
1781708619022
42031155157
1781708620018
42046654194
1781708621019
42062222250
1781708622020
42077687383
1781708623020
42093336055
1781708624022
42108996263
1781708625020
42124497213
1781708626021
42140151148
1781708627019
42155693638
1781708628020
42171205665
1781708629023
42186958713
1781708630015
42202481573
1781708631019
42218072120
1781708632020
42233615298
1781708633020
42248961137
1781708634018
42264407084
1781708635020
42279976991
1781708636019
42295490472
1781708637019
42311073339
1781708638020
42326558652
1781708639018
42341998142
1781708640018
42357561119
1781708641020
42372987175
1781708642018
42388538080
1781708643021
42404105172
1781708644018
42419669342
1781708645020
42435259277
1781708646019
42450734600
1781708647019
42466285015
1781708648023
42481746154
1781708649020
42497228255
1781708650018
42512889825
1781708651019
42528398578
1781708652020
42543885314
1781708653019
42559606875
1781708654021
42575100543
1781708655020
42590664682
1781708656021
42606226954
1781708657020
42621756439
1781708658020
42637555127
1781708659020
42652971729
1781708660017
42668473643
1781708661021
42683990214
1781708662019
42699678069
1781708663021
42715212404
1781708664019
42730791981
1781708665019
42746250122
1781708666019
42761959060
1781708667020
42777583405
1781708668018
42793075557
1781708669017
42808751172
1781708670017
42824430077
1781708671023
42839956180
1781708672020
42855485696
1781708673019
42870956811
1781708674020
42886708390
1781708675019
42902115689
1781708676019
42917584601
1781708677020
42933249231
1781708678020
42948747687
1781708679019
42964257603
1781708680018
42979898579
1781708681019
42995477804
1781708682023
43010924607
1781708683018
43026511727
1781708684018
43042043675
1781708685020
43057649339
1781708686019
43073137865
1781708687019
43088715438
1781708688019
43104363039
1781708689018
43119768884
1781708690017
43135391576
1781708691021
43150949993
1781708692019
43166484879
1781708693020
43182149814
1781708694019
43197680921
1781708695019
43213209564
1781708696019
43228915596
1781708697019
43244354734
1781708698019
43259859264
1781708699019
43275423051
1781708700017
43290954372
1781708701020
43306528961
1781708702020
43322042656
1781708703019
43337554760
1781708704020
43353223092
1781708705020
43369205427
1781708706058
43384160274
1781708707019
43399727611
1781708708020
43415178453
1781708709019
43430695407
1781708710017
43446214825
1781708711019
43461653121
1781708712023
43477254225
1781708713018
43492763422
1781708714018
43508302837
1781708715019
43523849259
1781708716019
43539374260
1781708717020
43554918617
1781708718019
43570303838
1781708719019
43585863785
1781708720019
43603439384
1781708721147
43616968731
1781708722022
43632408312
1781708723018
43648042847
1781708724018
43663578130
1781708725019
43679279495
1781708726023
43694774708
1781708727018
43710382437
1781708728019
43726093089
1781708729022
43741538485
1781708730017
43757217267
1781708731019
43772834880
1781708732022
43788281836
1781708733020
43803938739
1781708734020
43819511645
1781708735021
43835551293
1781708736056
43850729673
1781708737019
43866232200
1781708738019
43881748802
1781708739019
43897371341
1781708740018
43912884745
1781708741023
43928339306
1781708742020
43943795244
1781708743019
43959321944
1781708744023
43974955866
1781708745023
43990353220
1781708746018
44005855884
1781708747018
44021476358
1781708748020
44037006776
1781708749019
44052643758
1781708750016
44068155097
1781708751019
44083642124
1781708752018
44099318550
1781708753019
44114753297
1781708754020
44130361424
1781708755018
44145917010
1781708756018
44161370469
1781708757019
44176899051
1781708758020
44192513451
1781708759021
44207881414
1781708760017
44223720356
1781708761025
44239181940
1781708762022
44254780565
1781708763020
44270378823
1781708764019
44285830676
1781708765018
44301476456
1781708766022
44317026045
1781708767019
44332420706
1781708768019
44348034218
1781708769019
44363467909
1781708770017
44379100837
1781708771020
44394676436
1781708772022
44410158583
1781708773021
44425642871
1781708774020
44441185422
1781708775023
44456508357
1781708776020
44472148614
1781708777019
44487545172
1781708778019
44503054920
1781708779019
44518579309
1781708780017
44534131851
1781708781018
44549682129
1781708782020
44565194814
1781708783019
44580753919
1781708784018
44596464678
1781708785019
44611954980
1781708786019
44627540034
1781708787019
44643085171
1781708788019
44658603670
1781708789021
44674086077
1781708790016
44689674466
1781708791020
44705200019
1781708792019
44720265546
1781708793018
44735137667
1781708794020
44750492823
1781708795020
44767906824
1781708796148
44781301485
1781708797019
44796673976
1781708798019
44811955953
1781708799019
44827332498
1781708800017
44842820673
1781708801019
44858213544
1781708802018
44873700066
1781708803019
44889164541
1781708804019
44904581127
1781708805019
44920099596
1781708806022
44935520481
1781708807020
44950984926
1781708808021
44966496877
1781708809020
44981885494
1781708810018
44997323026
1781708811019
45012426742
1781708812020
45027788004
1781708813019
45043275490
1781708814018
45058764047
1781708815021
45074188543
1781708816019
45089780253
1781708817020
45105224792
1781708818019
45120742389
1781708819020
45136163947
1781708820019
45151652214
1781708821019
45167110966
1781708822020
45182532005
1781708823019
45197931348
1781708824018
45213370241
1781708825019
45228802938
1781708826020
45244286140
1781708827018
45259746392
1781708828020
45275206354
1781708829019
45290694513
1781708830018
45306160625
1781708831019
45321755487
1781708832020
45337340587
1781708833020
45352712497
1781708834020
45368227248
1781708835019
45383908738
1781708836020
45399384076
1781708837020
45414814080
1781708838019
45430231783
1781708839019
45445521241
1781708840017
45460957518
1781708841019
45476376644
1781708842019
45491850865
1781708843020
45507272837
1781708844021
45522640953
1781708845019
45538081055
1781708846021
45553574232
1781708847019
45569038034
1781708848020
45584426055
1781708849019
45599855845
1781708850018
45615280708
1781708851020
45630721912
1781708852019
45646090854
1781708853020
45661582563
1781708854019
45677163104
1781708855022
45692580638
1781708856019
45708211485
1781708857022
45723622043
1781708858024
45739057249
1781708859019
45754604344
1781708860017
45770106916
1781708861019
45785689798
1781708862019
45801054410
1781708863019
45816365242
1781708864020
45831952821
1781708865019
45847318030
1781708866019
45862748508
1781708867019
45878325102
1781708868019
45893704815
1781708869018
45909235952
1781708870018
45924548926
1781708871018
45939975243
1781708872019
45955524128
1781708873019
45971020274
1781708874021
45986504578
1781708875018
46002096058
1781708876019
46017535671
1781708877021
46032975574
1781708878020
46048345801
1781708879018
46063699228
1781708880017
46079285537
1781708881021
46094771631
1781708882020
46110289289
1781708883022
46125714382
1781708884019
46141123976
1781708885019
46156567122
1781708886019
46171923962
1781708887019
46187326365
1781708888018
46202839326
1781708889019
46218288302
1781708890018
46233699410
1781708891020
46249107811
1781708892018
46264485688
1781708893019
46279921735
1781708894019
46295489118
1781708895019
46310926329
1781708896021
46326443221
1781708897018
46341970289
1781708898020
46357374573
1781708899020
46372893333
1781708900017
46388199024
1781708901019
46403580635
1781708902018
46419274778
1781708903021
46434672300
1781708904018
46450136270
1781708905018
46465621171
1781708906018
46481123850
1781708907021
46496544903
1781708908019
46511974908
1781708909023
46527410588
1781708910017
46542896345
1781708911020
46558294740
1781708912022
46573796394
1781708913019
46589276750
1781708914019
46604820754
1781708915020
46620250146
1781708916019
46635680365
1781708917021
46651159696
1781708918022
46666560645
1781708919019
46681995255
1781708920018
46697594462
1781708921020
46713029576
1781708922019
46728476456
1781708923019
46744026978
1781708924019
46759486175
1781708925019
46775034509
1781708926020
46790466900
1781708927019
46805899704
1781708928020
46821418739
1781708929019
46837033307
1781708930018
46852548669
1781708931020
46867810282
1781708932020
46883229453
1781708933020
46898791787
1781708934021
46914264387
1781708935019
46929674822
1781708936021
46945125129
1781708937019
46960665905
1781708938020
46976088688
1781708939019
46991691903
1781708940018
47007116629
1781708941020
47022683935
1781708942020
47038321514
1781708943019
47053709413
1781708944018
47069276918
1781708945020
47084687216
1781708946020
47100017525
1781708947019
47115606771
1781708948019
47130969257
1781708949020
47146346782
1781708950016
47161855703
1781708951020
47177224523
1781708952018
47192764381
1781708953021
47208183109
1781708954019
47223584624
1781708955020
47239023518
1781708956020
47254462074
1781708957018
47270020614
1781708958019
47285523109
1781708959021
47300910687
1781708960018
47316493675
1781708961021
47331795741
1781708962019
47339425683
1781708963020
47346140730
1781708964019
47352308252
1781708965023
47357956125
1781708966026
47363503002
1781708967024
47369959663
1781708968020
47377062810
1781708969021
47387303774
1781708970022
47400162995
1781708971023
47412171812
1781708972023
47425440492
1781708973020
47440265550
1781708974023
47454961062
1781708975022
47469494043
1781708976018
47484243090
1781708977020
47498848699
1781708978019
47513474749
1781708979024
47528226443
1781708980019
47543465978
1781708981019
47558875663
1781708982019
47574252485
1781708983018
47589674211
1781708984020
47605117817
1781708985019
47620600438
1781708986022
47635925270
1781708987019
47651478745
1781708988022
47666804005
1781708989019
47682151221
1781708990017
47697538691
1781708991019
47712703164
1781708992019
47728234301
1781708993019
47743665514
1781708994019
47759036077
1781708995021
47774355156
1781708996020
47789729928
1781708997019
47805093943
1781708998023
47820376470
1781708999019
47835721008
1781709000018
47851111676
1781709001019
47866572908
1781709002020
47881931904
1781709003019
47897374317
1781709004020
47912670752
1781709005016
47928079566
1781709006018
47943543597
1781709007020
47958884937
1781709008019
47974424520
1781709009020
47989701157
1781709010019
48005006022
1781709011019
48020578990
1781709012020
48035914470
1781709013019
48051381363
1781709014021
48066862974
1781709015019
48082217534
1781709016019
48097661109
1781709017019
48113105464
1781709018019
48128466389
1781709019018
48143938070
1781709020018
48159256354
1781709021020
48174633374
1781709022020
48189971211
1781709023019
48205418473
1781709024019
48220909555
1781709025019
48236207597
1781709026018
48251544363
1781709027019
48266933638
1781709028021
48282326937
1781709029020
48297641182
1781709030017
48313102627
1781709031017
48328426052
1781709032019
48343898574
1781709033019
48359255873
1781709034019
48374616920
1781709035019
48390116585
1781709036020
48405370058
1781709037020
48420753642
1781709038022
48436218606
1781709039019
48451435175
1781709040015
48466799588
1781709041019
48482221590
1781709042019
48497504760
1781709043019
48512941451
1781709044020
48528248841
1781709045018
48543504180
1781709046018
48558914615
1781709047019
48574208403
1781709048018
48589597832
1781709049020
48604991177
1781709050017
48620236893
1781709051019
48635599041
1781709052019
48651021135
1781709053020
48666343994
1781709054019
48681773554
1781709055020
48697174488
1781709056020
48712609281
1781709057023
48728095467
1781709058019
48743392713
1781709059020
48758865205
1781709060017
48774133136
1781709061017
48789472671
1781709062018
48805058124
1781709063019
48820415024
1781709064019
48835724587
1781709065021
48851045456
1781709066019
48866329575
1781709067019
48881801623
1781709068019
48897326640
1781709069020
48912637289
1781709070017
48928036402
1781709071019
48943334597
1781709072019
48958703921
1781709073021
48974071960
1781709074019
48989385011
1781709075019
49004787797
1781709076021
49020128342
1781709077019
49035515322
1781709078019
49051051875
1781709079020
49066333225
1781709080015
49081745481
1781709081019
49097287420
1781709082019
49112592622
1781709083019
49127994979
1781709084020
49143374768
1781709085018
49158704695
1781709086019
49174116936
1781709087019
49189373622
1781709088018
49204820930
1781709089018
49220274496
1781709090016
49235587899
1781709091020
49251059045
1781709092019
49266624530
1781709093021
49281965274
1781709094019
49297508544
1781709095020
49313405045
1781709096057
49328239099
1781709097019
49343554674
1781709098018
49358835611
1781709099019
49374193383
1781709100019
49389442587
1781709101019
49404756786
1781709102020
49420146276
1781709103019
49435527457
1781709104019
49450971446
1781709105018
49466533382
1781709106020
49481791047
1781709107019
49497162375
1781709108019
49512649066
1781709109021
49527918986
1781709110015
49543374342
1781709111020
49558771084
1781709112019
49574160604
1781709113020
49589651380
1781709114019
49604998718
1781709115019
49620468395
1781709116022
49635860088
1781709117018
49651149562
1781709118019
49666617464
1781709119023
49681981693
1781709120017
49697404874
1781709121021
49712656510
1781709122019
49727947040
1781709123020
49743375284
1781709124024
49758782813
1781709125019
49774017390
1781709126018
49789423648
1781709127020
49804813490
1781709128020
49820205489
1781709129019
49835704817
1781709130018
49851062100
1781709131019
49866501208
1781709132019
49881930585
1781709133019
49897218987
1781709134020
49912723518
1781709135019
49928082423
1781709136020
49943445918
1781709137019
49958945200
1781709138019
49974367539
1781709139020
49989778954
1781709140016
50005195264
1781709141019
50020512064
1781709142020
50035985841
1781709143018
50051335107
1781709144020
50066698832
1781709145021
50082386427
1781709146023
50097618724
1781709147018
50113018036
1781709148019
50128456899
1781709149019
50143737407
1781709150017
50159202708
1781709151022
50174527923
1781709152020
50189954867
1781709153019
50205538682
1781709154022
50220907149
1781709155019
50236305360
1781709156019
50251705345
1781709157019
50267070034
1781709158019
50282579399
1781709159018
50297987601
1781709160017
50313342252
1781709161019
50328883900
1781709162019
50344336411
1781709163019
50359721999
1781709164020
50375236214
1781709165020
50390570486
1781709166020
50405924801
1781709167019
50421317550
1781709168019
50436707208
1781709169018
50452100079
1781709170017
50471133309
1781709171259
50482867185
1781709172020
50498181476
1781709173020
50513484138
1781709174021
50528915167
1781709175018
50544294880
1781709176019
50559727669
1781709177019
50575160228
1781709178019
50590576156
1781709179018
50605997669
1781709180015
50621535767
1781709181020
50636771798
1781709182020
50652191092
1781709183020
50667571310
1781709184020
50682912574
1781709185019
50698967078
1781709186055
50713794171
1781709187023
50729174128
1781709188018
50744698625
1781709189018
50759965042
1781709190016
50775414660
1781709191021
50790832348
1781709192018
50806220904
1781709193018
50821705759
1781709194020
50837092388
1781709195019
50852458575
1781709196020
50867953452
1781709197023
50883377672
1781709198023
50898826847
1781709199020
50914199385
1781709200017
50929171720
1781709201020
50944466916
1781709202020
50959831130
1781709203020
50975328071
1781709204022
50990671156
1781709205021
51005916703
1781709206020
51021239944
1781709207020
51036636120
1781709208020
51051934146
1781709209021
51067302017
1781709210017
51082721923
1781709211019
51098117793
1781709212019
51113619493
1781709213019
51128921635
1781709214020
51144384473
1781709215020
51159735284
1781709216019
51174991036
1781709217019
51190345810
1781709218020
51205670244
1781709219019
51221040502
1781709220017
51236509215
1781709221023
51251810393
1781709222021
51267316163
1781709223018
51282693397
1781709224018
51298083423
1781709225019
51313634480
1781709226020
51328943400
1781709227020
51344338872
1781709228019
51359851542
1781709229021
51375110431
1781709230018
51390520239
1781709231020
51405967012
1781709232019
51421371832
1781709233020
51436793789
1781709234019
51452192428
1781709235020
51467561614
1781709236019
51482933004
1781709237021
51498222065
1781709238018
51513675417
1781709239018
51529059368
1781709240017
51544455513
1781709241022
51559677360
1781709242015
51575074332
1781709243022
51590359858
1781709244019
51605688744
1781709245019
51620866681
1781709246019
51636143318
1781709247019
51650939106
1781709248019
51666427771
1781709249019
51682107807
1781709250021
51697575557
1781709251019
51713147682
1781709252018
51728697792
1781709253019
51744122548
1781709254019
51759625150
1781709255019
51775134255
1781709256019
51790599251
1781709257019
51806340640
1781709258023
51821828417
1781709259020
51837219575
1781709260018
51852726614
1781709261019
51868279493
1781709262019
51883877934
1781709263018
51899526652
1781709264020
51914855401
1781709265020
51930337884
1781709266020
51945875370
1781709267019
51961290182
1781709268019
51976832641
1781709269020
51992263655
1781709270017
52007753222
1781709271020
52023072836
1781709272016
52038495236
1781709273021
52053898603
1781709274019
52069388920
1781709275019
52084746157
1781709276018
52100230384
1781709277019
52115592334
1781709278019
52131086981
1781709279020
52146615547
1781709280017
52162055986
1781709281019
52177727026
1781709282021
52193168322
1781709283019
52208650208
1781709284021
52224117070
1781709285021
52239528179
1781709286019
52255100901
1781709287020
52270709778
1781709288020
52286183387
1781709289019
52301665242
1781709290014
52317189801
1781709291019
52332618933
1781709292019
52348349153
1781709293020
52363763551
1781709294019
52379259254
1781709295020
52395045381
1781709296019
52410503674
1781709297018
52426104013
1781709298021
52441585655
1781709299018
52456980301
1781709300017
52472644150
1781709301018
52487941518
1781709302019
52503376327
1781709303019
52518924263
1781709304020
52534427922
1781709305020
52552244404
1781709306154
52565700754
1781709307020
52581221380
1781709308019
52596684677
1781709309019
52612003114
1781709310016
52627489560
1781709311020
52643133993
1781709312020
52658580338
1781709313019
52674267244
1781709314018
52689831291
1781709315023
52705124452
1781709316019
52720613040
1781709317019
52736165046
1781709318019
52751772255
1781709319018
52767299781
1781709320017
52782724890
1781709321020
52798252967
1781709322020
52813659669
1781709323019
52829064122
1781709324019
52844639706
1781709325023
52860005419
1781709326019
52875464264
1781709327022
52890963913
1781709328019
52906384278
1781709329020
52921895556
1781709330016
52937279859
1781709331019
52952586285
1781709332018
52968124674
1781709333018
52983635769
1781709334021
52999125795
1781709335019
53014763221
1781709336020
53030158907
1781709337019
53045782150
1781709338019
53061403266
1781709339019
53076823081
1781709340017
53092330059
1781709341019
53107758472
1781709342019
53123308398
1781709343019
53139020549
1781709344019
53154516741
1781709345019
53170003370
1781709346019
53185625466
1781709347019
53201035259
1781709348019
53216557185
1781709349019
53231955182
1781709350017
53248040760
1781709351056
53263054283
1781709352019
53278380385
1781709353019
53293870763
1781709354019
53309420658
1781709355019
53324855649
1781709356019
53340521840
1781709357019
53355895632
1781709358019
53371301125
1781709359019
53386908028
1781709360017
53402346416
1781709361019
53417938218
1781709362019
53433373730
1781709363021
53448685924
1781709364019
53464265929
1781709365019
53479673993
1781709366019
53495167293
1781709367020
53510786574
1781709368019
53526239559
1781709369020
53541786164
1781709370019
53557347136
1781709371020
53572718434
1781709372019
53588195486
1781709373018
53603643834
1781709374019
53619080892
1781709375019
53634601640
1781709376019
53650042645
1781709377018
53665468732
1781709378018
53681061360
1781709379019
53696457658
1781709380016
53712118555
1781709381020
53727537665
1781709382020
53743006011
1781709383019
53758387621
1781709384021
53773761689
1781709385020
53789325981
1781709386018
53804855879
1781709387024
53820154899
1781709388021
53835777362
1781709389018
53851226583
1781709390015
53866776111
1781709391018
53882275455
1781709392019
53897631009
1781709393019
53913168924
1781709394019
53928744875
1781709395019
53944127556
1781709396022
53959702527
1781709397022
53975056016
1781709398019
53990427299
1781709399020
54006092235
1781709400018
54021548203
1781709401020
54037218616
1781709402019
54052781256
1781709403023
54068131455
1781709404020
54083592533
1781709405018
54099092780
1781709406019
54114578093
1781709407020
54130061387
1781709408020
54145539081
1781709409021
54161018566
1781709410018
54176642054
1781709411020
54191963474
1781709412019
54207539991
1781709413019
54223105828
1781709414025
54238531074
1781709415019
54254153751
1781709416019
54269550187
1781709417019
54284978110
1781709418020
54300454121
1781709419020
54315888057
1781709420018
54331366272
1781709421019
54346759418
1781709422019
54362125820
1781709423018
54377761426
1781709424018
54393252859
1781709425022
54408733323
1781709426020
54424293530
1781709427019
54439829762
1781709428019
54455608989
1781709429019
54471092787
1781709430017
54486574536
1781709431020
54502257097
1781709432020
54517786108
1781709433019
54533336722
1781709434019
54548830909
1781709435019
54564209307
1781709436019
54579679335
1781709437019
54595205668
1781709438018
54610731313
1781709439018
54626276985
1781709440018
54641708978
1781709441019
54657373057
1781709442019
54672891617
1781709443019
54688300232
1781709444019
54703827391
1781709445019
54719340092
1781709446019
54734866608
1781709447020
54750504968
1781709448020
54765974629
1781709449019
54781444689
1781709450016
54797074970
1781709451019
54812457972
1781709452020
54827991160
1781709453017
54843574133
1781709454023
54859048691
1781709455020
54874683118
1781709456020
54890160782
1781709457022
54905712758
1781709458019
54921357788
1781709459019
54936765485
1781709460018
54952360453
1781709461021
54967871088
1781709462020
54983281447
1781709463019
54998820433
1781709464019
55014233133
1781709465019
55029738551
1781709466023
55045174537
1781709467020
55060590435
1781709468022
55076144874
1781709469019
55091704744
1781709470017
55109223260
1781709471147
55122920998
1781709472021
55138297712
1781709473018
55153759326
1781709474019
55169381911
1781709475019
55184804877
1781709476022
55200375519
1781709477019
55215911338
1781709478020
55231319493
1781709479019
55246890579
1781709480015
55262419987
1781709481019
55277946993
1781709482019
55293510750
1781709483016
55308886011
1781709484019
55324546127
1781709485020
55340186490
1781709486019
55355737686
1781709487019
55371553204
1781709488019
55387037997
1781709489020
55402603774
1781709490018
55418270591
1781709491018
55433847475
1781709492020
55449506429
1781709493020
55465165152
1781709494018
55480760167
1781709495021
55496382431
1781709496018
55511826526
1781709497018
55527351130
1781709498018
55542923226
1781709499019
55558317963
1781709500017
55575847219
1781709501159
55589305374
1781709502018
55604790841
1781709503018
55620678988
1781709504021
55636049185
1781709505020
55651568526
1781709506020
55667230983
1781709507019
55682662471
1781709508022
55698190441
1781709509019
55713704121
1781709510018
55729101536
1781709511020
55744620662
1781709512018
55760140141
1781709513021
55775615571
1781709514019
55791126848
1781709515018
55806561213
1781709516019
55822116019
1781709517022
55837628842
1781709518020
55853082347
1781709519019
55868720477
1781709520016
55884273799
1781709521021
55899649152
1781709522019
55915322456
1781709523020
55930736380
1781709524019
55946402142
1781709525019
55961845533
1781709526019
55977237670
1781709527020
55992870904
1781709528019
56008406371
1781709529019
56023832764
1781709530017
56041232200
1781709531147
56054682384
1781709532019
56070249155
1781709533020
56085773315
1781709534020
56101227952
1781709535018
56116755234
1781709536018
56132173809
1781709537019
56147614920
1781709538019
56163362889
1781709539019
56178872117
1781709540018
56194472180
1781709541018
56210053287
1781709542020
56225507465
1781709543021
56241199512
1781709544019
56256690992
1781709545021
56272141223
1781709546020
56287737920
1781709547020
56303200957
1781709548019
56318828193
1781709549021
56334302323
1781709550017
56349799295
1781709551019
56365338312
1781709552021
56380813068
1781709553020
56396270367
1781709554019
56411786312
1781709555019
56427169758
1781709556021
56442579489
1781709557019
56458125666
1781709558020
56473528406
1781709559020
56489164547
1781709560017
56504653303
1781709561019
56520133277
1781709562026
56535551347
1781709563020
56550925170
1781709564019
56566484520
1781709565020
56582066728
1781709566020
56597540766
1781709567019
56613050361
1781709568019
56628548725
1781709569019
56644013613
1781709570017
56653387587
1781709571023
56660322419
1781709572022
56666491226
1781709573023
56673146297
1781709574023
56679333158
1781709575023
56686304190
1781709576024
56691932999
1781709577023
56697464561
1781709578023
56703660893
1781709579022
56712726387
1781709580020
56725597008
1781709581019
56740369601
1781709582019
56755130521
1781709583020
56769961285
1781709584021
56785113212
1781709585021
56800531894
1781709586019
56815977183
1781709587019
56831335828
1781709588019
56846758411
1781709589018
56862314640
1781709590017
56877671021
1781709591023
56892933781
1781709592019
56908285296
1781709593019
56923706227
1781709594020
56939199940
1781709595020
56954596652
1781709596023
56969896958
1781709597019
56985310881
1781709598019
57000670597
1781709599019
57016125173
1781709600017
57031551842
1781709601019
57046903082
1781709602018
57062413212
1781709603021
57077619958
1781709604021
57092986865
1781709605019
57108374351
1781709606019
57123735015
1781709607020
57139303347
1781709608020
57154740389
1781709609020
57170088293
1781709610017
57185576835
1781709611020
57200930874
1781709612019
57216298715
1781709613019
57231732590
1781709614019
57247145611
1781709615019
57262705757
1781709616018
57278153952
1781709617020
57293543932
1781709618020
57308969193
1781709619018
57324295845
1781709620016
57339741731
1781709621020
57355263214
1781709622020
57370656620
1781709623019
57386155199
1781709624022
57401523728
1781709625019
57416981287
1781709626019
57432570335
1781709627020
57447954194
1781709628022
57463282713
1781709629019
57478782317
1781709630019
57494169649
1781709631021
57509703265
1781709632019
57525219974
1781709633021
57540563197
1781709634017
57556064988
1781709635018
57573432692
1781709636148
57586917347
1781709637022
57602398147
1781709638020
57617771617
1781709639019
57633212316
1781709640019
57648687363
1781709641022
57664113573
1781709642020
57679695063
1781709643020
57695075694
1781709644020
57710488363
1781709645020
57726137111
1781709646019
57741533057
1781709647019
57757299003
1781709648020
57772749693
1781709649019
57788100657
1781709650017
57803555371
1781709651019
57818990057
1781709652019
57834473978
1781709653020
57850007196
1781709654018
57865456754
1781709655020
57881033898
1781709656020
57896515998
1781709657019
57911936241
1781709658020
57927354709
1781709659019
57942747932
1781709660017
57958147703
1781709661020
57973650612
1781709662020
57989046359
1781709663022
58004360405
1781709664016
58019901487
1781709665019
58035235682
1781709666019
58050716238
1781709667020
58066122221
1781709668020
58081563608
1781709669019
58096955071
1781709670015
58112323784
1781709671019
58127758821
1781709672018
58143271491
1781709673020
58158678836
1781709674020
58174124859
1781709675019
58189472718
1781709676020
58204854558
1781709677019
58220228717
1781709678019
58235509622
1781709679018
58250833031
1781709680017
58266792691
1781709681056
58281566539
1781709682020
58297009961
1781709683018
58312367902
1781709684020
58327721055
1781709685019
58343118011
1781709686019
58358486646
1781709687018
58373909567
1781709688019
58389196669
1781709689019
58404490625
1781709690015
58419901183
1781709691020
58435332319
1781709692019
58450784401
1781709693020
58466210963
1781709694019
58481445249
1781709695018
58496884969
1781709696020
58512236423
1781709697019
58527606895
1781709698020
58543039638
1781709699019
58558468540
1781709700017
58573846983
1781709701019
58589259392
1781709702018
58604693420
1781709703022
58620175750
1781709704019
58635681107
1781709705022
58651043898
1781709706019
58666641208
1781709707019
58682079627
1781709708019
58697489802
1781709709020
58712948983
1781709710017
58728378085
1781709711020
58743870421
1781709712020
58758673110
1781709713020
58773823185
1781709714022
58789209263
1781709715021
58804536711
1781709716019
58819910717
1781709717019
58835306189
1781709718019
58850652212
1781709719020
58865986422
1781709720016
58881422531
1781709721020
58896732186
1781709722019
58912120421
1781709723019
58927466963
1781709724020
58942694365
1781709725020
58958035185
1781709726019
58973330304
1781709727019
58988672961
1781709728019
59004072533
1781709729019
59019395208
1781709730017
59034828899
1781709731019
59050212835
1781709732020
59065544368
1781709733019
59080934378
1781709734020
59096302050
1781709735020
59111665270
1781709736020
59126967228
1781709737019
59142303504
1781709738019
59157783249
1781709739021
59173098151
1781709740017
59188494893
1781709741019
59203989448
1781709742018
59219335271
1781709743018
59234710333
1781709744019
59250310733
1781709745023
59265681542
1781709746018
59281225470
1781709747018
59296749354
1781709748020
59312255981
1781709749021
59327635373
1781709750017
59343014520
1781709751019
59358489093
1781709752021
59374027987
1781709753019
59389423352
1781709754019
59404967356
1781709755020
59425309685
1781709756348
59435554703
1781709757019
59450987002
1781709758019
59466304811
1781709759020
59481739268
1781709760017
59497191135
1781709761021
59512510046
1781709762020
59528012817
1781709763020
59543401282
1781709764021
59558780643
1781709765022
59574180888
1781709766019
59589541522
1781709767019
59605058186
1781709768019
59620464964
1781709769019
59635822860
1781709770017
59651300294
1781709771019
59666629670
1781709772019
59681911493
1781709773019
59697333113
1781709774022
59712666345
1781709775021
59728012290
1781709776019
59743509936
1781709777021
59758887690
1781709778020
59774294270
1781709779019
59789638977
1781709780017
59804983133
1781709781019
59820421506
1781709782020
59835811149
1781709783019
59851126892
1781709784018
59866485323
1781709785019
59881757645
1781709786018
59897059956
1781709787019
59912601894
1781709788019
59928095715
1781709789020
59943454299
1781709790017
59958688478
1781709791019
59974077570
1781709792019
59989589077
1781709793019
60004886966
1781709794019
60020467093
1781709795021
60035915044
1781709796019
60051284384
1781709797018
60066793872
1781709798019
60082234280
1781709799018
60097668231
1781709800016
60113177015
1781709801019
60128535905
1781709802019
60144068771
1781709803021
60159593084
1781709804018
60175119233
1781709805019
60190816467
1781709806021
60206153738
1781709807019
60221588011
1781709808020
60237093367
1781709809020
60252469852
1781709810019
60267912723
1781709811020
60283374781
1781709812019
60298744748
1781709813019
60314114960
1781709814019
60329183945
1781709815019
60344548128
1781709816020
60359923603
1781709817019
60375324905
1781709818021
60390740190
1781709819020
60406210816
1781709820020
60421579268
1781709821021
60437016402
1781709822019
60452443851
1781709823020
60467944786
1781709824023
60483280664
1781709825018
60498637397
1781709826018
60514038621
1781709827020
60529588363
1781709828027
60544856907
1781709829020
60560424748
1781709830017
60576297320
1781709831055
60591080394
1781709832019
60606525561
1781709833019
60621953040
1781709834020
60637470683
1781709835019
60652980951
1781709836019
60668353901
1781709837019
60683793713
1781709838021
60699144922
1781709839020
60714468683
1781709840015
60729931827
1781709841023
60745270184
1781709842020
60760654456
1781709843021
60776023612
1781709844018
60791428983
1781709845016
60807055072
1781709846021
60822374947
1781709847020
60837777151
1781709848019
60853252810
1781709849020
60868645849
1781709850017
60884027230
1781709851019
60899483091
1781709852019
60914850518
1781709853020
60930299127
1781709854019
60945714382
1781709855019
60961070916
1781709856019
60976550522
1781709857022
60991932943
1781709858020
61007351442
1781709859020
61022836159
1781709860018
61038228387
1781709861018
61053724457
1781709862019
61069153573
1781709863020
61084491303
1781709864020
61100018845
1781709865019
61115388980
1781709866018
61131001911
1781709867019
61146407879
1781709868020
61161756349
1781709869019
61177150077
1781709870018
61192609564
1781709871020
61208082240
1781709872020
61223606339
1781709873021
61239009798
1781709874019
61254344131
1781709875020
61269775558
1781709876019
61285200268
1781709877022
61300725530
1781709878020
61316008486
1781709879019
61331348817
1781709880019
61346828377
1781709881019
61362231591
1781709882020
61377652262
1781709883022
61393029741
1781709884019
61408329481
1781709885019
61423747689
1781709886020
61439116126
1781709887019
61454639032
1781709888020
61470162641
1781709889019
61485492430
1781709890017
61501013531
1781709891020
61516480163
1781709892019
61531854796
1781709893019
61547253084
1781709894021
61562684205
1781709895019
61578201541
1781709896019
61593725885
1781709897021
61609064931
1781709898019
61624663755
1781709899019
61640165654
1781709900018
61655620153
1781709901021
61670975508
1781709902019
61686461847
1781709903018
61701897604
1781709904019
61717321381
1781709905021
61736156798
1781709906248
61748059295
1781709907019
61763579416
1781709908019
61779006605
1781709909020
61794356269
1781709910018
61809649430
1781709911018
61825058305
1781709912019
61840581960
1781709913020
61855977034
1781709914019
61871506351
1781709915022
61886871942
1781709916018
61902299804
1781709917020
61917707745
1781709918018
61933109781
1781709919019
61948444023
1781709920018
61963916040
1781709921019
61979394056
1781709922025
61994740354
1781709923019
62010116181
1781709924020
62025474122
1781709925018
62040847470
1781709926020
62056204677
1781709927020
62071625577
1781709928020
62087230659
1781709929019
62102157660
1781709930019
62117242527
1781709931018
62132687571
1781709932019
62148066504
1781709933020
62163652323
1781709934023
62179072964
1781709935020
62194556120
1781709936020
62209941142
1781709937019
62225295809
1781709938019
62240726257
1781709939019
62256158388
1781709940017
62271586984
1781709941020
62286981385
1781709942020
62302459737
1781709943020
62317893520
1781709944019
62333469563
1781709945021
62348857905
1781709946019
62364286349
1781709947019
62379680872
1781709948019
62395036564
1781709949019
62410379435
1781709950018
62425723698
1781709951018
62441127539
1781709952019
62456495134
1781709953019
62471814978
1781709954019
62487167075
1781709955019
62502599527
1781709956019
62517903183
1781709957020
62533235589
1781709958019
62548683081
1781709959022
62563955602
1781709960015
62579383082
1781709961022
62594680022
1781709962018
62610079732
1781709963020
62625295276
1781709964018
62640632776
1781709965019
62659469417
1781709966247
62671251136
1781709967019
62686610577
1781709968020
62701971914
1781709969019
62717308267
1781709970015
62732757947
1781709971018
62748096059
1781709972019
62763473844
1781709973020
62778829567
1781709974020
62794207092
1781709975020
62809581741
1781709976019
62824996170
1781709977019
62840390525
1781709978019
62855765556
1781709979019
62871006467
1781709980018
62886376296
1781709981018
62901751113
1781709982020
62917177063
1781709983020
62932593465
1781709984019
62948018099
1781709985019
62963377555
1781709986020
62978817749
1781709987020
62994220152
1781709988020
63009566557
1781709989019
63024966634
1781709990016
63040406598
1781709991021
63055725800
1781709992019
63071129503
1781709993019
63086613272
1781709994020
63102121811
1781709995020
63117535597
1781709996018
63132868599
1781709997020
63148257890
1781709998019
63163614056
1781709999020
63179038476
1781710000019
63194401007
1781710001019
63209785539
1781710002020
63225266630
1781710003021
63240622674
1781710004020
63256045640
1781710005021
63271486079
1781710006021
63286777312
1781710007020
63302194112
1781710008020
63317618639
1781710009022
63332941145
1781710010017
63348387260
1781710011022
63363692661
1781710012020
63379123170
1781710013020
63394756067
1781710014020
63409926048
1781710015021
63425296122
1781710016019
63440953346
1781710017020
63456510524
1781710018020
63472201531
1781710019020
63487818837
1781710020017
63503301137
1781710021018
63518846916
1781710022020
63534369072
1781710023020
63549801631
1781710024019
63565485111
1781710025022
63582844506
1781710026148
63596381104
1781710027023
63611898823
1781710028019
63627332499
1781710029019
63642833220
1781710030018
63658336465
1781710031019
63673784279
1781710032019
63689498664
1781710033019
63705023130
1781710034020
63720722797
1781710035019
63736259166
1781710036019
63751782883
1781710037020
63767457794
1781710038023
63783077396
1781710039020
63798583915
1781710040019
63814098039
1781710041019
63829547214
1781710042019
63844778869
1781710043020
63859719533
1781710044019
63875015983
1781710045018
63890462986
1781710046019
63905812053
1781710047020
63921127766
1781710048018
63936602171
1781710049019
63952001575
1781710050017
63967419140
1781710051020
63982967949
1781710052021
63998343286
1781710053020
64013767491
1781710054020
64029141681
1781710055021
64046481523
1781710056148
64059977270
1781710057021
64075346013
1781710058019
64090804735
1781710059019
64106343752
1781710060018
64121827077
1781710061019
64137284667
1781710062020
64152849923
1781710063021
64168243865
1781710064020
64183768071
1781710065021
64199172891
1781710066020
64214524942
1781710067020
64229937305
1781710068020
64245314233
1781710069020
64260809232
1781710070016
64276234799
1781710071019
64291619163
1781710072018
64307192742
1781710073018
64322609206
1781710074018
64338051848
1781710075018
64353518373
1781710076019
64368913325
1781710077019
64384428198
1781710078020
64399912992
1781710079019
64415359703
1781710080017
64430769374
1781710081019
64446047755
1781710082020
64461437091
1781710083019
64477000557
1781710084018
64492369989
1781710085019
64511225066
1781710086248
64523090798
1781710087020
64538516395
1781710088019
64554167347
1781710089019
64569531178
1781710090017
64585008414
1781710091021
64600348500
1781710092022
64615727509
1781710093020
64631255938
1781710094019
64646665516
1781710095019
64662037212
1781710096019
64677517094
1781710097020
64692953524
1781710098023
64708250082
1781710099018
64723654229
1781710100018
64740878219
1781710101148
64754283406
1781710102021
64769859770
1781710103019
64784862108
1781710104019
64800661470
1781710105019
64816242286
1781710106021
64831722719
1781710107021
64847325690
1781710108020
64862898779
1781710109021
64878440596
1781710110018
64893938364
1781710111019
64909413855
1781710112023
64925019686
1781710113020
64940503990
1781710114020
64955936519
1781710115020
64971479972
1781710116019
64986856610
1781710117020
65002353628
1781710118019
65018020002
1781710119019
65033572498
1781710120018
65049122775
1781710121019
65064686685
1781710122020
65080258704
1781710123021
65095925812
1781710124021
65111381000
1781710125021
65126967890
1781710126020
65142440168
1781710127019
65157934218
1781710128018
65173476815
1781710129019
65188866289
1781710130016
65204431882
1781710131020
65219922153
1781710132019
65235370348
1781710133020
65250849037
1781710134019
65266341389
1781710135020
65281751227
1781710136019
65297407916
1781710137019
65312870877
1781710138018
65328346459
1781710139018
65343843707
1781710140018
65359244259
1781710141018
65374858092
1781710142020
65390509365
1781710143023
65405904210
1781710144019
65421423428
1781710145019
65436998323
1781710146018
65452441898
1781710147015
65468075928
1781710148021
65483497502
1781710149020
65498950976
1781710150018
65514491523
1781710151020
65529945395
1781710152019
65545434992
1781710153018
65561003584
1781710154021
65576654443
1781710155022
65592253115
1781710156020
65607720267
1781710157020
65623203469
1781710158019
65638867931
1781710159020
65654290927
1781710160016
65669863252
1781710161022
65685270230
1781710162022
65700652085
1781710163019
3501848
1781710164023
18942119
1781710165018
34529085
1781710166019
50253324
1781710167019
65705222
1781710168019
81217510
1781710169019
96683178
1781710170017
112143476
1781710171019
127669595
1781710172020
143072334
1781710173019
158544016
1781710174020
174020027
1781710175020
189477648
1781710176020
204999666
1781710177018
220461754
1781710178018
235931875
1781710179019
251372007
1781710180016
266944623
1781710181021
276716503
1781710182022
284172300
1781710183024
290885038
1781710184021
296548868
1781710185023
303017341
1781710186021
309687039
1781710187019
317427111
1781710188020
322933626
1781710189024
328711105
1781710190020
334273650
1781710191023
339448814
1781710192024
344808526
1781710193022
350297126
1781710194023
355598101
1781710195024
360964668
1781710196024
366363824
1781710197024
371774072
1781710198020
377386051
1781710199023
382832943
1781710200019
388515638
1781710201024
393966875
1781710202024
399416246
1781710203022
405103133
1781710204020
410587632
1781710205024
416427398
1781710206022
422021261
1781710207023
427464619
1781710208023
433074287
1781710209025
438813914
1781710210020
444536068
1781710211024
450174929
1781710212023
455844390
1781710213024
461308617
1781710214024
466764658
1781710215024
472354696
1781710216023
477931929
1781710217022
483465969
1781710218020
488948847
1781710219020
494665891
1781710220021
501466374
1781710221251
505701444
1781710222024
511023580
1781710223023
516174661
1781710224024
521563474
1781710225023
526927960
1781710226024
532177497
1781710227022
537618376
1781710228024
543002645
1781710229020
548691874
1781710230020
554309284
1781710231024
559784358
1781710232024
565154352
1781710233024
570686756
1781710234025
575952129
1781710235020
582229122
1781710236151
586966293
1781710237022
592235199
1781710238023
597588256
1781710239024
603254902
1781710240020
608754487
1781710241025
614215103
1781710242024
619350242
1781710243024
624878499
1781710244024
630279567
1781710245020
635827393
1781710246024
641468473
1781710247025
646947984
1781710248022
652523442
1781710249023
658261722
1781710250021
664471732
1781710251150
669250702
1781710252024
674533899
1781710253022
679956005
1781710254023
685383956
1781710255024
690487668
1781710256020
695938263
1781710257023
701329080
1781710258020
706585701
1781710259024
712225801
1781710260020
717701457
1781710261023
722982864
1781710262020
728461825
1781710263020
733800240
1781710264023
739143673
1781710265020
744543961
1781710266025
749859930
1781710267025
755296143
1781710268024
760643217
1781710269024
766170327
1781710270020
771690215
1781710271024
777111525
1781710272023
782501670
1781710273023
787907114
1781710274022
793146063
1781710275022
798594623
1781710276022
803926474
1781710277020
809218162
1781710278024
814755967
1781710279024
820230276
1781710280022
826374588
1781710281148
831248862
1781710282023
836525694
1781710283022
842109705
1781710284024
847611156
1781710285026
852984470
1781710286020
858337680
1781710287020
863773632
1781710288024
869291302
1781710289026
874897681
1781710290020
880300800
1781710291023
885706825
1781710292022
891007036
1781710293026
896281512
1781710294023
901724961
1781710295024
907049178
1781710296023
912457911
1781710297024
917812207
1781710298026
923033164
1781710299026
928485426
1781710300021
933880818
1781710301024
939315684
1781710302023
944612009
1781710303022
949847638
1781710304023
955252761
1781710305023
960670062
1781710306023
965798944
1781710307022
971334117
1781710308024
976858335
1781710309027
982350346
1781710310022
988095267
1781710311022
993558086
1781710312024
998888697
1781710313024
1004394647
1781710314022
1009687912
1781710315023
1015186977
1781710316021
1020555915
1781710317024
1025992999
1781710318022
1031668626
1781710319023
1037391867
1781710320023
1043140061
1781710321024
1048709139
1781710322024
1054090134
1781710323023
1059518007
1781710324023
1064544578
1781710325024
1069932335
1781710326022
1075341222
1781710327023
1080634119
1781710328021
1086040833
1781710329022
1091589057
1781710330020
1096845678
1781710331021
1102371074
1781710332024
1107787870
1781710333024
1113303673
1781710334023
1118655659
1781710335023
1124075547
1781710336023
1129596169
1781710337024
1134912078
1781710338022
1140200614
1781710339023
1145674113
1781710340020
1151092287
1781710341024
1156388366
1781710342022
1161618289
1781710343021
1166885375
1781710344023
1172384730
1781710345022
1177902201
1781710346024
1183069975
1781710347020
1188617005
1781710348020
1194185762
1781710349022
1199769818
1781710350021
1205511984
1781710351025
1210939047
1781710352024
1216235984
1781710353024
1221604708
1781710354023
1226561021
1781710355022
1231989430
1781710356023
1237302263
1781710357024
1242572226
1781710358020
1248153039
1781710359024
1253613578
1781710360020
1258983847
1781710361024
1264290392
1781710362023
1269493739
1781710363023
1274872408
1781710364023
1280219559
1781710365022
1285351133
1781710366024
1290591995
1781710367022
1295846872
1781710368022
1301297895
1781710369020
1306861755
1781710370020
1312934830
1781710371149
1317656639
1781710372023
1322919533
1781710373023
1328140092
1781710374024
1333571470
1781710375024
1338726973
1781710376023
1344067071
1781710377021
1349467650
1781710378024
1354884462
1781710379023
1360511756
1781710380023
1365896392
1781710381020
1371148147
1781710382024
1376639746
1781710383024
1382061377
1781710384022
1387309170
1781710385020
1392955008
1781710386024
1398129407
1781710387023
1403355229
1781710388023
1408792206
1781710389022
1414278633
1781710390022
1420032106
1781710391024
1425460194
1781710392023
1430736231
1781710393026
1436064533
1781710394022
1441061421
1781710395022
1446445537
1781710396022
1451882223
1781710397023
1457010753
1781710398024
1462377182
1781710399022
1467875482
1781710400020
1473268395
1781710401023
1478730449
1781710402023
1483809621
1781710403024
1489039421
1781710404025
1494311877
1781710405022
1499656489
1781710406024
1505096496
1781710407023
1510262923
1781710408024
1515432288
1781710409027
1520937565
1781710410020
1526286154
1781710411023
1531569887
1781710412023
1536898066
1781710413023
1541944587
1781710414020
1547287118
1781710415024
1553814970
1781710416250
1557955440
1781710417020
1563248078
1781710418021
1568677971
1781710419023
1574214888
1781710420020
1579832650
1781710421020
1585249631
1781710422026
1590799905
1781710423024
1596300958
1781710424023
1601782948
1781710425022
1607441317
1781710426023
1612797495
1781710427024
1618115209
1781710428024
1623423850
1781710429024
1628808593
1781710430020
1634314895
1781710431020
1639731798
1781710432022
1644795915
1781710433023
1650152016
1781710434023
1655249854
1781710435023
1660609872
1781710436025
1665921313
1781710437023
1671035139
1781710438024
1676535765
1781710439026
1681990628
1781710440023
1687469038
1781710441021
1692892811
1781710442023
1698236459
1781710443022
1703569121
1781710444024
1708733115
1781710445024
1713800736
1781710446020
1719134576
1781710447025
1724395129
1781710448024
1729835579
1781710449023
1735440597
1781710450022
1740946577
1781710451024
1746370718
1781710452024
1751917381
1781710453022
