34638061435
1781707720085
34643900144
1781707721023
34649997301
1781707722025
34656360097
1781707723025
34662628201
1781707724024
34669035428
1781707725024
34675480461
1781707726024
34681784918
1781707727022
34688157995
1781707728025
34694590421
1781707729024
34700801869
1781707730024
34707108728
1781707731024
34713469336
1781707732025
34719824604
1781707733025
34725963316
1781707734023
34732578776
1781707735083
34738415818
1781707736022
34744453228
1781707737025
34750458157
1781707738022
34756576811
1781707739023
34762765477
1781707740024
34768895499
1781707741021
34775023011
1781707742023
34781396012
1781707743024
34787654920
1781707744023
34793853057
1781707745021
34800080050
1781707746021
34806332334
1781707747024
34812613198
1781707748023
34819490793
1781707749021
34831585657
1781707750176
34844188726
1781707751021
34859731782
1781707752021
34875597790
1781707753021
34891336503
1781707754020
34907257637
1781707755021
34923018213
1781707756019
34938878070
1781707757021
34954815239
1781707758020
34970735791
1781707759020
34986355607
1781707760019
35002247564
1781707761021
35018112012
1781707762020
35034112079
1781707763020
35050248805
1781707764023
35066834632
1781707765083
35081579824
1781707766020
35097430364
1781707767020
35113432190
1781707768020
35129410607
1781707769021
35145469197
1781707770020
35161233138
1781707771021
35176962609
1781707772019
35192627117
1781707773019
35208156510
1781707774023
35224062818
1781707775020
35239794706
1781707776019
35255623826
1781707777019
35271108467
1781707778019
35286740507
1781707779020
35302353515
1781707780019
35318056302
1781707781020
35333665179
1781707782019
35349400862
1781707783023
35364980240
1781707784021
35380725898
1781707785021
35396345025
1781707786020
35412085558
1781707787020
35427838561
1781707788023
35443589926
1781707789019
35459364471
1781707790021
35475121681
1781707791020
35490659978
1781707792021
35506313194
1781707793019
35522006511
1781707794019
35537681178
1781707795023
35553223698
1781707796020
35568760664
1781707797020
35584362197
1781707798022
35599973016
1781707799020
35615531158
1781707800019
35631325348
1781707801023
35646879374
1781707802021
35662568223
1781707803019
35678247097
1781707804019
35693894346
1781707805020
35709577045
1781707806020
35725296020
1781707807020
35740870731
1781707808021
35756481872
1781707809021
35772988354
1781707810081
35787755164
1781707811024
35803474981
1781707812019
35819112376
1781707813020
35834969985
1781707814021
35850690352
1781707815025
35866281022
1781707816021
35882044887
1781707817023
35897709547
1781707818022
35913344571
1781707819020
35929067387
1781707820019
35944953117
1781707821020
35960655951
1781707822020
35976294937
1781707823020
35992111771
1781707824024
36007777992
1781707825023
36023420207
1781707826020
36039137484
1781707827022
36054890456
1781707828020
36070445966
1781707829020
36086126171
1781707830021
36101864960
1781707831024
36117646451
1781707832025
36133249911
1781707833021
36148967463
1781707834022
36164681588
1781707835021
36180295376
1781707836019
36196064505
1781707837020
36211810622
1781707838020
36227430851
1781707839019
36243949190
1781707840080
36258740939
1781707841021
36274665577
1781707842023
36290229456
1781707843019
36306017388
1781707844021
36321780887
1781707845021
36337566249
1781707846020
36353476152
1781707847021
36369318492
1781707848019
36384972579
1781707849021
36400726561
1781707850021
36416541008
1781707851020
36432119988
1781707852019
36448193771
1781707853020
36464414616
1781707854020
36480215202
1781707855020
36495991919
1781707856021
36512122939
1781707857023
36527978864
1781707858019
36543885678
1781707859019
36559950050
1781707860019
36576046125
1781707861020
36591881472
1781707862021
36608013516
1781707863020
36624057463
1781707864022
36640298398
1781707865020
36656369044
1781707866019
36672437165
1781707867021
36688317295
1781707868020
36704254142
1781707869019
36721391871
1781707870084
36736651586
1781707871020
36752800063
1781707872019
36769036806
1781707873021
36785123363
1781707874021
36801240735
1781707875021
36817485143
1781707876020
36833464830
1781707877020
36849254843
1781707878015
36865459792
1781707879021
36881545019
1781707880020
36897696173
1781707881021
36914000955
1781707882020
36929935201
1781707883019
36946050003
1781707884020
36961905408
1781707885021
36977782998
1781707886019
36994088223
1781707887019
37010033853
1781707888021
37026279653
1781707889020
37042566962
1781707890020
37058624740
1781707891021
37074770387
1781707892019
37090691108
1781707893021
37106830772
1781707894021
37123042024
1781707895020
37139211187
1781707896020
37155545559
1781707897021
37171692567
1781707898020
37187741486
1781707899020
37204835396
1781707900085
37219973400
1781707901021
37236140695
1781707902020
37252328799
1781707903020
37268336072
1781707904020
37284276087
1781707905021
37300405744
1781707906023
37316551712
1781707907024
37332796778
1781707908023
37348910049
1781707909019
37365244100
1781707910023
37381431224
1781707911020
37397378016
1781707912016
37413406557
1781707913020
37429631197
1781707914020
37445575969
1781707915019
37461868633
1781707916023
37478311559
1781707917019
37494470409
1781707918020
37510541973
1781707919022
37526818113
1781707920020
37543003248
1781707921019
37559322779
1781707922020
37575412779
1781707923020
37591417665
1781707924020
37607407359
1781707925021
37623503081
1781707926020
37639697841
1781707927020
37656045064
1781707928020
37672208887
1781707929019
37688086416
1781707930020
37703699837
1781707931021
37719444133
1781707932020
37735217531
1781707933020
37751010818
1781707934020
37766801504
1781707935019
37782833487
1781707936021
37798785573
1781707937019
37814813654
1781707938020
37830830199
1781707939020
37846885667
1781707940020
37862716378
1781707941019
37878474934
1781707942020
37894390882
1781707943020
37910356034
1781707944019
37926303744
1781707945020
37942313894
1781707946021
37958365690
1781707947020
37974394597
1781707948020
37990168224
1781707949019
38006079750
1781707950020
38022050593
1781707951020
38038171362
1781707952023
38054138258
1781707953019
38070104038
1781707954021
38086056675
1781707955019
38101835718
1781707956020
38117553239
1781707957020
38133714568
1781707958020
38149609616
1781707959021
38166828404
1781707960084
38181550951
1781707961021
38197632414
1781707962020
38213827342
1781707963024
38229515686
1781707964021
38245629570
1781707965021
38261645074
1781707966019
38277670095
1781707967020
38293607983
1781707968020
38309488266
1781707969019
38325650283
1781707970020
38341596387
1781707971020
38357726351
1781707972021
38373898711
1781707973020
38389873900
1781707974020
38406860006
1781707975080
38421888048
1781707976021
38437960500
1781707977021
38453862356
1781707978019
38469664379
1781707979019
38485689706
1781707980020
38501544974
1781707981020
38517489027
1781707982020
38533466940
1781707983019
38549357627
1781707984021
38565348254
1781707985019
38581288084
1781707986022
38597200100
1781707987021
38613063339
1781707988020
38629083142
1781707989022
38646046834
1781707990085
38661013967
1781707991020
38677207625
1781707992020
38693164270
1781707993022
38709215913
1781707994020
38725113562
1781707995019
38741019411
1781707996019
38757305175
1781707997020
38773409679
1781707998021
38789383185
1781707999021
38805561926
1781708000019
38821535845
1781708001019
38837561906
1781708002020
38853633026
1781708003020
38869776592
1781708004019
38888300684
1781708005174
38901764638
1781708006019
38917787028
1781708007020
38933940707
1781708008019
38950001423
1781708009020
38966027163
1781708010019
38982344261
1781708011021
38998553402
1781708012019
39014635309
1781708013019
39030709779
1781708014021
39046552562
1781708015019
39062595546
1781708016019
39078594388
1781708017022
39094561943
1781708018021
39110670303
1781708019019
39127770669
1781708020086
39142844887
1781708021020
39159094283
1781708022019
39175488523
1781708023023
39191390838
1781708024021
39207324916
1781708025019
39223509363
1781708026019
39239487643
1781708027020
39255356757
1781708028020
39271432360
1781708029019
39287589206
1781708030021
39303477154
1781708031020
39319525080
1781708032019
39335598648
1781708033023
39351766387
1781708034021
39368073938
1781708035021
39384178397
1781708036021
39400336283
1781708037021
39416333642
1781708038020
39432398274
1781708039019
39448412769
1781708040022
39464127231
1781708041021
39480050430
1781708042021
39496065981
1781708043020
39512212637
1781708044019
39528159689
1781708045020
39544349751
1781708046021
39560387058
1781708047019
39576736348
1781708048024
39592576973
1781708049020
39609486916
1781708050084
39624498924
1781708051020
39640763711
1781708052020
39656866686
1781708053020
39672774432
1781708054019
39688813285
1781708055020
39705144291
1781708056021
39721024038
1781708057020
39737013640
1781708058020
39752940267
1781708059019
39769043348
1781708060019
39785124964
1781708061021
39801152494
1781708062023
39817126704
1781708063021
39833296968
1781708064022
39849111798
1781708065020
39865187187
1781708066020
39881245791
1781708067020
39897431508
1781708068020
39913408288
1781708069020
39929376332
1781708070020
39945348997
1781708071020
39961504313
1781708072021
39977836542
1781708073019
39994165437
1781708074020
40010285058
1781708075020
40026161807
1781708076021
40042021756
1781708077020
40058114694
1781708078020
40074227889
1781708079020
40090072217
1781708080019
40106117312
1781708081020
40122403121
1781708082020
40138280084
1781708083020
40154278269
1781708084019
40170335940
1781708085019
40186372222
1781708086020
40202606777
1781708087019
40218772068
1781708088020
40234858121
1781708089016
40250916726
1781708090023
40266694973
1781708091020
40282842119
1781708092021
40298861142
1781708093023
40315147105
1781708094021
40331112456
1781708095019
40347159219
1781708096020
40363174907
1781708097019
40379422466
1781708098019
40395730461
1781708099023
40411878892
1781708100019
40427818875
1781708101020
40444032974
1781708102020
40460185245
1781708103021
40476092839
1781708104019
40491947923
1781708105021
40507991901
1781708106022
40524317291
1781708107021
40540427870
1781708108023
40556735451
1781708109020
40574130144
1781708110083
40589351058
1781708111023
40605294760
1781708112021
40621175471
1781708113020
40637164996
1781708114020
40653387403
1781708115021
40669490240
1781708116021
40685507045
1781708117020
40701549018
1781708118020
40717863622
1781708119021
40733930428
1781708120020
40749977955
1781708121021
40766251158
1781708122021
40782390363
1781708123017
40798824643
1781708124019
40815855027
1781708125083
40831035213
1781708126020
40847181624
1781708127019
40863190397
1781708128019
40879489655
1781708129023
40895632119
1781708130019
40911929557
1781708131021
40928192156
1781708132021
40944405918
1781708133021
40960850649
1781708134021
40976912619
1781708135020
40992893225
1781708136022
41008970342
1781708137021
41025178152
1781708138019
41041419975
1781708139020
41058579705
1781708140082
41073672420
1781708141020
41089665357
1781708142020
41105590745
1781708143021
41121564435
1781708144021
41137396645
1781708145021
41153600707
1781708146019
41169842957
1781708147020
41186007713
1781708148021
41202197255
1781708149020
41218365683
1781708150020
41234699703
1781708151019
41251156230
1781708152020
41267489271
1781708153020
41283526471
1781708154019
41299436757
1781708155020
41315291948
1781708156021
41331086230
1781708157019
41346993105
1781708158021
41363232708
1781708159021
41379144723
1781708160020
41395258347
1781708161020
41411390193
1781708162020
41427468917
1781708163021
41443539348
1781708164019
41459718838
1781708165021
41475940663
1781708166020
41492170230
1781708167020
41508290830
1781708168019
41524643791
1781708169020
41541745229
1781708170085
41556576712
1781708171020
41572647358
1781708172019
41588568538
1781708173022
41604554773
1781708174020
41620447082
1781708175020
41636441962
1781708176022
41652418299
1781708177020
41668651691
1781708178021
41684764228
1781708179020
41701256649
1781708180019
41717755067
1781708181021
41733958761
1781708182020
41750125552
1781708183021
41766413198
1781708184020
41782609900
1781708185020
41798724840
1781708186021
41814976744
1781708187021
41831320923
1781708188022
41847483782
1781708189019
41863753726
1781708190021
41880011062
1781708191021
41896272545
1781708192021
41912472215
1781708193021
41928309276
1781708194021
41944439301
1781708195020
41960609840
1781708196019
41976864897
1781708197022
41993036966
1781708198020
42009323464
1781708199021
42025539322
1781708200021
42041636376
1781708201019
42057661810
1781708202020
42073739096
1781708203021
42089768600
1781708204020
42105832575
1781708205020
42122006190
1781708206020
42138052110
1781708207022
42154247466
1781708208023
42170468649
1781708209021
42186618579
1781708210022
42202579233
1781708211020
42218700109
1781708212020
42234664419
1781708213019
42250652262
1781708214024
42267665188
1781708215081
42282699611
1781708216020
42298699418
1781708217020
42314929443
1781708218019
42331182557
1781708219020
42347425358
1781708220022
42363542990
1781708221020
42379774118
1781708222021
42395895360
1781708223023
42411905464
1781708224021
42427949671
1781708225020
42443990237
1781708226022
42460206906
1781708227020
42476456745
1781708228020
42492665214
1781708229022
42510033315
1781708230081
42525143533
1781708231020
42541262298
1781708232021
42557483220
1781708233019
42573854296
1781708234021
42590026060
1781708235020
42606389410
1781708236020
42622672511
1781708237022
42638814486
1781708238020
42654954762
1781708239022
42671032155
1781708240022
42687167902
1781708241020
42703224732
1781708242021
42719393160
1781708243021
42735447664
1781708244020
42751479233
1781708245021
42767465867
1781708246021
42783641822
1781708247020
42799241656
1781708248019
42814928502
1781708249019
42831030007
1781708250021
42847130886
1781708251022
42863108462
1781708252020
42879119514
1781708253019
42895268939
1781708254019
42911197647
1781708255019
42927167313
1781708256019
42943265988
1781708257020
42959338317
1781708258022
42975561626
1781708259021
42992721417
1781708260083
43007415705
1781708261020
43023438921
1781708262020
43039465794
1781708263019
43055442023
1781708264019
43071550597
1781708265020
43087476444
1781708266020
43103489087
1781708267020
43119419218
1781708268019
43135597790
1781708269020
43151766187
1781708270015
43167999900
1781708271019
43183943969
1781708272020
43199972417
1781708273019
43215921413
1781708274019
43231925228
1781708275020
43248000341
1781708276021
43263897301
1781708277020
43279897154
1781708278022
43296051888
1781708279021
43312311198
1781708280020
43328432457
1781708281021
43344537191
1781708282021
43360634198
1781708283019
43376921584
1781708284023
43392821038
1781708285019
43408963731
1781708286020
43425275796
1781708287021
43441649075
1781708288020
43457931549
1781708289021
43476383778
1781708290174
43489934085
1781708291021
43506024391
1781708292020
43522051876
1781708293019
43538278811
1781708294020
43554260089
1781708295020
43570164256
1781708296020
43586170458
1781708297020
43602175895
1781708298020
43618222183
1781708299020
43634401857
1781708300022
43650740543
1781708301020
43666939204
1781708302020
43683098712
1781708303021
43699166466
1781708304020
43715960832
1781708305083
43730906561
1781708306019
43746938115
1781708307021
43763031741
1781708308020
43779147843
1781708309020
43795410366
1781708310021
43811414319
1781708311021
43827582227
1781708312021
43843719596
1781708313019
43859978279
1781708314021
43876076082
1781708315020
43892352298
1781708316020
43908615036
1781708317020
43924855465
1781708318020
43940901310
1781708319020
43957868184
1781708320084
43973011083
1781708321021
43989237666
1781708322019
44005394237
1781708323020
44021375852
1781708324022
44037168313
1781708325019
44053215886
1781708326019
44069258701
1781708327021
44085144125
1781708328021
44101463809
1781708329019
44117563601
1781708330020
44133811589
1781708331019
44149687206
1781708332020
44165873397
1781708333021
44182010965
1781708334015
44198982000
1781708335084
44214074257
1781708336024
44230159759
1781708337019
44246480850
1781708338020
44262784989
1781708339019
44278881737
1781708340023
44295028485
1781708341020
44311044357
1781708342021
44327181083
1781708343021
44343406427
1781708344021
44359396962
1781708345020
44375579175
1781708346021
44391812919
1781708347023
44407830672
1781708348020
44423772538
1781708349023
44441592050
1781708350174
44447609678
1781708351023
44455415493
1781708352021
44463514671
1781708353024
44471145102
1781708354021
44478311040
1781708355023
44485405819
1781708356023
44492798626
1781708357018
44500667523
1781708358024
44511339824
1781708359023
44525217413
1781708360021
44540850188
1781708361019
44557027215
1781708362023
44573288346
1781708363019
44589011054
1781708364020
44605632989
1781708365080
44621079364
1781708366020
44637609423
1781708367022
44653828846
1781708368019
44670165161
1781708369020
44686469025
1781708370019
44703028796
1781708371020
44719580504
1781708372020
44735847036
1781708373019
44752018264
1781708374021
44768530712
1781708375021
44784969828
1781708376021
44801449963
1781708377020
44817798074
1781708378020
44834223159
1781708379019
44850597250
1781708380020
44867112208
1781708381021
44883675957
1781708382021
44900236983
1781708383019
44916838539
1781708384019
44933257015
1781708385020
44949669753
1781708386019
44966193401
1781708387018
44982833804
1781708388021
44999381595
1781708389019
45015984788
1781708390019
45032617999
1781708391021
45048942885
1781708392022
45065153633
1781708393022
45081528519
1781708394023
45097841088
1781708395019
45114190546
1781708396020
45130753867
1781708397020
45147156217
1781708398019
45163367867
1781708399019
45179903082
1781708400020
45196386292
1781708401022
45212818982
1781708402020
45229131414
1781708403021
45245457753
1781708404021
45261539491
1781708405021
45277743384
1781708406023
45293974129
1781708407015
45310641781
1781708408021
45327086695
1781708409020
45344368504
1781708410082
45359955777
1781708411020
45376311447
1781708412020
45392835645
1781708413021
45409367112
1781708414021
45425715284
1781708415022
45441850419
1781708416020
45458371206
1781708417021
45474817452
1781708418021
45491076685
1781708419023
45507470482
1781708420019
45523965183
1781708421020
45540248085
1781708422020
45556646855
1781708423020
45573086078
1781708424021
45589355103
1781708425019
45605711736
1781708426019
45622182967
1781708427020
45638553707
1781708428021
45654821615
1781708429023
45670976334
1781708430021
45687417577
1781708431023
45703720691
1781708432020
45720157266
1781708433020
45736596122
1781708434021
45752969310
1781708435022
45769413811
1781708436021
45785875754
1781708437019
45802361963
1781708438020
45818845770
1781708439020
45836208241
1781708440084
45851247253
1781708441023
45867429819
1781708442019
45883895388
1781708443020
45900318546
1781708444021
45916625989
1781708445022
45933093425
1781708446023
45949652263
1781708447019
45966275300
1781708448021
45982684382
1781708449023
45999062573
1781708450019
46015411725
1781708451017
46031957022
1781708452020
46048469884
1781708453022
46064852619
1781708454019
46081069900
1781708455020
46097520827
1781708456020
46113916965
1781708457021
46130209629
1781708458021
46146103299
1781708459021
46161692424
1781708460020
46177727359
1781708461020
46193865814
1781708462021
46210071681
1781708463020
46226176936
1781708464020
46242200519
1781708465019
46258435609
1781708466020
46274258134
1781708467020
46290202647
1781708468020
46306350022
1781708469019
46322290587
1781708470020
46338630130
1781708471020
46354993266
1781708472021
46370977008
1781708473021
46387104371
1781708474020
46403347386
1781708475020
46419477518
1781708476021
46435479023
1781708477020
46451738670
1781708478021
46467870347
1781708479019
46483947893
1781708480019
46500033273
1781708481017
46516170030
1781708482021
46532246780
1781708483019
46548723595
1781708484021
46564877855
1781708485022
46580864229
1781708486019
46596732440
1781708487020
46612834665
1781708488023
46629084045
1781708489020
46645145572
1781708490021
46661165483
1781708491020
46677442189
1781708492022
46693465634
1781708493021
46709775159
1781708494022
46725960157
1781708495021
46742097526
1781708496019
46758328883
1781708497020
46774498167
1781708498020
46790761226
1781708499021
46806957347
1781708500020
46823266764
1781708501020
46839371805
1781708502021
46855386819
1781708503019
46871502983
1781708504021
46887811467
1781708505019
46903907832
1781708506022
46919918624
1781708507020
46935901754
1781708508019
46952293011
1781708509020
46968521660
1781708510022
46984604913
1781708511021
47000589052
1781708512022
47016582601
1781708513021
47032744527
1781708514020
47048644700
1781708515020
47064638570
1781708516019
47080825939
1781708517021
47097086825
1781708518019
47113025616
1781708519020
47129072485
1781708520021
47145087179
1781708521020
47161154856
1781708522021
47177210554
1781708523023
47193616927
1781708524022
47209638690
1781708525020
47225881323
1781708526022
47241970971
1781708527020
47258087165
1781708528022
47274115200
1781708529021
47290070223
1781708530020
47306208373
1781708531021
47322381590
1781708532022
47338347323
1781708533020
47354239693
1781708534020
47370344121
1781708535020
47386349865
1781708536020
47402668661
1781708537020
47418741831
1781708538021
47434770478
1781708539020
47450771739
1781708540024
47466806598
1781708541019
47482809480
1781708542021
47498940361
1781708543021
47515049854
1781708544020
47531933725
1781708545079
47547223780
1781708546019
47563309940
1781708547020
47579628859
1781708548023
47595935461
1781708549019
47612110774
1781708550020
47628229538
1781708551021
47644306533
1781708552020
47660236174
1781708553021
47676240816
1781708554020
47692307070
1781708555021
47708350911
1781708556020
47724102184
1781708557020
47740359184
1781708558022
47756101721
1781708559020
47772072182
1781708560020
47788207715
1781708561019
47804247822
1781708562021
47820129176
1781708563020
47836225908
1781708564020
47852259987
1781708565020
47868530451
1781708566019
47884743494
1781708567021
47900737593
1781708568020
47916472297
1781708569022
47932383486
1781708570020
47948412348
1781708571020
47964211495
1781708572021
47980394274
1781708573019
47996670231
1781708574023
48013785239
1781708575087
48028680554
1781708576021
48044554335
1781708577021
48060590356
1781708578021
48076618927
1781708579020
48092862861
1781708580021
48108954574
1781708581020
48125032289
1781708582020
48141097778
1781708583022
48157115593
1781708584020
48173106939
1781708585020
48189127921
1781708586022
48205272970
1781708587019
48221399828
1781708588020
48237498733
1781708589019
48254450108
1781708590084
48269260431
1781708591020
48285060588
1781708592021
48301216516
1781708593022
48317243129
1781708594019
48333317171
1781708595019
48349290738
1781708596019
48365466281
1781708597019
48381344712
1781708598021
48397258732
1781708599021
48413586907
1781708600019
48429726709
1781708601023
48445689153
1781708602019
48461748630
1781708603021
48477659467
1781708604020
48494693156
1781708605081
48509749871
1781708606019
48525720898
1781708607021
48541666451
1781708608019
48557628956
1781708609019
48573735113
1781708610020
48590116181
1781708611019
48606087024
1781708612020
48622112168
1781708613021
48637963458
1781708614020
48653924326
1781708615023
48669940901
1781708616020
48685817650
1781708617019
48701905906
1781708618019
48717934645
1781708619021
48736245394
1781708620173
48749995703
1781708621022
48766195175
1781708622019
48782277648
1781708623020
48798337446
1781708624021
48814518205
1781708625021
48830634307
1781708626020
48846672288
1781708627020
48862754393
1781708628019
48878878007
1781708629019
48895017426
1781708630021
48911250818
1781708631021
48927107233
1781708632019
48943294389
1781708633020
48959475225
1781708634020
48975490638
1781708635022
48991315290
1781708636023
49007507295
1781708637020
49023579624
1781708638020
49039562432
1781708639020
49055589611
1781708640020
49071733849
1781708641021
49087784177
1781708642021
49103976748
1781708643023
49119991426
1781708644019
49136235161
1781708645019
49152391227
1781708646019
49168411673
1781708647020
49184399760
1781708648023
49200471063
1781708649021
49216577205
1781708650021
49232535625
1781708651021
49248358549
1781708652019
49264290301
1781708653020
49280254168
1781708654020
49296228271
1781708655019
49312186079
1781708656020
49328310259
1781708657021
49344230368
1781708658021
49360221225
1781708659020
49376232170
1781708660019
49392393759
1781708661019
49408373905
1781708662016
49424434146
1781708663019
49440628982
1781708664019
49456401186
1781708665021
49472243388
1781708666019
49488365701
1781708667020
49504519732
1781708668019
49520346037
1781708669020
49536357349
1781708670022
49552411058
1781708671023
49568318973
1781708672020
49584420769
1781708673023
49600453639
1781708674019
49616608481
1781708675021
49632799323
1781708676020
49649039937
1781708677020
49665326236
1781708678020
49681369280
1781708679019
49697290062
1781708680022
49713311473
1781708681023
49729177297
1781708682021
49745115001
1781708683020
49761306655
1781708684020
49777543290
1781708685019
49793653961
1781708686020
49809774362
1781708687021
49826160478
1781708688019
49842422833
1781708689020
49858677630
1781708690019
49874943121
1781708691019
49891029663
1781708692020
49907386939
1781708693021
49923703991
1781708694020
49939854166
1781708695021
49955810965
1781708696020
49971931458
1781708697022
49988005454
1781708698021
50004019337
1781708699020
50019961799
1781708700019
50036028146
1781708701020
50052275384
1781708702020
50068348187
1781708703020
50084658446
1781708704019
50100883790
1781708705021
50117056303
1781708706019
50133377991
1781708707020
50149698654
1781708708022
50165825895
1781708709019
50182049601
1781708710019
50198127805
1781708711022
50214234528
1781708712022
50230167719
1781708713020
50246222147
1781708714019
50262484624
1781708715020
50278408833
1781708716019
50294493035
1781708717021
50310497554
1781708718020
50326636728
1781708719019
50342727555
1781708720020
50358599499
1781708721019
50374557154
1781708722021
50390745503
1781708723019
50406797100
1781708724023
50422783229
1781708725020
50438787090
1781708726018
50454841089
1781708727020
50470810587
1781708728020
50486894666
1781708729021
50503117577
1781708730019
50519484553
1781708731020
50535764472
1781708732021
50551851458
1781708733019
50567743048
1781708734019
50583752708
1781708735020
50599843029
1781708736020
50615918984
1781708737019
50631994388
1781708738019
50648011545
1781708739020
50666346392
1781708740173
50679768378
1781708741020
50695710381
1781708742021
50711728732
1781708743019
50727696072
1781708744020
50743812602
1781708745023
50759566676
1781708746021
50775435729
1781708747019
50791584481
1781708748019
50807498669
1781708749019
50823449668
1781708750019
50839375071
1781708751019
50855348883
1781708752022
50871435915
1781708753022
50887292881
1781708754020
50903643838
1781708755019
50919804188
1781708756020
50935791892
1781708757019
50951640581
1781708758019
50967789685
1781708759021
50983899682
1781708760021
50999923127
1781708761022
51015844246
1781708762020
51031867875
1781708763019
51047972930
1781708764020
51063831243
1781708765021
51079827438
1781708766021
51095826786
1781708767021
51111748578
1781708768021
51127721671
1781708769022
51144643333
1781708770081
51159684840
1781708771023
51175512093
1781708772020
51191598207
1781708773019
51207609902
1781708774020
51223614054
1781708775019
51239525029
1781708776019
51255405067
1781708777020
51271280944
1781708778020
51287207387
1781708779020
51303405987
1781708780020
51319382629
1781708781021
51335430876
1781708782021
51351503602
1781708783020
51367574156
1781708784020
51384408195
1781708785081
51399242846
1781708786020
51415039208
1781708787019
51431047537
1781708788019
51447229031
1781708789021
51463213048
1781708790023
51479093071
1781708791020
51495164742
1781708792021
51511174310
1781708793020
51527191941
1781708794019
51543013075
1781708795021
51559107497
1781708796020
51575251705
1781708797021
51591196171
1781708798020
51607414233
1781708799023
51623364544
1781708800023
51639357557
1781708801019
51655574379
1781708802021
51671645622
1781708803020
51688031753
1781708804020
51704257939
1781708805019
51720161707
1781708806020
51736077104
1781708807021
51752178074
1781708808021
51768231599
1781708809022
51784027671
1781708810020
51800170166
1781708811021
51816003784
1781708812021
51831788090
1781708813019
51847868742
1781708814023
51866218552
1781708815173
51879729645
1781708816020
51895722506
1781708817019
51911716835
1781708818020
51927916154
1781708819020
51944378663
1781708820023
51960375364
1781708821022
51976498963
1781708822023
51992357612
1781708823023
52008105994
1781708824021
52024071268
1781708825022
52040091393
1781708826020
52055894687
1781708827019
52071997631
1781708828023
52087958086
1781708829023
52106187852
1781708830175
52119599389
1781708831021
52135625481
1781708832020
52151657280
1781708833021
52167510405
1781708834019
52183420340
1781708835019
52199273190
1781708836020
52215235803
1781708837021
52231489390
1781708838021
52247444965
1781708839021
52263581049
1781708840021
52279457889
1781708841019
52295646804
1781708842019
52311847928
1781708843020
52327901667
1781708844020
52343985517
1781708845020
52360080734
1781708846019
52375995595
1781708847020
52392047820
1781708848023
52407996693
1781708849020
52424301735
1781708850019
52440230136
1781708851020
52456070532
1781708852019
52472102346
1781708853019
52488277598
1781708854019
52504277267
1781708855020
52520339299
1781708856019
52536431977
1781708857021
52552663471
1781708858022
52568655766
1781708859019
52585842149
1781708860080
52601145132
1781708861021
52617063420
1781708862023
52633320221
1781708863021
52649681613
1781708864020
52665829401
1781708865022
52682170168
1781708866022
52698451388
1781708867021
52714596208
1781708868020
52730532810
1781708869019
52746495132
1781708870021
52762498963
1781708871021
52778667284
1781708872020
52795062473
1781708873019
52811299292
1781708874019
52827635148
1781708875019
52843977384
1781708876019
52860061570
1781708877021
52876227810
1781708878020
52892337960
1781708879019
52908668568
1781708880019
52924719263
1781708881021
52940777087
1781708882020
52956830673
1781708883019
52972841007
1781708884021
52989126541
1781708885020
53005406016
1781708886019
53021625026
1781708887021
53037672569
1781708888021
53054132645
1781708889025
53070275461
1781708890022
53086449106
1781708891021
53102506472
1781708892021
53118953742
1781708893020
53135273732
1781708894021
53151621736
1781708895021
53167965808
1781708896021
53184409850
1781708897021
53200564891
1781708898020
53216913063
1781708899021
53233271364
1781708900021
53249466322
1781708901021
53265599958
1781708902020
53281932846
1781708903020
53297907025
1781708904020
53316510968
1781708905176
53330130416
1781708906020
53346015045
1781708907024
53361771673
1781708908021
53377819965
1781708909020
53394047574
1781708910020
53410461261
1781708911023
53426686712
1781708912021
53443054300
1781708913020
53459166883
1781708914022
53475323515
1781708915020
53491393962
1781708916022
53507535462
1781708917021
53524009232
1781708918019
53540287973
1781708919019
53558967024
1781708920173
53572640312
1781708921021
53588906293
1781708922021
53605324203
1781708923021
53621764022
1781708924019
53637778854
1781708925021
53654203342
1781708926020
53670466477
1781708927019
53686385454
1781708928020
53702551449
1781708929021
53718895047
1781708930020
53735226099
1781708931019
53751529044
1781708932021
53767720805
1781708933020
53783779945
1781708934019
53799894395
1781708935021
53815926178
1781708936021
53831877484
1781708937015
53848151941
1781708938020
53864380620
1781708939019
53880594872
1781708940020
53896774239
1781708941021
53912987420
1781708942021
53929186142
1781708943023
53945157690
1781708944021
53961355784
1781708945025
53977513533
1781708946020
53993792106
1781708947019
54010061085
1781708948020
54026154451
1781708949020
54044866336
1781708950173
54058567058
1781708951021
54074930056
1781708952023
54091272904
1781708953021
54107370386
1781708954020
54123502140
1781708955021
54139532424
1781708956021
54155763459
1781708957021
54171772110
1781708958019
54187812033
1781708959020
54203848560
1781708960019
54211547290
1781708961021
54220228541
1781708962022
54227592783
1781708963020
54234518220
1781708964021
54243063684
1781708965087
54249656591
1781708966025
54255935528
1781708967024
54262745986
1781708968022
54270744444
1781708969023
54281918860
1781708970022
54296644987
1781708971023
54312329859
1781708972021
54328336734
1781708973020
54344472619
1781708974020
54360673560
1781708975021
54376745215
1781708976021
54393023421
1781708977020
54409579994
1781708978023
54425928228
1781708979021
54443216937
1781708980083
54458368527
1781708981021
54474636849
1781708982021
54490940789
1781708983021
54506974393
1781708984019
54523188400
1781708985019
54539524914
1781708986021
54555832786
1781708987020
54571689568
1781708988021
54588057432
1781708989020
54604420812
1781708990019
54620450041
1781708991019
54636551623
1781708992019
54652956207
1781708993021
54669082713
1781708994020
54686560821
1781708995083
54701528597
1781708996021
54717954218
1781708997020
54733998348
1781708998020
54750328023
1781708999020
54766689981
1781709000020
54782663303
1781709001020
54798810939
1781709002021
54815149900
1781709003020
54831234102
1781709004021
54847637048
1781709005019
54863791110
1781709006019
54879902086
1781709007020
54896016138
1781709008020
54912082897
1781709009020
54928189575
1781709010021
54944415072
1781709011021
54960802794
1781709012021
54977120841
1781709013020
54993461088
1781709014020
55009711968
1781709015019
55025713611
1781709016021
55041813724
1781709017022
55058025665
1781709018020
55074243222
1781709019020
55090347252
1781709020020
55106407417
1781709021020
55122452711
1781709022021
55138577105
1781709023021
55154816632
1781709024022
55170758421
1781709025020
55186958949
1781709026021
55203347085
1781709027020
55219662240
1781709028019
55235771197
1781709029020
55251894520
1781709030019
55268274410
1781709031023
55284289486
1781709032017
55300602468
1781709033020
55316913615
1781709034022
55333227010
1781709035021
55349513569
1781709036021
55366015767
1781709037020
55382454041
1781709038022
55398937419
1781709039020
55417622805
1781709040173
55431262311
1781709041019
55447382008
1781709042019
55463673785
1781709043019
55479856733
1781709044019
55495989221
1781709045020
55512438343
1781709046020
55528953637
1781709047020
55545192200
1781709048021
55561228803
1781709049021
55577412241
1781709050020
55593906314
1781709051021
55610015011
1781709052022
55626427489
1781709053019
55642681490
1781709054015
55659881092
1781709055084
55675287274
1781709056023
55691497456
1781709057020
55707561063
1781709058021
55723790278
1781709059020
55740284765
1781709060021
55756740909
1781709061022
55772857746
1781709062020
55789050654
1781709063020
55805115118
1781709064019
55821038042
1781709065024
55837119949
1781709066019
55853376245
1781709067020
55869792747
1781709068020
55885680466
1781709069020
55902503994
1781709070083
55917318770
1781709071024
55933379562
1781709072021
55949411392
1781709073021
55965555615
1781709074020
55981663164
1781709075021
55997663063
1781709076023
56013562961
1781709077020
56029625742
1781709078019
56045822460
1781709079023
56061643211
1781709080019
56077780886
1781709081022
56093795487
1781709082022
56109833177
1781709083023
56125603193
1781709084021
56141342701
1781709085020
56157332486
1781709086020
56173349872
1781709087021
56189405570
1781709088021
56205311496
1781709089021
56221399431
1781709090019
56237377817
1781709091022
56253148384
1781709092021
56269124399
1781709093021
56285085543
1781709094022
56301325345
1781709095021
56317486521
1781709096020
56333596564
1781709097021
56349701314
1781709098023
56365730527
1781709099021
56383929663
1781709100173
56397317591
1781709101020
56413468026
1781709102020
56429605579
1781709103022
56445693422
1781709104020
56461777853
1781709105021
56477700563
1781709106020
56493638726
1781709107021
56509557795
1781709108021
56525602063
1781709109022
56541888454
1781709110022
56558030490
1781709111020
56573943790
1781709112020
56589952624
1781709113020
56606197322
1781709114020
56623105597
1781709115081
56638015478
1781709116019
56654117397
1781709117023
56670157427
1781709118020
56686345668
1781709119020
56702534308
1781709120019
56718475148
1781709121020
56734319308
1781709122020
56750186081
1781709123020
56765980914
1781709124020
56781907923
1781709125021
56798092340
1781709126019
56814068737
1781709127019
56830020487
1781709128021
56845966269
1781709129020
56862689873
1781709130081
56877507005
1781709131020
56893423534
1781709132021
56909092463
1781709133019
56925203500
1781709134021
56940777141
1781709135022
56956276179
1781709136020
56971960851
1781709137020
56988145635
1781709138019
57004620981
1781709139023
57021060693
1781709140021
57037373997
1781709141021
57053760649
1781709142022
57070139238
1781709143020
57086443331
1781709144021
57102647790
1781709145022
57118903306
1781709146023
57135196735
1781709147022
57151251254
1781709148016
57167756741
1781709149019
57184215028
1781709150020
57200632173
1781709151019
57216949209
1781709152022
57233246877
1781709153019
57249665444
1781709154020
57265360597
1781709155021
57281221970
1781709156021
57297360685
1781709157020
57313383870
1781709158020
57329456673
1781709159021
57346447140
1781709160082
57361517288
1781709161021
57377563591
1781709162021
57393681988
1781709163019
57409488433
1781709164021
57425540750
1781709165020
57441761259
1781709166020
57457897052
1781709167020
57473834756
1781709168021
57489786903
1781709169023
57505640717
1781709170021
57521467313
1781709171021
57537463340
1781709172021
57553575617
1781709173021
57569541228
1781709174019
57585621192
1781709175019
57601683193
1781709176020
57617716797
1781709177020
57633825586
1781709178021
57649690370
1781709179023
57665601927
1781709180019
57681607899
1781709181023
57697749598
1781709182020
57713684992
1781709183019
57729710457
1781709184020
57745620636
1781709185020
57761735958
1781709186020
57777852335
1781709187020
57793877035
1781709188021
57809893411
1781709189020
57826779455
1781709190084
57841808094
1781709191023
57857767188
1781709192020
57873688888
1781709193019
57889450688
1781709194019
57905394573
1781709195019
57921441014
1781709196021
57937355049
1781709197020
57953327897
1781709198019
57969147654
1781709199020
57984839854
1781709200023
58000808754
1781709201021
58016702241
1781709202019
58032671647
1781709203020
58048700677
1781709204021
58067262820
1781709205174
58080824281
1781709206020
58096682701
1781709207019
58112681345
1781709208019
58128958586
1781709209019
58145018996
1781709210025
58161144018
1781709211021
58177276736
1781709212020
58192917406
1781709213020
58208906273
1781709214021
58224923812
1781709215021
58240921202
1781709216021
58256819814
1781709217020
58272921672
1781709218019
58288881071
1781709219020
58307251644
1781709220172
58320840277
1781709221020
58337079055
1781709222021
58352907027
1781709223020
58368709816
1781709224021
58384715253
1781709225020
58400621714
1781709226022
58416756130
1781709227021
58432880326
1781709228019
58449125744
1781709229023
58465147185
1781709230020
58481191162
1781709231021
58497163016
1781709232022
58513123578
1781709233021
58529257535
1781709234021
58545164364
1781709235020
58561166940
1781709236019
58577348725
1781709237019
58593321833
1781709238019
58609273445
1781709239020
58625216152
1781709240020
58641301593
1781709241022
58657438487
1781709242021
58673502829
1781709243019
58689733161
1781709244023
58705850395
1781709245021
58721980313
1781709246020
58738188934
1781709247019
58754361432
1781709248023
58770386530
1781709249020
58786384929
1781709250021
58802596182
1781709251020
58818594015
1781709252021
58834930391
1781709253024
58851119994
1781709254020
58867472619
1781709255026
58883443309
1781709256021
58899523655
1781709257019
58915501721
1781709258020
58931688371
1781709259021
58947684353
1781709260020
58963667697
1781709261021
58979802832
1781709262020
58996062096
1781709263020
59011956593
1781709264019
59027751548
1781709265020
59043564434
1781709266020
59059042924
1781709267019
59074718753
1781709268019
59090803674
1781709269021
59106821810
1781709270019
59122990559
1781709271020
59139240261
1781709272020
59154861653
1781709273019
59171084763
1781709274020
59187496644
1781709275023
59203482253
1781709276021
59219794547
1781709277020
59236192536
1781709278020
59252373602
1781709279020
59269563427
1781709280084
59284854752
1781709281019
59301293531
1781709282020
59317475714
1781709283025
59333662548
1781709284021
59349620463
1781709285020
59365793848
1781709286019
59382258591
1781709287021
59398514214
1781709288023
59414516285
1781709289020
59430746907
1781709290023
59446848750
1781709291021
59462766747
1781709292021
59478852555
1781709293019
59494479578
1781709294019
59511127401
1781709295080
59526421250
1781709296020
59542586863
1781709297022
59558451173
1781709298020
59574186488
1781709299021
59590208755
1781709300021
59606232568
1781709301020
59622447630
1781709302021
59638571703
1781709303019
59654316031
1781709304020
59670481980
1781709305020
59686524994
1781709306021
59702305200
1781709307023
59718298137
1781709308023
59734155286
1781709309023
59750031622
1781709310020
59765962104
1781709311019
59781917572
1781709312021
59797851634
1781709313019
59813984934
1781709314023
59830188643
1781709315020
59846153597
1781709316021
59862198141
1781709317021
59878033105
1781709318023
59894122830
1781709319022
59909997773
1781709320019
59925878454
1781709321020
59941813511
1781709322019
59957722298
1781709323020
59973687389
1781709324021
59989763482
1781709325019
60005782643
1781709326021
60021916814
1781709327019
60038125741
1781709328020
60054353977
1781709329020
60070532304
1781709330020
60086687972
1781709331020
60102683158
1781709332022
60118558775
1781709333019
60134531011
1781709334021
60150577681
1781709335020
60166538029
1781709336021
60182578121
1781709337020
60198886192
1781709338021
60214877507
1781709339020
60231735751
1781709340083
60246644086
1781709341020
60262458319
1781709342021
60278507316
1781709343021
60294478603
1781709344023
60310650106
1781709345021
60326856325
1781709346020
60342837757
1781709347020
60358678964
1781709348019
60374589388
1781709349020
60390513949
1781709350023
60406375520
1781709351020
60422749871
1781709352020
60438887209
1781709353020
60454903418
1781709354020
60470640738
1781709355020
60486415374
1781709356017
60502379853
1781709357020
60518461607
1781709358020
60534626087
1781709359016
60550955838
1781709360019
60567144738
1781709361020
60583341379
1781709362021
60599365803
1781709363019
60615334765
1781709364021
60631306787
1781709365019
60647342993
1781709366022
60663434951
1781709367021
60679473008
1781709368023
60695413405
1781709369021
60711482934
1781709370020
60727466201
1781709371019
60743888425
1781709372020
60759940573
1781709373020
60776056431
1781709374021
60791941411
1781709375020
60807998791
1781709376020
60824240476
1781709377020
60840309132
1781709378022
60856516943
1781709379019
60872459053
1781709380021
60888241340
1781709381020
60904279901
1781709382021
60920335645
1781709383021
60936418668
1781709384021
60952402685
1781709385019
60968591034
1781709386020
60984694116
1781709387021
61000726664
1781709388020
61016842521
1781709389021
61033010016
1781709390023
61049051087
1781709391020
61064951872
1781709392020
61080932232
1781709393020
61096776484
1781709394020
61112675907
1781709395019
61128644303
1781709396021
61144634915
1781709397019
61160609966
1781709398020
61176573925
1781709399020
61193496842
1781709400080
61208550037
1781709401022
61224400960
1781709402021
61240598641
1781709403020
61256644776
1781709404021
61272709578
1781709405021
61289048325
1781709406024
61304939991
1781709407020
61320973887
1781709408020
61337337114
1781709409023
61353399222
1781709410020
61369788980
1781709411020
61385798105
1781709412020
61401956970
1781709413021
61417885050
1781709414020
61436286728
1781709415174
61449812310
1781709416021
61465849632
1781709417020
61482348464
1781709418023
61498311551
1781709419019
61514330788
1781709420016
61530552047
1781709421020
61546545413
1781709422020
61562696965
1781709423020
61578710496
1781709424019
61594958499
1781709425023
61611011580
1781709426021
61627302653
1781709427019
61643406178
1781709428020
61659521148
1781709429020
61676610437
1781709430086
61691547123
1781709431021
61707718474
1781709432022
61723846586
1781709433020
61739891375
1781709434019
61755852564
1781709435021
61771778625
1781709436020
61787923231
1781709437025
61803968815
1781709438019
61819916342
1781709439023
61835873293
1781709440021
61851903914
1781709441021
61867821621
1781709442020
61883821305
1781709443020
61899757678
1781709444020
61915604638
1781709445020
61931575528
1781709446020
61947603410
1781709447020
61963637580
1781709448020
61979503267
1781709449020
61995333229
1781709450020
62011296790
1781709451019
62027225237
1781709452021
62043296434
1781709453021
62059151319
1781709454020
62075132322
1781709455020
62091020637
1781709456019
62106991542
1781709457022
62122875406
1781709458020
62138880032
1781709459020
62157124089
1781709460173
62170615980
1781709461020
62186549538
1781709462019
62202579149
1781709463019
62218599274
1781709464020
62234361855
1781709465021
62250357194
1781709466021
62266314772
1781709467020
62282185003
1781709468019
62298281368
1781709469022
62314190171
1781709470020
62330281364
1781709471020
62346380697
1781709472020
62362271568
1781709473020
62378332560
1781709474020
62394263027
1781709475023
62410158625
1781709476024
62426071497
1781709477020
62441952392
1781709478020
62458003102
1781709479019
62474092720
1781709480020
62490011100
1781709481019
62505871294
1781709482019
62521827251
1781709483020
62537756571
1781709484020
62553681224
1781709485020
62569905986
1781709486023
62585782444
1781709487020
62601809959
1781709488022
62617780604
1781709489021
62634635023
1781709490084
62649578610
1781709491020
62665490671
1781709492021
62681549382
1781709493020
62697544859
1781709494020
62713584140
1781709495019
62729642974
1781709496024
62745622738
1781709497022
62761747454
1781709498019
62777790743
1781709499021
62793672449
1781709500020
62809571811
1781709501020
62825594124
1781709502021
62841774869
1781709503020
62857821157
1781709504020
62874910002
1781709505082
62889852808
1781709506020
62906020487
1781709507020
62921949255
1781709508020
62938034069
1781709509021
62954090134
1781709510020
62970001078
1781709511019
62986221893
1781709512022
63002522682
1781709513019
63018467515
1781709514021
63034366541
1781709515020
63050225756
1781709516021
63066307708
1781709517020
63082669697
1781709518019
63098535123
1781709519021
63114464887
1781709520021
63130450082
1781709521021
63146191074
1781709522020
63161763460
1781709523022
63177513662
1781709524022
63193508236
1781709525021
63209639210
1781709526020
63225658402
1781709527019
63241689650
1781709528020
63257956962
1781709529020
63273940551
1781709530020
63289993249
1781709531019
63305904316
1781709532019
63321935901
1781709533020
63338320151
1781709534021
63355479391
1781709535083
63370620486
1781709536019
63386818626
1781709537019
63402888476
1781709538022
63418718881
1781709539021
63434781831
1781709540021
63450843526
1781709541019
63466847541
1781709542020
63482904126
1781709543022
63499065638
1781709544020
63515213350
1781709545021
63531337392
1781709546020
63547553618
1781709547021
63563556913
1781709548019
63579876030
1781709549021
63596092194
1781709550019
63612102007
1781709551019
63628281788
1781709552021
63644648443
1781709553019
63660600513
1781709554020
63676620945
1781709555021
63692831448
1781709556021
63708755229
1781709557019
63724841740
1781709558023
63741048954
1781709559020
63757522250
1781709560022
63773644380
1781709561019
63789876578
1781709562019
63806105977
1781709563020
63822398549
1781709564020
63840873636
1781709565173
63854519644
1781709566022
63870516177
1781709567018
63886883597
1781709568023
63902869756
1781709569019
63918941901
1781709570015
63935145121
1781709571020
63951139389
1781709572019
63962305054
1781709573023
63969370181
1781709574023
63977624378
1781709575022
63984924421
1781709576024
63992031561
1781709577023
63999583167
1781709578055
64006485074
1781709579022
64018711809
1781709580176
64030624037
1781709581021
64044010328
1781709582022
64058677826
1781709583020
64074747033
1781709584020
64090975636
1781709585022
64107197614
1781709586020
64123386330
1781709587020
64139768958
1781709588021
64156018537
1781709589020
64172445887
1781709590022
64188723068
1781709591020
64204968929
1781709592021
64221156972
1781709593020
64237249313
1781709594021
64253391149
1781709595020
64269595593
1781709596020
64285943552
1781709597020
64302296253
1781709598020
64318674735
1781709599021
64335009229
1781709600020
64351491750
1781709601021
64367773766
1781709602021
64384319583
1781709603022
64400568627
1781709604019
64416640237
1781709605021
64432794834
1781709606020
64449060738
1781709607020
64465188315
1781709608021
64481231206
1781709609021
64498358853
1781709610083
64513614559
1781709611020
64529722980
1781709612020
64546171261
1781709613020
64562553919
1781709614021
64578967775
1781709615020
64595137228
1781709616020
64611366183
1781709617020
64627689431
1781709618022
64644009834
1781709619020
64660098105
1781709620021
64676188886
1781709621021
64692480311
1781709622020
64708623983
1781709623021
64724768161
1781709624020
64741135366
1781709625021
64757179574
1781709626019
64773467158
1781709627023
64789598331
1781709628021
64805994989
1781709629020
64822311276
1781709630022
64838423859
1781709631022
64854607327
1781709632019
64870773383
1781709633019
64886998865
1781709634020
64903320614
1781709635020
64919661473
1781709636022
64936160779
1781709637022
64952481794
1781709638021
64968767389
1781709639019
64985770035
1781709640080
65001120555
1781709641021
65017321343
1781709642020
65033684494
1781709643022
65050020258
1781709644020
65066302548
1781709645020
65082338647
1781709646019
65098582519
1781709647020
65114589991
1781709648021
65130794711
1781709649021
65147166751
1781709650021
65163534890
1781709651023
65179832251
1781709652019
65196066117
1781709653020
65212367732
1781709654022
65229424998
1781709655081
65244898026
1781709656022
65261162293
1781709657020
65277378671
1781709658020
65293030800
1781709659022
65309410445
1781709660022
65325295808
1781709661020
65341341530
1781709662020
65357199352
1781709663020
65373172017
1781709664022
65389224930
1781709665021
65405328287
1781709666020
65421215945
1781709667019
65437222177
1781709668021
65453228058
1781709669021
65471579750
1781709670173
65485362618
1781709671019
65501367687
1781709672019
65517408070
1781709673021
65533443541
1781709674021
65549401395
1781709675020
65565474091
1781709676019
65581782514
1781709677020
65598098388
1781709678020
65614066110
1781709679021
65630084782
1781709680020
65646080351
1781709681022
65661947200
1781709682021
65677862260
1781709683020
65693804417
1781709684019
65709805753
1781709685022
12845482
1781709686020
29061783
1781709687020
44997407
1781709688020
60943480
1781709689020
77013162
1781709690019
93167544
1781709691021
109147415
1781709692019
125085150
1781709693020
141226757
1781709694020
157411051
1781709695023
173247025
1781709696019
189210877
1781709697019
204999543
1781709698020
220953297
1781709699021
236990313
1781709700020
252854470
1781709701019
269024903
1781709702020
285119080
1781709703022
301063424
1781709704021
317112711
1781709705020
333235560
1781709706020
349508686
1781709707021
365423103
1781709708024
381392142
1781709709021
397269074
1781709710019
413365745
1781709711021
429285349
1781709712021
445339043
1781709713021
461325615
1781709714020
477159279
1781709715019
493197274
1781709716020
509162013
1781709717020
525157444
1781709718020
541318375
1781709719020
557512752
1781709720020
573520744
1781709721020
589387594
1781709722021
605113714
1781709723021
621077949
1781709724020
636876637
1781709725020
652793441
1781709726019
668749077
1781709727021
684642548
1781709728020
700574775
1781709729019
717449940
1781709730084
732248804
1781709731019
748173886
1781709732020
764199106
1781709733019
780150595
1781709734019
796128018
1781709735019
811958346
1781709736020
827924585
1781709737020
843808326
1781709738019
859981619
1781709739021
875746770
1781709740021
891481290
1781709741020
907385609
1781709742021
923164331
1781709743020
939175674
1781709744019
955088577
1781709745020
971206346
1781709746022
987191572
1781709747020
1002905865
1781709748015
1018960767
1781709749021
1035065104
1781709750019
1051205395
1781709751019
1066979052
1781709752020
1082890180
1781709753019
1098848952
1781709754021
1114794750
1781709755021
1130629317
1781709756020
1146403999
1781709757020
1162248297
1781709758020
1178067609
1781709759020
1193950830
1781709760020
1209903543
1781709761020
1225782036
1781709762021
1241643592
1781709763020
1257781635
1781709764021
1273562881
1781709765020
1289429073
1781709766020
1305272253
1781709767020
1321198299
1781709768020
1337362075
1781709769019
1353637190
1781709770020
1369443758
1781709771021
1385447680
1781709772020
1401460446
1781709773020
1417219599
1781709774021
1433197634
1781709775020
1448996475
1781709776019
1464856547
1781709777020
1480800294
1781709778019
1496535120
1781709779019
1512296079
1781709780020
1528153825
1781709781017
1544137230
1781709782021
1559996981
1781709783022
1575592408
1781709784019
1591679241
1781709785020
1607956483
1781709786022
1623690942
1781709787021
1639687000
1781709788019
1655803469
1781709789021
1674210654
1781709790172
1687995511
1781709791024
1704189719
1781709792021
1720473433
1781709793022
1736550810
1781709794019
1752465962
1781709795020
1768328727
1781709796020
1784337545
1781709797019
1800363285
1781709798019
1816324995
1781709799019
1832322568
1781709800020
1848425344
1781709801021
1864505812
1781709802020
1880562336
1781709803020
1896432567
1781709804020
1912309668
1781709805023
1928157438
1781709806020
1943984034
1781709807020
1959906820
1781709808021
1975944005
1781709809021
1991752883
1781709810021
2007668111
1781709811021
2023768485
1781709812020
2039705821
1781709813020
2055430718
1781709814021
2071343865
1781709815021
2087232456
1781709816020
2103249843
1781709817020
2119222155
1781709818021
2135029733
1781709819021
2153492227
1781709820176
2166969707
1781709821023
2182868824
1781709822019
2198722715
1781709823020
2214445392
1781709824020
2230448978
1781709825020
2246648450
1781709826020
2262715408
1781709827021
2278881052
1781709828019
2294973255
1781709829021
2310892798
1781709830020
2326724228
1781709831020
2342694919
1781709832024
2358770797
1781709833020
2374836715
1781709834020
2391898281
1781709835084
2406912507
1781709836020
2423174480
1781709837020
2439486911
1781709838019
2455418526
1781709839022
2471555650
1781709840019
2487854449
1781709841020
2503980588
1781709842020
2520233181
1781709843020
2536592064
1781709844020
2552929128
1781709845019
2569074576
1781709846019
2585198741
1781709847020
2601442170
1781709848020
2617716244
1781709849022
2633735895
1781709850020
2649896260
1781709851019
2666156916
1781709852019
2682509908
1781709853020
2698588724
1781709854019
2714562505
1781709855020
2730603178
1781709856019
2747002942
1781709857021
2763242730
1781709858019
2779052097
1781709859019
2794993274
1781709860019
2811036456
1781709861019
2827052298
1781709862020
2842881203
1781709863020
2858935203
1781709864019
2874989890
1781709865019
2891122379
1781709866019
2907108783
1781709867022
2923132182
1781709868020
2938979692
1781709869019
2954538966
1781709870020
2970572035
1781709871023
2986510382
1781709872020
3002640942
1781709873023
3018848737
1781709874019
3035055384
1781709875023
3050954379
1781709876021
3067201740
1781709877020
3083449698
1781709878019
3099466426
1781709879021
3118091896
1781709880173
3131754307
1781709881020
3147912086
1781709882021
3163983359
1781709883020
3180150410
1781709884021
3196381553
1781709885020
3212510583
1781709886020
3228838391
1781709887019
3245342394
1781709888022
3261634461
1781709889020
3277725839
1781709890020
3293901718
1781709891020
3310179663
1781709892020
3326512199
1781709893021
3342846142
1781709894020
3360187438
1781709895086
3375107478
1781709896021
3391404028
1781709897020
3407570987
1781709898020
3423719219
1781709899022
3439804614
1781709900020
3456149527
1781709901021
3472089572
1781709902020
3488176910
1781709903020
3504580591
1781709904020
3520554495
1781709905021
3536584550
1781709906020
3552711102
1781709907020
3568750857
1781709908021
3584862261
1781709909021
3600919275
1781709910020
3616954149
1781709911020
3633384115
1781709912021
3649321008
1781709913020
3665542696
1781709914020
3681971316
1781709915020
3698156987
1781709916020
3714477390
1781709917020
3730728285
1781709918019
3746998595
1781709919021
3763012815
1781709920021
3778882847
1781709921021
3794777665
1781709922020
3810897500
1781709923019
3826976760
1781709924020
3844077172
1781709925081
3859149906
1781709926020
3875276809
1781709927020
3891290738
1781709928019
3907363403
1781709929019
3923637738
1781709930020
3940019708
1781709931021
3956087569
1781709932020
3972517658
1781709933022
3988896981
1781709934020
4005092214
1781709935020
4021138441
1781709936020
4037209623
1781709937020
4053590246
1781709938021
4069984961
1781709939020
4086195357
1781709940020
4102457299
1781709941021
4118698708
1781709942021
4134861704
1781709943019
4151329308
1781709944020
4167540791
1781709945021
4183728068
1781709946021
4199885281
1781709947021
4216290201
1781709948020
4232378886
1781709949022
4248387245
1781709950019
4264474966
1781709951020
4280548626
1781709952020
4296750530
1781709953021
4312805264
1781709954020
4330022966
1781709955084
4345303795
1781709956021
4361587707
1781709957019
4377882054
1781709958023
4394064069
1781709959015
4410277127
1781709960019
4426396120
1781709961020
4442415649
1781709962021
4458518134
1781709963021
4474548204
1781709964022
4490834717
1781709965021
4507041456
1781709966020
4523255402
1781709967020
4539597087
1781709968019
4555740546
1781709969019
4572856426
1781709970082
4587955889
1781709971020
4604020017
1781709972020
4620371066
1781709973020
4636655269
1781709974021
4652981608
1781709975021
4669257840
1781709976023
4685420454
1781709977021
4701589371
1781709978020
4717444058
1781709979021
4733630677
1781709980020
4749639220
1781709981020
4765553898
1781709982020
4781635590
1781709983021
4797930167
1781709984019
4814073533
1781709985020
4830049411
1781709986020
4846411124
1781709987020
4862410548
1781709988020
4878384681
1781709989019
4894393821
1781709990021
4910639575
1781709991021
4926637638
1781709992017
4942715857
1781709993021
4958673849
1781709994019
4974713787
1781709995020
4990723049
1781709996020
5006887499
1781709997020
5022943518
1781709998020
5038907400
1781709999019
5055830470
1781710000084
5070962645
1781710001019
5087049248
1781710002020
5103249133
1781710003021
5119404480
1781710004019
5135617599
1781710005020
5151645037
1781710006019
5167696864
1781710007020
5183951645
1781710008020
5200227036
1781710009020
5216402930
1781710010020
5232437651
1781710011020
5248760946
1781710012021
5265023867
1781710013021
5281157166
1781710014021
5297180978
1781710015019
5313603279
1781710016020
5329136313
1781710017020
5345003576
1781710018021
5361172601
1781710019020
5377328299
1781710020019
5393137652
1781710021020
5409149255
1781710022017
5425199980
1781710023020
5441516007
1781710024020
5457526416
1781710025020
5473608675
1781710026021
5489458786
1781710027019
5505314911
1781710028021
5521361474
1781710029020
5539619836
1781710030175
5552911650
1781710031021
5568832631
1781710032019
5584863222
1781710033020
5600730867
1781710034021
5616776971
1781710035020
5632837228
1781710036020
5648826998
1781710037020
5664989551
1781710038023
5681206235
1781710039020
5697166553
1781710040020
5713119710
1781710041020
5729151447
1781710042021
5745212883
1781710043022
5761481648
1781710044020
5777397182
1781710045019
5793300033
1781710046019
5809355287
1781710047019
5825539091
1781710048019
5841946276
1781710049019
5858129560
1781710050020
5874157121
1781710051021
5890328517
1781710052021
5906316681
1781710053019
5922263106
1781710054020
5938361383
1781710055021
5954452760
1781710056020
5970725534
1781710057022
5986874837
1781710058020
6002942652
1781710059023
6018890959
1781710060022
6034425906
1781710061019
6050286116
1781710062020
6066238661
1781710063017
6082070183
1781710064019
6098179063
1781710065020
6114235311
1781710066020
6130372390
1781710067020
6146537911
1781710068020
6162370091
1781710069021
6178296213
1781710070024
6194244810
1781710071021
6210246468
1781710072021
6226097513
1781710073020
6242022962
1781710074020
6258012441
1781710075022
6273743228
1781710076020
6289602075
1781710077021
6305572062
1781710078021
6321361647
1781710079021
6337308011
1781710080021
6353258628
1781710081021
6369187535
1781710082021
6385275944
1781710083020
6401095776
1781710084020
6416927023
1781710085023
6432729812
1781710086021
6448790023
1781710087021
6464979412
1781710088022
6481035553
1781710089020
6499345843
1781710090173
6512854091
1781710091019
6529068985
1781710092020
6545134413
1781710093020
6561232064
1781710094021
6577210053
1781710095021
6593031568
1781710096020
6608831679
1781710097020
6624836107
1781710098021
6640766528
1781710099019
6656561881
1781710100020
6672548851
1781710101020
6688511846
1781710102021
6704373203
1781710103020
6720452309
1781710104020
6737331254
1781710105081
6752542820
1781710106022
6768422170
1781710107022
6784207302
1781710108021
6800276540
1781710109023
6815971372
1781710110021
6831804149
1781710111020
6847650772
1781710112019
6863509451
1781710113019
6879395349
1781710114020
6895355361
1781710115020
6911078666
1781710116021
6927189581
1781710117022
6943258881
1781710118024
6959319826
1781710119023
6977548399
1781710120173
6991045845
1781710121020
7006983564
1781710122020
7022986370
1781710123019
7038840031
1781710124019
7054907387
1781710125020
7070850783
1781710126020
7086816761
1781710127021
7102813446
1781710128019
7119059537
1781710129020
7135039898
1781710130019
7151018055
1781710131019
7167027944
1781710132020
7182944718
1781710133020
7198992781
1781710134019
7215911245
1781710135083
7230829036
1781710136020
7246958832
1781710137020
7262831235
1781710138020
7278916416
1781710139020
7294843395
1781710140020
7310704874
1781710141023
7327015393
1781710142023
7343109509
1781710143021
7359066353
1781710144021
7375121225
1781710145021
7391031557
1781710146020
7407105094
1781710147020
7423204672
1781710148020
7438927136
1781710149020
7456093292
1781710150083
7470992004
1781710151022
7487007126
1781710152020
7503020657
1781710153019
7519249336
1781710154020
7535438021
1781710155020
7551524655
1781710156020
7567677064
1781710157020
7583719068
1781710158021
7599664621
1781710159019
7615787134
1781710160020
7632099902
1781710161021
7648195043
1781710162019
7664460381
1781710163021
7680372045
1781710164020
7696439768
1781710165020
7712560889
1781710166021
7728781979
1781710167023
7744770877
1781710168021
7760628180
1781710169023
7776532759
1781710170023
7792398874
1781710171020
7808360752
1781710172021
7824350752
1781710173021
7840303649
1781710174020
7856375151
1781710175020
7872328997
1781710176020
7888661196
1781710177020
7904804256
1781710178020
7920830471
1781710179020
7937849105
1781710180082
7952985930
1781710181020
7963470668
1781710182021
7972225267
1781710183023
7980150315
1781710184021
7987523171
1781710185021
7994805910
1781710186022
8001606928
1781710187021
8008656097
1781710188025
8015275122
1781710189025
8021766958
1781710190021
8028332019
1781710191021
8034898305
1781710192024
8041443492
1781710193024
8047967274
1781710194023
8054510289
1781710195022
8060894964
1781710196024
8067196682
1781710197025
8073499761
1781710198023
8080055322
1781710199023
8086429638
1781710200025
8092736834
1781710201023
8099170775
1781710202021
8106301156
1781710203021
8112997232
1781710204024
8119406233
1781710205024
8125844076
1781710206022
8132104744
1781710207022
8138547926
1781710208024
8144890984
1781710209022
8152409664
1781710210176
8157733376
1781710211025
8164164731
1781710212023
8170657408
1781710213022
8177249781
1781710214021
8183943179
1781710215023
8190321657
1781710216024
8196583947
1781710217024
8203026593
1781710218021
8209357550
1781710219023
8215749079
1781710220021
8222236569
1781710221025
8228636927
1781710222023
8235105675
1781710223023
8241493532
1781710224021
8248513707
1781710225085
8254517305
1781710226024
8260782211
1781710227024
8267205978
1781710228023
8273867552
1781710229027
8280366762
1781710230022
8286790437
1781710231023
8293131751
1781710232024
8299607002
1781710233022
8306240363
1781710234022
8312761085
1781710235021
8319199983
1781710236021
8325588085
1781710237022
8331941731
1781710238023
8338346617
1781710239027
8345099379
1781710240085
8350953725
1781710241022
8357178469
1781710242025
8363535022
1781710243025
8369839556
1781710244025
8376135965
1781710245023
8382386963
1781710246023
8388717048
1781710247024
8394966501
1781710248025
8401216077
1781710249025
8407430126
1781710250023
8413718563
1781710251023
8420103162
1781710252023
8426510144
1781710253025
8432809567
1781710254023
8440132759
1781710255175
8445500045
1781710256023
8451788421
1781710257024
8457995738
1781710258024
8464393785
1781710259025
8470871591
1781710260022
8477379339
1781710261025
8483803227
1781710262023
8490416790
1781710263023
8496941123
1781710264023
8503626213
1781710265022
8510042268
1781710266024
8516406808
1781710267025
8522952990
1781710268025
8529365771
1781710269021
8535981873
1781710270023
8542293444
1781710271023
8548540144
1781710272023
8555064844
1781710273021
8561582537
1781710274025
8568061016
1781710275024
8574432808
1781710276021
8580836577
1781710277023
8587096220
1781710278024
8593388850
1781710279023
8599600635
1781710280021
8605711378
1781710281024
8611888677
1781710282023
8618275524
1781710283024
8624522621
1781710284021
8631294065
1781710285087
8637073762
1781710286026
8643313209
1781710287022
8649564162
1781710288023
8655936474
1781710289022
8662150661
1781710290025
8668324731
1781710291024
8674588322
1781710292021
8681138910
1781710293023
8687398185
1781710294024
8693832447
1781710295021
8700153933
1781710296024
8706486573
1781710297023
8712677978
1781710298023
8719106823
1781710299023
8726542302
1781710300176
8731841901
1781710301024
8738236811
1781710302024
8744831784
1781710303025
8751261671
1781710304023
8757693209
1781710305024
8764096275
1781710306023
8770353286
1781710307021
8776902589
1781710308025
8783416334
1781710309025
8789744108
1781710310023
8796197633
1781710311024
8802643232
1781710312025
8809053351
1781710313023
8815651874
1781710314023
8822675935
1781710315086
8828508984
1781710316024
8834753832
1781710317024
8840909863
1781710318023
8847051926
1781710319023
8853366435
1781710320025
8859633973
1781710321024
8865974002
1781710322022
8872496499
1781710323022
8878710411
1781710324024
8885044733
1781710325022
8891276668
1781710326025
8897417766
1781710327021
8903668704
1781710328021
8909966934
1781710329024
8916761771
1781710330087
8922541483
1781710331026
8928880304
1781710332023
8935349863
1781710333021
8941699455
1781710334022
8948170682
1781710335023
8954507085
1781710336025
8960758267
1781710337021
8967080625
1781710338025
8973363891
1781710339024
8979637304
1781710340023
8986099887
1781710341025
8992454925
1781710342022
8998963576
1781710343024
9005379937
1781710344023
9012776247
1781710345173
9017988606
1781710346022
9024287646
1781710347024
9030676620
1781710348027
9037241682
1781710349025
9043680304
1781710350022
9050088985
1781710351021
9056549241
1781710352021
9063050854
1781710353021
9069372982
1781710354022
9075731632
1781710355023
9081843676
1781710356022
9087890985
1781710357021
9094052953
1781710358025
9100322159
1781710359025
9106958610
1781710360085
9112829695
1781710361025
9118871848
1781710362028
9125104961
1781710363021
9131217495
1781710364022
9137643923
1781710365025
9143822691
1781710366021
9149892093
1781710367023
9156217833
1781710368024
9162517409
1781710369021
9168680891
1781710370024
9174876749
1781710371025
9181035718
1781710372021
9187346784
1781710373024
9193420165
1781710374023
9200715480
1781710375175
9205919791
1781710376025
9212005289
1781710377025
9218435757
1781710378022
9224621776
1781710379022
9230919012
1781710380022
9237180445
1781710381022
9243569342
1781710382025
9250105074
1781710383025
9256576943
1781710384021
9263083314
1781710385025
9269600349
1781710386025
9275986982
1781710387023
9282329261
1781710388023
9288690343
1781710389023
9296179479
1781710390176
9301584693
1781710391023
9307988187
1781710392025
9314478018
1781710393021
9320853942
1781710394025
9327282114
1781710395024
9333328888
1781710396023
9339248688
1781710397023
9345399915
1781710398025
9351567330
1781710399025
9357700840
1781710400025
9363774756
1781710401025
9370022894
1781710402024
9376448159
1781710403025
9382616033
1781710404022
9389202591
1781710405085
9394976000
1781710406025
9401203360
1781710407022
9407345392
1781710408023
9413454101
1781710409021
9419713316
1781710410023
9425908622
1781710411024
9432265374
1781710412024
9438772097
1781710413024
9445181971
1781710414021
9451593650
1781710415023
9457957792
1781710416024
9464027409
1781710417024
9470393648
1781710418023
9476680647
1781710419023
9482913684
1781710420021
9488881908
1781710421023
9494999398
1781710422021
9501434318
1781710423025
9507829183
1781710424023
9514325655
1781710425024
9520533385
1781710426023
9526923812
1781710427022
9533410584
1781710428021
9539668376
1781710429025
9546059568
1781710430025
9552194960
1781710431023
9558575565
1781710432023
9565178356
1781710433024
9571446873
1781710434022
9578305818
1781710435086
9584082180
1781710436023
9590291088
1781710437021
9596415112
1781710438023
9602579727
1781710439024
9608854501
1781710440025
9615084417
1781710441025
9621359543
1781710442025
9627551086
1781710443025
9633687579
1781710444023
9639977195
1781710445021
9646141948
1781710446022
9652413464
1781710447024
9658532255
1781710448021
9664708161
1781710449025
9671868668
1781710450176
9677156578
1781710451025
9683369801
1781710452021
9689623997
1781710453023
9695793753
1781710454023
9702104911
1781710455023
9708252619
1781710456021
9714628955
1781710457021
9720980567
1781710458024
9727329638
1781710459023
9733493794
1781710460021
9739797930
1781710461021
9746112897
1781710462022
9752467492
1781710463021
9758805992
1781710464021
9765127584
1781710465024
9771469924
1781710466025
