10053138885
1781707723866
10054432760
1781707724022
10062357043
1781707725022
10070205622
1781707726024
10077897192
1781707727023
10086006620
1781707728047
10093633089
1781707729023
10100819713
1781707730023
10108832583
1781707731022
10116539775
1781707732023
10124235399
1781707733026
10131854095
1781707734025
10139550546
1781707735024
10147320315
1781707736022
10155217364
1781707737023
10162556498
1781707738023
10170094365
1781707739024
10177480271
1781707740024
10185137860
1781707741020
10192857444
1781707742024
10200424442
1781707743022
10207980209
1781707744023
10215638073
1781707745023
10223325176
1781707746023
10230986360
1781707747023
10238863734
1781707748034
10246937834
1781707749020
10258438890
1781707750022
10274188312
1781707751018
10290675026
1781707752018
10307971233
1781707753019
10325172533
1781707754018
10342405413
1781707755021
10359404447
1781707756018
10376613153
1781707757019
10393832828
1781707758020
10410874335
1781707759018
10427984096
1781707760021
10444973553
1781707761018
10462338196
1781707762022
10479518306
1781707763018
10496691699
1781707764022
10513750954
1781707765018
10530988347
1781707766018
10548201582
1781707767019
10565512323
1781707768022
10582680499
1781707769022
10599711770
1781707770021
10616937734
1781707771019
10634308605
1781707772022
10651409858
1781707773020
10668563438
1781707774018
10685731935
1781707775018
10702875432
1781707776020
10719971147
1781707777018
10737235667
1781707778022
10754409841
1781707779022
10771467489
1781707780016
10788697431
1781707781019
10806039094
1781707782022
10823259443
1781707783020
10840460942
1781707784020
10857733250
1781707785018
10875015900
1781707786021
10892270414
1781707787018
10909605926
1781707788018
10926760883
1781707789019
10944056860
1781707790020
10961358819
1781707791017
10978511909
1781707792017
10995833835
1781707793020
11013080790
1781707794019
11030415889
1781707795016
11047731006
1781707796018
11064987478
1781707797019
11082064711
1781707798020
11099269362
1781707799019
11116565660
1781707800018
11133838656
1781707801018
11151099244
1781707802019
11168115124
1781707803018
11185386238
1781707804021
11202707583
1781707805017
11219790170
1781707806018
11237018322
1781707807019
11254395022
1781707808022
11271714438
1781707809019
11288960323
1781707810016
11306260232
1781707811018
11323594810
1781707812018
11340980262
1781707813019
11358270210
1781707814018
11375574663
1781707815021
11392770654
1781707816018
11410092335
1781707817021
11427392933
1781707818019
11444631626
1781707819021
11461831718
1781707820018
11479103903
1781707821021
11496465043
1781707822022
11513563481
1781707823018
11530840547
1781707824024
11548062747
1781707825018
11565415135
1781707826023
11582648229
1781707827018
11599995782
1781707828022
11617273935
1781707829018
11634386357
1781707830022
11651539524
1781707831021
11668661004
1781707832019
11685885576
1781707833019
11703105175
1781707834022
11720307791
1781707835018
11737430480
1781707836018
11754720811
1781707837022
11771999545
1781707838019
11789285715
1781707839018
11806711848
1781707840024
11823755421
1781707841018
11841207137
1781707842020
11858520341
1781707843019
11875864972
1781707844018
11893161607
1781707845019
11910570375
1781707846021
11927869794
1781707847018
11945591631
1781707848044
11962437375
1781707849021
11979644122
1781707850019
11996854251
1781707851021
12014124921
1781707852020
12031477983
1781707853017
12048805783
1781707854018
12066158064
1781707855021
12083413986
1781707856018
12100731597
1781707857019
12118038115
1781707858019
12135407302
1781707859021
12152639142
1781707860018
12170035379
1781707861024
12187238944
1781707862019
12204564266
1781707863019
12222026080
1781707864024
12239246046
1781707865018
12256493201
1781707866018
12273875622
1781707867023
12291186869
1781707868024
12308402000
1781707869018
12325497975
1781707870018
12342729646
1781707871018
12360070942
1781707872018
12377464839
1781707873020
12394684009
1781707874019
12411956853
1781707875020
12428936532
1781707876018
12446285447
1781707877018
12465789857
1781707878139
12481059899
1781707879019
12498517857
1781707880022
12515845444
1781707881021
12533199086
1781707882018
12550622313
1781707883018
12567737811
1781707884021
12584936480
1781707885019
12602167631
1781707886019
12619506524
1781707887021
12636845784
1781707888018
12654154782
1781707889018
12671514452
1781707890019
12688989470
1781707891020
12706312986
1781707892018
12723463047
1781707893019
12740738338
1781707894021
12758084025
1781707895019
12775383582
1781707896018
12792757038
1781707897021
12809952417
1781707898019
12827254728
1781707899018
12844587134
1781707900018
12861941832
1781707901022
12879224942
1781707902021
12896526595
1781707903018
12913866590
1781707904020
12931164556
1781707905018
12948372450
1781707906017
12965589326
1781707907017
12982927194
1781707908018
13000188425
1781707909018
13017592863
1781707910018
13035041810
1781707911020
13052423268
1781707912020
13069811916
1781707913018
13087301958
1781707914021
13104719861
1781707915018
13121798624
1781707916018
13139177618
1781707917020
13156625998
1781707918020
13174000648
1781707919018
13191447100
1781707920021
13208823937
1781707921018
13226281130
1781707922021
13243643157
1781707923018
13261016246
1781707924018
13278541799
1781707925023
13295984518
1781707926022
13313403752
1781707927024
13330713759
1781707928018
13348165383
1781707929022
13365425236
1781707930021
13382747299
1781707931019
13400212540
1781707932020
13417502611
1781707933018
13434798343
1781707934019
13452277017
1781707935022
13469624540
1781707936022
13486924908
1781707937024
13504153916
1781707938018
13521618606
1781707939021
13538896192
1781707940018
13556139797
1781707941018
13573640565
1781707942021
13590971808
1781707943018
13608501324
1781707944022
13625920603
1781707945019
13643313720
1781707946019
13660799141
1781707947019
13678183139
1781707948018
13695708096
1781707949022
13713090410
1781707950020
13730395261
1781707951019
13747912629
1781707952022
13765256449
1781707953021
13782298277
1781707954018
13799719316
1781707955023
13817011024
1781707956021
13834407690
1781707957022
13851778255
1781707958018
13869263615
1781707959023
13886683552
1781707960021
13904011644
1781707961016
13921448580
1781707962018
13938955849
1781707963022
13956231860
1781707964018
13973633911
1781707965025
13990921580
1781707966022
14008263947
1781707967023
14025586316
1781707968018
14042944594
1781707969021
14060247395
1781707970022
14077631576
1781707971020
14094976681
1781707972019
14112254727
1781707973023
14129524357
1781707974018
14146984334
1781707975021
14164369418
1781707976019
14181849270
1781707977021
14199195079
1781707978018
14216609203
1781707979022
14233814435
1781707980022
14251115736
1781707981021
14268415676
1781707982018
14285715937
1781707983018
14303050944
1781707984021
14320325822
1781707985018
14337664822
1781707986018
14355071510
1781707987018
14372306333
1781707988020
14389677800
1781707989018
14407136324
1781707990018
14424493256
1781707991015
14441800248
1781707992018
14459043945
1781707993018
14476469253
1781707994018
14494011269
1781707995022
14511322148
1781707996018
14528726433
1781707997017
14546131469
1781707998021
14563308243
1781707999018
14580621907
1781708000018
14597861105
1781708001019
14615082204
1781708002020
14632403716
1781708003018
14649803810
1781708004022
14666960296
1781708005019
14684253030
1781708006019
14701460205
1781708007017
14718882376
1781708008022
14736267231
1781708009022
14753509015
1781708010019
14770914295
1781708011025
14788021868
1781708012021
14805129410
1781708013019
14822431904
1781708014019
14839712459
1781708015019
14857158268
1781708016021
14874438456
1781708017018
14891900820
1781708018024
14909289071
1781708019025
14926382675
1781708020018
14943871370
1781708021022
14961272259
1781708022018
14978712423
1781708023021
14996151302
1781708024020
15013477802
1781708025018
15030820062
1781708026019
15048235470
1781708027021
15067471533
1781708028136
15082709201
1781708029018
15100190109
1781708030017
15117625025
1781708031018
15135096569
1781708032017
15152557281
1781708033017
15169868894
1781708034018
15187334319
1781708035019
15204830894
1781708036025
15222102375
1781708037019
15239579856
1781708038022
15256940904
1781708039018
15274273906
1781708040021
15291578466
1781708041019
15308859816
1781708042019
15326179432
1781708043019
15343378407
1781708044021
15360710384
1781708045017
15378078531
1781708046018
15395347259
1781708047018
15412806012
1781708048018
15430317887
1781708049022
15447535696
1781708050024
15464901732
1781708051019
15482275892
1781708052019
15499539035
1781708053019
15516928188
1781708054020
15534159936
1781708055018
15551620128
1781708056019
15569105335
1781708057019
15586380090
1781708058018
15603801038
1781708059019
15621077186
1781708060018
15638608675
1781708061022
15656101578
1781708062021
15673521103
1781708063020
15690843931
1781708064018
15708271610
1781708065019
15725688120
1781708066019
15743277903
1781708067024
15760627185
1781708068018
15778030935
1781708069022
15795438877
1781708070018
15812828383
1781708071018
15830178920
1781708072018
15847607884
1781708073019
15865101812
1781708074019
15882497514
1781708075021
15899829431
1781708076019
15917075683
1781708077023
15934527261
1781708078018
15951920989
1781708079021
15969236167
1781708080019
15986775062
1781708081021
16003924740
1781708082022
16021285666
1781708083019
16038716971
1781708084018
16055981644
1781708085022
16073442341
1781708086021
16090661251
1781708087018
16107983896
1781708088024
16125173568
1781708089018
16142664559
1781708090022
16160046660
1781708091019
16177598437
1781708092024
16195032252
1781708093020
16212473334
1781708094020
16229460419
1781708095019
16246941954
1781708096019
16264568166
1781708097022
16282053664
1781708098021
16299586469
1781708099019
16317171172
1781708100021
16334631165
1781708101018
16352197065
1781708102020
16369690503
1781708103018
16387186986
1781708104017
16404780349
1781708105019
16422325288
1781708106021
16439843115
1781708107019
16457378904
1781708108018
16474133597
1781708109018
16490961195
1781708110018
16508478823
1781708111022
16525882236
1781708112024
16543280723
1781708113021
16560619570
1781708114018
16578147189
1781708115022
16595553739
1781708116018
16612936911
1781708117020
16630375743
1781708118019
16647756115
1781708119018
16665267256
1781708120019
16682773011
1781708121019
16700273197
1781708122019
16717693501
1781708123018
16735095140
1781708124018
16752316177
1781708125021
16769775558
1781708126018
16787212616
1781708127020
16804558777
1781708128019
16822135065
1781708129024
16839237099
1781708130018
16856728885
1781708131020
16874165729
1781708132019
16891621729
1781708133021
16909091039
1781708134019
16926626323
1781708135021
16943976967
1781708136020
16961428468
1781708137018
16978819642
1781708138018
16996339978
1781708139021
17013746206
1781708140019
17031241665
1781708141018
17048739647
1781708142019
17065721515
1781708143018
17083252240
1781708144021
17100772331
1781708145019
17118192773
1781708146017
17135702659
1781708147019
17153682898
1781708148043
17170718117
1781708149019
17188229319
1781708150019
17205716469
1781708151018
17223286285
1781708152018
17240885631
1781708153020
17258367120
1781708154021
17275876608
1781708155018
17293458022
1781708156019
17310961543
1781708157021
17328451386
1781708158018
17346001771
1781708159021
17363441538
1781708160019
17381038435
1781708161018
17398640748
1781708162021
17416599337
1781708163043
17433763795
1781708164022
17451300089
1781708165021
17468869997
1781708166018
17486445566
1781708167018
17504009783
1781708168019
17521638840
1781708169021
17539205796
1781708170023
17556743864
1781708171020
17574257835
1781708172017
17591832594
1781708173022
17609383132
1781708174021
17626946935
1781708175019
17644499309
1781708176019
17662122706
1781708177020
17679634581
1781708178018
17697155483
1781708179018
17714755593
1781708180024
17732157507
1781708181019
17749694520
1781708182018
17767205952
1781708183018
17784747769
1781708184019
17802345967
1781708185021
17819842113
1781708186020
17837401128
1781708187022
17854898912
1781708188019
17872383002
1781708189017
17889985820
1781708190018
17907534630
1781708191018
17925164927
1781708192022
17944654556
1781708193134
17960184316
1781708194022
17977776669
1781708195021
17995295858
1781708196019
18012863991
1781708197018
18030442391
1781708198021
18047913996
1781708199018
18065443833
1781708200018
18083056581
1781708201021
18100570797
1781708202017
18118136727
1781708203018
18135783717
1781708204022
18153311917
1781708205022
18170812715
1781708206019
18188395827
1781708207020
18205828264
1781708208018
18223418843
1781708209019
18240962419
1781708210019
18258588999
1781708211022
18276118652
1781708212018
18293710363
1781708213022
18311316134
1781708214021
18328825087
1781708215019
18346395301
1781708216019
18363965561
1781708217018
18381511111
1781708218018
18399124425
1781708219018
18416694303
1781708220019
18434274446
1781708221020
18451826254
1781708222018
18469487014
1781708223022
18486969849
1781708224019
18504552579
1781708225020
18522046951
1781708226018
18539672597
1781708227019
18557240179
1781708228019
18574862398
1781708229022
18592410320
1781708230022
18609885704
1781708231018
18627403546
1781708232019
18644951116
1781708233018
18662470856
1781708234020
18679987917
1781708235020
18697529199
1781708236019
18715082644
1781708237018
18732659652
1781708238020
18750259073
1781708239025
18767731077
1781708240017
18785371518
1781708241020
18802898570
1781708242019
18820396874
1781708243018
18838038141
1781708244022
18855492856
1781708245020
18872984030
1781708246018
18890614235
1781708247021
18908109984
1781708248018
18925707998
1781708249019
18943236107
1781708250018
18960767596
1781708251020
18978302682
1781708252017
18999607763
1781708253236
19013380563
1781708254020
19030938614
1781708255018
19048516646
1781708256019
19066099528
1781708257019
19083632655
1781708258020
19101143597
1781708259018
19118778759
1781708260022
19136252323
1781708261018
19153859028
1781708262022
19171290547
1781708263019
19188813515
1781708264018
19206413901
1781708265024
19223788565
1781708266021
19241343571
1781708267018
19258884363
1781708268019
19276383432
1781708269021
19293821087
1781708270018
19311401812
1781708271018
19329021445
1781708272019
19346602583
1781708273018
19364159685
1781708274018
19381785790
1781708275020
19399293060
1781708276017
19416837340
1781708277017
19434381483
1781708278019
19452034057
1781708279024
19469526654
1781708280022
19487030130
1781708281019
19504589419
1781708282021
19522134664
1781708283018
19539688277
1781708284021
19557164763
1781708285018
19574746269
1781708286018
19592353432
1781708287023
19609855867
1781708288022
19627427474
1781708289021
19644885018
1781708290018
19662478550
1781708291018
19680116696
1781708292021
19697580789
1781708293019
19715178971
1781708294024
19732703438
1781708295020
19750234622
1781708296018
19767768468
1781708297018
19785298382
1781708298018
19802821410
1781708299021
19820343674
1781708300019
19837941551
1781708301021
19855461841
1781708302019
19872983523
1781708303017
19890529395
1781708304019
19908033207
1781708305019
19925578681
1781708306020
19943051418
1781708307018
19960606883
1781708308018
19978146054
1781708309017
19995743655
1781708310018
20013332198
1781708311019
20030903238
1781708312019
20048873073
1781708313043
20066055340
1781708314022
20083105507
1781708315019
20100051619
1781708316018
20117614887
1781708317018
20135174069
1781708318019
20152692783
1781708319018
20170299641
1781708320022
20187849047
1781708321021
20205328593
1781708322018
20222900398
1781708323019
20240435529
1781708324019
20257912628
1781708325017
20275508683
1781708326019
20293050133
1781708327018
20310630048
1781708328021
20328084441
1781708329018
20345609489
1781708330018
20363218810
1781708331021
20380788580
1781708332019
20398329449
1781708333019
20415978580
1781708334024
20433463267
1781708335018
20451065106
1781708336020
20468602180
1781708337019
20486184971
1781708338021
20503650258
1781708339018
20521214397
1781708340018
20538752267
1781708341019
20556308145
1781708342021
20573844485
1781708343022
20591405947
1781708344022
20608876880
1781708345018
20626449450
1781708346020
20644035163
1781708347018
20661672008
1781708348021
20679208899
1781708349021
20696714180
1781708350019
20713271136
1781708351021
20722496485
1781708352023
20731191460
1781708353016
20739691803
1781708354026
20748179539
1781708355025
20756535466
1781708356022
20765503515
1781708357019
20774709051
1781708358022
20786802492
1781708359019
20803543431
1781708360021
20820338118
1781708361018
20837648615
1781708362021
20855018690
1781708363018
20872464438
1781708364019
20889905474
1781708365017
20907388249
1781708366023
20924798180
1781708367018
20942316527
1781708368022
20959651534
1781708369018
20977198094
1781708370019
20994767161
1781708371021
21012246845
1781708372018
21029757083
1781708373018
21046978120
1781708374020
21064365530
1781708375018
21081826762
1781708376019
21099246730
1781708377018
21116816883
1781708378025
21134191471
1781708379019
21151657568
1781708380021
21169058365
1781708381018
21186574326
1781708382019
21204019600
1781708383017
21221520903
1781708384018
21238923306
1781708385019
21256366454
1781708386019
21273772942
1781708387020
21293110429
1781708388134
21308603132
1781708389021
21325912497
1781708390019
21343390605
1781708391019
21360907161
1781708392020
21378101776
1781708393019
21395499880
1781708394020
21413045277
1781708395017
21430591302
1781708396019
21448249812
1781708397025
21465714456
1781708398020
21483233523
1781708399019
21500887382
1781708400023
21518392265
1781708401018
21536015401
1781708402021
21553601130
1781708403021
21571192167
1781708404021
21588723029
1781708405019
21606223322
1781708406015
21623873877
1781708407018
21641569964
1781708408022
21659193896
1781708409024
21676679822
1781708410019
21694316729
1781708411019
21711882843
1781708412019
21729512497
1781708413019
21747130034
1781708414020
21764737656
1781708415021
21782248767
1781708416018
21799876769
1781708417017
21817425930
1781708418018
21835031364
1781708419019
21852581734
1781708420019
21870188806
1781708421022
21887714206
1781708422018
21905227703
1781708423018
21922881792
1781708424022
21940410635
1781708425018
21958006231
1781708426019
21975611498
1781708427018
21993240663
1781708428022
22010782587
1781708429022
22028315255
1781708430018
22045911570
1781708431021
22063422099
1781708432019
22080992145
1781708433019
22098560630
1781708434019
22116176453
1781708435017
22133747677
1781708436018
22151337353
1781708437020
22168938473
1781708438019
22186459008
1781708439019
22204088800
1781708440022
22221607728
1781708441018
22239158373
1781708442018
22256796963
1781708443022
22274357615
1781708444020
22291928242
1781708445020
22309469064
1781708446019
22327061984
1781708447020
22344661161
1781708448021
22362126570
1781708449019
22379690725
1781708450020
22397205400
1781708451019
22414749298
1781708452018
22432308480
1781708453019
22449870616
1781708454021
22467353345
1781708455019
22484890174
1781708456021
22502500918
1781708457021
22520016679
1781708458017
22537661220
1781708459021
22555194210
1781708460018
22572735598
1781708461018
22590299907
1781708462018
22607826363
1781708463018
22625345199
1781708464018
22642881799
1781708465019
22660455333
1781708466024
22677930810
1781708467019
22695507893
1781708468020
22712943880
1781708469018
22730528094
1781708470025
22747946868
1781708471020
22765356478
1781708472018
22782840309
1781708473019
22800305442
1781708474019
22817764930
1781708475018
22835141523
1781708476019
22852226941
1781708477018
22869170130
1781708478024
22886425149
1781708479022
22903786089
1781708480020
22921123988
1781708481020
22938501009
1781708482020
22955891678
1781708483018
22973198334
1781708484018
22990716941
1781708485023
23007970629
1781708486018
23025396150
1781708487024
23042740215
1781708488021
23060238504
1781708489023
23077522608
1781708490021
23094847593
1781708491019
23112272396
1781708492019
23129626635
1781708493018
23147035817
1781708494022
23164600630
1781708495024
23181927054
1781708496018
23199345492
1781708497018
23216784631
1781708498018
23234228023
1781708499018
23251700822
1781708500019
23269187054
1781708501021
23286690423
1781708502020
23304069922
1781708503017
23321536433
1781708504018
23338666787
1781708505018
23355905251
1781708506022
23373329488
1781708507018
23390785992
1781708508018
23408292267
1781708509021
23425745115
1781708510019
23442819471
1781708511017
23459693688
1781708512020
23476544741
1781708513019
23493347767
1781708514019
23510839462
1781708515020
23528312613
1781708516018
23545848050
1781708517019
23563443447
1781708518024
23580821769
1781708519018
23598375688
1781708520018
23615983387
1781708521022
23633474409
1781708522019
23651021764
1781708523018
23668487403
1781708524018
23686081806
1781708525022
23703552295
1781708526019
23721114966
1781708527017
23738676015
1781708528019
23756293858
1781708529022
23773800011
1781708530022
23791206255
1781708531018
23808835481
1781708532022
23826385254
1781708533022
23843939602
1781708534022
23861356372
1781708535018
23878888795
1781708536018
23896469046
1781708537021
23913911811
1781708538018
23931415287
1781708539018
23948911556
1781708540018
23966429444
1781708541019
23984037999
1781708542021
24001494366
1781708543019
24019003839
1781708544018
24036605678
1781708545018
24054133190
1781708546018
24071266665
1781708547018
24088092871
1781708548023
24105401868
1781708549018
24122777634
1781708550018
24139972876
1781708551020
24157445920
1781708552018
24175380840
1781708553042
24192418644
1781708554022
24209854983
1781708555022
24227223375
1781708556018
24244588860
1781708557018
24262076530
1781708558022
24279537212
1781708559021
24296919220
1781708560018
24314412996
1781708561025
24331760319
1781708562018
24349227977
1781708563017
24366654371
1781708564017
24383971462
1781708565018
24401288813
1781708566018
24418634285
1781708567018
24435978289
1781708568021
24453226208
1781708569019
24470442747
1781708570018
24487900858
1781708571019
24505303216
1781708572022
24522621592
1781708573018
24540115581
1781708574022
24557506816
1781708575018
24574966671
1781708576019
24592407554
1781708577021
24609829190
1781708578020
24627253304
1781708579019
24644546695
1781708580022
24661731380
1781708581019
24679226517
1781708582020
24696651564
1781708583018
24714049332
1781708584021
24731399563
1781708585018
24748635992
1781708586021
24765597373
1781708587019
24782873414
1781708588018
24800270340
1781708589022
24817726906
1781708590025
24834927334
1781708591018
24852297485
1781708592018
24869703806
1781708593018
24886761653
1781708594018
24904169335
1781708595020
24921586825
1781708596019
24938899035
1781708597022
24958232972
1781708598135
24973463035
1781708599020
24990798945
1781708600018
25008196254
1781708601018
25025472846
1781708602017
25042943135
1781708603019
25060356371
1781708604021
25077607657
1781708605018
25095060612
1781708606017
25112554280
1781708607019
25129884697
1781708608018
25147340237
1781708609019
25164601254
1781708610019
25181985664
1781708611019
25199226607
1781708612018
25216552296
1781708613018
25233975477
1781708614019
25251146025
1781708615019
25268549958
1781708616018
25286046243
1781708617024
25303390399
1781708618019
25320871476
1781708619021
25338267086
1781708620019
25355614624
1781708621018
25373081088
1781708622018
25390543789
1781708623017
25408026258
1781708624018
25425442508
1781708625019
25442805835
1781708626021
25460121978
1781708627018
25477660368
1781708628020
25494988949
1781708629018
25512477491
1781708630018
25530026270
1781708631022
25547334839
1781708632022
25564722340
1781708633022
25582119190
1781708634024
25599454870
1781708635018
25616821518
1781708636019
25634261192
1781708637019
25651645281
1781708638018
25668920588
1781708639023
25686175913
1781708640020
25703495283
1781708641019
25720804739
1781708642018
25740144306
1781708643135
25755518420
1781708644022
25772786703
1781708645019
25790235665
1781708646024
25807468254
1781708647019
25824912350
1781708648018
25842442157
1781708649022
25859617218
1781708650023
25877015490
1781708651021
25894375712
1781708652018
25911560259
1781708653019
25928972622
1781708654019
25946421844
1781708655023
25963856990
1781708656025
25981219047
1781708657018
26000555004
1781708658135
26015982315
1781708659021
26033243958
1781708660018
26050576181
1781708661018
26067973321
1781708662018
26085317707
1781708663018
26102694591
1781708664017
26120049396
1781708665019
26137311116
1781708666022
26154660536
1781708667019
26172097701
1781708668021
26189374889
1781708669019
26206808168
1781708670019
26224226010
1781708671021
26241450841
1781708672018
26258863680
1781708673018
26276000429
1781708674018
26293438421
1781708675022
26310761784
1781708676021
26328177759
1781708677018
26345731648
1781708678022
26363110122
1781708679022
26380532768
1781708680018
26398030292
1781708681019
26415518880
1781708682021
26432965134
1781708683019
26450520445
1781708684022
26467871579
1781708685019
26485349595
1781708686022
26502513762
1781708687018
26519612874
1781708688018
26537024228
1781708689022
26554397868
1781708690023
26571801969
1781708691022
26589175349
1781708692017
26606610280
1781708693020
26624055769
1781708694018
26641516129
1781708695020
26658865120
1781708696017
26676321196
1781708697021
26693510823
1781708698019
26710953649
1781708699022
26728332582
1781708700022
26745725637
1781708701022
26763177062
1781708702021
26780505812
1781708703018
26797838447
1781708704025
26815232252
1781708705020
26832483477
1781708706018
26849942995
1781708707021
26867314462
1781708708019
26884506231
1781708709022
26901969804
1781708710020
26919322452
1781708711017
26936770602
1781708712022
26954177596
1781708713018
26971591092
1781708714018
26989077676
1781708715024
27006377983
1781708716018
27023809778
1781708717019
27041227619
1781708718020
27058589600
1781708719018
27076039189
1781708720020
27093384569
1781708721018
27110670142
1781708722023
27128080777
1781708723019
27145518080
1781708724022
27162660720
1781708725020
27180059207
1781708726018
27197486550
1781708727022
27214908246
1781708728022
27232275873
1781708729022
27249457574
1781708730017
27266910881
1781708731021
27284334521
1781708732020
27301633818
1781708733018
27319044055
1781708734019
27336489008
1781708735021
27353802473
1781708736017
27371259987
1781708737018
27388750748
1781708738019
27406117900
1781708739021
27423512394
1781708740020
27440891496
1781708741019
27458324208
1781708742023
27475626841
1781708743017
27492914846
1781708744018
27510288822
1781708745017
27527591638
1781708746018
27545075423
1781708747022
27562386225
1781708748018
27579851512
1781708749021
27597315911
1781708750018
27614751332
1781708751018
27632277696
1781708752021
27649742447
1781708753022
27667212293
1781708754023
27684673770
1781708755019
27702281301
1781708756022
27719698025
1781708757021
27737094600
1781708758021
27754452235
1781708759019
27771942017
1781708760022
27789214478
1781708761018
27806545140
1781708762022
27823996901
1781708763023
27841302257
1781708764022
27858414649
1781708765018
27875800437
1781708766018
27893166671
1781708767017
27910080286
1781708768019
27927281479
1781708769019
27944803116
1781708770019
27962357173
1781708771021
27979894706
1781708772019
27997419341
1781708773022
28014972465
1781708774020
28032479322
1781708775015
28050060506
1781708776020
28067614609
1781708777020
28085122062
1781708778018
28102672157
1781708779019
28120245048
1781708780022
28137718781
1781708781021
28155206941
1781708782018
28172821815
1781708783022
28190272598
1781708784018
28207902834
1781708785019
28225505759
1781708786022
28243059342
1781708787020
28260534558
1781708788018
28278061687
1781708789020
28295573348
1781708790018
28313181644
1781708791021
28330716240
1781708792017
28348342176
1781708793019
28365886044
1781708794018
28383505875
1781708795022
28401032576
1781708796021
28418515947
1781708797019
28436062584
1781708798022
28453651143
1781708799026
28471027842
1781708800019
28488558139
1781708801018
28506181490
1781708802022
28523719696
1781708803024
28541196381
1781708804019
28558753835
1781708805021
28576275808
1781708806018
28593889704
1781708807023
28613375539
1781708808135
28628890886
1781708809021
28646378037
1781708810019
28663919211
1781708811021
28681357493
1781708812018
28698806088
1781708813019
28716382819
1781708814019
28733950891
1781708815018
28751507259
1781708816018
28769074795
1781708817017
28786594764
1781708818017
28804168115
1781708819018
28821786340
1781708820022
28839254013
1781708821020
28856772116
1781708822018
28874381268
1781708823021
28891880628
1781708824018
28909451515
1781708825022
28926959229
1781708826022
28944324637
1781708827018
28961892954
1781708828019
28979427687
1781708829019
28996936089
1781708830019
29014447061
1781708831018
29031993377
1781708832020
29049497464
1781708833018
29067143704
1781708834023
29084639024
1781708835019
29102176894
1781708836018
29119731640
1781708837022
29137297432
1781708838024
29154697403
1781708839020
29172199195
1781708840019
29189842406
1781708841022
29207344167
1781708842019
29224941126
1781708843022
29242555052
1781708844022
29260021991
1781708845018
29277608040
1781708846021
29295107614
1781708847018
29312679114
1781708848021
29330179820
1781708849018
29347812657
1781708850024
29365275159
1781708851019
29382820694
1781708852019
29400314836
1781708853019
29417894536
1781708854021
29435412286
1781708855019
29452910896
1781708856019
29470440060
1781708857018
29488029522
1781708858022
29505476525
1781708859018
29523109270
1781708860022
29540563495
1781708861018
29558135866
1781708862018
29575754168
1781708863022
29593222836
1781708864018
29610767269
1781708865018
29628335510
1781708866020
29645854147
1781708867020
29663360086
1781708868019
29680959462
1781708869023
29698472714
1781708870020
29715952015
1781708871018
29733470500
1781708872019
29751056871
1781708873022
29768600585
1781708874020
29786063148
1781708875018
29803606802
1781708876018
29821208472
1781708877021
29838731517
1781708878022
29856004360
1781708879019
29872999630
1781708880019
29890415238
1781708881019
29907841999
1781708882018
29925620324
1781708883043
29942639692
1781708884021
29960033650
1781708885018
29977378342
1781708886019
29994850238
1781708887020
30012283425
1781708888018
30029807770
1781708889020
30047272169
1781708890019
30064784365
1781708891018
30082361220
1781708892022
30099860013
1781708893021
30117268307
1781708894018
30134793937
1781708895022
30152196754
1781708896021
30169728641
1781708897020
30187173196
1781708898018
30204676121
1781708899024
30221993885
1781708900018
30239462354
1781708901019
30256908546
1781708902022
30274364393
1781708903019
30291830261
1781708904019
30309363219
1781708905021
30326808952
1781708906018
30344284750
1781708907024
30361584078
1781708908019
30379090491
1781708909023
30396461713
1781708910022
30413859465
1781708911022
30431226633
1781708912022
30448542087
1781708913017
30465989824
1781708914017
30483368375
1781708915018
30500846330
1781708916022
30518270628
1781708917022
30535537626
1781708918018
30553103755
1781708919022
30570570327
1781708920022
30588109956
1781708921021
30605557587
1781708922017
30623076133
1781708923021
30640535942
1781708924018
30658092738
1781708925018
30675400633
1781708926017
30692907322
1781708927018
30710414836
1781708928020
30727708671
1781708929018
30745243588
1781708930022
30762551025
1781708931018
30779962425
1781708932021
30797363558
1781708933020
30814802667
1781708934018
30832274609
1781708935021
30849586329
1781708936018
30867000116
1781708937019
30884477734
1781708938017
30902021923
1781708939017
30919559640
1781708940018
30937157975
1781708941023
30954406354
1781708942018
30973961697
1781708943134
30989527488
1781708944025
31006766136
1781708945017
31024260095
1781708946019
31041821848
1781708947023
31059223777
1781708948021
31076626839
1781708949018
31094053830
1781708950021
31111517341
1781708951017
31129098082
1781708952021
31146484818
1781708953018
31164054925
1781708954023
31181491907
1781708955019
31198846635
1781708956019
31216294878
1781708957019
31234262647
1781708958043
31251253986
1781708959018
31268721720
1781708960018
31281637842
1781708961021
31290497583
1781708962022
31298917112
1781708963024
31306977243
1781708964023
31316305623
1781708965019
31325361249
1781708966023
31333399364
1781708967023
31341662680
1781708968023
31351098496
1781708969023
31363641283
1781708970024
31380103089
1781708971020
31397295132
1781708972018
31414853749
1781708973019
31432422280
1781708974022
31449924072
1781708975018
31467552671
1781708976022
31485055076
1781708977021
31502568098
1781708978020
31520061353
1781708979017
31537571775
1781708980017
31555154489
1781708981020
31572617664
1781708982019
31590187343
1781708983022
31607681347
1781708984018
31625255998
1781708985017
31642807944
1781708986019
31660290581
1781708987018
31677846826
1781708988021
31695329677
1781708989019
31712832081
1781708990021
31730323944
1781708991018
31747892475
1781708992021
31765414265
1781708993018
31783041425
1781708994022
31800598129
1781708995022
31818118833
1781708996021
31835655509
1781708997019
31853234107
1781708998019
31870814144
1781708999021
31888285428
1781709000017
31905907953
1781709001019
31923399571
1781709002018
31940964828
1781709003021
31958484858
1781709004020
31976017893
1781709005017
31993648664
1781709006020
32011255996
1781709007019
32028796161
1781709008018
32046390717
1781709009021
32063880285
1781709010018
32081574429
1781709011024
32099052231
1781709012018
32116632359
1781709013020
32134166419
1781709014017
32151709521
1781709015018
32169333438
1781709016021
32186877291
1781709017018
32204469460
1781709018022
32221990316
1781709019019
32239545781
1781709020019
32257117892
1781709021019
32274720741
1781709022020
32292203347
1781709023018
32309795792
1781709024019
32327352879
1781709025018
32344945875
1781709026019
32362585489
1781709027022
32380000301
1781709028018
32397615926
1781709029021
32415195381
1781709030020
32432734872
1781709031018
32450351996
1781709032022
32467934741
1781709033021
32485426191
1781709034018
32503045671
1781709035022
32520656246
1781709036022
32538053539
1781709037019
32555597896
1781709038022
32573200378
1781709039023
32590753456
1781709040022
32608257207
1781709041023
32625797081
1781709042024
32643205650
1781709043019
32660824029
1781709044022
32678281069
1781709045018
32695789716
1781709046018
32713285296
1781709047022
32730852909
1781709048024
32748345369
1781709049020
32765865138
1781709050018
32783479386
1781709051022
32801000426
1781709052018
32818579085
1781709053020
32836089981
1781709054019
32853712689
1781709055021
32871244164
1781709056018
32888871753
1781709057021
32906349876
1781709058020
32923868162
1781709059019
32941364355
1781709060019
32958934094
1781709061021
32976454675
1781709062018
32996033060
1781709063135
33011568328
1781709064021
33028944630
1781709065018
33046523718
1781709066021
33064105131
1781709067019
33081635917
1781709068019
33099254984
1781709069023
33116827417
1781709070023
33134315898
1781709071019
33151905864
1781709072019
33169490766
1781709073023
33186978223
1781709074022
33204503715
1781709075019
33222049326
1781709076018
33239615777
1781709077017
33257188699
1781709078018
33274756220
1781709079018
33292299521
1781709080019
33309972735
1781709081025
33327361414
1781709082017
33344925677
1781709083018
33362517617
1781709084023
33379879521
1781709085018
33397438199
1781709086022
33414969168
1781709087019
33432577112
1781709088022
33449980449
1781709089018
33467560578
1781709090024
33485019040
1781709091018
33502577427
1781709092023
33519987802
1781709093018
33537560036
1781709094022
33555005478
1781709095018
33572605680
1781709096021
33590140077
1781709097018
33607712127
1781709098022
33625305398
1781709099021
33642769568
1781709100018
33660330969
1781709101018
33677926092
1781709102022
33695407673
1781709103018
33712951571
1781709104018
33730564594
1781709105019
33748076133
1781709106019
33765607179
1781709107019
33783110700
1781709108019
33800626935
1781709109019
33818238077
1781709110021
33835684958
1781709111018
33853221695
1781709112019
33870755832
1781709113020
33888194971
1781709114017
33905780255
1781709115019
33923297531
1781709116021
33940767301
1781709117018
33958380997
1781709118022
33975857300
1781709119018
33993447021
1781709120018
34011114345
1781709121022
34028597486
1781709122018
34046157250
1781709123022
34063530339
1781709124018
34080999160
1781709125018
34098082635
1781709126019
34114841505
1781709127019
34132239151
1781709128019
34149716356
1781709129022
34167232760
1781709130022
34184689065
1781709131020
34202024103
1781709132018
34219427440
1781709133022
34236800253
1781709134021
34254098449
1781709135021
34271460919
1781709136021
34288637051
1781709137015
34306102384
1781709138019
34323586535
1781709139024
34340788417
1781709140022
34358191540
1781709141019
34375658922
1781709142019
34393145904
1781709143020
34410533345
1781709144018
34427954736
1781709145021
34445202915
1781709146017
34462695451
1781709147022
34479970926
1781709148018
34497372381
1781709149021
34514755216
1781709150019
34532205218
1781709151019
34549764477
1781709152021
34567204626
1781709153019
34584462429
1781709154021
34601912232
1781709155022
34619337387
1781709156022
34636732936
1781709157018
34654345990
1781709158022
34671785863
1781709159021
34689261462
1781709160018
34706741941
1781709161019
34724074286
1781709162020
34741547758
1781709163021
34758910137
1781709164019
34775721288
1781709165018
34792898628
1781709166018
34810312721
1781709167017
34827884297
1781709168018
34845438583
1781709169018
34862925565
1781709170018
34880458264
1781709171019
34898042156
1781709172021
34915585794
1781709173020
34933136317
1781709174019
34950760785
1781709175021
34968263495
1781709176020
34985798840
1781709177019
35003298537
1781709178022
35020823600
1781709179018
35038453545
1781709180021
35055920867
1781709181018
35073549864
1781709182022
35091118609
1781709183022
35108562016
1781709184023
35125334733
1781709185018
35142375384
1781709186021
35159811126
1781709187022
35177166543
1781709188022
35194347051
1781709189018
35211814785
1781709190018
35229145662
1781709191019
35246604706
1781709192022
35264008945
1781709193018
35281289087
1781709194018
35298747427
1781709195019
35316144751
1781709196022
35333407420
1781709197023
35350748577
1781709198018
35368061185
1781709199021
35385385896
1781709200018
35402822648
1781709201019
35420101014
1781709202020
35437469176
1781709203019
35454814327
1781709204018
35472343843
1781709205023
35489728744
1781709206018
35507122671
1781709207020
35524577799
1781709208018
35542128520
1781709209022
35559654242
1781709210021
35577068580
1781709211017
35594549946
1781709212019
35611777196
1781709213018
35629200652
1781709214022
35646424122
1781709215018
35663702397
1781709216018
35681113720
1781709217017
35698457326
1781709218018
35715885082
1781709219018
35733332682
1781709220018
35750638129
1781709221022
35768010514
1781709222021
35785234321
1781709223019
35802544312
1781709224022
35820102240
1781709225024
35837304092
1781709226022
35854679246
1781709227021
35871970174
1781709228019
35889379615
1781709229018
35906882800
1781709230020
35924274723
1781709231018
35941778642
1781709232018
35959232683
1781709233018
35976665304
1781709234017
35994090153
1781709235018
36011559663
1781709236022
36028980135
1781709237021
36046316703
1781709238018
36063753440
1781709239023
36081207450
1781709240019
36098729209
1781709241021
36116162580
1781709242018
36133539678
1781709243021
36150790290
1781709244016
36168236972
1781709245020
36185689008
1781709246018
36203049490
1781709247017
36220444473
1781709248018
36237896418
1781709249021
36255230767
1781709250018
36272679759
1781709251018
36290099177
1781709252017
36307402712
1781709253019
36324864479
1781709254018
36342317235
1781709255021
36359501384
1781709256024
36376836835
1781709257019
36394121398
1781709258022
36411382307
1781709259019
36428826786
1781709260021
36445984497
1781709261022
36463360630
1781709262019
36480766247
1781709263018
36498267198
1781709264018
36515776319
1781709265021
36532972539
1781709266019
36550345368
1781709267020
36567714234
1781709268018
36585071289
1781709269018
36602531266
1781709270021
36619823464
1781709271018
36637176938
1781709272022
36654579571
1781709273019
36671981653
1781709274021
36689205246
1781709275017
36706692473
1781709276021
36723859455
1781709277019
36741301256
1781709278020
36758741084
1781709279019
36776240535
1781709280019
36793704062
1781709281018
36811167712
1781709282021
36828568723
1781709283020
36845985034
1781709284019
36863242792
1781709285019
36880631854
1781709286018
36898054254
1781709287019
36917368424
1781709288142
36932645106
1781709289021
36949932576
1781709290018
36967517800
1781709291025
36984845555
1781709292017
37002275422
1781709293018
37019640096
1781709294019
37036995436
1781709295025
37054346141
1781709296019
37071730705
1781709297018
37089108567
1781709298018
37106577618
1781709299018
37124084322
1781709300020
37141488041
1781709301018
37158863670
1781709302020
37176081402
1781709303017
37193074026
1781709304018
37210538486
1781709305019
37227962830
1781709306021
37245160061
1781709307020
37262586699
1781709308019
37279967469
1781709309024
37297334774
1781709310019
37314825046
1781709311019
37332134594
1781709312021
37349483095
1781709313019
37366841833
1781709314022
37384148015
1781709315024
37401396776
1781709316021
37418671149
1781709317018
37436008359
1781709318019
37453382259
1781709319018
37470895343
1781709320020
37488283762
1781709321021
37505611746
1781709322018
37522997901
1781709323018
37540337927
1781709324018
37557524692
1781709325019
37574954055
1781709326025
37591890237
1781709327018
37608731926
1781709328022
37625413332
1781709329018
37642635915
1781709330021
37660028542
1781709331019
37677562173
1781709332022
37694911777
1781709333019
37712494858
1781709334020
37730032131
1781709335018
37747664907
1781709336021
37765177761
1781709337018
37782718569
1781709338022
37800194014
1781709339019
37817736551
1781709340019
37835176210
1781709341018
37852732853
1781709342019
37870265383
1781709343018
37887736300
1781709344022
37905221308
1781709345022
37922681423
1781709346019
37940249771
1781709347018
37959826794
1781709348135
37975311235
1781709349021
37992784004
1781709350018
38010411302
1781709351022
38027916307
1781709352021
38045363463
1781709353020
38062807804
1781709354018
38080349086
1781709355019
38097989680
1781709356022
38115440829
1781709357019
38133014440
1781709358022
38150543512
1781709359022
38168067826
1781709360022
38185601917
1781709361022
38203114190
1781709362021
38220651769
1781709363018
38238220407
1781709364020
38255715774
1781709365019
38273342858
1781709366021
38290902377
1781709367021
38308411070
1781709368020
38325920696
1781709369019
38343446769
1781709370018
38360975428
1781709371019
38378502558
1781709372019
38396010286
1781709373018
38413564803
1781709374019
38431189377
1781709375022
38448728961
1781709376025
38466220166
1781709377019
38483750967
1781709378016
38501265902
1781709379020
38518781893
1781709380019
38536353667
1781709381021
38553827629
1781709382018
38571326820
1781709383017
38588062251
1781709384018
38605499585
1781709385019
38622942044
1781709386018
38640389949
1781709387018
38658019237
1781709388026
38675458008
1781709389020
38692973173
1781709390021
38710385751
1781709391018
38727810707
1781709392017
38747199280
1781709393137
38762532527
1781709394018
38780115654
1781709395022
38797649454
1781709396022
38815144117
1781709397022
38832593384
1781709398017
38850151282
1781709399019
38867639075
1781709400020
38885084211
1781709401018
38902553705
1781709402018
38920100954
1781709403018
38937523110
1781709404017
38954980548
1781709405019
38972572717
1781709406021
38990049295
1781709407022
39007500965
1781709408018
39024963115
1781709409019
39042495477
1781709410019
39060001706
1781709411018
39077488107
1781709412018
39094961655
1781709413018
39112398300
1781709414021
39129876944
1781709415019
39147360896
1781709416018
39164959629
1781709417024
39182372789
1781709418018
39199897026
1781709419018
39217427690
1781709420018
39234955905
1781709421021
39252443913
1781709422020
39269910209
1781709423019
39287405025
1781709424019
39305007353
1781709425023
39322432921
1781709426019
39339820346
1781709427018
39357262361
1781709428021
39374695135
1781709429020
39392003459
1781709430018
39409528293
1781709431021
39426997084
1781709432018
39444480455
1781709433022
39461978392
1781709434020
39479483504
1781709435017
39496917609
1781709436019
39514356963
1781709437019
39531775967
1781709438021
39549161601
1781709439018
39566662109
1781709440018
39584249872
1781709441022
39601720376
1781709442019
39619222076
1781709443018
39636764414
1781709444023
39654205496
1781709445021
39671587122
1781709446018
39689105484
1781709447018
39706692023
1781709448020
39724120881
1781709449018
39741604114
1781709450018
39759136644
1781709451019
39776709398
1781709452022
39794464665
1781709453045
39811508024
1781709454018
39829052396
1781709455023
39846386745
1781709456018
39863972810
1781709457022
39881279497
1781709458018
39898828322
1781709459022
39916176456
1781709460018
39933687995
1781709461019
39951225528
1781709462018
39968845268
1781709463024
39986250854
1781709464019
40003683444
1781709465019
40021158492
1781709466017
40038681399
1781709467018
40056049745
1781709468017
40073423660
1781709469016
40090787477
1781709470019
40108217604
1781709471018
40125682523
1781709472022
40142987925
1781709473021
40160417058
1781709474020
40177704650
1781709475018
40195236706
1781709476021
40212694618
1781709477018
40230273109
1781709478021
40247764452
1781709479018
40265336731
1781709480018
40282972123
1781709481022
40300458692
1781709482022
40317936356
1781709483021
40335330253
1781709484017
40352762308
1781709485019
40370122591
1781709486019
40387572363
1781709487018
40405072610
1781709488022
40422480904
1781709489022
40439897124
1781709490021
40457253551
1781709491018
40474730160
1781709492018
40492199470
1781709493019
40509552960
1781709494018
40526971979
1781709495018
40544408134
1781709496018
40561940251
1781709497019
40579475107
1781709498022
40596906550
1781709499017
40614416406
1781709500019
40631979413
1781709501022
40649371780
1781709502020
40666863689
1781709503019
40684338216
1781709504018
40701904575
1781709505022
40719426624
1781709506024
40736814126
1781709507018
40754277163
1781709508022
40771735443
1781709509024
40789090630
1781709510020
40806584298
1781709511019
40824067884
1781709512019
40841456961
1781709513017
40858964369
1781709514018
40876545996
1781709515021
40894047575
1781709516020
40911581757
1781709517022
40928979510
1781709518018
40946541431
1781709519021
40964023624
1781709520020
40981534275
1781709521022
40998961648
1781709522018
41016478603
1781709523022
41033827579
1781709524018
41051322441
1781709525019
41068726665
1781709526021
41086205752
1781709527018
41103716250
1781709528018
41121091297
1781709529018
41138704474
1781709530022
41156226110
1781709531021
41173574750
1781709532019
41191022074
1781709533020
41208408153
1781709534021
41225828824
1781709535019
41243302755
1781709536019
41260847556
1781709537020
41278315505
1781709538021
41295340228
1781709539020
41312166021
1781709540019
41329625998
1781709541021
41346944772
1781709542018
41364261740
1781709543018
41381701415
1781709544019
41399012187
1781709545019
41416491564
1781709546020
41433931836
1781709547018
41451295698
1781709548019
41468768819
1781709549020
41486215761
1781709550017
41503584091
1781709551018
41521097435
1781709552022
41538510212
1781709553018
41556000483
1781709554020
41573435966
1781709555019
41590737053
1781709556019
41608194138
1781709557018
41625600459
1781709558021
41642871175
1781709559019
41660364339
1781709560022
41677601609
1781709561017
41695010531
1781709562018
41712611681
1781709563022
41729918445
1781709564018
41747400944
1781709565022
41764808304
1781709566018
41782123483
1781709567018
41799707329
1781709568024
41816952204
1781709569018
41834435070
1781709570022
41843820656
1781709571021
41853189259
1781709572021
41861714787
1781709573022
41870536308
1781709574024
41878564325
1781709575023
41886446915
1781709576023
41894367786
1781709577026
41902950689
1781709578022
41911280177
1781709579021
41922622740
1781709580022
41937341493
1781709581021
41954263584
1781709582020
41971658506
1781709583018
41989152128
1781709584022
42006575967
1781709585022
42023820245
1781709586019
42041189662
1781709587018
42058373321
1781709588018
42075718044
1781709589020
42093019039
1781709590020
42110418291
1781709591018
42127911026
1781709592019
42145153330
1781709593017
42162558090
1781709594022
42179900487
1781709595018
42197159851
1781709596021
42214465558
1781709597018
42231842686
1781709598022
42249216617
1781709599019
42266720689
1781709600021
42284131875
1781709601019
42301452255
1781709602019
42318841959
1781709603022
42336045004
1781709604018
42353317511
1781709605018
42370615691
1781709606021
42387770479
1781709607018
42405240968
1781709608022
42422394762
1781709609017
42439800546
1781709610019
42457268174
1781709611017
42474566507
1781709612019
42492016188
1781709613018
42509494479
1781709614025
42526894588
1781709615021
42544294253
1781709616018
42561695830
1781709617024
42578919484
1781709618020
42596305195
1781709619020
42613456311
1781709620018
42630993049
1781709621022
42648467776
1781709622022
42665701145
1781709623022
42683116355
1781709624019
42700418757
1781709625019
42717790026
1781709626023
42735126012
1781709627018
42752389048
1781709628018
42769906385
1781709629018
42787450023
1781709630022
42804912785
1781709631021
42822326342
1781709632019
42839666031
1781709633022
42856845361
1781709634021
42874270714
1781709635022
42891637790
1781709636019
42909117658
1781709637019
42926618578
1781709638023
42943812902
1781709639018
42961305376
1781709640021
42978715369
1781709641019
42996017068
1781709642020
43013412969
1781709643019
43030620007
1781709644022
43047889346
1781709645020
43065204892
1781709646019
43082343569
1781709647019
43099683166
1781709648017
43117030169
1781709649019
43134420164
1781709650022
43151817519
1781709651022
43169028198
1781709652018
43186333783
1781709653020
43203661125
1781709654022
43221001579
1781709655019
43238368425
1781709656020
43255667324
1781709657018
43273113226
1781709658021
43290511697
1781709659019
43307987143
1781709660022
43325183257
1781709661017
43342534145
1781709662018
43359918740
1781709663019
43377299540
1781709664018
43394710649
1781709665019
43412139782
1781709666022
43429662045
1781709667021
43447065046
1781709668022
43464278357
1781709669018
43481661146
1781709670019
43499062692
1781709671019
43516529264
1781709672018
43533919290
1781709673018
43551421786
1781709674018
43568937701
1781709675021
43586143209
1781709676019
43603403307
1781709677018
43620830558
1781709678023
43637923702
1781709679018
43655315702
1781709680017
43672750327
1781709681018
43690100895
1781709682021
43707470296
1781709683019
43724821950
1781709684021
43742047286
1781709685018
43759439622
1781709686018
43776656070
1781709687018
43794029021
1781709688018
43811471036
1781709689021
43828866631
1781709690018
43846385529
1781709691024
43863548564
1781709692018
43880844067
1781709693022
43898140533
1781709694018
43915545247
1781709695019
43932937491
1781709696021
43950265461
1781709697018
43967540706
1781709698022
43984979064
1781709699018
44002305381
1781709700018
44019668540
1781709701022
44037049065
1781709702018
44054588082
1781709703024
44071880310
1781709704020
44089246438
1781709705021
44106421514
1781709706018
44123876947
1781709707022
44141140197
1781709708022
44158307394
1781709709018
44175679902
1781709710018
44193136743
1781709711020
44210510872
1781709712019
44227888734
1781709713021
44245078299
1781709714018
44262578990
1781709715022
44279878471
1781709716019
44297192884
1781709717021
44314697568
1781709718022
44332102557
1781709719021
44349540381
1781709720019
44366966576
1781709721019
44384472836
1781709722023
44401780655
1781709723020
44418889283
1781709724019
44436278207
1781709725021
44453260503
1781709726019
44469902497
1781709727017
44486776546
1781709728017
44504270275
1781709729018
44521740702
1781709730017
44539183666
1781709731017
44556592787
1781709732019
44573998908
1781709733019
44591497686
1781709734018
44608972352
1781709735017
44626386185
1781709736019
44643865716
1781709737024
44661500694
1781709738042
44678607946
1781709739018
44696132443
1781709740021
44713393766
1781709741019
44730938306
1781709742023
44748285309
1781709743018
44765825657
1781709744019
44783356290
1781709745021
44800884918
1781709746022
44818339648
1781709747018
44835821520
1781709748019
44853286898
1781709749018
44870827491
1781709750019
44888295440
1781709751018
44905850798
1781709752021
44923297801
1781709753019
44940735226
1781709754021
44958147147
1781709755022
44975446137
1781709756018
44992726768
1781709757021
45010252184
1781709758020
45027728135
1781709759019
45045140850
1781709760018
45062673732
1781709761021
45080032439
1781709762019
45097524394
1781709763021
45114906892
1781709764018
45132463183
1781709765022
45149966628
1781709766021
45167466018
1781709767020
45188467380
1781709768235
45202146543
1781709769018
45219706690
1781709770022
45237194483
1781709771021
45254642358
1781709772018
45271941701
1781709773017
45289364484
1781709774019
45306698022
1781709775019
45323995223
1781709776018
45341449280
1781709777022
45358921023
1781709778021
45376399238
1781709779018
45393901398
1781709780023
45411180437
1781709781018
45428762922
1781709782023
45446052228
1781709783017
45463371935
1781709784019
45480859483
1781709785021
45498146433
1781709786018
45515654253
1781709787018
45533108478
1781709788021
45550400400
1781709789019
45567988347
1781709790021
45585407795
1781709791019
45602730027
1781709792017
45620239959
1781709793019
45637765022
1781709794022
45655275505
1781709795022
45672519798
1781709796018
45689840072
1781709797022
45710888481
1781709798236
45724507118
1781709799019
45741987337
1781709800018
45759470188
1781709801022
45776899152
1781709802021
45794210904
1781709803019
45811566780
1781709804018
45829031684
1781709805022
45846493926
1781709806022
45863941403
1781709807019
45881370918
1781709808017
45898945646
1781709809018
45916301553
1781709810020
45933603772
1781709811017
45951035322
1781709812018
45968330519
1781709813018
45985742959
1781709814017
46003247964
1781709815019
46020572598
1781709816019
46038119418
1781709817019
46055523000
1781709818017
46073086819
1781709819018
46090613734
1781709820018
46108070498
1781709821017
46125643359
1781709822017
46143094340
1781709823018
46160569052
1781709824018
46178100113
1781709825018
46195370126
1781709826018
46212732535
1781709827019
46232083730
1781709828135
46247381864
1781709829023
46264685169
1781709830022
46281967835
1781709831018
46299437528
1781709832018
46316842869
1781709833018
46334399940
1781709834024
46351604867
1781709835018
46368975370
1781709836022
46386335500
1781709837022
46403641177
1781709838021
46421014770
1781709839020
46438323247
1781709840019
46455824994
1781709841022
46473192636
1781709842020
46490412342
1781709843018
46507825762
1781709844018
46525163202
1781709845018
46542671604
1781709846019
46560252466
1781709847022
46577696486
1781709848022
46594975847
1781709849019
46612306983
1781709850019
46629706449
1781709851021
46647126387
1781709852018
46664550027
1781709853018
46682002017
1781709854022
46699354727
1781709855019
46716779529
1781709856019
46734348550
1781709857022
46751788393
1781709858019
46769254475
1781709859020
46786697821
1781709860019
46804136241
1781709861019
46821557632
1781709862018
46839018635
1781709863017
46856112131
1781709864019
46873666586
1781709865019
46891096821
1781709866018
46908611863
1781709867019
46926131908
1781709868021
46943551142
1781709869018
46960894503
1781709870018
46978378394
1781709871022
46995835220
1781709872022
47013196206
1781709873022
47030476929
1781709874022
47047779821
1781709875022
47065123014
1781709876018
47082641881
1781709877024
47100085824
1781709878022
47117452824
1781709879018
47134907232
1781709880019
47152313017
1781709881019
47169804420
1781709882022
47187319753
1781709883027
47204734489
1781709884025
47222043822
1781709885020
47239465642
1781709886019
47256919943
1781709887021
47274295342
1781709888019
47291626647
1781709889021
47309063108
1781709890020
47326496892
1781709891016
47343945731
1781709892019
47361374466
1781709893022
47378732576
1781709894019
47396150142
1781709895018
47413415167
1781709896022
47430896121
1781709897021
47448250727
1781709898018
47465742284
1781709899023
47483108671
1781709900019
47500599141
1781709901025
47517924418
1781709902019
47535343284
1781709903022
47552578076
1781709904017
47570018929
1781709905020
47587447480
1781709906017
47604893397
1781709907019
47622303496
1781709908018
47639736485
1781709909021
47657121263
1781709910019
47674542577
1781709911022
47691972199
1781709912022
47709266814
1781709913019
47726711813
1781709914020
47744179211
1781709915020
47761516146
1781709916020
47778816728
1781709917018
47801851490
1781709918335
47813851066
1781709919021
47831318495
1781709920018
47848804742
1781709921020
47866301241
1781709922024
47883658892
1781709923021
47901071914
1781709924019
47918493993
1781709925017
47935864772
1781709926017
47953380166
1781709927019
47971003134
1781709928024
47988438815
1781709929018
48005990226
1781709930020
48023476794
1781709931018
48041026629
1781709932021
48058514957
1781709933019
48075984268
1781709934022
48093402293
1781709935022
48110847858
1781709936023
48128257881
1781709937021
48145671178
1781709938018
48163064554
1781709939018
48180543963
1781709940019
48198012937
1781709941021
48215340875
1781709942024
48232572776
1781709943018
48249871017
1781709944019
48267328500
1781709945018
48284827799
1781709946021
48302215836
1781709947019
48319989616
1781709948043
48336913145
1781709949021
48353641477
1781709950018
48370980997
1781709951018
48387813216
1781709952019
48405100594
1781709953018
48422596634
1781709954022
48439980341
1781709955021
48457382545
1781709956022
48474714676
1781709957019
48492157625
1781709958018
48509714160
1781709959025
48527098143
1781709960020
48544517346
1781709961018
48562007449
1781709962018
48579353044
1781709963021
48595953253
1781709964018
48613369212
1781709965017
48630746708
1781709966018
48648132618
1781709967020
48665438356
1781709968021
48682810527
1781709969019
48700199191
1781709970019
48717750081
1781709971024
48735087567
1781709972019
48752524288
1781709973019
48769832260
1781709974022
48787068888
1781709975018
48804219469
1781709976018
48821568736
1781709977018
48838971645
1781709978019
48856380107
1781709979022
48873743281
1781709980021
48891056746
1781709981019
48908442457
1781709982021
48925771421
1781709983018
48943202696
1781709984023
48960568043
1781709985019
48978006095
1781709986020
48995465323
1781709987021
49012925775
1781709988022
49030363827
1781709989022
49047759346
1781709990018
49065198424
1781709991019
49082745810
1781709992024
49100055924
1781709993022
49117415947
1781709994021
49134612275
1781709995018
49151871424
1781709996018
49169250266
1781709997018
49186763977
1781709998022
49204161270
1781709999021
49221538307
1781710000018
49238955842
1781710001018
49256353533
1781710002017
49273743636
1781710003019
49290984731
1781710004017
49308375017
1781710005022
49325670872
1781710006019
49343020796
1781710007018
49360325938
1781710008018
49377762812
1781710009018
49395180929
1781710010019
49412639178
1781710011022
49430012404
1781710012022
49447448514
1781710013022
49464847658
1781710014021
49482250154
1781710015020
49499601807
1781710016019
49516936080
1781710017018
49534462827
1781710018021
49551848982
1781710019021
49569122070
1781710020018
49586561208
1781710021018
49603726018
1781710022019
49621396600
1781710023043
49638204308
1781710024019
49655456359
1781710025021
49672802458
1781710026021
49690126174
1781710027019
49707557051
1781710028022
49724900733
1781710029020
49742266692
1781710030019
49759776532
1781710031023
49777194787
1781710032020
49794368211
1781710033019
49811792906
1781710034022
49829134278
1781710035022
49846378954
1781710036018
49863882598
1781710037021
49881042037
1781710038018
49898389942
1781710039022
49915838705
1781710040021
49933200961
1781710041017
49950552141
1781710042020
49967789733
1781710043017
49985090697
1781710044019
50002567000
1781710045023
50019903460
1781710046018
50037326672
1781710047021
50054618992
1781710048018
50071930942
1781710049022
50089345861
1781710050022
50106611223
1781710051020
50123702837
1781710052019
50141030057
1781710053021
50158133452
1781710054019
50175476400
1781710055020
50192749182
1781710056019
50210003268
1781710057018
50227302136
1781710058019
50244538076
1781710059019
50261975103
1781710060018
50279422611
1781710061021
50296757924
1781710062019
50314123746
1781710063022
50331367243
1781710064017
50348763726
1781710065020
50366108647
1781710066018
50383543410
1781710067020
50400787168
1781710068020
50418115229
1781710069019
50435354826
1781710070018
50452762492
1781710071021
50470032245
1781710072019
50487494349
1781710073021
50504813291
1781710074021
50522155382
1781710075020
50539354097
1781710076017
50556788049
1781710077018
50574200811
1781710078021
50591565194
1781710079019
50608902787
1781710080019
50626134473
1781710081018
50643618364
1781710082024
50660932563
1781710083018
50678268504
1781710084019
50695652685
1781710085021
50712797299
1781710086018
50730147882
1781710087021
50747536071
1781710088018
50764781849
1781710089019
50782222181
1781710090018
50799691017
1781710091023
50816894261
1781710092022
50834319018
1781710093022
50851675338
1781710094022
50868900644
1781710095019
50886322218
1781710096021
50903469342
1781710097019
50920857654
1781710098020
50938085469
1781710099021
50955240334
1781710100018
50972727010
1781710101018
50990128924
1781710102017
51007541900
1781710103019
51024951755
1781710104021
51042112954
1781710105018
51059554984
1781710106022
51076917363
1781710107020
51094150595
1781710108019
51111565835
1781710109018
51129059274
1781710110023
51146418868
1781710111021
51163793257
1781710112018
51181342694
1781710113043
51198221853
1781710114023
51215518701
1781710115019
51232817295
1781710116021
51250144682
1781710117018
51267589344
1781710118023
51284833041
1781710119018
51302264423
1781710120019
51319683886
1781710121020
51337121021
1781710122020
51354446404
1781710123018
51371834869
1781710124025
51389164812
1781710125019
51406656507
1781710126025
51423969650
1781710127018
51441335532
1781710128019
51458713533
1781710129019
51476100376
1781710130022
51493451066
1781710131019
51510904969
1781710132016
51528367089
1781710133018
51545823578
1781710134022
51563075031
1781710135022
51580422692
1781710136022
51597681367
1781710137022
51614895336
1781710138021
51632107668
1781710139019
51649435346
1781710140018
51666444111
1781710141022
51683917308
1781710142023
51703208542
1781710143135
51718669055
1781710144019
51736189911
1781710145019
51753687174
1781710146023
51771077017
1781710147018
51788635128
1781710148022
51806063114
1781710149022
51823628600
1781710150024
51841101720
1781710151019
51858673342
1781710152019
51876263828
1781710153022
51893790636
1781710154022
51911264904
1781710155018
51928892355
1781710156022
51946471581
1781710157021
51964404833
1781710158042
51981584316
1781710159021
51999126990
1781710160019
52016690105
1781710161018
52034238914
1781710162018
52051798647
1781710163017
52069395407
1781710164021
52086898806
1781710165019
52104430571
1781710166019
52121926917
1781710167019
52139470356
1781710168019
52157031940
1781710169019
52174588966
1781710170021
52192095777
1781710171019
52209645932
1781710172018
52227205406
1781710173018
52244733300
1781710174018
52262195236
1781710175021
52279661609
1781710176019
52297216354
1781710177025
52314683722
1781710178018
52332313713
1781710179022
52349821304
1781710180018
52363469776
1781710181024
52372249605
1781710182023
52382327041
1781710183023
52392537619
1781710184023
52400938482
1781710185019
52409101674
1781710186022
52417343371
1781710187023
52425349586
1781710188019
52433300062
1781710189024
52441006871
1781710190022
52449009659
1781710191022
52456913975
1781710192022
52464835979
1781710193022
52472561454
1781710194021
52480754955
1781710195021
52488518742
1781710196022
52496530556
1781710197023
52504706570
1781710198023
52512624534
1781710199023
52520818602
1781710200023
52528714320
1781710201023
52536646666
1781710202023
52544714402
1781710203021
52552675298
1781710204022
52560528375
1781710205024
52568721403
1781710206022
52576945719
1781710207023
52584820614
1781710208025
52592691240
1781710209022
52600530393
1781710210023
52608326967
1781710211023
52616158716
1781710212024
52623814836
1781710213024
52631532646
1781710214023
52639538753
1781710215022
52647532299
1781710216025
52655646333
1781710217023
52663673784
1781710218023
52671541840
1781710219024
52679039008
1781710220022
52687006483
1781710221023
52694971740
1781710222023
52702960696
1781710223019
52710973749
1781710224023
52719154828
1781710225023
52727228990
1781710226025
52735413403
1781710227023
52743169142
1781710228024
52751098382
1781710229023
52759078128
1781710230023
52766953588
1781710231024
52775054464
1781710232025
52784342895
1781710233237
52790255550
1781710234023
52797952949
1781710235023
52805733183
1781710236024
52813578518
1781710237025
52821340713
1781710238024
52829009256
1781710239022
52836880280
1781710240023
52844659060
1781710241023
52852261477
1781710242024
52859980235
1781710243023
52867504836
1781710244026
52875222615
1781710245022
52883286511
1781710246022
52890952867
1781710247021
52898862309
1781710248023
52906387170
1781710249022
52913936282
1781710250023
52921478386
1781710251023
52928992492
1781710252019
52936804305
1781710253025
52944390351
1781710254024
52952007915
1781710255022
52959853755
1781710256023
52967659891
1781710257024
52975465553
1781710258023
52983254967
1781710259022
52991038536
1781710260025
52998741902
1781710261023
53006397242
1781710262023
53014282694
1781710263023
53022162821
1781710264023
53029960007
1781710265025
53037941864
1781710266023
53046168827
1781710267023
53053981053
1781710268021
53061900562
1781710269024
53069612344
1781710270023
53077232080
1781710271022
53084930627
1781710272023
53093012806
1781710273023
53100790500
1781710274027
53108700677
1781710275023
53116316022
1781710276024
53124113744
1781710277026
53131986833
1781710278023
53139410286
1781710279026
53146963054
1781710280022
53154603155
1781710281022
53162358098
1781710282026
53170119023
1781710283020
53177636862
1781710284019
53185402468
1781710285023
53193186190
1781710286023
53200845034
1781710287022
53208555805
1781710288023
53216054626
1781710289021
53223634690
1781710290023
53231423767
1781710291021
53239012353
1781710292023
53246666269
1781710293022
53254386236
1781710294022
53262201660
1781710295022
53269986101
1781710296021
53277809940
1781710297023
53285544258
1781710298022
53293267530
1781710299023
53300764071
1781710300021
53308563230
1781710301023
53316474432
1781710302023
53324181929
1781710303023
53332050444
1781710304023
53339998932
1781710305022
53347867079
1781710306024
53355958392
1781710307023
53365712142
1781710308247
53371702337
1781710309023
53379796144
1781710310021
53387744494
1781710311025
53395660515
1781710312023
53403695540
1781710313021
53411663076
1781710314022
53419553959
1781710315025
53427230918
1781710316023
53434864011
1781710317022
53442479693
1781710318021
53450027443
1781710319023
53457588244
1781710320023
53465135321
1781710321022
53472840371
1781710322023
53480716826
1781710323046
53488150163
1781710324024
53495747577
1781710325023
53503452274
1781710326023
53511083746
1781710327023
53518970972
1781710328023
53526891782
1781710329023
53534523483
1781710330025
53542311092
1781710331022
53550086796
1781710332023
53557535127
1781710333022
53565220241
1781710334022
53572935709
1781710335025
53580684639
1781710336021
53588463618
1781710337023
53596133554
1781710338023
53604022739
1781710339025
53611474023
1781710340023
53619099757
1781710341020
53626987442
1781710342022
53634568776
1781710343023
53642406583
1781710344026
53650349517
1781710345023
53658077042
1781710346023
53666017406
1781710347023
53673440660
1781710348025
53681096963
1781710349023
53688961607
1781710350023
53696635628
1781710351023
53704439791
1781710352023
53712259162
1781710353023
53719907846
1781710354021
53727588477
1781710355022
53735336779
1781710356023
53743052600
1781710357023
53750762530
1781710358022
53758288416
1781710359025
53765877430
1781710360023
53773531011
1781710361025
53781112252
1781710362024
53788783917
1781710363023
53796120252
1781710364024
53803812403
1781710365024
53811475225
1781710366025
53819025882
1781710367023
53826618293
1781710368020
53834364499
1781710369023
53841904232
1781710370026
53849453772
1781710371023
53856968015
1781710372023
53864573186
1781710373022
53872290078
1781710374026
53879917021
1781710375023
53887497972
1781710376023
53895288977
1781710377023
53902845341
1781710378023
53910392004
1781710379022
53917665288
1781710380023
53925163328
1781710381023
53932627051
1781710382023
53940289153
1781710383026
53947986522
1781710384023
53955491325
1781710385023
53963138693
1781710386024
53970910145
1781710387020
53978692505
1781710388022
53986328429
1781710389025
53993983922
1781710390023
54001737319
1781710391023
54009595062
1781710392022
54017616011
1781710393023
54025426860
1781710394026
54033127824
1781710395023
54041089393
1781710396023
54048705427
1781710397025
54056361899
1781710398022
54063676952
1781710399023
54071001123
1781710400023
54078521700
1781710401023
54085941252
1781710402023
54093703140
1781710403023
54101272158
1781710404025
54108980037
1781710405023
54116658725
1781710406023
54124555636
1781710407023
54132123628
1781710408023
54139506031
1781710409025
54146887700
1781710410023
54154680877
1781710411024
54162399834
1781710412023
54170050431
1781710413023
54177541418
1781710414023
54185088327
1781710415023
54192783783
1781710416026
54200407360
1781710417023
54207882818
1781710418022
54215572995
1781710419023
54223268834
1781710420022
54230912301
1781710421023
54238510189
1781710422023
54246042991
1781710423023
54253773179
1781710424023
54261616387
1781710425023
54269142426
1781710426024
54277029622
1781710427023
54284801120
1781710428023
54292428292
1781710429025
54299789734
1781710430023
54307316691
1781710431023
54315024143
1781710432023
54322842550
1781710433023
54330724819
1781710434024
54338795646
1781710435021
54346624335
1781710436022
54354561546
1781710437022
54362286746
1781710438022
54370023956
1781710439024
54377624827
1781710440019
54385443418
1781710441024
54393001664
1781710442024
54400874906
1781710443022
54408563998
1781710444023
54416295302
1781710445022
54423916002
1781710446023
54431606303
1781710447023
54439059330
1781710448021
54446473328
1781710449021
54453983562
1781710450024
54461664851
1781710451019
54469397609
1781710452025
54477107829
1781710453022
54484757263
1781710454023
54492416122
1781710455023
54500011685
1781710456023
54507677887
1781710457022
54515224322
1781710458021
54522974093
1781710459024
54530383439
1781710460019
54538145160
1781710461024
54545549901
1781710462022
54552862674
1781710463022
54560397159
1781710464019
54568019664
1781710465025
54575601794
1781710466022
54583510455
1781710467023
54591001611
1781710468025
54598642645
1781710469026
54606329028
1781710470023
54613966697
1781710471023
54621674010
1781710472022
