34033964405
1781746596346
34039649304
1781746597023
34047459678
1781746598026
34055729925
1781746599023
34063965548
1781746600023
34071951735
1781746601022
34080294748
1781746602023
34088181561
1781746603023
34096501197
1781746604024
34104787218
1781746605024
34112813215
1781746606023
34121219938
1781746607025
34129554322
1781746608049
34137535230
1781746609023
34145726652
1781746610023
34153953538
1781746611022
34162343278
1781746612026
34170788006
1781746613026
34179083436
1781746614027
34187399904
1781746615023
34195579942
1781746616025
34203827591
1781746617023
34211988871
1781746618026
34220003439
1781746619023
34228342521
1781746620023
34236829431
1781746621023
34250412587
1781746622025
34265761241
1781746623018
34283482175
1781746624018
34301300295
1781746625022
34319224612
1781746626020
34336832663
1781746627018
34354526777
1781746628022
34372473952
1781746629020
34390167300
1781746630018
34408115960
1781746631021
34425767509
1781746632020
34443464055
1781746633021
34461524664
1781746634020
34479225892
1781746635018
34497148802
1781746636022
34515131320
1781746637019
34532796517
1781746638020
34550488626
1781746639017
34568496558
1781746640019
34586264034
1781746641018
34604254417
1781746642021
34621933521
1781746643018
34639679700
1781746644019
34657441333
1781746645020
34675114761
1781746646019
34693045611
1781746647021
34710751383
1781746648019
34728518049
1781746649018
34746537333
1781746650018
34764247053
1781746651018
34781905456
1781746652018
34800216848
1781746653044
34817473580
1781746654021
34835382521
1781746655022
34853206944
1781746656018
34871126212
1781746657021
34888916379
1781746658018
34906556040
1781746659017
34924318651
1781746660018
34942212889
1781746661023
34959809694
1781746662018
34977763632
1781746663018
34995730728
1781746664018
35013514576
1781746665018
35031510390
1781746666020
35049396075
1781746667018
35067160033
1781746668021
35084985512
1781746669019
35102673842
1781746670019
35120716964
1781746671021
35138380324
1781746672019
35156098458
1781746673020
35174188949
1781746674022
35191998424
1781746675021
35209903586
1781746676019
35227668753
1781746677021
35245300901
1781746678022
35263066970
1781746679023
35280859723
1781746680020
35298768465
1781746681019
35316682714
1781746682020
35334305805
1781746683018
35352114561
1781746684017
35370124467
1781746685017
35387847360
1781746686019
35405627153
1781746687018
35423356747
1781746688018
35441086464
1781746689018
35459205963
1781746690022
35477149726
1781746691019
35494935242
1781746692019
35512626357
1781746693018
35530352462
1781746694021
35548257823
1781746695018
35566157430
1781746696020
35583811152
1781746697018
35601589201
1781746698018
35619439956
1781746699022
35637210891
1781746700018
35655018668
1781746701021
35672710945
1781746702019
35690706667
1781746703019
35708524481
1781746704021
35726262552
1781746705020
35744296233
1781746706019
35762361953
1781746707022
35780312295
1781746708020
35798294707
1781746709021
35816046624
1781746710019
35833855196
1781746711021
35851827708
1781746712018
35869610822
1781746713022
35887344440
1781746714018
35905284547
1781746715017
35923193151
1781746716018
35940975346
1781746717018
35958806946
1781746718023
35976567537
1781746719022
35994292649
1781746720020
36012008121
1781746721019
36029906566
1781746722021
36047703097
1781746723023
36065614608
1781746724024
36083391327
1781746725021
36101059889
1781746726018
36119039454
1781746727019
36137135881
1781746728023
36154995097
1781746729021
36172979819
1781746730018
36191013179
1781746731022
36208861195
1781746732018
36226831458
1781746733022
36244830240
1781746734021
36262809026
1781746735019
36280669006
1781746736018
36298785889
1781746737025
36316628290
1781746738019
36334430345
1781746739022
36352194242
1781746740020
36370147032
1781746741019
36388057121
1781746742019
36405887618
1781746743018
36423877924
1781746744017
36441971215
1781746745022
36459814962
1781746746022
36477722511
1781746747023
36495695237
1781746748022
36513669203
1781746749021
36531448323
1781746750021
36549161424
1781746751018
36567029666
1781746752018
36584791727
1781746753019
36602686485
1781746754023
36620441767
1781746755020
36638404931
1781746756021
36656383441
1781746757020
36674257284
1781746758020
36692113424
1781746759021
36709948512
1781746760017
36727923717
1781746761023
36745930531
1781746762023
36763753777
1781746763022
36781789815
1781746764022
36799712464
1781746765022
36817468022
1781746766019
36835509537
1781746767018
36853484666
1781746768024
36871391725
1781746769019
36889333622
1781746770022
36907161166
1781746771022
36925172158
1781746772019
36943081695
1781746773018
36960892441
1781746774022
36978731675
1781746775019
36996472728
1781746776020
37014224462
1781746777021
37031969386
1781746778020
37049722956
1781746779019
37067699629
1781746780018
37085773657
1781746781022
37103845329
1781746782018
37122085040
1781746783022
37139864436
1781746784022
37157659452
1781746785018
37175634428
1781746786022
37193479170
1781746787021
37213549618
1781746788135
37229503418
1781746789024
37247308410
1781746790017
37265541390
1781746791019
37283719932
1781746792022
37301627296
1781746793018
37319738564
1781746794019
37337686214
1781746795019
37355764679
1781746796022
37373490249
1781746797021
37391271236
1781746798019
37409200801
1781746799018
37427280551
1781746800022
37445245260
1781746801019
37463296062
1781746802018
37481311476
1781746803022
37499264740
1781746804022
37517155658
1781746805022
37535015868
1781746806018
37553036697
1781746807019
37571042135
1781746808021
37589009292
1781746809017
37607056040
1781746810018
37625082730
1781746811023
37643182798
1781746812024
37661036536
1781746813019
37679077348
1781746814025
37696875379
1781746815019
37714823059
1781746816021
37732801171
1781746817017
37750834899
1781746818018
37768791024
1781746819022
37786930031
1781746820024
37804809871
1781746821020
37822772882
1781746822018
37840938817
1781746823022
37858887706
1781746824023
37876977630
1781746825022
37895150297
1781746826024
37913229802
1781746827020
37931337016
1781746828018
37949389011
1781746829022
37967164628
1781746830019
37985230990
1781746831018
38003214672
1781746832018
38021241223
1781746833018
38039326757
1781746834022
38057156367
1781746835022
38075256206
1781746836021
38093147169
1781746837018
38111192999
1781746838023
38129258795
1781746839022
38147046345
1781746840021
38165068537
1781746841018
38183236874
1781746842027
38201029244
1781746843020
38219122687
1781746844019
38237298812
1781746845024
38255170160
1781746846019
38273275201
1781746847021
38291184111
1781746848019
38309022748
1781746849019
38327073030
1781746850024
38344866104
1781746851018
38363033232
1781746852020
38380987691
1781746853018
38399035617
1781746854022
38417086710
1781746855018
38435043845
1781746856019
38453092154
1781746857018
38471153222
1781746858021
38488907373
1781746859018
38507207305
1781746860025
38524980856
1781746861019
38542854867
1781746862021
38560954950
1781746863018
38578838340
1781746864022
38596713453
1781746865018
38614722134
1781746866019
38632586613
1781746867018
38650790063
1781746868018
38668720256
1781746869018
38686762918
1781746870016
38704763904
1781746871019
38722957562
1781746872022
38741022945
1781746873022
38759065960
1781746874022
38777102564
1781746875024
38795087546
1781746876018
38813008757
1781746877020
38830861577
1781746878019
38848907162
1781746879022
38866798370
1781746880018
38884997307
1781746881024
38902835409
1781746882019
38920697730
1781746883020
38938821743
1781746884018
38956766027
1781746885022
38974704114
1781746886018
38992727422
1781746887022
39010762328
1781746888025
39028961433
1781746889023
39046967682
1781746890018
39065090180
1781746891021
39083257890
1781746892020
39101069889
1781746893020
39118963347
1781746894021
39137020942
1781746895018
39155099728
1781746896022
39173334543
1781746897021
39191466298
1781746898020
39209516244
1781746899018
39227683555
1781746900021
39245660336
1781746901018
39263816724
1781746902021
39282048648
1781746903020
39300110160
1781746904019
39318453697
1781746905019
39336650201
1781746906022
39354672637
1781746907022
39372828474
1781746908020
39390792235
1781746909018
39408922306
1781746910022
39426965321
1781746911022
39444916199
1781746912019
39462820137
1781746913019
39480877074
1781746914018
39498951668
1781746915021
39517133025
1781746916018
39535082128
1781746917018
39553233528
1781746918021
39571057416
1781746919019
39588962746
1781746920021
39607118812
1781746921022
39625355494
1781746922022
39643420005
1781746923019
39661560558
1781746924021
39679318977
1781746925018
39697481102
1781746926020
39715710593
1781746927020
39733746325
1781746928019
39751980972
1781746929021
39770099951
1781746930020
39787938160
1781746931018
39806240877
1781746932020
39824255188
1781746933020
39842144316
1781746934020
39860163432
1781746935019
39878047433
1781746936018
39896256545
1781746937021
39914276594
1781746938021
39932170082
1781746939019
39950442168
1781746940022
39968352730
1781746941019
39986247886
1781746942018
40004711865
1781746943024
40022584988
1781746944018
40040657424
1781746945024
40058552106
1781746946018
40076452371
1781746947022
40094629016
1781746948021
40112635632
1781746949018
40130896151
1781746950018
40149154223
1781746951021
40167018120
1781746952023
40185152858
1781746953018
40203210301
1781746954022
40220930103
1781746955017
40239116433
1781746956019
40257134600
1781746957020
40275300106
1781746958019
40293455897
1781746959020
40311148006
1781746960020
40329311631
1781746961021
40347469380
1781746962018
40365597126
1781746963019
40383912588
1781746964022
40402101182
1781746965023
40420297120
1781746966022
40438344204
1781746967019
40460145725
1781746968235
40474342427
1781746969021
40492434463
1781746970025
40510373866
1781746971019
40528660242
1781746972019
40546746112
1781746973021
40564659979
1781746974019
40582904969
1781746975022
40600681228
1781746976019
40618870297
1781746977019
40637148702
1781746978022
40655236239
1781746979022
40673421039
1781746980022
40691347269
1781746981021
40709352844
1781746982018
40727336342
1781746983018
40745363552
1781746984022
40763454639
1781746985019
40781449703
1781746986021
40799400719
1781746987018
40817607750
1781746988018
40835596434
1781746989022
40853812614
1781746990021
40871905904
1781746991020
40889708433
1781746992018
40907976282
1781746993021
40926209460
1781746994018
40944344290
1781746995022
40962618365
1781746996021
40980746463
1781746997018
40998774652
1781746998018
41016848634
1781746999021
41034613877
1781747000018
41052931572
1781747001021
41071052724
1781747002022
41089036512
1781747003022
41107283292
1781747004021
41125236511
1781747005019
41143369398
1781747006021
41161331827
1781747007018
41179608779
1781747008020
41197819359
1781747009020
41215819794
1781747010022
41233927543
1781747011024
41252145696
1781747012018
41270203476
1781747013018
41288393110
1781747014023
41306579562
1781747015023
41324696399
1781747016024
41342609379
1781747017018
41360639052
1781747018020
41378582984
1781747019018
41397011819
1781747020022
41415156915
1781747021022
41433277118
1781747022019
41451504452
1781747023021
41469486251
1781747024020
41487615313
1781747025019
41505779978
1781747026021
41523749858
1781747027019
41541937305
1781747028021
41559805701
1781747029019
41577753182
1781747030018
41595757074
1781747031022
41613567896
1781747032022
41631715058
1781747033022
41649612493
1781747034023
41667403746
1781747035019
41685561557
1781747036018
41703521431
1781747037022
41721479684
1781747038020
41739587295
1781747039020
41757537316
1781747040020
41775533589
1781747041018
41793847582
1781747042022
41811889174
1781747043019
41830270992
1781747044019
41848380684
1781747045023
41866362774
1781747046018
41884496685
1781747047021
41902519718
1781747048018
41920729136
1781747049018
41938730427
1781747050023
41956469140
1781747051019
41974680332
1781747052019
41992629252
1781747053022
42010691881
1781747054019
42028819918
1781747055018
42046939891
1781747056025
42064960155
1781747057019
42082849022
1781747058018
42100815001
1781747059024
42118853915
1781747060019
42136876673
1781747061021
42154907707
1781747062019
42172982469
1781747063021
42190901325
1781747064019
42208921190
1781747065021
42226876551
1781747066021
42244870621
1781747067019
42263242188
1781747068019
42281076051
1781747069018
42299282332
1781747070021
42317240065
1781747071019
42335185190
1781747072018
42353489988
1781747073025
42371373240
1781747074023
42389138437
1781747075019
42407354739
1781747076018
42425358433
1781747077021
42443247254
1781747078019
42461303411
1781747079021
42479267202
1781747080019
42497421509
1781747081018
42515498475
1781747082018
42533519763
1781747083023
42551724713
1781747084023
42569503175
1781747085022
42587501499
1781747086018
42605644560
1781747087019
42623614517
1781747088018
42641688346
1781747089020
42659885875
1781747090022
42677921286
1781747091017
42696278455
1781747092018
42714459246
1781747093018
42732702997
1781747094022
42750791100
1781747095018
42768702198
1781747096018
42786863191
1781747097019
42805149889
1781747098020
42823277222
1781747099022
42841529678
1781747100020
42859399941
1781747101019
42877452395
1781747102021
42895577204
1781747103018
42913714053
1781747104022
42931932069
1781747105021
42949822650
1781747106019
42967909438
1781747107018
42986183023
1781747108022
43004181928
1781747109023
43022170123
1781747110022
43040419290
1781747111022
43058538575
1781747112019
43076883152
1781747113019
43094866895
1781747114018
43112814284
1781747115019
43130966036
1781747116021
43148801445
1781747117020
43166906317
1781747118021
43184744496
1781747119019
43202605639
1781747120018
43220707268
1781747121020
43238602913
1781747122018
43256684560
1781747123019
43274978617
1781747124019
43293108995
1781747125019
43311316469
1781747126024
43329237512
1781747127021
43347394297
1781747128022
43365636181
1781747129020
43383692920
1781747130018
43401766412
1781747131022
43420042308
1781747132022
43438175746
1781747133022
43456211692
1781747134023
43474400255
1781747135022
43492504577
1781747136019
43510694058
1781747137018
43529126427
1781747138022
43547430858
1781747139021
43565703250
1781747140019
43583839748
1781747141021
43601963424
1781747142019
43620195654
1781747143021
43638211419
1781747144018
43656365358
1781747145023
43674466941
1781747146023
43692582585
1781747147021
43710772480
1781747148021
43728977322
1781747149020
43747078309
1781747150022
43765384881
1781747151018
43783773171
1781747152022
43802050643
1781747153022
43820287080
1781747154024
43838216890
1781747155018
43856352056
1781747156019
43874246722
1781747157022
43892334520
1781747158022
43910440754
1781747159018
43928723504
1781747160021
43946927261
1781747161018
43964946438
1781747162017
43983110399
1781747163018
44001314982
1781747164019
44019223157
1781747165020
44037430479
1781747166018
44055592665
1781747167020
44073874222
1781747168020
44092158150
1781747169020
44110161783
1781747170017
44128326784
1781747171022
44146455739
1781747172020
44164479934
1781747173017
44182614718
1781747174018
44200844439
1781747175021
44218943681
1781747176018
44237147927
1781747177018
44257449497
1781747178135
44273406953
1781747179022
44291692855
1781747180023
44309804858
1781747181019
44328029958
1781747182022
44346170173
1781747183018
44364091201
1781747184019
44382222221
1781747185020
44400392302
1781747186018
44418520828
1781747187022
44436666276
1781747188020
44454737887
1781747189020
44472818968
1781747190020
44490800691
1781747191018
44508904094
1781747192021
44526812530
1781747193017
44544812154
1781747194022
44562743004
1781747195022
44580725094
1781747196018
44598787876
1781747197021
44616878535
1781747198022
44634977854
1781747199018
44653187133
1781747200018
44671380822
1781747201021
44689455386
1781747202018
44707678053
1781747203018
44725889490
1781747204021
44743883024
1781747205018
44762138525
1781747206022
44780169009
1781747207018
44798529468
1781747208021
44816621290
1781747209019
44834922354
1781747210023
44852879337
1781747211018
44871080936
1781747212023
44889185380
1781747213021
44907392319
1781747214019
44925716333
1781747215021
44943959135
1781747216022
44962122515
1781747217017
44980048683
1781747218018
44998105820
1781747219023
45015980183
1781747220022
45034007882
1781747221018
45049265470
1781747222025
45058311045
1781747223023
45068104177
1781747224023
45077814750
1781747225024
45088573266
1781747226019
45098264898
1781747227023
45107999049
1781747228018
45117212954
1781747229023
45131498243
1781747230024
45146586154
1781747231024
45163958187
1781747232020
45182090125
1781747233018
45200101882
1781747234018
45218251951
1781747235021
45236277447
1781747236019
45254327301
1781747237019
45272270421
1781747238018
45290114245
1781747239023
45308052118
1781747240018
45326254926
1781747241021
45344191453
1781747242022
45362317852
1781747243022
45380323382
1781747244020
45398328407
1781747245023
45416524865
1781747246022
45434545389
1781747247022
45452542136
1781747248021
45470711529
1781747249020
45488544229
1781747250022
45506550096
1781747251020
45524655810
1781747252020
45542617229
1781747253019
45560680884
1781747254018
45578714152
1781747255021
45596533664
1781747256019
45614609237
1781747257019
45632543805
1781747258021
45650374716
1781747259018
45668432618
1781747260022
45686301029
1781747261018
45704378560
1781747262016
45722449574
1781747263022
45740550116
1781747264020
45758366477
1781747265021
45776287550
1781747266019
45794344518
1781747267019
45812488896
1781747268019
45830444654
1781747269018
45848692536
1781747270019
45866892789
1781747271020
45885231445
1781747272018
45903404357
1781747273019
45921605451
1781747274019
45940028548
1781747275022
45958238807
1781747276022
45976256592
1781747277022
45994536252
1781747278021
46012628670
1781747279022
46030756416
1781747280025
46048850594
1781747281021
46066944236
1781747282019
46085108121
1781747283018
46103289723
1781747284019
46121241825
1781747285022
46138919552
1781747286022
46156782684
1781747287022
46174601309
1781747288023
46192567227
1781747289019
46210549944
1781747290022
46228543662
1781747291023
46246421467
1781747292019
46264155606
1781747293021
46282133029
1781747294019
46299978215
1781747295021
46317763700
1781747296018
46335937330
1781747297019
46353766558
1781747298018
46371632429
1781747299017
46389427523
1781747300018
46407027159
1781747301022
46424879749
1781747302021
46443050244
1781747303022
46461002621
1781747304022
46479066015
1781747305021
46496695012
1781747306019
46514704106
1781747307021
46532700303
1781747308017
46550649207
1781747309019
46568767697
1781747310020
46586583552
1781747311019
46604637766
1781747312018
46622744674
1781747313019
46640728049
1781747314024
46658678147
1781747315019
46676702954
1781747316017
46694651094
1781747317019
46712824816
1781747318021
46730703371
1781747319020
46748966094
1781747320019
46767078126
1781747321019
46784926724
1781747322022
46802955418
1781747323022
46820725358
1781747324018
46838359296
1781747325018
46856639553
1781747326022
46874765907
1781747327022
46892861461
1781747328022
46910981343
1781747329018
46929209090
1781747330022
46947266410
1781747331019
46965428183
1781747332022
46983308635
1781747333018
47001564871
1781747334021
47019498735
1781747335018
47037561257
1781747336020
47055824072
1781747337018
47073968663
1781747338021
47092257243
1781747339019
47110541094
1781747340021
47128673629
1781747341019
47147021955
1781747342019
47165113440
1781747343018
47183266125
1781747344017
47201402745
1781747345020
47219505966
1781747346018
47237537306
1781747347019
47255630413
1781747348021
47273882456
1781747349019
47292376163
1781747350020
47310577089
1781747351020
47328835757
1781747352018
47347108562
1781747353019
47365317689
1781747354022
47383562602
1781747355018
47401813972
1781747356023
47419993402
1781747357021
47438195292
1781747358019
47456213184
1781747359020
47474340363
1781747360020
47492503284
1781747361017
47510548150
1781747362019
47528875683
1781747363021
47547060590
1781747364017
47565266611
1781747365021
47583499437
1781747366018
47601433501
1781747367021
47618943157
1781747368018
47636563372
1781747369020
47654127542
1781747370019
47672055776
1781747371018
47690009271
1781747372022
47707843394
1781747373022
47725675713
1781747374018
47743588264
1781747375021
47761404517
1781747376018
47779522686
1781747377017
47797326699
1781747378019
47815174409
1781747379019
47833137037
1781747380018
47851052679
1781747381019
47869135428
1781747382022
47887069767
1781747383023
47904983359
1781747384022
47922767038
1781747385022
47940576774
1781747386020
47958573276
1781747387020
47976343477
1781747388019
47994141584
1781747389019
48012334371
1781747390024
48030161716
1781747391022
48048067352
1781747392018
48066065737
1781747393022
48083821953
1781747394018
48101885714
1781747395018
48119963093
1781747396022
48137903123
1781747397022
48156079584
1781747398023
48174127357
1781747399020
48192111360
1781747400019
48210312270
1781747401020
48228331447
1781747402020
48246367883
1781747403019
48264381613
1781747404021
48282289085
1781747405017
48300362945
1781747406020
48318236160
1781747407019
48336279618
1781747408022
48354322648
1781747409022
48372233119
1781747410018
48390358784
1781747411018
48408490110
1781747412021
48426405186
1781747413019
48444238683
1781747414019
48462210078
1781747415022
48480137134
1781747416020
48498269669
1781747417018
48516072657
1781747418019
48534067308
1781747419019
48552163245
1781747420020
48570210162
1781747421018
48588380793
1781747422022
48606085188
1781747423020
48624051764
1781747424018
48641992774
1781747425018
48659913220
1781747426022
48677915215
1781747427020
48695855919
1781747428019
48713914096
1781747429020
48731739177
1781747430018
48749791020
1781747431021
48767817510
1781747432019
48785918160
1781747433025
48803559687
1781747434018
48821620878
1781747435021
48839452707
1781747436018
48857246378
1781747437018
48875359374
1781747438021
48893223700
1781747439020
48911398540
1781747440020
48929263585
1781747441019
48947110499
1781747442019
48965184986
1781747443018
48983055462
1781747444019
49001040046
1781747445019
49019358216
1781747446022
49037240137
1781747447022
49055309559
1781747448021
49073341635
1781747449018
49091447073
1781747450024
49109604807
1781747451021
49127464084
1781747452020
49145390436
1781747453018
49163409185
1781747454021
49181255457
1781747455021
49198972199
1781747456019
49216764462
1781747457021
49234600330
1781747458023
49252399631
1781747459018
49270129439
1781747460019
49287957351
1781747461022
49305789792
1781747462023
49323424082
1781747463021
49341130374
1781747464020
49359087632
1781747465019
49376835189
1781747466019
49394746332
1781747467021
49412503757
1781747468019
49430379053
1781747469021
49448380513
1781747470021
49466369044
1781747471019
49484558403
1781747472022
49502657952
1781747473017
49520520105
1781747474020
49538386313
1781747475018
49556439441
1781747476021
49574464860
1781747477022
49592603010
1781747478018
49610349266
1781747479020
49628185241
1781747480019
49646216765
1781747481021
49663891800
1781747482019
49681706584
1781747483021
49699645375
1781747484019
49717638175
1781747485019
49735397880
1781747486018
49753200256
1781747487018
49771231137
1781747488018
49789156128
1781747489018
49806825134
1781747490019
49824800109
1781747491021
49842666746
1781747492019
49860518388
1781747493018
49878741346
1781747494019
49896674828
1781747495021
49914627924
1781747496018
49932657597
1781747497018
49950462391
1781747498022
49968527499
1781747499018
49986566948
1781747500018
50004295548
1781747501018
50022416317
1781747502022
50040231423
1781747503017
50058465948
1781747504021
50076610891
1781747505019
50094658006
1781747506025
50112640111
1781747507019
50135995071
1781747508334
50148194970
1781747509021
50165992665
1781747510018
50183832128
1781747511018
50201812168
1781747512019
50219830779
1781747513018
50237831749
1781747514018
50255914559
1781747515018
50274011812
1781747516018
50291763499
1781747517019
50309631895
1781747518021
50327390207
1781747519018
50345344971
1781747520022
50363111561
1781747521018
50381049128
1781747522022
50399074746
1781747523019
50416929143
1781747524022
50434520685
1781747525019
50452373658
1781747526019
50470338398
1781747527018
50488487625
1781747528022
50506332704
1781747529021
50523960369
1781747530018
50541791066
1781747531017
50560036346
1781747532019
50578062669
1781747533018
50596335413
1781747534024
50614199922
1781747535018
50632160531
1781747536021
50650087663
1781747537020
50667917580
1781747538019
50686032550
1781747539018
50703867913
1781747540022
50721805159
1781747541017
50740126281
1781747542018
50758113038
1781747543018
50776160780
1781747544019
50794214841
1781747545020
50812026612
1781747546019
50830233092
1781747547022
50848202207
1781747548021
50865943980
1781747549018
50883979146
1781747550019
50901760270
1781747551020
50919843799
1781747552023
50937770534
1781747553019
50955591224
1781747554024
50973391963
1781747555019
50991299068
1781747556018
51009223064
1781747557022
51027304527
1781747558023
51045155940
1781747559018
51063285155
1781747560022
51081205525
1781747561018
51099055591
1781747562018
51117096265
1781747563022
51135025264
1781747564023
51152867833
1781747565019
51170833873
1781747566018
51188875587
1781747567024
51206781269
1781747568018
51224552020
1781747569019
51242457519
1781747570018
51260497947
1781747571021
51278291281
1781747572019
51296147575
1781747573021
51314173668
1781747574019
51332049576
1781747575021
51349932797
1781747576018
51367874051
1781747577022
51385668211
1781747578020
51403479905
1781747579018
51421551041
1781747580020
51439280467
1781747581018
51457198741
1781747582018
51475490319
1781747583043
51493087629
1781747584021
51510918188
1781747585022
51528669294
1781747586022
51546539113
1781747587019
51564280212
1781747588018
51582243881
1781747589022
51600105530
1781747590018
51617907202
1781747591019
51635928047
1781747592024
51653661925
1781747593018
51671469090
1781747594021
51689569709
1781747595021
51707078065
1781747596019
51724771261
1781747597021
51742745838
1781747598022
51760457899
1781747599022
51778291716
1781747600022
51796130445
1781747601019
51813976167
1781747602018
51832111792
1781747603021
51849900750
1781747604021
51867788087
1781747605019
51885663322
1781747606018
51903456105
1781747607022
51921173138
1781747608019
51939051754
1781747609020
51956871572
1781747610019
51974701550
1781747611022
51992415599
1781747612019
52010237850
1781747613018
52028294558
1781747614020
52046002931
1781747615018
52063819689
1781747616018
52081913882
1781747617024
52099704049
1781747618018
52117616417
1781747619021
52135520752
1781747620018
52153552506
1781747621018
52171479807
1781747622021
52189326630
1781747623021
52207277584
1781747624020
52225087167
1781747625017
52242935351
1781747626018
52261043605
1781747627024
52279187033
1781747628045
52296670925
1781747629021
52314466630
1781747630021
52332162870
1781747631019
52350179110
1781747632018
52368150949
1781747633023
52386098675
1781747634021
52404091873
1781747635019
52422012946
1781747636018
52439975789
1781747637019
52457838983
1781747638021
52475471911
1781747639019
52493332152
1781747640019
52511231683
1781747641020
52529193210
1781747642017
52547491062
1781747643045
52564932082
1781747644019
52582896853
1781747645023
52600457351
1781747646019
52618292990
1781747647022
52636346653
1781747648019
52654114926
1781747649018
52672028931
1781747650019
52690157901
1781747651021
52708110523
1781747652018
52726086416
1781747653018
52743898462
1781747654017
52761695483
1781747655019
52779566862
1781747656018
52797235425
1781747657021
52814819944
1781747658018
52833103475
1781747659023
52851315432
1781747660021
52869483463
1781747661018
52887781376
1781747662018
52905898764
1781747663021
52924075271
1781747664019
52942411219
1781747665018
52960755185
1781747666018
52979118245
1781747667021
52997365943
1781747668019
53015572897
1781747669019
53033847110
1781747670019
53052098342
1781747671021
53070318531
1781747672019
53088630978
1781747673021
53106811203
1781747674017
53125061931
1781747675018
53143306461
1781747676018
53161650687
1781747677021
53179879597
1781747678018
53198411355
1781747679024
53216665004
1781747680020
53234918256
1781747681018
53253225747
1781747682021
53271458848
1781747683020
53289740222
1781747684021
53308039266
1781747685020
53326326347
1781747686019
53344374823
1781747687018
53362549219
1781747688021
53380690398
1781747689021
53398909011
1781747690019
53417273662
1781747691021
53435327112
1781747692018
53453594363
1781747693021
53471734502
1781747694018
53489913824
1781747695018
53508403216
1781747696022
53526664103
1781747697019
53544855726
1781747698019
53563083611
1781747699021
53581356095
1781747700019
53599715605
1781747701018
53618017848
1781747702022
53636153366
1781747703021
53654199104
1781747704018
53672483951
1781747705018
53690733469
1781747706018
53709003918
1781747707016
53727309114
1781747708020
53745484565
1781747709018
53763783044
1781747710018
53782087520
1781747711018
53800285968
1781747712023
53818516147
1781747713022
53836874158
1781747714021
53854947390
1781747715017
53873310052
1781747716018
53891658899
1781747717019
53909884917
1781747718019
53928248221
1781747719018
53946649501
1781747720024
53964530381
1781747721017
53982665624
1781747722019
54000974369
1781747723020
54019137122
1781747724019
54037411641
1781747725018
54055419404
1781747726019
54073507538
1781747727019
54091689507
1781747728021
54109879081
1781747729019
54128220629
1781747730019
54146329525
1781747731018
54164603096
1781747732022
54182984516
1781747733043
54200512869
1781747734023
54218508025
1781747735022
54236677173
1781747736021
54255015401
1781747737018
54273341557
1781747738022
54291523863
1781747739018
54309885577
1781747740021
54328309470
1781747741019
54346495478
1781747742020
54364508566
1781747743020
54382599531
1781747744018
54400722518
1781747745022
54418902728
1781747746023
54436761622
1781747747018
54454780631
1781747748019
54472932062
1781747749018
54491216449
1781747750022
54509460919
1781747751018
54527769159
1781747752021
54546042469
1781747753018
54564541684
1781747754022
54582560448
1781747755019
54600538193
1781747756019
54618913875
1781747757020
54636996593
1781747758019
54655053714
1781747759018
54673412812
1781747760020
54691589885
1781747761018
54709999778
1781747762021
54728088769
1781747763018
54746335947
1781747764020
54764570808
1781747765020
54782625084
1781747766019
54800848975
1781747767021
54819157506
1781747768018
54837361186
1781747769021
54855594578
1781747770018
54874036464
1781747771024
54892261074
1781747772020
54910557334
1781747773020
54928600686
1781747774019
54946800479
1781747775020
54965089564
1781747776018
54983526875
1781747777021
55002232548
1781747778045
55020040493
1781747779018
55038399254
1781747780019
55056668203
1781747781020
55074833358
1781747782019
55093088997
1781747783018
55111595831
1781747784022
55129668696
1781747785018
55147914986
1781747786019
55166193253
1781747787019
55184428191
1781747788021
55202672997
1781747789018
55220801600
1781747790018
55239168271
1781747791021
55257351633
1781747792018
55275372630
1781747793018
55293507047
1781747794018
55311590301
1781747795020
55329556509
1781747796018
55347791891
1781747797018
55366083225
1781747798021
55384197904
1781747799016
55402471750
1781747800019
55420517075
1781747801020
55438929447
1781747802019
55457143760
1781747803023
55475226846
1781747804018
55493507194
1781747805021
55511534159
1781747806018
55529751501
1781747807018
55548165985
1781747808021
55566276534
1781747809018
55584696999
1781747810023
55602995371
1781747811019
55621231900
1781747812019
55639836516
1781747813021
55658054685
1781747814019
55676178071
1781747815020
55694494634
1781747816018
55712774125
1781747817022
55731065337
1781747818022
55749257603
1781747819021
55767528878
1781747820022
55785924741
1781747821022
55804194701
1781747822024
55822345152
1781747823018
55840576448
1781747824022
55858496359
1781747825020
55876101258
1781747826020
55893673706
1781747827018
55911708474
1781747828022
55929984048
1781747829022
55947976175
1781747830019
55959086194
1781747831023
55970467864
1781747832018
55980636657
1781747833022
55989736745
1781747834022
55999343630
1781747835022
56009454849
1781747836020
56022908797
1781747837023
56037927736
1781747838026
56055243267
1781747839023
56073021255
1781747840020
56090829353
1781747841019
56108825366
1781747842022
56126754717
1781747843022
56144507490
1781747844021
56162334132
1781747845019
56180340657
1781747846021
56198084281
1781747847020
56216079009
1781747848019
56233772173
1781747849018
56251815020
1781747850021
56269587974
1781747851019
56287272249
1781747852019
56307066762
1781747853135
56322770652
1781747854021
56340552985
1781747855022
56358532198
1781747856023
56376354403
1781747857024
56393902386
1781747858018
56411954994
1781747859020
56429641289
1781747860018
56447638128
1781747861019
56465324577
1781747862019
56483054614
1781747863019
56501149190
1781747864020
56518716788
1781747865016
56536405638
1781747866018
56554182295
1781747867023
56571774954
1781747868020
56589676811
1781747869022
56607493171
1781747870021
56625059392
1781747871019
56643077513
1781747872021
56660717664
1781747873021
56678694689
1781747874021
56696340546
1781747875018
56714125481
1781747876022
56732086946
1781747877019
56749873594
1781747878021
56767456553
1781747879018
56785126599
1781747880022
56802906882
1781747881022
56820643530
1781747882019
56838526874
1781747883019
56856381163
1781747884021
56874335728
1781747885018
56892136681
1781747886021
56909853699
1781747887018
56927616295
1781747888019
56945403065
1781747889019
56963143629
1781747890018
56980891584
1781747891019
56998532392
1781747892018
57016679814
1781747893021
57034441629
1781747894023
57052042719
1781747895019
57069867647
1781747896019
57087652046
1781747897019
57105539903
1781747898018
57123640507
1781747899019
57141583322
1781747900020
57159338146
1781747901020
57177058162
1781747902018
57194871371
1781747903019
57212712089
1781747904022
57230423231
1781747905024
57248306315
1781747906023
57265970394
1781747907021
57283634397
1781747908018
57301652136
1781747909021
57319411076
1781747910024
57336983906
1781747911018
57354855071
1781747912018
57376416152
1781747913237
57390297077
1781747914018
57408114004
1781747915019
57426013688
1781747916019
57443739763
1781747917022
57461355433
1781747918018
57479082013
1781747919019
57496782201
1781747920019
57514632956
1781747921017
57532649746
1781747922017
57550474353
1781747923018
57568184302
1781747924022
57585943303
1781747925022
57603746505
1781747926018
57621587391
1781747927018
57643220337
1781747928235
57657003939
1781747929019
57674824109
1781747930018
57692558507
1781747931017
57710303615
1781747932019
57728370911
1781747933017
57746284151
1781747934019
57764226798
1781747935020
57782201804
1781747936019
57799856443
1781747937017
57817698033
1781747938018
57835670270
1781747939019
57853442490
1781747940019
57871308866
1781747941018
57889076940
1781747942019
57906759364
1781747943017
57924728632
1781747944017
57942510384
1781747945017
57960276912
1781747946019
57978247665
1781747947022
57996250961
1781747948022
58013971237
1781747949020
58031701948
1781747950018
58049490141
1781747951019
58067594065
1781747952020
58085353204
1781747953022
58103211639
1781747954023
58120916478
1781747955019
58138598229
1781747956019
58156689714
1781747957022
58174453565
1781747958020
58192176626
1781747959019
58210024152
1781747960021
58227687834
1781747961018
58245646285
1781747962022
58263541364
1781747963019
58281371984
1781747964019
58299263804
1781747965019
58317155685
1781747966018
58335011550
1781747967020
58352861494
1781747968018
58370662035
1781747969019
58388666340
1781747970021
58406519635
1781747971019
58424419931
1781747972018
58442114029
1781747973020
58459886677
1781747974020
58477632291
1781747975018
58495216825
1781747976019
58513277328
1781747977022
58531267129
1781747978018
58549529668
1781747979019
58567570984
1781747980018
58585599143
1781747981018
58603824181
1781747982021
58621948286
1781747983016
58640052470
1781747984017
58657982769
1781747985019
58676162627
1781747986018
58694184023
1781747987021
58711982880
1781747988018
58730141685
1781747989019
58748358125
1781747990020
58766482536
1781747991020
58784482741
1781747992018
58802362306
1781747993020
58820613232
1781747994021
58838728126
1781747995019
58856967547
1781747996019
58875104167
1781747997017
58893205643
1781747998023
58911364692
1781747999020
58929745516
1781748000019
58947765626
1781748001018
58966049692
1781748002020
58984493827
1781748003042
59002133610
1781748004020
59020239584
1781748005018
59038416382
1781748006019
59056725387
1781748007019
59075223317
1781748008018
59093298981
1781748009018
59111594048
1781748010017
59129944960
1781748011021
59148145167
1781748012022
59166421369
1781748013024
59184316830
1781748014019
59202583255
1781748015021
59220734196
1781748016018
59238812722
1781748017018
59257179775
1781748018022
59275312280
1781748019022
59293439215
1781748020021
59311634036
1781748021019
59329892214
1781748022023
59347847009
1781748023022
59366204439
1781748024023
59384226033
1781748025018
59402388954
1781748026020
59420735628
1781748027021
59438971514
1781748028018
59457347090
1781748029021
59475593151
1781748030018
59493725318
1781748031019
59512019957
1781748032022
59529815800
1781748033019
59548229273
1781748034023
59566540543
1781748035021
59584850496
1781748036021
59603112286
1781748037019
59621548082
1781748038021
59639704638
1781748039019
59657930059
1781748040018
59676023931
1781748041021
59694336975
1781748042018
59712875541
1781748043022
59731239856
1781748044022
59749443092
1781748045018
59767347703
1781748046017
59785519651
1781748047018
59803857986
1781748048019
59821929826
1781748049022
59840409640
1781748050022
59858490736
1781748051018
59876735604
1781748052023
59894696962
1781748053023
59912801651
1781748054018
59931071534
1781748055019
59949457544
1781748056022
59967528237
1781748057019
59986110393
1781748058022
60004351710
1781748059017
60022431231
1781748060021
60040440203
1781748061018
60058701671
1781748062022
60076733517
1781748063021
60094678963
1781748064018
60112934694
1781748065022
60130961276
1781748066020
60148998324
1781748067018
60167096479
1781748068018
60185350083
1781748069022
60203629743
1781748070023
60221732871
1781748071018
60239975153
1781748072022
60257944146
1781748073017
60276248072
1781748074018
60294634510
1781748075022
60312790500
1781748076020
60330937019
1781748077019
60349060190
1781748078022
60367046733
1781748079019
60385243788
1781748080021
60403211847
1781748081018
60421872110
1781748082024
60440169303
1781748083018
60458435208
1781748084019
60476708060
1781748085018
60494712687
1781748086021
60512700285
1781748087020
60531131261
1781748088019
60549407693
1781748089022
60567547113
1781748090021
60585770193
1781748091019
60604124471
1781748092019
60622332435
1781748093018
60640326061
1781748094019
60658393418
1781748095021
60676632349
1781748096018
60694744473
1781748097021
60713011817
1781748098020
60731129801
1781748099018
60749368732
1781748100019
60767287526
1781748101020
60785333524
1781748102020
60803659956
1781748103019
60821867323
1781748104020
60840141720
1781748105019
60858258435
1781748106021
60876452812
1781748107018
60894842157
1781748108021
60913068084
1781748109019
60931479293
1781748110023
60949542519
1781748111020
60967719133
1781748112018
60985891738
1781748113018
61004176524
1781748114019
61022156227
1781748115022
61040090382
1781748116022
61058233764
1781748117021
61076332471
1781748118018
61094598667
1781748119022
61113008147
1781748120024
61131030231
1781748121018
61149250573
1781748122020
61167227109
1781748123018
61185536604
1781748124019
61203715727
1781748125024
61221757273
1781748126018
61240067823
1781748127025
61258261451
1781748128021
61276512362
1781748129018
61295078453
1781748130019
61313307684
1781748131021
61331433946
1781748132018
61349738636
1781748133022
61367969703
1781748134020
61386211465
1781748135020
61404349171
1781748136020
61422486066
1781748137020
61440553485
1781748138019
61458740793
1781748139018
61477234209
1781748140022
61494772523
1781748141019
61512682336
1781748142020
61530445926
1781748143018
61548308462
1781748144021
61566207183
1781748145022
61584231761
1781748146019
61602224132
1781748147021
61620332967
1781748148018
61638239414
1781748149019
61655887750
1781748150019
61673672944
1781748151019
61691558706
1781748152020
61709316865
1781748153019
61727005118
1781748154022
61744729388
1781748155022
61762505616
1781748156022
61780563717
1781748157023
61798306102
1781748158021
61816020901
1781748159019
61833974655
1781748160020
61851704785
1781748161019
61869592902
1781748162021
61887384125
1781748163018
61905298742
1781748164018
61923167933
1781748165021
61940856768
1781748166019
61958737679
1781748167023
61978588373
1781748168135
61994334292
1781748169018
62012184236
1781748170017
62030032879
1781748171018
62047811448
1781748172017
62065802458
1781748173018
62083608308
1781748174021
62101679015
1781748175020
62119461777
1781748176019
62137286154
1781748177018
62155378313
1781748178020
62173016459
1781748179018
62190818896
1781748180022
62208800910
1781748181022
62226540051
1781748182021
62244856997
1781748183042
62262446167
1781748184021
62280168678
1781748185017
62298268991
1781748186019
62316149229
1781748187020
62334166386
1781748188018
62352183085
1781748189023
62369890892
1781748190019
62387679896
1781748191022
62405540779
1781748192018
62423493248
1781748193016
62441713559
1781748194018
62459769915
1781748195017
62477808784
1781748196019
62495701338
1781748197024
62515591476
1781748198135
62531546652
1781748199022
62549394516
1781748200019
62567068831
1781748201019
62584776638
1781748202021
62602582150
1781748203018
62620821357
1781748204022
62638820965
1781748205022
62656641533
1781748206020
62674547139
1781748207019
62692176625
1781748208021
62709795156
1781748209018
62727869857
1781748210020
62745798382
1781748211018
62764110783
1781748212020
62782295767
1781748213018
62800586794
1781748214022
62819083148
1781748215023
62837252479
1781748216019
62855482108
1781748217021
62873697722
1781748218018
62891689803
1781748219021
62910089644
1781748220021
62928230211
1781748221015
62946262378
1781748222019
62964521551
1781748223023
62982741755
1781748224019
63001153026
1781748225020
63019569758
1781748226019
63037635141
1781748227019
63055788040
1781748228018
63073976940
1781748229022
63092204901
1781748230024
63110510984
1781748231018
63128742434
1781748232019
63147147584
1781748233022
63165596156
1781748234020
63183706796
1781748235019
63202057938
1781748236021
63220113621
1781748237019
63238128682
1781748238023
63256430297
1781748239024
63274532003
1781748240020
63292669571
1781748241018
63311175472
1781748242023
63331421962
1781748243135
63347694981
1781748244021
63366062508
1781748245020
63384208492
1781748246021
63402345877
1781748247018
63420529835
1781748248020
63438631923
1781748249017
63457079684
1781748250021
63475229860
1781748251018
63493278153
1781748252023
63511398555
1781748253022
63529595901
1781748254022
63547795939
1781748255018
63565862011
1781748256019
63584133516
1781748257017
63602306397
1781748258018
63620284141
1781748259021
63638180475
1781748260018
63656364433
1781748261019
63674696924
1781748262019
63693030256
1781748263019
63711057802
1781748264021
63729072114
1781748265020
63747329619
1781748266018
63765219756
1781748267019
63783426083
1781748268019
63801699057
1781748269019
63819810126
1781748270021
63837754256
1781748271021
63855892253
1781748272021
63874016847
1781748273018
63891861039
1781748274019
63909727522
1781748275018
63927745903
1781748276019
63945985140
1781748277025
63964124866
1781748278023
63982157431
1781748279023
64000366344
1781748280019
64018716337
1781748281020
64037055116
1781748282022
64055006377
1781748283023
64073295783
1781748284018
64091403837
1781748285019
64109587337
1781748286021
64127619534
1781748287018
64146057151
1781748288043
64163847272
1781748289021
64181870029
1781748290018
64200029355
1781748291019
64218206489
1781748292017
64236447195
1781748293018
64254672478
1781748294020
64272961119
1781748295018
64291262857
1781748296018
64309703763
1781748297024
64328056251
1781748298018
64346089718
1781748299022
64364015688
1781748300018
64381956820
1781748301022
64400162795
1781748302021
64418298466
1781748303018
64436507776
1781748304021
64454667010
1781748305018
64472965014
1781748306020
64491044397
1781748307019
64509338974
1781748308018
64527515910
1781748309019
64545698766
1781748310022
64563943052
1781748311019
64582176322
1781748312024
64600048512
1781748313020
64618231216
1781748314020
64636177397
1781748315019
64654415272
1781748316020
64672334724
1781748317019
64690567137
1781748318042
64708486436
1781748319022
64726684210
1781748320019
64744939237
1781748321021
64763216296
1781748322018
64781528514
1781748323020
64799882593
1781748324018
64818189303
1781748325019
64836157516
1781748326021
64854252856
1781748327018
64872315409
1781748328023
64890453177
1781748329018
64908792766
1781748330022
64926837143
1781748331018
64945099743
1781748332022
64963076723
1781748333021
64980749141
1781748334020
64999086022
1781748335018
65017242211
1781748336022
65035138407
1781748337019
65053161455
1781748338022
65071133064
1781748339022
65089217297
1781748340021
65107216814
1781748341020
65125207135
1781748342018
65143479023
1781748343019
65161815690
1781748344018
65180085512
1781748345018
65197808925
1781748346021
65215397086
1781748347018
65233158381
1781748348019
65250969892
1781748349018
65268685777
1781748350022
65286573910
1781748351018
65304413281
1781748352018
65322426629
1781748353018
65340777235
1781748354021
65358616347
1781748355020
65376632204
1781748356020
65394662535
1781748357021
65412504232
1781748358022
65430682560
1781748359019
65448614328
1781748360018
65466555965
1781748361019
65484683986
1781748362018
65506495590
1781748363236
65520735391
1781748364020
65538827947
1781748365019
65556678381
1781748366019
65574946596
1781748367019
65592959669
1781748368019
65611039878
1781748369021
65629170117
1781748370021
65646963023
1781748371018
65665039101
1781748372022
65683017473
1781748373020
65700979964
1781748374020
6138344
1781748375019
24131190
1781748376021
42057450
1781748377018
60121885
1781748378023
77921217
1781748379018
96110484
1781748380020
114294381
1781748381018
132303781
1781748382023
150371245
1781748383017
168256502
1781748384018
186214632
1781748385019
204382785
1781748386024
222176211
1781748387019
240123279
1781748388021
258095730
1781748389018
275901641
1781748390021
294207586
1781748391018
312296409
1781748392022
330102992
1781748393017
348164122
1781748394018
366005085
1781748395019
383888918
1781748396019
401762439
1781748397019
419588347
1781748398023
437811121
1781748399022
455813193
1781748400020
473793003
1781748401017
491940196
1781748402020
509789635
1781748403018
527950765
1781748404021
546033851
1781748405019
564034943
1781748406023
581898519
1781748407019
600008104
1781748408021
617724449
1781748409019
635934906
1781748410019
653766919
1781748411020
671763590
1781748412019
690020636
1781748413021
707686965
1781748414018
725907245
1781748415023
743817991
1781748416018
761939265
1781748417021
780233399
1781748418019
798129962
1781748419018
816051402
1781748420019
834003076
1781748421019
851851719
1781748422022
869991767
1781748423023
887831857
1781748424018
905841090
1781748425021
923902740
1781748426018
941833223
1781748427019
959750058
1781748428018
978021961
1781748429022
996042484
1781748430021
1014188330
1781748431018
1032127091
1781748432019
1050213205
1781748433023
1068285137
1781748434021
1086171449
1781748435017
1104312537
1781748436018
1122353271
1781748437018
1140262947
1781748438021
1151201835
1781748439021
1160678563
1781748440017
1170571053
1781748441020
1180101775
1781748442022
1188639925
1781748443022
1198523159
1781748444022
1209071376
1781748445021
1224381566
1781748446022
1241077523
1781748447018
1259341133
1781748448019
1277499265
1781748449019
1296002733
1781748450022
1314006120
1781748451018
1332496675
1781748452021
1354718701
1781748453235
1368893463
1781748454022
1387155084
1781748455022
1405329939
1781748456018
1423691514
1781748457023
1441876804
1781748458018
1459942891
1781748459021
1478092806
1781748460022
1496267692
1781748461018
1514668221
1781748462023
1532962355
1781748463021
1551141631
1781748464019
1569484128
1781748465021
1587685360
1781748466021
1605888550
1781748467018
1627935498
1781748468235
1642214407
1781748469022
1660203948
1781748470022
1678483929
1781748471023
1696740409
1781748472020
1715073757
1781748473018
1733368410
1781748474022
1751486946
1781748475019
1769867846
1781748476018
1788158781
1781748477025
1806270921
1781748478018
1824705677
1781748479020
1842884158
1781748480018
1861070197
1781748481021
1879404141
1781748482022
1897598840
1781748483018
1915956438
1781748484019
1934054073
1781748485019
1952255718
1781748486022
1970640336
1781748487020
1988915008
1781748488020
2006975174
1781748489020
2025261841
1781748490017
2043506112
1781748491019
2061986538
1781748492021
2080224949
1781748493017
2098532960
1781748494019
2116780489
1781748495022
2134986342
1781748496021
2153257587
1781748497023
2171397833
1781748498019
2189222853
1781748499016
2207382775
1781748500018
2225435337
1781748501023
2243238432
1781748502018
2261342769
1781748503018
2279424064
1781748504021
2297487382
1781748505018
2315760462
1781748506020
2333889356
1781748507019
2352274081
1781748508017
2370644010
1781748509018
2388750566
1781748510021
2406903725
1781748511017
2425207666
1781748512018
2443358943
1781748513022
2461401254
1781748514018
2479436695
1781748515020
2497736337
1781748516018
2515940124
1781748517024
2534029023
1781748518021
2552515019
1781748519019
2570563893
1781748520017
2588703940
1781748521018
2606850337
1781748522018
2624891944
1781748523021
2643198042
1781748524018
2661361743
1781748525018
2679625858
1781748526021
2697995099
1781748527018
2716225615
1781748528022
2734127212
1781748529018
2752580925
1781748530019
2770843785
1781748531022
2789085990
1781748532018
2807266705
1781748533021
2825307027
1781748534019
2843695653
1781748535020
2861845002
1781748536020
2879957112
1781748537021
2898015182
1781748538021
2915952672
1781748539018
2934458389
1781748540021
2952775136
1781748541022
2971097315
1781748542022
2989577129
1781748543025
3007573846
1781748544022
3025774313
1781748545023
3043877670
1781748546019
3061972613
1781748547018
3080047804
1781748548021
3098253748
1781748549019
3116272527
1781748550018
3134703734
1781748551020
3152815767
1781748552018
3171197370
1781748553022
3189314988
1781748554018
3207389658
1781748555020
3225397513
1781748556019
3243711047
1781748557022
3264037632
1781748558146
3279924617
1781748559022
3297854779
1781748560023
3315985003
1781748561017
3334171195
1781748562021
3352260538
1781748563020
3370494114
1781748564019
3388710447
1781748565021
3406701167
1781748566017
3425017730
1781748567019
3443260272
1781748568020
3461427890
1781748569019
3479787278
1781748570021
3497910724
1781748571024
3516045539
1781748572019
3534351316
1781748573021
3552449303
1781748574018
3570856779
1781748575020
3588405833
1781748576018
3606208148
1781748577022
3623993480
1781748578021
3641784993
1781748579020
3659775391
1781748580021
3677516369
1781748581019
3695397815
1781748582021
3713303681
1781748583022
3731208812
1781748584020
3749090212
1781748585019
3766744806
1781748586019
3784646862
1781748587024
3802437625
1781748588019
3820162063
1781748589019
3837992148
1781748590022
3855797324
1781748591018
3873704658
1781748592020
3891492958
1781748593019
3909385987
1781748594018
3927283254
1781748595020
3945078913
1781748596021
3962991572
1781748597019
3980781203
1781748598018
3998601006
1781748599022
4016331610
1781748600022
4034162735
1781748601022
4051838366
1781748602018
4071672444
1781748603135
4087508740
1781748604020
4105222315
1781748605017
4122905213
1781748606019
4140945749
1781748607018
4158715842
1781748608022
4176485125
1781748609025
4194242764
1781748610018
4212049194
1781748611026
4229743140
1781748612020
4247447535
1781748613017
4265217322
1781748614018
4283147973
1781748615021
4300895147
1781748616021
4318601868
1781748617019
4336535242
1781748618021
4354245375
1781748619018
4371994890
1781748620021
4389788484
1781748621017
4407752596
1781748622020
4425645288
1781748623018
4443449607
1781748624018
4461297149
1781748625021
4479136659
1781748626020
4496868135
1781748627018
4514627059
1781748628021
4532298589
1781748629020
4550070855
1781748630020
4567737520
1781748631019
4585425223
1781748632019
4603314503
1781748633021
4621035468
1781748634019
4638886376
1781748635020
4656519825
1781748636020
4674371834
1781748637022
4692238241
1781748638021
4710399815
1781748639019
4728544605
1781748640021
4746654527
1781748641018
4764606598
1781748642021
4782321382
1781748643015
4800550842
1781748644019
4818459569
1781748645022
4836256514
1781748646018
4854296575
1781748647021
4872060227
1781748648018
4889902001
1781748649018
4908012489
1781748650018
4926271356
1781748651018
4944546517
1781748652022
4962728027
1781748653021
4980690931
1781748654018
4998699490
1781748655021
5016581793
1781748656021
5034481677
1781748657019
5052412435
1781748658023
5070229392
1781748659022
5088070034
1781748660018
5105983534
1781748661022
5123984642
1781748662022
5141513561
1781748663018
5159146949
1781748664020
5177070837
1781748665019
5195430975
1781748666021
5213520150
1781748667019
5231770801
1781748668018
5250040760
1781748669022
5268371216
1781748670022
5286665824
1781748671020
5304798909
1781748672021
5323095751
1781748673018
5341508766
1781748674022
5359633712
1781748675020
5377818924
1781748676020
5395747128
1781748677020
5413304138
1781748678018
5431576607
1781748679023
5449548063
1781748680019
5467968315
1781748681017
5486379065
1781748682018
5504527772
1781748683022
5522698939
1781748684021
5540790455
1781748685018
5558787141
1781748686021
5576474889
1781748687022
5594261354
1781748688022
5612063148
1781748689018
5629976878
1781748690021
5647694768
1781748691018
5665745249
1781748692021
5683492377
1781748693018
5701380295
1781748694018
5719300252
1781748695018
5737067147
1781748696018
5755019188
1781748697017
5772753831
1781748698018
5790517835
1781748699021
5808604393
1781748700018
5826583775
1781748701021
5844629957
1781748702018
5862402697
1781748703018
5880289223
1781748704019
5898090268
1781748705022
5915809229
1781748706022
5933673953
1781748707022
5951678534
1781748708022
5969345245
1781748709021
5987741031
1781748710023
6005924928
1781748711020
6024160861
1781748712022
6042451919
1781748713021
6060878168
1781748714019
6079244181
1781748715019
6097681339
1781748716017
6116132098
1781748717021
6134376981
1781748718022
6152512637
1781748719019
6170626629
1781748720021
6189096681
1781748721024
6207246276
1781748722019
6225287271
1781748723021
6243726938
1781748724021
6262117339
1781748725019
6280468985
1781748726019
6298982766
1781748727022
6317270335
1781748728023
6335621920
1781748729018
6353923673
1781748730024
6371941932
1781748731017
6390415045
1781748732020
6408683398
1781748733019
6426856861
1781748734020
6444912590
1781748735022
6463342067
1781748736023
6481855954
1781748737019
6504341125
1781748738234
6518760824
1781748739023
6537078520
1781748740018
6555479141
1781748741023
6573682087
1781748742022
6592200304
1781748743021
6610485915
1781748744019
6628817350
1781748745018
6646854597
1781748746019
6665035648
1781748747021
6683482032
1781748748019
6701507176
1781748749018
6720028316
1781748750018
6738366743
1781748751020
6756717823
1781748752019
6775638139
1781748753042
6793334793
1781748754020
6811600499
1781748755019
6830034903
1781748756020
6848124138
1781748757022
6866269464
1781748758019
6884602812
1781748759018
6902910470
1781748760021
6921182128
1781748761022
6939479918
1781748762019
6957968408
1781748763021
6976191610
1781748764017
6994272523
1781748765019
7012521323
1781748766019
7030904028
1781748767022
7049040510
1781748768023
7067424164
1781748769020
7085694965
1781748770018
7104060121
1781748771021
7122399451
1781748772018
7140784359
1781748773021
7159267692
1781748774021
7177644125
1781748775023
7195732641
1781748776021
7213807817
1781748777018
7232063517
1781748778022
7250185449
1781748779021
7268627304
1781748780019
7286535923
1781748781018
7304258280
1781748782020
7322434573
1781748783020
7340299373
1781748784021
7358461192
1781748785021
7376359775
1781748786018
7394349393
1781748787022
7412456529
1781748788018
7430445780
1781748789023
7448478253
1781748790018
7466562057
1781748791021
7484364678
1781748792019
7502511029
1781748793023
7520339905
1781748794019
7538295587
1781748795021
7556052889
1781748796018
7573851242
1781748797019
7595794731
1781748798234
7609949496
1781748799022
7627765902
1781748800016
7645824201
1781748801019
7663697982
1781748802018
7681665430
1781748803022
7699859670
1781748804019
7717638943
1781748805019
7735604601
1781748806020
7753463021
1781748807021
7771105926
1781748808019
7789164776
1781748809021
7807111293
1781748810018
7825195587
1781748811023
7843004405
1781748812018
7860838620
1781748813019
7878721291
1781748814021
7896590008
1781748815022
7914372723
1781748816021
7932325193
1781748817021
7950299877
1781748818018
7968245370
1781748819018
7986562759
1781748820021
8004438270
1781748821018
8022596493
1781748822018
8040783970
1781748823021
8058636240
1781748824017
8076734717
1781748825017
8094645050
1781748826018
8112569566
1781748827018
8130661969
1781748828018
8148461163
1781748829018
8166468467
1781748830021
8184353769
1781748831018
8202246048
1781748832022
8220234350
1781748833019
8238247576
1781748834022
8256180966
1781748835022
8274274516
1781748836021
8292067238
1781748837018
8310051914
1781748838018
8327938027
1781748839019
8345778210
1781748840019
8364047098
1781748841019
8382066122
1781748842019
8400045290
1781748843018
8417974427
1781748844023
8435799539
1781748845021
8453695704
1781748846018
8471827642
1781748847024
8489588509
1781748848018
8507659844
1781748849021
8525686840
1781748850020
8543572677
1781748851018
8561830718
1781748852021
8579747187
1781748853021
8597716929
1781748854018
8615576971
1781748855018
8633264781
1781748856019
8651582890
1781748857023
8669449480
1781748858019
8687414082
1781748859020
8705451069
1781748860018
8723230020
1781748861018
8741293522
1781748862021
8759236352
1781748863019
8777284492
1781748864021
8795390879
1781748865022
8813485042
1781748866021
8831573650
1781748867019
8849589660
1781748868022
8867445250
1781748869022
8885388524
1781748870019
8903443029
1781748871019
8921465587
1781748872020
8939536371
1781748873018
8957605105
1781748874021
8975490897
1781748875018
8993634616
1781748876022
9011469979
1781748877022
9029542202
1781748878018
9047461378
1781748879022
9065278243
1781748880017
9083432367
1781748881018
9101474999
1781748882022
9119504457
1781748883023
9137791385
1781748884018
9155720200
1781748885018
9173896340
1781748886022
9191976197
1781748887023
9209830731
1781748888018
9228007284
1781748889018
9245988854
1781748890018
9263838645
1781748891020
9282148277
1781748892017
9300042025
1781748893017
9317930234
1781748894017
9335920050
1781748895019
9353685921
1781748896022
9371861097
1781748897018
9390054771
1781748898022
9408156537
1781748899017
9426558627
1781748900020
9444281826
1781748901018
9462373403
1781748902021
9480428535
1781748903018
9498298216
1781748904021
9516377599
1781748905018
9534341880
1781748906023
9552233975
1781748907021
9569942669
1781748908018
9587948076
1781748909022
9605980305
1781748910021
9623995565
1781748911019
9641977318
1781748912021
9660064320
1781748913018
9678058467
1781748914020
9695840509
1781748915017
9713938895
1781748916020
9731898019
1781748917021
9749869506
1781748918019
9767917539
1781748919017
9785769579
1781748920019
9803951227
1781748921021
9821862463
1781748922018
9839826224
1781748923022
9857796823
1781748924019
9875579371
1781748925022
9893406870
1781748926021
9911258848
1781748927021
9929049489
1781748928018
9947045089
1781748929018
9964986956
1781748930022
9982851939
1781748931024
10000694111
1781748932018
10018563180
1781748933018
10036531638
1781748934020
10054506644
1781748935019
10072517712
1781748936021
10090528857
1781748937019
10108427393
1781748938019
10126447121
1781748939018
10144662414
1781748940025
10162392987
1781748941018
10180482866
1781748942023
10198426736
1781748943019
10216239455
1781748944017
10234257347
1781748945018
10252373710
1781748946021
10270244355
1781748947018
10290506451
1781748948134
10306303334
1781748949020
10324322128
1781748950018
10342352934
1781748951019
10360297431
1781748952022
10378334418
1781748953019
10396272658
1781748954018
10414106445
1781748955019
10432159803
1781748956021
10449964122
1781748957019
10467881478
1781748958024
10485995790
1781748959019
10504129396
1781748960021
10522402722
1781748961017
10540450097
1781748962018
10558496661
1781748963024
10576598733
1781748964019
10594466242
1781748965018
10612452585
1781748966019
10630476215
1781748967020
10648431117
1781748968018
10666508495
1781748969022
10684361529
1781748970021
10702098972
1781748971019
10720313714
1781748972023
10737976325
1781748973020
10755820914
1781748974019
10773739953
1781748975021
10791451217
1781748976018
10809569248
1781748977019
10827273367
1781748978018
10845016716
1781748979021
10863106090
1781748980020
10880814126
1781748981018
10898593889
1781748982018
10916489641
1781748983019
10934213176
1781748984018
10952249367
1781748985018
10970307223
1781748986025
10988205056
1781748987019
11006450428
1781748988019
11024461802
1781748989021
11042438384
1781748990019
11060607119
1781748991020
11078411821
1781748992018
11096528107
1781748993020
11114387277
1781748994018
11132224675
1781748995022
11150022201
1781748996018
11167775449
1781748997018
11185700822
1781748998022
11203731015
1781748999022
11221699320
1781749000018
11240026945
1781749001019
11258185138
1781749002019
11276210190
1781749003020
11294311896
1781749004017
11312176206
1781749005019
11330227314
1781749006019
11348087402
1781749007020
11369668328
1781749008234
11383673137
1781749009022
11401632338
1781749010021
11419649832
1781749011022
11437671427
1781749012022
11455645545
1781749013022
11473705849
1781749014022
11491676357
1781749015021
11509626286
1781749016020
11527724687
1781749017019
11545943835
1781749018022
11564005409
1781749019020
11582195885
1781749020018
11600087582
1781749021018
11618147259
1781749022022
11640181355
1781749023238
11654193783
1781749024022
11672340945
1781749025022
11690327181
1781749026021
11708273117
1781749027019
11726370003
1781749028019
11744185706
1781749029021
11762191342
1781749030018
11780343155
1781749031022
11798125626
1781749032021
11816402930
1781749033019
11834541661
1781749034018
11852577714
1781749035017
11870665221
1781749036020
11888460758
1781749037019
11906929021
1781749038042
11924345470
1781749039020
11942117782
1781749040018
11960077075
1781749041020
11977906440
1781749042018
11995781308
1781749043020
12013808609
1781749044018
12031757850
1781749045020
12045182116
1781749046018
12056089517
1781749047022
12066335422
1781749048019
12075455140
1781749049025
12085564003
1781749050023
12094969387
1781749051018
12104362011
1781749052023
12113043889
1781749053023
12121529422
1781749054023
12129853617
1781749055021
12138373666
1781749056023
12147136191
1781749057024
12155625946
1781749058023
12163966573
1781749059022
12172410108
1781749060023
12180851592
1781749061024
12189160165
1781749062023
12197511578
1781749063023
12205834656
1781749064024
12214156219
1781749065022
12222451297
1781749066019
12230800584
1781749067023
12239105317
1781749068023
12247324752
1781749069023
12255581367
1781749070023
12263879673
1781749071025
12272169076
1781749072022
12280590792
1781749073025
12288930287
1781749074024
12297291110
1781749075022
12305492889
1781749076023
12313815462
1781749077024
12322140054
1781749078024
12330289951
1781749079022
12338500482
1781749080023
12346848927
1781749081022
12355054760
1781749082023
12363502395
1781749083023
12371722137
1781749084023
12380089079
1781749085023
12388525974
1781749086022
12396922522
1781749087025
12405466271
1781749088023
12413857113
1781749089023
12422310699
1781749090024
12430786670
1781749091023
12439284871
1781749092026
12447823235
1781749093025
12456403720
1781749094023
12465158472
1781749095024
12473853660
1781749096025
12482638094
1781749097023
12491263209
1781749098028
12499783626
1781749099022
12508249392
1781749100023
12516796339
1781749101023
12525366389
1781749102024
12533679904
1781749103022
12541938492
1781749104023
12550393945
1781749105023
12558659388
1781749106023
12567045578
1781749107022
12575333420
1781749108022
12583465569
1781749109025
12591771755
1781749110024
12600071867
1781749111023
12608277165
1781749112022
12616653196
1781749113024
12624873045
1781749114022
12633115048
1781749115024
12641438447
1781749116024
12649834352
1781749117023
12657997116
1781749118023
12666199875
1781749119024
12674544403
1781749120023
12682781158
1781749121023
12690989685
1781749122025
12699272523
1781749123024
12707492188
1781749124023
12715835263
1781749125022
12724189767
1781749126023
12732535886
1781749127019
12740997015
1781749128021
12749296149
1781749129023
12757651218
1781749130029
12766046298
1781749131023
12774453296
1781749132023
12782887467
1781749133023
12791359521
1781749134025
12799866443
1781749135021
12808426716
1781749136023
12816992391
1781749137023
12825506367
1781749138026
12833889084
1781749139023
12842286917
1781749140023
12850681690
1781749141023
12859289516
1781749142024
12867990366
1781749143022
12876327443
1781749144023
12884815026
1781749145024
12893365615
1781749146023
12901946008
1781749147026
12910420143
1781749148023
12918878197
1781749149026
12927146531
1781749150023
12935321306
1781749151024
12943665054
1781749152019
12952177469
1781749153027
12960327411
1781749154021
12968700444
1781749155025
12976921103
1781749156021
12985247853
1781749157024
12993683584
1781749158046
13001730282
1781749159024
13009956450
1781749160023
13018086977
1781749161023
13026359320
1781749162019
13034751186
1781749163023
13043110968
1781749164024
13051460117
1781749165023
13059731144
1781749166024
13067895668
1781749167025
13075986476
1781749168021
13084221686
1781749169023
13092584222
1781749170023
13100772522
1781749171023
13108849989
1781749172023
13117267605
1781749173025
13125553580
1781749174023
13133923399
1781749175027
13142389792
1781749176023
13150946776
1781749177023
13159264422
1781749178023
13167549969
1781749179023
13175851259
1781749180023
13184293692
1781749181023
13192511337
1781749182023
13201012859
1781749183027
13209494460
1781749184022
13218013102
1781749185024
13226528317
1781749186023
13235190443
1781749187024
13243761625
1781749188022
13252107393
1781749189023
13260250389
1781749190022
13268602093
1781749191025
13276863496
1781749192020
13285398081
1781749193025
13293781701
1781749194023
13302101305
1781749195023
13310404172
1781749196023
13318891281
1781749197022
13327163195
1781749198023
13335375485
1781749199019
13343643697
1781749200023
13351771118
1781749201023
13360001585
1781749202023
13368236688
1781749203023
13376272936
1781749204023
13384687202
1781749205023
13393039686
1781749206026
13401352222
1781749207023
13409624916
1781749208024
13417606391
1781749209023
13425746649
1781749210025
13433884199
1781749211023
13442139681
1781749212024
13450477630
1781749213023
13458714416
1781749214025
13466846488
1781749215023
13475174247
1781749216024
13483643501
1781749217023
13491958470
1781749218021
13500249525
1781749219023
13508532776
1781749220024
13517033349
1781749221023
13525380142
1781749222021
13533883056
1781749223023
13542358689
1781749224024
13550812827
1781749225024
13558910566
1781749226023
13567292686
1781749227024
13575908514
1781749228025
13584306592
1781749229022
13592914984
1781749230026
13601383519
1781749231023
13609859138
1781749232023
13618300010
1781749233023
13626512576
1781749234023
13634656628
1781749235024
13643014788
1781749236023
13651387591
1781749237024
13659497631
1781749238023
13667532044
1781749239025
13675766443
1781749240025
13683905308
1781749241023
13691960146
1781749242025
13700111527
1781749243023
13708256987
1781749244025
13716503091
1781749245025
13724853173
1781749246020
13733060812
1781749247026
13741147260
1781749248022
13749211935
1781749249022
13757284261
1781749250023
13765451952
1781749251024
13773342728
1781749252023
13781549970
1781749253023
13789728661
1781749254023
13797763119
1781749255022
13805941474
1781749256023
13814191525
1781749257024
13822119174
1781749258021
13830374289
1781749259024
13838356100
1781749260021
13846744891
1781749261022
13854843044
1781749262023
13862730056
1781749263023
13871049201
1781749264023
13879141356
1781749265023
13887467769
1781749266022
13895756116
1781749267024
13903866126
1781749268023
13912166146
1781749269023
13920278910
1781749270023
13928459958
1781749271023
13936859153
1781749272023
13945020035
1781749273023
13953382770
1781749274023
13961617949
1781749275023
13969860534
1781749276023
13978367043
1781749277023
13987908352
1781749278138
13995157630
1781749279023
14003188355
1781749280021
14011321376
1781749281023
14019667404
1781749282025
14028071923
1781749283023
14036540580
1781749284023
14044774581
1781749285024
14052951315
1781749286023
14061300494
1781749287026
14069202148
1781749288021
14077452643
1781749289023
14085476391
1781749290021
14093604118
1781749291022
14101571808
1781749292024
14110732193
1781749293137
14117885172
1781749294022
14125996865
1781749295023
14134202592
1781749296023
14142342299
1781749297023
14150378731
1781749298023
14158489445
1781749299023
14166759829
1781749300023
14174854095
1781749301023
14183108568
1781749302023
14191227926
1781749303024
14199304536
1781749304021
14207654052
1781749305020
14215803520
1781749306022
14224266241
1781749307025
14232354938
1781749308023
14240486061
1781749309023
14248595888
1781749310023
14256844500
1781749311022
14265170806
1781749312024
14273277465
1781749313023
14281509049
1781749314023
14290074815
1781749315025
14298382990
1781749316023
14306945758
1781749317023
14315572617
1781749318024
14324101831
1781749319023
14332624467
1781749320023
14341101707
1781749321024
14349254496
1781749322023
14359648964
1781749323238
14366197731
1781749324023
14374453060
1781749325025
14382796273
1781749326022
14390812769
1781749327022
14399199678
1781749328021
14407688210
1781749329023
14416109208
1781749330026
14424414461
1781749331022
14432600940
1781749332022
14441028624
1781749333025
14449226073
1781749334024
14457560457
1781749335023
14465748742
1781749336023
14474027587
1781749337027
14482443000
1781749338047
14490496079
1781749339024
14498614396
1781749340023
14506802926
1781749341023
14515090859
1781749342023
