123058579622
1781760452563
123079609292
1781760453011
123126566997
1781760454013
123165636599
1781760455010
123205942831
1781760456013
123244926801
1781760457014
123284350040
1781760458014
123324473351
1781760459012
123364090315
1781760460012
123403626590
1781760461012
123444552755
1781760462013
123484239726
1781760463013
123526143611
1781760464014
123569247626
1781760465011
123609193508
1781760466013
123653125158
1781760467012
123691184570
1781760468013
123730541830
1781760469013
123770217082
1781760470014
123809317324
1781760471012
123852626845
1781760472013
123893113069
1781760473014
123932324456
1781760474014
123973391123
1781760475010
124016864217
1781760476012
124055579084
1781760477013
124102905623
1781760478013
124156078827
1781760479011
124238573733
1781760480012
124298498018
1781760481012
124339402088
1781760482013
124380329351
1781760483014
124425170423
1781760484012
124469549338
1781760485012
124516053491
1781760486013
124561781706
1781760487013
124604152753
1781760488013
124647106989
1781760489012
124689267220
1781760490013
124732371907
1781760491013
124775467317
1781760492014
124818738934
1781760493014
124862261528
1781760494014
124908284420
1781760495012
124952214057
1781760496013
124997469068
1781760497012
125041129356
1781760498012
125084339085
1781760499012
125127646225
1781760500012
125171128474
1781760501013
125214799566
1781760502013
125260939279
1781760503013
125304695820
1781760504013
125348515044
1781760505010
125397709742
1781760506012
125451863839
1781760507014
125500473334
1781760508013
125545297621
1781760509015
125589821860
1781760510013
125636344690
1781760511013
125685159324
1781760512015
125747936080
1781760513012
125830288530
1781760514012
125875745994
1781760515011
125920329925
1781760516015
125969268032
1781760517012
126013748387
1781760518014
126059254863
1781760519013
126103151418
1781760520013
126151872057
1781760521012
126196336665
1781760522014
126240019964
1781760523013
126283641068
1781760524014
126328258691
1781760525010
126373788664
1781760526014
126416914347
1781760527013
126462727341
1781760528013
126505443235
1781760529013
126548635873
1781760530014
126591577536
1781760531013
126635090242
1781760532015
126681482762
1781760533012
126725527449
1781760534013
126768515376
1781760535013
126813408511
1781760536013
126856380996
1781760537013
126898995755
1781760538013
126946494535
1781760539099
126988350751
1781760540014
127032236686
1781760541013
127076191102
1781760542013
127119960765
1781760543014
127164014364
1781760544014
127212961992
1781760545012
127262522473
1781760546012
127334330517
1781760547011
127403571367
1781760548011
127447892238
1781760549013
127494344267
1781760550013
127537889749
1781760551012
127581833790
1781760552013
127625842832
1781760553012
127670958073
1781760554015
127716403513
1781760555011
127762141678
1781760556013
127804998990
1781760557014
127849934910
1781760558011
127893862288
1781760559014
127937359186
1781760560014
127980842534
1781760561015
128024665847
1781760562013
128068188563
1781760563012
128115521999
1781760564015
128158503700
1781760565012
128207739475
1781760566013
128265279550
1781760567011
128340872252
1781760568012
128390699761
1781760569014
128437648127
1781760570014
128482468447
1781760571013
128527880013
1781760572013
128574383006
1781760573013
128618009360
1781760574012
128661997406
1781760575012
128705693278
1781760576013
128748658866
1781760577014
128794598995
1781760578013
128843708611
1781760579014
128917864854
1781760580012
129001028093
1781760581011
129047544576
1781760582013
129090785798
1781760583013
129135944618
1781760584013
129181372908
1781760585012
129225078545
1781760586014
129269473878
1781760587012
129311807937
1781760588012
129357369772
1781760589014
129400355318
1781760590013
129443425948
1781760591013
129486491755
1781760592014
129529121285
1781760593014
129575904612
1781760594012
129619034385
1781760595012
129663691558
1781760596014
129707076762
1781760597014
129749741631
1781760598013
129793134403
1781760599013
129838185130
1781760600013
129886618783
1781760601012
129929938679
1781760602013
129973353180
1781760603012
130016674907
1781760604012
130060020561
1781760605011
130104519470
1781760606014
130147124708
1781760607013
130190682885
1781760608013
130234546359
1781760609014
130278068159
1781760610013
130321173762
1781760611014
130369686943
1781760612014
130418778797
1781760613013
130493274701
1781760614012
130565508402
1781760615012
130609929980
1781760616015
130654692866
1781760617014
130703616508
1781760618013
130750335322
1781760619012
130795079958
1781760620013
130838466749
1781760621014
130881978051
1781760622013
130925639805
1781760623013
130968855942
1781760624014
131015276416
1781760625012
131064971967
1781760626013
131119263027
1781760627016
131167734461
1781760628013
131212118685
1781760629014
131257819618
1781760630014
131301758837
1781760631013
131344834715
1781760632013
131388924690
1781760633013
131431934346
1781760634013
131475039765
1781760635012
131519072978
1781760636013
131562033927
1781760637014
131605392032
1781760638013
131648749587
1781760639015
131692050501
1781760640014
131735518408
1781760641012
131779437790
1781760642013
131822650326
1781760643012
131866546270
1781760644012
131912337779
1781760645011
131961351936
1781760646013
132018170516
1781760647012
132102748791
1781760648012
132157937980
1781760649012
132207140308
1781760650012
132250638549
1781760651013
132295168708
1781760652014
132339132402
1781760653013
132382992031
1781760654014
132428528902
1781760655011
132473581032
1781760656011
132517100635
1781760657013
132560011780
1781760658014
132607309022
1781760659097
132649727005
1781760660014
132692767971
1781760661013
132735618142
1781760662015
132778914723
1781760663013
132821993226
1781760664013
132865031324
1781760665012
132908376672
1781760666012
132951252905
1781760667014
132994461840
1781760668014
133038334530
1781760669013
133081657967
1781760670012
133124963581
1781760671013
133168620513
1781760672013
133211849406
1781760673014
133259088665
1781760674099
133299898680
1781760675012
133343117808
1781760676014
133385573143
1781760677014
133427801368
1781760678013
133475796972
1781760679012
133526496306
1781760680012
133575759180
1781760681012
133656602540
1781760682011
133702118476
1781760683013
133746332718
1781760684012
133789567776
1781760685012
133840472919
1781760686010
133909770593
1781760687012
133980097256
1781760688013
134025871126
1781760689013
134071785193
1781760690015
134114540027
1781760691015
134157948119
1781760692013
134201523386
1781760693013
134244620993
1781760694012
134288076753
1781760695012
134331509565
1781760696014
134374465998
1781760697014
134417765081
1781760698013
134460694720
1781760699014
134503795745
1781760700013
134546845744
1781760701013
134590548452
1781760702014
134633993653
1781760703013
134680932681
1781760704099
134722414509
1781760705013
134765827911
1781760706014
134808974468
1781760707014
134851890190
1781760708014
134896321900
1781760709013
134941396919
1781760710014
134986299758
1781760711014
135029658168
1781760712013
135077202236
1781760713014
135126432456
1781760714012
135185267389
1781760715008
135270486287
1781760716011
135318632770
1781760717013
135361546906
1781760718012
135405259257
1781760719013
135451712690
1781760720014
135494806941
1781760721013
135538381658
1781760722013
135581344988
1781760723013
135624028228
1781760724013
135667349712
1781760725010
135710271904
1781760726014
135752683356
1781760727014
135795401874
1781760728015
135838485077
1781760729013
135881911662
1781760730013
135924953056
1781760731012
135968709475
1781760732015
136011871169
1781760733013
136055576562
1781760734012
136099387851
1781760735012
136142880721
1781760736013
136185914058
1781760737014
136228819038
1781760738013
136271927082
1781760739013
136316152128
1781760740012
136362428621
1781760741014
136405776593
1781760742014
136449153741
1781760743013
136493239931
1781760744014
136536205459
1781760745013
136585320872
1781760746013
136643810591
1781760747013
136702877700
1781760748013
136787234601
1781760749012
136857541611
1781760750013
136901934442
1781760751012
136945202825
1781760752012
136990255749
1781760753014
137035774675
1781760754014
137079124906
1781760755010
137123100929
1781760756014
137166371021
1781760757013
137209279907
1781760758013
137252516735
1781760759013
137295987754
1781760760014
137339191989
1781760761014
137382794234
1781760762014
137426523004
1781760763012
137470160953
1781760764013
137514987133
1781760765012
137558652853
1781760766013
137602317109
1781760767012
137644940779
1781760768012
137687813350
1781760769013
137732259404
1781760770014
137776704602
1781760771012
137821187093
1781760772014
137864428865
1781760773013
137908161480
1781760774014
137951304253
1781760775010
137995164675
1781760776012
138042118351
1781760777014
138084925188
1781760778013
138128187894
1781760779013
138173502109
1781760780014
138222435395
1781760781013
138272253749
1781760782012
138355587886
1781760783012
138405533559
1781760784012
138452095085
1781760785011
138498248470
1781760786013
138547173577
1781760787012
138593636776
1781760788012
138641221188
1781760789014
138684626961
1781760790014
138728165362
1781760791014
138772046231
1781760792013
138815358743
1781760793013
138859513720
1781760794013
138904952446
1781760795012
138948834902
1781760796012
138991992263
1781760797012
139034763149
1781760798013
139077983803
1781760799012
139121439868
1781760800014
139166405573
1781760801014
139213170102
1781760802013
139256451791
1781760803013
139300623980
1781760804013
139346927023
1781760805012
139396115740
1781760806013
139452636408
1781760807014
139502570851
1781760808013
139549016777
1781760809014
139596097344
1781760810015
139642119505
1781760811013
139688232301
1781760812012
139734593633
1781760813013
139780553965
1781760814014
139828667672
1781760815011
139878546145
1781760816014
139930680472
1781760817012
140015016865
1781760818011
140063200580
1781760819014
140109613791
1781760820013
140155934168
1781760821013
140202425443
1781760822014
140249727751
1781760823016
140295855685
1781760824014
140342056678
1781760825012
140388504862
1781760826013
140434594282
1781760827014
140480596362
1781760828013
140526564445
1781760829013
140572906306
1781760830014
140619762387
1781760831013
140667033751
1781760832013
140713745423
1781760833013
140760091191
1781760834014
140806279610
1781760835012
140852610180
1781760836013
140899285903
1781760837011
140947679822
1781760838016
140993933244
1781760839012
141040882403
1781760840014
141086948081
1781760841013
141133147731
1781760842013
141179359344
1781760843014
141225531650
1781760844014
141270965737
1781760845010
141314796924
1781760846013
141358099303
1781760847014
141401259288
1781760848013
141446730302
1781760849012
141495970960
1781760850013
141547684084
1781760851012
141631941132
1781760852012
141683602499
1781760853013
141729339259
1781760854014
141774469820
1781760855012
141818266216
1781760856012
141862110037
1781760857013
141906255310
1781760858013
141949291455
1781760859013
141995789749
1781760860014
142039078029
1781760861014
142083800449
1781760862013
142129960243
1781760863013
142173716051
1781760864014
142216403198
1781760865013
142265064694
1781760866012
142351532002
1781760867011
142426780833
1781760868011
142476562993
1781760869014
142530479603
1781760870014
142573327211
1781760871014
142620964723
1781760872013
142668510378
1781760873012
142712250439
1781760874012
142755431603
1781760875012
142798314672
1781760876014
142841329271
1781760877014
142884545225
1781760878013
142927859079
1781760879014
142970834677
1781760880015
143014125521
1781760881013
143057744733
1781760882014
143105642010
1781760883014
143154860695
1781760884013
143233459371
1781760885010
143310622747
1781760886012
143353335101
1781760887015
143396237213
1781760888013
143441722082
1781760889014
143489313635
1781760890013
143532635912
1781760891014
143579880908
1781760892014
143624624934
1781760893011
143669759462
1781760894013
143712907972
1781760895011
143756634057
1781760896014
143799573827
1781760897014
143843964766
1781760898012
143890656114
1781760899013
143933935788
1781760900013
143976779856
1781760901013
144019935324
1781760902012
144063529145
1781760903012
144107011089
1781760904014
144150139519
1781760905012
144194083804
1781760906012
144237454603
1781760907012
144280411341
1781760908014
144323872778
1781760909013
144366721240
1781760910012
144409701233
1781760911013
144453309641
1781760912012
144496446311
1781760913012
144540522309
1781760914013
144585808204
1781760915012
144631218732
1781760916014
144680175699
1781760917014
144729659215
1781760918012
144812678656
1781760919011
144870967325
1781760920012
144914437306
1781760921014
144961845083
1781760922015
145008457024
1781760923014
145056283440
1781760924014
145102037107
1781760925012
145150847773
1781760926014
145213417620
1781760927010
145287747325
1781760928012
145337065008
1781760929098
145379625690
1781760930013
145425230981
1781760931014
145469669222
1781760932012
145515387550
1781760933013
145563529211
1781760934013
145609867899
1781760935011
145657540506
1781760936013
145700546256
1781760937014
145744164308
1781760938014
145787875134
1781760939012
145830980797
1781760940013
145874534519
1781760941012
145918315413
1781760942013
145961828729
1781760943015
146006304262
1781760944015
146051890144
1781760945011
146094990802
1781760946013
146137770722
1781760947014
146180102340
1781760948013
146222596189
1781760949013
146270011961
1781760950015
146318817256
1781760951013
146389892635
1781760952012
146466674726
1781760953013
146514843976
1781760954011
146559834217
1781760955011
146604593929
1781760956013
146649956301
1781760957014
146699564816
1781760958014
146746872557
1781760959099
146791137702
1781760960014
146834117939
1781760961014
146877303009
1781760962014
146920773112
1781760963015
146963940665
1781760964013
147007328738
1781760965010
147050933851
1781760966014
147094140405
1781760967013
147137254675
1781760968016
147180294604
1781760969015
147223546995
1781760970013
147266783823
1781760971014
147310192709
1781760972014
147353315645
1781760973014
147397080304
1781760974014
147442084827
1781760975013
147485893980
1781760976013
147528540538
1781760977014
147571500389
1781760978014
147614869419
1781760979013
147657991562
1781760980012
147700842649
1781760981013
147743917123
1781760982012
147787975726
1781760983013
147837745863
1781760984016
147897386518
1781760985009
147985610047
1781760986012
148058067503
1781760987011
148133338184
1781760988011
148185021707
1781760989012
148239793783
1781760990012
148300782031
1781760991012
148346966544
1781760992014
148394559867
1781760993015
148438834656
1781760994013
148482167919
1781760995011
148526194234
1781760996015
148568673923
1781760997013
148611818161
1781760998014
148654924557
1781760999014
148698264900
1781761000013
148742068316
1781761001015
148785507596
1781761002014
148828458780
1781761003014
148872198537
1781761004014
148915079713
1781761005012
148958368482
1781761006013
149001620202
1781761007013
149044539282
1781761008013
149087167164
1781761009013
149130474975
1781761010014
149173883372
1781761011012
149217409201
1781761012015
149260600374
1781761013013
149304376874
1781761014013
149351440840
1781761015011
149395506645
1781761016013
149439109012
1781761017012
149488116454
1781761018013
149544763587
1781761019012
149612676316
1781761020014
149662534526
1781761021015
149706508046
1781761022013
149753496329
1781761023013
149796381595
1781761024014
149842755561
1781761025012
149889503366
1781761026013
149932276572
1781761027013
149975987764
1781761028014
150019685406
1781761029013
150062517572
1781761030014
150105702520
1781761031012
150149761428
1781761032013
150193118556
1781761033013
150236778600
1781761034014
150281802594
1781761035013
150325486869
1781761036014
150368728031
1781761037014
150412011123
1781761038014
150455711451
1781761039014
150499007421
1781761040013
150542276353
1781761041014
150585843991
1781761042013
150628595285
1781761043013
150672364582
1781761044013
150715272310
1781761045011
150766581993
1781761046015
150840077105
1781761047012
150908861047
1781761048012
150953630281
1781761049014
150999442603
1781761050013
151052105798
1781761051011
151107628605
1781761052013
151163198714
1781761053012
151247307935
1781761054012
151300639524
1781761055012
151346234195
1781761056012
151389804030
1781761057012
151433401575
1781761058013
151477529452
1781761059014
151526551605
1781761060013
151570253153
1781761061013
151616112899
1781761062012
151659757685
1781761063013
151703439885
1781761064014
151749291635
1781761065012
151792750508
1781761066014
151835821809
1781761067013
151879280072
1781761068015
151922113641
1781761069013
151965076422
1781761070013
152008003253
1781761071015
152052036282
1781761072013
152095196328
1781761073013
152138867908
1781761074014
152182044800
1781761075012
152228720034
1781761076013
152272341382
1781761077013
152315307459
1781761078014
152359714328
1781761079012
152404831278
1781761080013
152447743521
1781761081014
152494865227
1781761082016
152537967472
1781761083014
152581253006
1781761084014
152626033653
1781761085011
152675229755
1781761086012
152740998996
1781761087011
152825118898
1781761088012
152878279223
1781761089012
152922208798
1781761090014
152967280766
1781761091013
153013008310
1781761092014
153056717060
1781761093014
153104928729
1781761094012
153152184772
1781761095011
153195639861
1781761096014
153236468370
1781761097014
153278757934
1781761098012
153319515032
1781761099013
153359487525
1781761100013
153398991819
1781761101013
153438867144
1781761102014
153481945097
1781761103011
153525981056
1781761104014
153568409781
1781761105012
153615674064
1781761106013
153671213107
1781761107013
153742123264
1781761108012
153788210793
1781761109011
153837777438
1781761110014
153884225684
1781761111012
153935342924
1781761112015
153981855988
1781761113013
154025748271
1781761114013
154068839530
1781761115010
154112354494
1781761116013
154155109939
1781761117013
154199660179
1781761118013
154247080163
1781761119013
154296146321
1781761120013
154363477448
1781761121013
154441657484
1781761122012
154486745504
1781761123013
154532651331
1781761124012
154577483797
1781761125012
154620544966
1781761126013
154668574628
1781761127014
154711677301
1781761128013
154754535101
1781761129014
154797832354
1781761130014
154840774810
1781761131014
154884193888
1781761132013
154927473929
1781761133012
154971438294
1781761134014
155014377271
1781761135012
155057560754
1781761136014
155103870572
1781761137012
155147713172
1781761138014
155191789658
1781761139012
155237954091
1781761140012
155280753542
1781761141013
155323802931
1781761142013
155371160903
1781761143013
155414111049
1781761144012
155457182106
1781761145010
155500928698
1781761146014
155543772156
1781761147014
155587648264
1781761148012
155630502402
1781761149012
155673928622
1781761150013
155716929488
1781761151013
155760808587
1781761152014
155809526236
1781761153013
155873486033
1781761154011
155957743264
1781761155009
156019032536
1781761156013
156062301956
1781761157012
156106368188
1781761158013
156155455282
1781761159013
156199817168
1781761160013
156242624309
1781761161013
156288716232
1781761162013
156331647397
1781761163014
156376247625
1781761164013
156418998858
1781761165011
156467279679
1781761166013
156521512756
1781761167013
156597282764
1781761168012
156641671689
1781761169012
156689386227
1781761170014
156732863472
1781761171013
156776311908
1781761172013
156822532554
1781761173013
156866610017
1781761174014
156909608320
1781761175011
156952945367
1781761176014
156995458320
1781761177012
157038784869
1781761178014
157082812161
1781761179014
157125933510
1781761180014
157169237111
1781761181013
157213099486
1781761182013
157256604502
1781761183013
157304521737
1781761184097
157345913355
1781761185011
157390052707
1781761186013
157438783723
1781761187015
157489255578
1781761188012
157573390983
1781761189012
157639387213
1781761190013
157682998430
1781761191013
157726513150
1781761192014
157769459024
1781761193012
157813055897
1781761194013
157859763480
1781761195012
157904042908
1781761196014
157946531019
1781761197013
157992803850
1781761198012
158037936242
1781761199013
158082442414
1781761200013
158126115764
1781761201012
158169460624
1781761202013
158212662296
1781761203012
158259254401
1781761204014
158302491106
1781761205011
158345987577
1781761206012
158388422222
1781761207013
158431828910
1781761208013
158475473635
1781761209012
158519115308
1781761210013
158562248254
1781761211014
158605851902
1781761212013
158649173385
1781761213013
158692596614
1781761214013
158737245670
1781761215011
158780153153
1781761216013
158822616667
1781761217014
158865226543
1781761218014
158908626151
1781761219013
158955455011
1781761220012
159004850148
1781761221013
159084535857
1781761222012
159164955634
1781761223012
159212218453
1781761224012
159257444716
1781761225012
159306479076
1781761226013
159362848560
1781761227012
159411725694
1781761228012
159459689011
1781761229013
159505516713
1781761230015
159549000916
1781761231013
159592705150
1781761232012
159635957358
1781761233012
159682724878
1781761234014
159726671543
1781761235011
159770430036
1781761236013
159813392085
1781761237014
159856432319
1781761238013
159900200151
1781761239012
159943204985
1781761240014
159986714517
1781761241013
160030523670
1781761242014
160073636658
1781761243014
160117851816
1781761244013
160162876908
1781761245011
160207153040
1781761246014
160249611061
1781761247014
160292073049
1781761248013
160335134218
1781761249013
160379041393
1781761250013
160422617698
1781761251014
160465986727
1781761252013
160509573591
1781761253014
160558273418
1781761254013
160609103427
1781761255009
160693774352
1781761256012
160758618119
1781761257013
160801441862
1781761258013
160849494169
1781761259012
160896426910
1781761260012
160940851357
1781761261013
160985314622
1781761262013
161028780148
1781761263013
161073033025
1781761264013
161118440990
1781761265011
161161815879
1781761266016
161204047094
1781761267013
161247069933
1781761268013
161290441953
1781761269014
161333341685
1781761270013
161376451255
1781761271014
161420261506
1781761272014
161463123518
1781761273012
161506992302
1781761274012
161552542357
1781761275011
161596622383
1781761276013
161639137106
1781761277014
161681837680
1781761278012
161725370466
1781761279012
161768709467
1781761280014
161811777106
1781761281014
161855128130
1781761282013
161898353849
1781761283014
161941837319
1781761284013
161984874319
1781761285011
162033353809
1781761286013
162100736632
1781761287012
162174795524
1781761288014
162237496902
1781761289011
162324948094
1781761290012
162379979936
1781761291011
162428254348
1781761292014
162476376356
1781761293012
162520515831
1781761294013
162567576074
1781761295012
162613431669
1781761296013
162657102761
1781761297014
162700099844
1781761298013
162743048281
1781761299013
162786207777
1781761300013
162829751489
1781761301013
162873645054
1781761302013
162917171004
1781761303012
162961613212
1781761304014
163005355593
1781761305010
163049806956
1781761306012
163092192163
1781761307012
163134666358
1781761308014
163177916736
1781761309013
163220567749
1781761310012
163263505750
1781761311014
163306853356
1781761312013
163349464514
1781761313013
163393552292
1781761314014
163436515744
1781761315011
163480146064
1781761316013
163522931905
1781761317013
163565159885
1781761318012
163608870894
1781761319013
163655557786
1781761320012
163704540326
1781761321015
163753639566
1781761322014
163813841194
1781761323012
163897245583
1781761324012
163945181678
1781761325012
163990418745
1781761326013
164033789606
1781761327014
164079124450
1781761328012
164125159062
1781761329015
164172219976
1781761330013
164217471508
1781761331013
164261115989
1781761332013
164304955232
1781761333015
164348599163
1781761334013
164393522755
1781761335012
164437077880
1781761336015
164479180677
1781761337012
164522154810
1781761338014
164565375403
1781761339013
164608286731
1781761340013
164650993287
1781761341013
164694724559
1781761342013
164738124595
1781761343015
164782147553
1781761344014
164824740523
1781761345012
164873341656
1781761346014
164931491775
1781761347012
165007416325
1781761348012
165055342227
1781761349014
165102548527
1781761350010
165150898013
1781761351012
165195575816
1781761352012
165241808058
1781761353014
165285024256
1781761354013
165334096152
1781761355011
165400610081
1781761356012
165484964663
1781761357013
165548344505
1781761358013
165593018585
1781761359012
165637367227
1781761360012
165683462629
1781761361014
165728215871
1781761362014
165773751094
1781761363014
165818700380
1781761364013
165863895516
1781761365012
165907445759
1781761366013
165950526398
1781761367012
165993125166
1781761368013
166036558404
1781761369013
166079831975
1781761370013
166122532000
1781761371013
166165324249
1781761372013
166208575908
1781761373014
166251822563
1781761374013
166294858219
1781761375012
166338464492
1781761376014
166381370876
1781761377016
166423943216
1781761378013
166467142629
1781761379014
166511108947
1781761380013
166556056342
1781761381013
166601008009
1781761382012
166644653466
1781761383013
166689475373
1781761384013
166733125591
1781761385012
166779834211
1781761386013
166822559139
1781761387014
166869056029
1781761388011
166919507621
1781761389012
166971807048
1781761390011
167055640146
1781761391011
167118441438
1781761392014
167163264932
1781761393013
167212221410
1781761394098
167253904836
1781761395011
167298146727
1781761396014
167343661748
1781761397014
167387485732
1781761398013
167430400600
1781761399012
167473772804
1781761400013
167517165088
1781761401013
167560488585
1781761402015
167603919260
1781761403013
167647812031
1781761404013
167691080902
1781761405013
167739440397
1781761406014
167822766356
1781761407012
167889740428
1781761408014
167937962106
1781761409097
167980207115
1781761410014
168026024564
1781761411014
168077420306
1781761412012
168121082304
1781761413014
168164790078
1781761414014
168207593496
1781761415013
168252247007
1781761416012
168297746830
1781761417013
168340687027
1781761418012
168384269923
1781761419012
168427696265
1781761420012
168471090502
1781761421013
168516696953
1781761422014
168565416310
1781761423014
168633303771
1781761424012
168717690335
1781761425008
168769082720
1781761426012
168812214751
1781761427012
168859253632
1781761428012
168910314231
1781761429012
168955863492
1781761430013
169001306247
1781761431013
169045072919
1781761432012
169088028010
1781761433012
169131688970
1781761434012
169174361040
1781761435011
169218033231
1781761436012
169261495217
1781761437013
169304077383
1781761438013
169351339347
1781761439099
169393504706
1781761440014
169438928600
1781761441012
169483946674
1781761442013
169528214932
1781761443014
169571481057
1781761444014
169614278860
1781761445011
169657389223
1781761446013
169703738225
1781761447013
169747019548
1781761448014
169790346890
1781761449013
169833613686
1781761450012
169876656545
1781761451013
169920171509
1781761452013
169963563732
1781761453014
170007437460
1781761454014
170052522367
1781761455012
170096817724
1781761456013
170145839449
1781761457013
170194840117
1781761458012
170276949710
1781761459012
170335564794
1781761460014
170380767437
1781761461012
170428180462
1781761462013
170473494006
1781761463016
170519287773
1781761464014
170563245913
1781761465011
170612010192
1781761466013
170666675763
1781761467013
170715356424
1781761468012
170762753214
1781761469012
170814792083
1781761470014
170862685454
1781761471012
170909505097
1781761472012
170956989961
1781761473013
171000309613
1781761474013
171043335382
1781761475012
171086628301
1781761476013
171131509839
1781761477013
171176527729
1781761478013
171219989104
1781761479014
171263745035
1781761480013
171306877310
1781761481013
171350111940
1781761482014
171393330213
1781761483013
171437096032
1781761484012
171481496370
1781761485010
171524639509
1781761486014
171567756708
1781761487013
171611000433
1781761488013
171653347126
1781761489013
171699376976
1781761490013
171748580647
1781761491013
171811302471
1781761492012
171895229136
1781761493012
171941417739
1781761494013
171987578204
1781761495011
172031180021
1781761496012
172074820107
1781761497012
172117290091
1781761498013
172163480036
1781761499013
172210908992
1781761500013
172259683953
1781761501011
172304452087
1781761502013
172349787299
1781761503013
172394392836
1781761504013
172437387111
1781761505011
172480938513
1781761506013
172523672474
1781761507014
172570158683
1781761508013
172613389712
1781761509014
172656672988
1781761510014
172699635158
1781761511013
172742830482
1781761512012
172786059436
1781761513014
172833320790
1781761514098
172874576910
1781761515013
172917977250
1781761516013
172960594756
1781761517012
173003617168
1781761518013
173046378533
1781761519013
173089851688
1781761520014
173133149307
1781761521016
173176400295
1781761522013
173219859595
1781761523013
173268596470
1781761524013
173320611595
1781761525010
173408832805
1781761526012
173497668698
1781761527013
173565019905
1781761528013
173611920298
1781761529013
173656624895
1781761530015
173701395594
1781761531012
173753199111
1781761532013
173799645037
1781761533014
173847172747
1781761534013
173890613127
1781761535011
173934168924
1781761536013
173976690360
1781761537013
174021914671
1781761538013
174066385077
1781761539013
174110487686
1781761540013
174153417935
1781761541013
174197328040
1781761542014
174241512314
1781761543014
174285301997
1781761544014
174330270693
1781761545012
174373810071
1781761546013
174416730555
1781761547015
174459623511
1781761548014
174502768176
1781761549014
174546055724
1781761550013
174588840649
1781761551014
174632285484
1781761552014
174675652926
1781761553013
174719104780
1781761554014
174762007136
1781761555012
174805674749
1781761556013
174848221698
1781761557013
174896799638
1781761558012
174958453350
1781761559012
175043459236
1781761560011
175106056793
1781761561012
175151802769
1781761562012
175199171667
1781761563014
175244962626
1781761564012
175292155560
1781761565011
175337681200
1781761566013
175384214406
1781761567013
175428509886
1781761568013
175473311346
1781761569013
175518299024
1781761570015
175561429956
1781761571013
175605331699
1781761572014
175648252853
1781761573012
175692103205
1781761574014
175736783755
1781761575011
175779836867
1781761576013
175822843471
1781761577014
175865436074
1781761578014
175908311636
1781761579013
175952543578
1781761580015
175995210278
1781761581012
176038307702
1781761582014
176081547337
1781761583015
176125554122
1781761584015
176168068845
1781761585010
176216921747
1781761586013
176291214647
1781761587012
176357723144
1781761588014
176404963197
1781761589013
176451721500
1781761590014
176498831792
1781761591014
176548708678
1781761592014
176623553030
1781761593012
176678192172
1781761594014
176723867532
1781761595012
176767408375
1781761596013
176810428101
1781761597013
176853539014
1781761598013
176899545060
1781761599013
176945381186
1781761600013
176988756746
1781761601014
177032343915
1781761602013
177075727288
1781761603013
177119562258
1781761604012
177165074654
1781761605010
177209311174
1781761606013
177252004485
1781761607012
177294993572
1781761608013
177337588189
1781761609012
177381700320
1781761610012
177425300123
1781761611014
177470006979
1781761612014
177513227327
1781761613013
177557063885
1781761614014
177600509513
1781761615012
177644072512
1781761616014
177687150466
1781761617012
177729972683
1781761618016
177773233009
1781761619013
177818278853
1781761620013
177861117184
1781761621013
177905635991
1781761622013
177949019669
1781761623011
177993161096
1781761624013
178042462239
1781761625012
178091770097
1781761626015
178164424696
1781761627013
178243429681
1781761628011
178288615052
1781761629012
178332996652
1781761630013
178378937757
1781761631013
178422867821
1781761632013
178466360446
1781761633014
178510325177
1781761634013
178555283192
1781761635011
178599296202
1781761636013
178642051464
1781761637014
178684608423
1781761638014
178727487463
1781761639014
178770659411
1781761640014
178814436704
1781761641012
178857973518
1781761642013
178901561114
1781761643013
178945649747
1781761644012
178988489114
1781761645011
179037207496
1781761646013
179091414571
1781761647013
179140033831
1781761648015
179183902433
1781761649012
179229533114
1781761650012
179273793438
1781761651012
179318272267
1781761652013
179361441834
1781761653014
179406358589
1781761654013
179450731400
1781761655012
179495613549
1781761656013
179538356664
1781761657013
179581712632
1781761658014
179626800041
1781761659013
179676737475
1781761660014
179726189680
1781761661012
179776415503
1781761662014
179824888707
1781761663013
179870147197
1781761664015
179915287950
1781761665011
179959636653
1781761666014
180002534065
1781761667012
180045636188
1781761668012
180088828155
1781761669013
180134545812
1781761670012
180178026413
1781761671012
180221487850
1781761672013
180264579354
1781761673013
180308607683
1781761674013
180351378509
1781761675011
180395311624
1781761676014
180438427602
1781761677013
180481016483
1781761678014
180524769850
1781761679014
180570459857
1781761680015
180614351285
1781761681013
180659192113
1781761682012
180702368577
1781761683014
180747119195
1781761684012
180791234744
1781761685012
180834710706
1781761686013
180878789390
1781761687013
180921603245
1781761688013
180965453109
1781761689014
181008936213
1781761690012
181054866454
1781761691014
181100312199
1781761692013
181144551222
1781761693013
181197789245
1781761694099
181254893652
1781761695009
181339725527
1781761696012
181394266098
1781761697012
181438491876
1781761698012
181481961125
1781761699013
181528609748
1781761700014
181574839061
1781761701014
181622839487
1781761702013
181666220358
1781761703013
181709640962
1781761704014
181752457869
1781761705012
181800906048
1781761706013
181855089625
1781761707013
181921007486
1781761708012
181964439138
1781761709013
182008558715
1781761710013
182055254762
1781761711013
182099618540
1781761712012
182144541765
1781761713012
182190959859
1781761714012
182238624105
1781761715011
182286067037
1781761716014
182330324004
1781761717013
182373651896
1781761718014
182417127737
1781761719012
182459166448
1781761720012
182501911822
1781761721010
182544998992
1781761722014
182585638414
1781761723013
182626898013
1781761724013
182671888865
1781761725011
182715782429
1781761726014
182757550572
1781761727013
182804730321
1781761728014
182852720006
1781761729012
182930075582
1781761730010
182997987395
1781761731012
183043309117
1781761732013
183088656169
1781761733014
183135549299
1781761734013
183182766402
1781761735011
183229574571
1781761736014
183273009762
1781761737012
183316087899
1781761738013
183359623432
1781761739013
183405116114
1781761740014
183450129060
1781761741014
183493719463
1781761742015
183538479114
1781761743012
183581361085
1781761744013
183626327827
1781761745012
183671201309
1781761746013
183714758021
1781761747014
183758493016
1781761748013
183801596849
1781761749013
183845212582
1781761750014
183888697090
1781761751015
183934171400
1781761752014
183979033590
1781761753012
184026842000
1781761754099
184067332863
1781761755011
184110488514
1781761756014
184153273012
1781761757013
184196047988
1781761758013
184239326869
1781761759014
184282545142
1781761760013
184327883954
1781761761012
184376875161
1781761762014
184443772451
1781761763011
184527939045
1781761764010
184574936544
1781761765010
184623892229
1781761766014
184680480952
1781761767012
184728956658
1781761768013
184773772156
1781761769012
184820141727
1781761770016
184866563910
1781761771013
184910509293
1781761772014
184955097802
1781761773015
184998279027
1781761774013
185041734299
1781761775012
185086773307
1781761776013
185131382935
1781761777012
185175963753
1781761778013
185220929092
1781761779013
185263816983
1781761780013
185307516517
1781761781012
185353515422
1781761782012
185397082328
1781761783012
185441675170
1781761784013
185486889959
1781761785012
185530507950
1781761786012
185573164030
1781761787014
185615994182
1781761788016
185659236442
1781761789012
185702651431
1781761790014
185745647353
1781761791013
185789069056
1781761792014
185831575478
1781761793013
185875252978
1781761794014
185924218857
1781761795013
185973574504
1781761796013
186053076437
1781761797012
186117876381
1781761798013
186163498578
1781761799012
186209762620
1781761800015
186252830625
1781761801013
186296184640
1781761802013
186341106827
1781761803013
186384318326
1781761804014
186428114661
1781761805011
186472553146
1781761806013
186516943047
1781761807013
186561728577
1781761808014
186605336681
1781761809014
186648936789
1781761810013
186692144869
1781761811015
186736264446
1781761812011
186780673024
1781761813013
186826589715
1781761814013
186871994018
1781761815012
186916417488
1781761816013
186959075033
1781761817014
187002050082
1781761818014
187045206587
1781761819013
187088358210
1781761820014
187131519233
1781761821014
187174988482
1781761822014
187217661773
1781761823013
187261714944
1781761824014
187305752978
1781761825013
187354268174
1781761826014
187418313359
1781761827011
187486158522
1781761828016
187535254405
1781761829013
187608360480
1781761830012
187692347021
1781761831012
187745132408
1781761832013
187794945452
1781761833013
187838341398
1781761834013
187882005898
1781761835011
187926854843
1781761836013
187974165879
1781761837013
188018285700
1781761838013
188063610108
1781761839014
188107247997
1781761840013
188150328941
1781761841015
188193941928
1781761842013
188237754072
1781761843013
188283072437
1781761844012
188327868038
1781761845011
188371440131
1781761846013
188415007524
1781761847016
188457797270
1781761848013
188500636394
1781761849013
188544036918
1781761850012
188586948490
1781761851014
188630944593
1781761852014
188674196131
1781761853013
188718155613
1781761854013
188761368149
1781761855012
188805615228
1781761856014
188848866887
1781761857013
188891800493
1781761858013
188935058622
1781761859014
188978271158
1781761860013
189021785878
1781761861013
189067747552
1781761862014
189117046803
1781761863010
189182542607
1781761864012
189266419956
1781761865008
189329545344
1781761866013
189377527887
1781761867013
189422656251
1781761868013
189470532532
1781761869010
189517845460
1781761870014
189561111035
1781761871012
189607057085
1781761872014
189651110622
1781761873012
189699617211
1781761874099
189741284036
1781761875010
189786651474
1781761876012
189829645931
1781761877012
189872655221
1781761878014
189915616475
1781761879012
189959661407
1781761880016
190002483379
1781761881013
190046615163
1781761882016
190089866640
1781761883014
190133925792
1781761884013
190177588522
1781761885011
190226232502
1781761886013
190291416539
1781761887012
190362623571
1781761888013
190405803819
1781761889014
190451631583
1781761890014
190495362428
1781761891014
190539321239
1781761892012
190583348470
1781761893011
190627734892
1781761894013
190671136758
1781761895012
190717531720
1781761896014
190766278787
1781761897013
190840250034
1781761898012
190924088930
1781761899011
190970442999
1781761900012
191014660659
1781761901012
191058899132
1781761902012
191104432646
1781761903013
191149508336
1781761904013
191196029152
1781761905011
191241022384
1781761906013
191284515010
1781761907012
191327566657
1781761908014
191370437641
1781761909013
191413659393
1781761910014
191456988506
1781761911014
191500999929
1781761912013
191544191591
1781761913012
191588264903
1781761914013
191631575461
1781761915011
191675313326
1781761916014
191718879437
1781761917013
191762235344
1781761918013
191805691349
1781761919014
191851326059
1781761920014
191896332901
1781761921013
191940119532
1781761922014
191983118446
1781761923014
192027446701
1781761924013
192071212520
1781761925012
192115026677
1781761926013
192157708819
1781761927013
192202244960
1781761928012
192246338170
1781761929015
192295386018
1781761930013
192344580289
1781761931013
192421956861
1781761932012
192494293773
1781761933014
192542647226
1781761934098
192584810875
1781761935011
192631402126
1781761936012
192678204862
1781761937012
192726857020
1781761938013
192770393469
1781761939013
192813489794
1781761940013
192856694029
1781761941013
192900652840
1781761942014
192943446737
1781761943015
192987315277
1781761944013
193030049298
1781761945011
193078721110
1781761946014
193133009179
1781761947013
193203481227
1781761948012
193247286962
1781761949012
193292178083
1781761950014
193335008234
1781761951012
193380973754
1781761952013
193423664502
1781761953014
193467900839
1781761954014
193510878085
1781761955013
193554513349
1781761956015
193597651910
1781761957014
193640968938
1781761958012
193685483350
1781761959014
193730648701
1781761960014
193773354830
1781761961013
193818320962
1781761962014
193863236557
1781761963014
193912258649
1781761964012
193974003242
1781761965009
194059146273
1781761966012
194112773577
1781761967013
194158181359
1781761968012
194203675566
1781761969013
194250987030
1781761970014
194299723660
1781761971012
194344380467
1781761972013
194388434859
1781761973013
194432392754
1781761974012
194477824645
1781761975010
194521195078
1781761976014
194564282126
1781761977013
194607522433
1781761978013
194651120832
1781761979013
194696924792
1781761980014
194742591545
1781761981012
194789357661
1781761982014
194835766416
1781761983014
194882670654
1781761984012
194929079837
1781761985011
194975590643
1781761986014
195021232372
1781761987013
195064757468
1781761988014
195113759357
1781761989011
195165468758
1781761990013
195211167982
1781761991013
195257598161
1781761992014
195301305264
1781761993013
195344616920
1781761994014
195391402262
1781761995012
195436849472
1781761996013
195484888412
1781761997014
195534471598
1781761998014
195594882698
1781761999012
195678352821
1781762000010
195722562303
1781762001013
195769392688
1781762002013
195815282952
1781762003013
195861342831
1781762004014
195907792053
1781762005012
195957018368
1781762006012
196011061870
1781762007013
196062692902
1781762008015
196109208286
1781762009014
196153512677
1781762010015
196196516412
1781762011013
196240145939
1781762012014
196283494583
1781762013013
196327766564
1781762014014
196371062840
1781762015013
196414242966
1781762016012
196457280942
1781762017012
196503027834
1781762018013
196548997809
1781762019012
196594711437
1781762020014
196641832350
1781762021014
196688651077
1781762022014
196735885270
1781762023013
196782616779
1781762024014
196829566000
1781762025012
196875650477
1781762026016
196920102572
1781762027014
196963518416
1781762028013
197007111200
1781762029013
197050933780
1781762030012
197098658878
1781762031014
197147743042
1781762032012
197206668855
1781762033011
197286584605
1781762034012
197332953505
1781762035011
197377480491
1781762036013
197420839877
1781762037013
197463764511
1781762038013
197509574391
1781762039013
197556606802
1781762040013
197600257447
1781762041013
197643870067
1781762042012
197687014855
1781762043013
197731610871
1781762044011
197775259196
1781762045012
197818866873
1781762046014
197861993960
1781762047013
197905233351
1781762048013
197948684717
1781762049013
197993730195
1781762050014
198038760414
1781762051013
198082422839
1781762052014
198127115229
1781762053013
198171109990
1781762054014
198216558482
1781762055012
198261418535
1781762056013
198304907255
1781762057012
198348256204
1781762058016
198392750414
1781762059012
198436527889
1781762060013
198480613897
1781762061013
198524027238
1781762062014
198567444363
1781762063015
198610868691
1781762064014
198658194497
1781762065012
198711272975
1781762066014
198798089830
1781762067012
198870527755
1781762068013
198920601418
1781762069099
198967907388
1781762070014
199018980195
1781762071012
199066524568
1781762072014
199112550268
1781762073013
199156254501
1781762074011
199200274469
1781762075011
199244160038
1781762076013
199286971086
1781762077015
199330179471
1781762078014
199373692849
1781762079015
199418250718
1781762080014
199463489738
1781762081013
199507436098
1781762082012
199551358226
1781762083012
199596564959
1781762084015
199641965172
1781762085012
199687902310
1781762086013
199731816749
1781762087013
199776417282
1781762088014
199821011528
1781762089014
199864474185
1781762090014
199908490064
1781762091013
199955508193
1781762092013
199998891871
1781762093015
200042316442
1781762094016
200085468126
1781762095010
200129163998
1781762096013
200172812019
1781762097013
200215792011
1781762098014
200261195093
1781762099013
200310603475
1781762100012
200372539352
1781762101011
200456911694
1781762102012
200507801579
1781762103013
200553043650
1781762104014
200597424884
1781762105012
200645963395
1781762106013
200690338648
1781762107013
200741383805
1781762108012
200786414940
1781762109014
200829693638
1781762110013
200874579937
1781762111013
200919140247
1781762112012
200962544494
1781762113014
201007672552
1781762114014
201052853162
1781762115011
201096597740
1781762116014
201141249786
1781762117013
201189554411
1781762118012
201232274333
1781762119014
201276894458
1781762120013
201320447264
1781762121014
201364335580
1781762122013
201412704291
1781762123013
201458075208
1781762124017
201501280786
1781762125015
201549660240
1781762126014
201603705633
1781762127014
201652169071
1781762128014
201700432986
1781762129099
201741981952
1781762130014
201785083465
1781762131013
201828348735
1781762132014
201875401105
1781762133014
201924129984
1781762134012
201984031564
1781762135008
202056975103
1781762136013
202100741226
1781762137013
202144401820
1781762138013
202189518831
1781762139013
202233679057
1781762140014
202277698537
1781762141013
202325075552
1781762142015
202368893189
1781762143014
202413770027
1781762144013
202456791645
1781762145011
202500014740
1781762146013
202543587322
1781762147013
202587123282
1781762148013
202631431762
1781762149013
202676212837
1781762150012
202719434406
1781762151013
202762918425
1781762152013
202806866494
1781762153015
202853008649
1781762154014
202896742851
1781762155012
202941425781
1781762156013
202984492931
1781762157014
203027498131
1781762158013
203074793725
1781762159099
203116080607
1781762160015
203162156539
1781762161012
203205796137
1781762162013
203249251958
1781762163013
203292780289
1781762164014
203336992395
1781762165012
203380623509
1781762166014
203425765178
1781762167013
203474438454
1781762168012
203524920198
1781762169012
203609077880
1781762170012
203662154893
1781762171012
203710979047
1781762172016
203756302967
1781762173014
203802156609
1781762174014
203848220151
1781762175011
203892772955
1781762176014
203935680010
1781762177014
203978873198
1781762178013
204021417950
1781762179012
204067302171
1781762180012
204112470695
1781762181013
204156075381
1781762182013
204200250866
1781762183013
204244245749
1781762184012
204288669951
1781762185011
204337505275
1781762186013
204391760874
1781762187013
204460732804
1781762188013
204504596523
1781762189013
204550208222
1781762190013
204595505958
1781762191015
204639186815
1781762192013
204682953854
1781762193014
204726267403
1781762194014
204771200759
1781762195010
204815387292
1781762196013
204857770911
1781762197015
204901101062
1781762198013
204944736265
1781762199014
204987506480
1781762200014
205031796406
1781762201013
205081046951
1781762202011
205133272464
1781762203012
205217682771
1781762204012
205280751762
1781762205012
205328160393
1781762206012
205374563656
1781762207013
205420650818
1781762208013
205463254164
1781762209013
205508599262
1781762210014
205553159695
1781762211013
205598371432
1781762212012
205642045576
1781762213015
205685985954
1781762214013
205729213810
1781762215012
205773685864
1781762216013
205817200157
1781762217013
205860205479
1781762218015
205903685409
1781762219014
205949332448
1781762220013
205994005979
1781762221013
206037681038
1781762222014
206080879902
1781762223013
206123989166
1781762224015
206168157571
1781762225011
206212526110
1781762226013
206255163696
1781762227013
206298021680
1781762228013
206341074975
1781762229013
206384439977
1781762230012
206428891340
1781762231013
206472663994
1781762232013
206519084163
1781762233014
206562699469
1781762234014
206609030283
1781762235011
206658974796
1781762236012
206707865540
1781762237013
206758145075
1781762238011
206824264107
1781762239014
206869432754
1781762240012
206914107688
1781762241013
206960464198
1781762242012
207009095177
1781762243012
207054697416
1781762244013
207098241860
1781762245012
207146814795
1781762246013
207201449665
1781762247014
207261543994
1781762248010
207311542645
1781762249098
207352887266
1781762250013
207396710274
1781762251013
207440997453
1781762252014
207489889051
1781762253012
207536168474
1781762254015
207579556058
1781762255010
207623757117
1781762256013
207667085070
1781762257013
207709835876
1781762258015
207753336070
1781762259014
207796766500
1781762260013
207840110200
1781762261013
207884973428
1781762262013
207930186142
1781762263011
207974626397
1781762264014
208019736816
1781762265011
208064539252
1781762266013
208109001358
1781762267013
208152581019
1781762268014
208196519017
1781762269013
208243385108
1781762270014
208293388093
1781762271013
208359131638
1781762272011
208442074968
1781762273012
208487913657
1781762274013
208531603242
1781762275012
208575618266
1781762276013
208620943529
1781762277014
208663817381
1781762278013
208707217478
1781762279012
208751960893
1781762280013
208795379850
1781762281014
208839608618
1781762282015
208883600449
1781762283013
208927333797
1781762284014
208970646979
1781762285011
209015732984
1781762286013
209059044946
1781762287013
209102456395
1781762288014
209146020004
1781762289015
209189503169
1781762290013
209232822700
1781762291013
209276539812
1781762292014
209320918177
1781762293014
209367576322
1781762294014
209412854404
1781762295012
209456785749
1781762296015
209500781547
1781762297012
209543587590
1781762298012
209587067825
1781762299013
209630135464
1781762300013
209674338232
1781762301014
209718529647
1781762302013
209763186576
1781762303014
209812239429
1781762304013
209861223129
1781762305010
209938251069
1781762306012
210025470878
1781762307012
210083924708
1781762308011
210132954611
1781762309014
210178934718
1781762310015
210224959625
1781762311012
210273994961
1781762312013
210320668547
1781762313014
210363939982
1781762314012
210406815239
1781762315011
210451550903
1781762316014
210494672985
1781762317014
210537541588
1781762318014
210581138523
1781762319014
210624659713
1781762320014
210667855098
1781762321014
210711933110
1781762322014
210755382706
1781762323014
210805685616
1781762324096
210847390283
1781762325012
210890657933
1781762326012
210933956955
1781762327012
210978360528
1781762328014
211021504522
1781762329016
211065796889
1781762330013
211109053675
1781762331012
211154734100
1781762332012
211199863013
1781762333013
211243454027
1781762334014
211287383602
1781762335012
211330931281
1781762336014
211375279251
1781762337015
211424099194
1781762338015
211478343745
1781762339096
211551309867
1781762340011
211616296273
1781762341014
211665131353
1781762342012
211707372517
1781762343014
211751337065
1781762344013
211795517006
1781762345012
211842296183
1781762346013
211881513551
1781762347012
211920552330
1781762348013
211963817417
1781762349041
212006346300
1781762350012
212049980771
1781762351014
212092873361
1781762352013
212134900231
1781762353012
212177065528
1781762354013
212224776222
1781762355013
212268004505
1781762356013
212311658262
1781762357014
212356259833
1781762358014
212399589434
1781762359013
212443678921
1781762360013
212486854347
1781762361014
212531325547
1781762362013
212575459955
1781762363013
212619594730
1781762364013
212662448929
1781762365010
212711013563
1781762366014
212779637411
1781762367012
212849566614
1781762368013
212894448885
1781762369014
212943766874
1781762370013
212988374487
1781762371013
213036417027
1781762372014
213085618378
1781762373012
213158355680
1781762374012
213233765887
1781762375012
213279693016
1781762376012
213327076256
1781762377013
213374785607
1781762378012
213426707410
1781762379013
213471148214
1781762380013
213514657075
1781762381013
213560567785
1781762382013
213603737474
1781762383014
213647950130
1781762384013
213694547300
1781762385011
213740511416
1781762386013
213783495803
1781762387014
213828181297
1781762388014
213872075899
1781762389013
213915168196
1781762390013
213959137138
1781762391016
214002903384
1781762392012
214048439644
1781762393013
214093901136
1781762394013
214136994898
1781762395011
214180678380
1781762396013
214223953965
1781762397014
214267320309
1781762398013
214310238290
1781762399014
214355374100
1781762400014
214403778212
1781762401011
214447251306
1781762402012
214490488134
1781762403015
214533894273
1781762404013
214577065671
1781762405012
214624800778
1781762406012
214673787164
1781762407012
214740290473
1781762408012
214821805035
1781762409013
214866244130
1781762410012
214909333497
1781762411014
214952683667
1781762412013
214998163714
1781762413013
215042742396
1781762414015
215091399071
1781762415010
215137780727
1781762416013
215180844216
1781762417013
215223692251
1781762418013
215267909911
1781762419014
215311313303
1781762420013
215355521991
1781762421013
215399294584
1781762422013
215444170019
1781762423012
215488828413
1781762424014
215532974845
1781762425011
215581506276
1781762426012
215635746982
1781762427015
215684087312
1781762428015
215729152504
1781762429014
215774822431
1781762430012
215817980951
1781762431013
215861825383
1781762432015
215905758925
1781762433014
215949810204
1781762434012
215993005345
1781762435011
216036659530
1781762436018
216080718865
1781762437014
216124030888
1781762438014
216167752090
1781762439013
216216660656
1781762440014
216275485578
1781762441011
216359794078
1781762442012
216425118801
1781762443012
216470325961
1781762444012
216516612219
1781762445012
216566790741
1781762446013
216612909519
1781762447013
216661827485
1781762448013
216705667827
1781762449014
216749253042
1781762450013
216792629823
1781762451014
216836225964
1781762452014
216879629479
1781762453014
216925052397
1781762454014
216970202184
1781762455012
217014548445
1781762456013
217057311519
1781762457014
217099541086
1781762458013
217143242451
1781762459014
217188573207
1781762460013
217231398781
1781762461014
217274876514
1781762462014
217317806885
1781762463013
217361821848
1781762464014
217405565144
1781762465011
217448680024
1781762466013
217493141214
1781762467014
217536220388
1781762468013
217580040710
1781762469013
217624644417
1781762470013
217668062214
1781762471012
217711725676
1781762472014
217757622104
1781762473013
217806991362
1781762474012
217856487574
1781762475010
217906453754
1781762476012
217965213003
1781762477014
218008992127
1781762478012
218054571844
1781762479012
218104798828
1781762480013
218152325744
1781762481013
218197858587
1781762482014
218241259294
1781762483013
218287978046
1781762484014
218331775175
1781762485011
218380985315
1781762486013
218435000009
1781762487013
218483429694
1781762488013
218530343026
1781762489014
218578868354
1781762490014
218622779740
1781762491012
218666697658
1781762492013
218710528234
1781762493013
218754426864
1781762494013
218798772332
1781762495012
218841938237
1781762496012
218885991957
1781762497012
218928733852
1781762498013
218972150428
1781762499012
219015971239
1781762500014
219059723873
1781762501013
219103600226
1781762502014
219147043047
1781762503013
219191428004
1781762504013
219236827241
1781762505012
219280312664
1781762506012
219327884197
1781762507015
219376516702
1781762508013
219439596436
1781762509011
219525324854
1781762510011
219576685562
1781762511013
219621349205
1781762512012
219665777131
1781762513014
219710710305
1781762514014
219756726117
1781762515011
219804078352
1781762516014
219852026166
1781762517013
219895028009
1781762518013
219941688229
1781762519099
219982835524
1781762520013
220025568446
1781762521014
220068962806
1781762522013
220112632738
1781762523013
220155549925
1781762524012
220198455089
1781762525011
220241658897
1781762526011
220285413423
1781762527012
220329012006
1781762528014
220372493584
1781762529014
220416062503
1781762530013
220460018201
1781762531013
220504194296
1781762532014
220547611971
1781762533012
220591461773
1781762534013
220636589954
1781762535011
220680130553
1781762536014
220724742743
1781762537013
220768646073
1781762538014
220810919646
1781762539013
220854297343
1781762540012
220902538980
1781762541013
220965739441
1781762542012
221050269803
1781762543011
221120390473
1781762544012
221171950094
1781762545012
221220947527
1781762546012
221278430107
1781762547013
221327102834
1781762548012
221373931938
1781762549013
221424477524
1781762550012
221467758175
1781762551013
221511054817
1781762552014
221554673236
1781762553014
221597610382
1781762554012
221641294596
1781762555012
221685361011
1781762556014
221729405210
1781762557014
221772759835
1781762558014
221815992574
1781762559012
221859561249
1781762560014
221903453959
1781762561013
221947094472
1781762562014
221990942382
1781762563013
222035242379
1781762564013
222080653212
1781762565012
222124501367
1781762566014
222167908238
1781762567012
222213423075
1781762568013
222256890432
1781762569013
222300932495
1781762570013
222345570381
1781762571016
222389368975
1781762572014
222433403164
1781762573013
222478555331
1781762574014
222528022001
1781762575012
222597004185
1781762576012
222680849979
1781762577012
222733614553
1781762578013
222781295462
1781762579098
222823087530
1781762580013
222866628861
1781762581014
222913277301
1781762582013
222957271818
1781762583014
223000583413
1781762584017
223043901174
1781762585012
223087339661
1781762586014
223131143748
1781762587012
223174248191
1781762588014
223217607821
1781762589014
223262647013
1781762590012
223310130412
1781762591013
223354546619
1781762592013
223398029295
1781762593014
223441425852
1781762594013
223486667008
1781762595012
223530715662
1781762596014
223573806738
1781762597013
223619559673
1781762598013
223662512444
1781762599014
223705449041
1781762600012
223748764176
1781762601012
223793176477
1781762602014
223836892857
1781762603013
223880928084
1781762604012
223924820916
1781762605012
223974389514
1781762606012
224028630586
1781762607014
224104295249
1781762608013
224158444036
1781762609098
224217338721
1781762610012
224294318871
1781762611012
224339110993
1781762612013
224387130096
1781762613012
224433150120
1781762614014
224477245222
1781762615012
224525695415
1781762616013
224573074688
1781762617012
224616626212
1781762618013
224659924624
1781762619013
224703054031
1781762620015
224746012661
1781762621012
224789688330
1781762622014
224832801501
1781762623014
224876611509
1781762624015
224922154239
1781762625010
224965591506
1781762626014
225009033228
1781762627013
225054533478
1781762628014
225099437415
1781762629014
225143353258
1781762630014
225187322261
1781762631014
225232611879
1781762632014
225276635509
1781762633013
225321989580
1781762634013
225365962185
1781762635011
225410947604
1781762636014
225454079452
1781762637015
225497117611
1781762638012
225545628595
1781762639099
225586644603
1781762640014
225629865379
1781762641014
225678599934
1781762642013
225730607369
1781762643012
225815145666
1781762644012
225879610589
1781762645012
225924578308
1781762646014
225968732736
1781762647014
226014966077
1781762648014
226059532797
1781762649014
226103432587
1781762650014
226147054545
1781762651012
226191184254
1781762652014
226234939880
1781762653014
226278923348
1781762654014
226324412490
1781762655012
226368310754
1781762656013
226410994299
1781762657014
226453206166
1781762658013
226499334711
1781762659012
226542669316
1781762660013
226585697099
1781762661013
226629982203
1781762662014
226673876500
1781762663012
226717718307
1781762664013
226762349418
1781762665011
226810924855
1781762666014
226868054897
1781762667012
226942710651
1781762668013
226987762293
1781762669013
227032763277
1781762670014
227075074997
1781762671014
227118801631
1781762672013
227164830871
1781762673013
227208072703
1781762674012
227253371354
1781762675012
227302644116
1781762676012
227363141398
1781762677013
227448244940
1781762678011
227500648981
1781762679013
227545877625
1781762680014
227591069220
1781762681013
227635013749
1781762682014
227678119840
1781762683014
227730212236
1781762684015
227774858240
1781762685012
227818114782
1781762686014
227860744861
1781762687014
227903419495
1781762688012
227948791327
1781762689012
227993706739
1781762690013
228037069116
1781762691013
228080567357
1781762692013
228124737837
1781762693015
228168788078
1781762694012
228213242005
1781762695012
228256548901
1781762696013
228301572345
1781762697012
228344451630
1781762698013
228389252907
1781762699013
228433195666
1781762700014
228476070861
1781762701014
228520081735
1781762702013
228563351399
1781762703014
228606751191
1781762704014
228650613383
1781762705014
228693714652
1781762706014
228736219731
1781762707014
228781686167
1781762708014
228826318744
1781762709013
228875324905
1781762710014
228933893786
1781762711012
229018084183
1781762712011
229072625059
1781762713012
229117771245
1781762714014
229163433725
1781762715011
229207606098
1781762716012
229250760772
1781762717014
229293341840
1781762718013
229335762325
1781762719014
229381610352
1781762720013
229424663464
1781762721013
229467726892
1781762722015
229512064730
1781762723014
229555483991
1781762724013
229599675345
1781762725011
229648121388
1781762726014
229702335849
1781762727014
229750756441
1781762728013
229795985329
1781762729013
229841626935
1781762730013
229884234920
1781762731012
229928196782
1781762732013
229972052810
1781762733013
230015470668
1781762734012
230059447179
1781762735012
230103051071
1781762736013
230146276790
1781762737013
230190361699
1781762738012
230233454424
1781762739013
230276861478
1781762740015
230320245949
1781762741012
230363886890
1781762742013
230410984365
1781762743013
230466162690
1781762744096
230543388139
1781762745010
230620527651
1781762746012
230666370246
1781762747012
230710175737
1781762748013
230753653104
1781762749013
230801853908
1781762750012
230847625276
1781762751013
230895678864
1781762752013
230941392614
1781762753012
230986463360
1781762754014
231030286002
1781762755012
231074903014
1781762756013
231117172498
1781762757013
231159825465
1781762758014
231207763392
1781762759098
231249965371
1781762760015
231294019824
1781762761012
231337377623
1781762762013
231380732187
1781762763013
231423813437
1781762764013
231467470979
1781762765012
231511044415
1781762766013
231554017571
1781762767012
231597902041
1781762768011
231641642957
1781762769013
231684860681
1781762770012
231727967382
1781762771013
231771558457
1781762772014
231814807797
1781762773014
231858401741
1781762774013
231903588332
1781762775012
231947162500
1781762776013
231996017416
1781762777012
232045183001
1781762778013
232127065726
1781762779013
232190601757
1781762780014
232238669505
1781762781014
232283868059
1781762782014
232327723843
1781762783014
232376807884
1781762784012
232420075596
1781762785011
232469079987
1781762786013
232523609633
1781762787013
232572294078
1781762788012
232616409627
1781762789013
232662717248
1781762790014
232707259492
1781762791013
232750611371
1781762792013
232793750420
1781762793013
232836698248
1781762794014
232879501666
1781762795011
232924105372
1781762796015
232966978004
1781762797013
233009974232
1781762798012
233054282529
1781762799012
233097319101
1781762800016
233140294211
1781762801013
233183698397
1781762802014
233226536422
1781762803013
233270542413
1781762804014
233314830385
1781762805012
233358901134
1781762806013
233401218165
1781762807014
233444169715
1781762808014
233486566762
1781762809013
233532629877
1781762810013
233582382984
1781762811013
233654690782
1781762812011
233738312272
1781762813011
233784712300
1781762814012
233832829425
1781762815012
233881548783
1781762816013
233926159143
1781762817014
233969307775
1781762818014
234015881813
1781762819013
234061598615
1781762820012
234104615046
1781762821013
234148469242
1781762822012
234191497086
1781762823013
234234776089
1781762824013
234277695169
1781762825010
234321270009
1781762826014
234363961244
1781762827013
234408109508
1781762828013
234453155657
1781762829014
234495859894
1781762830012
234538577253
1781762831012
234582472282
1781762832013
234625122502
1781762833013
234671615364
1781762834099
234712921899
1781762835012
234756330052
1781762836014
234799539780
1781762837014
234842408384
1781762838015
234886055062
1781762839014
234929205708
1781762840013
234971542453
1781762841014
235017977759
1781762842013
235060913745
1781762843012
235107404349
1781762844013
235156809496
1781762845011
235224462948
1781762846012
235317304507
1781762847011
235381337790
1781762848012
235433092419
1781762849099
235481720712
1781762850012
235537799060
1781762851013
235583132928
1781762852013
235631673209
1781762853012
235678122065
1781762854012
235721895146
1781762855012
235765327652
1781762856014
235807630461
1781762857013
235851035013
1781762858014
235895700853
1781762859012
235938967772
1781762860012
235982121714
1781762861013
236025492391
1781762862014
236068167453
1781762863013
236115492649
1781762864099
236156414786
1781762865014
236200291688
1781762866013
236243130201
1781762867013
236286138636
1781762868013
236328870399
1781762869013
236372549547
1781762870014
236415864439
1781762871013
236461992189
1781762872013
236505711133
1781762873013
236549116173
1781762874012
236592989840
1781762875011
236638296975
1781762876013
236681142446
1781762877014
236729336354
1781762878012
236778590195
1781762879012
236828363810
1781762880013
236904762113
1781762881015
236949058020
1781762882013
236994541729
1781762883013
237040071093
1781762884013
237083627683
1781762885011
237130349548
1781762886013
237172865064
1781762887012
237216329980
1781762888014
237260571871
1781762889013
237304459210
1781762890013
237347570855
1781762891014
237391075382
1781762892014
237434377151
1781762893013
237478131373
1781762894013
237523062898
1781762895011
237568067483
1781762896014
237610678397
1781762897014
237653313297
1781762898013
237695710833
1781762899014
237739600003
1781762900013
237783036781
1781762901014
237826358509
1781762902014
237871877435
1781762903012
237915533756
1781762904013
237958446244
1781762905012
238007849865
1781762906013
238062017207
1781762907013
238110678337
1781762908013
238154900575
1781762909014
238200353279
1781762910014
238244506730
1781762911014
238293928296
1781762912014
238351026538
1781762913012
238435971389
1781762914013
238498408485
1781762915010
238543371077
1781762916013
238591070662
1781762917013
238637548876
1781762918012
238684346363
1781762919011
238729269222
1781762920014
238773058173
1781762921014
238817034928
1781762922015
238860443691
1781762923013
238904792638
1781762924013
238950372294
1781762925012
238994626880
1781762926015
239037496643
1781762927013
239080829662
1781762928012
239124033959
1781762929014
239167209934
1781762930013
239210990096
1781762931014
239255298515
1781762932013
239301713313
1781762933012
239346164005
1781762934013
239389291214
1781762935013
239434648764
1781762936012
239477844088
1781762937014
239520606186
1781762938014
239564980767
1781762939013
239609974914
1781762940012
239653096264
1781762941014
239698660783
1781762942014
239741377898
1781762943015
239786389990
1781762944013
239831531964
1781762945012
239880870217
1781762946013
239930908053
1781762947011
240014343203
1781762948012
240068217516
1781762949010
240112888117
1781762950013
240158021607
1781762951015
240202061106
1781762952013
240246918535
1781762953013
240299997440
1781762954012
240347346379
1781762955013
240390790786
1781762956014
240433478421
1781762957013
240476146891
1781762958013
240518593926
1781762959013
240562124698
1781762960013
240605825087
1781762961012
240649420007
1781762962013
240691479592
1781762963012
240736674850
1781762964013
240777709413
1781762965011
240824884463
1781762966012
240878260486
1781762967013
240944267519
1781762968012
240986404130
1781762969014
241029949429
1781762970013
241071988078
1781762971014
241120882484
1781762972013
241165759994
1781762973012
241210907706
1781762974013
241253503361
1781762975010
241294835591
1781762976013
241333297956
1781762977013
241372092290
1781762978014
241414587970
1781762979013
241462471026
1781762980015
241513220225
1781762981012
241595243208
1781762982010
241658437810
1781762983012
241704212534
1781762984012
241750526075
1781762985011
241795918720
1781762986011
241839067841
1781762987013
241879034047
1781762988015
241919953559
1781762989012
241960302516
1781762990013
241999371202
1781762991013
242039852544
1781762992012
242078930447
1781762993012
242122728858
1781762994012
242162412533
1781762995012
242203006301
1781762996013
242243828340
1781762997013
242282685662
1781762998013
242324410348
1781762999012
242366567040
1781763000013
242405482650
1781763001013
242445974246
1781763002014
242486268515
1781763003012
242525402692
1781763004013
242566675536
1781763005012
242607223894
1781763006014
242645535930
1781763007014
242684346316
1781763008014
242723667077
1781763009013
242765035319
1781763010012
242805426695
1781763011013
242844804463
1781763012013
242884899575
1781763013013
242934998812
1781763014099
242978798871
1781763015012
243026684673
1781763016013
243087324289
1781763017011
243135319527
1781763018012
243175801723
1781763019013
243217065595
1781763020013
243258283385
1781763021013
243302030221
1781763022012
243345371968
1781763023013
243389491667
1781763024013
243429041248
1781763025012
243476019461
1781763026013
243530020116
1781763027012
243600423012
1781763028012
243644181628
1781763029013
243691737719
1781763030014
243731308907
1781763031014
243773457847
1781763032013
243816415745
1781763033014
243863292151
1781763034011
243909138164
1781763035011
243949607482
1781763036013
243988049156
1781763037016
244027581403
1781763038013
244066551579
1781763039014
244108246968
1781763040013
244147488017
1781763041012
244187457825
1781763042013
244227694233
1781763043012
244272119412
1781763044099
244311201221
1781763045012
244351846625
1781763046012
244390521941
1781763047012
244431823105
1781763048013
244479055772
1781763049013
244528804485
1781763050012
244610396928
1781763051011
244665612179
1781763052013
244709525092
1781763053012
244751915547
1781763054012
244795958037
1781763055012
244840988928
1781763056012
244880125241
1781763057013
244920693374
1781763058014
244960866978
1781763059013
245005384259
1781763060014
245045310975
1781763061014
245085290853
1781763062012
245126973425
1781763063014
245167130549
1781763064013
245206499650
1781763065012
245247700594
1781763066012
245286498651
1781763067013
245326115554
1781763068012
245365304968
1781763069013
245406872672
1781763070013
245446435376
1781763071013
245486556062
1781763072012
245525431450
1781763073013
245566313243
1781763074013
245609903768
1781763075010
245651303992
1781763076013
245691274532
1781763077014
245729533345
1781763078014
245768745769
1781763079013
245808223024
1781763080012
245847774619
1781763081012
245893459256
1781763082015
245940942105
1781763083013
246016051593
1781763084011
246093110539
1781763085010
246140599492
1781763086012
246195768846
1781763087013
246243670945
1781763088012
246289752064
1781763089014
246334514645
1781763090012
246378048713
1781763091012
246418691859
1781763092012
246458686263
1781763093012
246500199463
1781763094013
246540781573
1781763095012
246583440461
1781763096014
246623149343
1781763097013
246662926524
1781763098014
246702922699
1781763099013
246744267686
1781763100011
246783574287
1781763101013
246824533105
1781763102013
246864115279
1781763103013
246905359619
1781763104013
246948163709
1781763105011
246988567231
1781763106014
247028892750
1781763107014
247068513682
1781763108014
247107217684
1781763109013
247147781118
1781763110012
247187794748
1781763111012
247228095976
1781763112013
247267571155
1781763113014
247307918281
1781763114013
247350210226
1781763115012
247398538288
1781763116012
247458805895
1781763117012
247540243248
1781763118012
247598627315
1781763119013
247643441470
1781763120012
247686450027
1781763121011
247731043602
1781763122013
247774186680
1781763123015
247818203413
1781763124012
247865473494
1781763125011
247906533448
1781763126013
247947548663
1781763127013
247987549537
1781763128012
248026961179
1781763129012
248067644852
1781763130011
248107917210
1781763131012
248148369804
1781763132014
248187947034
1781763133013
248229086516
1781763134014
248268207876
1781763135013
248308589487
1781763136014
248348365996
1781763137013
248387522512
1781763138013
248426448438
1781763139013
248467151153
1781763140014
248507690906
1781763141013
248547662605
1781763142012
248587989467
1781763143013
248627795762
1781763144013
248667012153
1781763145013
248715084845
1781763146012
248779719018
1781763147012
248846049475
1781763148013
248893743567
1781763149014
248943189058
1781763150014
249010534589
1781763151011
249087277496
1781763152012
249132615636
1781763153014
249178942300
1781763154013
249221486014
1781763155011
249263579168
1781763156014
249306396564
1781763157012
249346946875
1781763158014
249387389093
1781763159014
249427793653
1781763160014
249468945037
1781763161013
249508716968
1781763162012
249547945994
1781763163014
249588870816
1781763164013
249631919412
1781763165011
249672665401
1781763166014
249712408525
1781763167014
249750824015
1781763168014
249791075560
1781763169013
249831274675
1781763170013
249870397927
1781763171013
249910314329
1781763172014
249949285665
1781763173012
249988980876
1781763174012
250028076051
1781763175012
250070197892
1781763176013
250112736662
1781763177013
250151053398
1781763178012
250191798716
1781763179012
250232863003
1781763180012
250274607159
1781763181014
250316862177
1781763182014
250364481379
1781763183013
250412015132
1781763184013
250486699572
1781763185008
250547704360
1781763186014
250594301592
1781763187012
250638396144
1781763188013
250681406776
1781763189014
250725358690
1781763190014
250769946284
1781763191012
250817998590
1781763192012
250862410769
1781763193010
