7804506269
1782493374781
7805876262
1782493375021
7811777808
1782493376023
7817857340
1782493377025
7823616505
1782493378021
7829737254
1782493379025
7835779852
1782493380021
7841930605
1782493381023
7848059372
1782493382023
7854419658
1782493383022
7860431426
1782493384021
7866607898
1782493385021
7872766929
1782493386021
7878849642
1782493387023
7884895545
1782493388021
7890883643
1782493389023
7898113199
1782493390176
7903199883
1782493391024
7909274289
1782493392022
7915604190
1782493393022
7921680233
1782493394023
7927918747
1782493395022
7934141257
1782493396023
7940239301
1782493397021
7946422506
1782493398021
7952416036
1782493399023
7958437550
1782493400023
7964202330
1782493401023
7970196411
1782493402023
7976628791
1782493403025
7983830745
1782493404025
7992307588
1782493405175
7998247935
1782493406024
8005256544
1782493407022
8014134430
1782493408024
8023076424
1782493409025
8032003469
1782493410027
8040816299
1782493411021
8049801515
1782493412024
8058848696
1782493413024
8067753234
1782493414024
8076745029
1782493415024
8085811763
1782493416022
8094956497
1782493417027
8103807057
1782493418023
8112658459
1782493419023
8122265803
1782493420087
8130737796
1782493421026
8139783018
1782493422024
8148949937
1782493423024
8157846412
1782493424021
8166823473
1782493425022
8175678960
1782493426025
8184518994
1782493427023
8193653721
1782493428021
8202542991
1782493429025
8211672195
1782493430025
8220208662
1782493431025
8229208581
1782493432023
8238215369
1782493433024
8247196469
1782493434025
8256889188
1782493435085
8265156650
1782493436023
8273886830
1782493437023
8282576893
1782493438025
8291468610
1782493439023
8300346084
1782493440024
8309032613
1782493441022
8317899651
1782493442025
8326942533
1782493443024
8335912662
1782493444023
8344722861
1782493445023
8353432188
1782493446022
8362150418
1782493447025
8371029758
1782493448023
8379893660
1782493449022
8389426631
1782493450085
8397849006
1782493451027
8406647607
1782493452025
8415672144
1782493453023
8424773640
1782493454027
8433723252
1782493455021
8442608299
1782493456025
8451490974
1782493457024
8460404295
1782493458024
8469309614
1782493459024
8478079589
1782493460024
8486929920
1782493461024
8495701211
1782493462026
8504547610
1782493463022
8513373828
1782493464022
8522351639
1782493465023
8531070650
1782493466023
8539875784
1782493467023
8548598100
1782493468026
8557387996
1782493469022
8566311537
1782493470023
8575015830
1782493471022
8583928860
1782493472025
8593035772
1782493473025
8602090480
1782493474025
8611016133
1782493475025
8619828030
1782493476026
8628653070
1782493477023
8637557594
1782493478026
8646291063
1782493479021
8656522173
1782493480177
8664233603
1782493481025
8673301026
1782493482025
8682309283
1782493483025
8691325236
1782493484027
8700354669
1782493485025
8709283611
1782493486024
8718039220
1782493487021
8727155618
1782493488021
8736087712
1782493489026
8744943383
1782493490021
8753841924
1782493491021
8762803180
1782493492022
8771807781
1782493493022
8780739921
1782493494024
8790992022
1782493495176
8798615767
1782493496025
8807440960
1782493497026
8816461259
1782493498021
8825384081
1782493499025
8834228476
1782493500024
8843567718
1782493501025
8852674477
1782493502022
8861681097
1782493503022
8870633847
1782493504029
8879556087
1782493505022
8888341133
1782493506023
8897162976
1782493507023
8906113124
1782493508027
8915010854
1782493509024
8924459017
1782493510085
8932592405
1782493511024
8941672389
1782493512022
8950675521
1782493513024
8959678225
1782493514026
8968699625
1782493515025
8977461292
1782493516025
8986188474
1782493517024
8995112550
1782493518024
9004176485
1782493519022
9012879048
1782493520023
9021709902
1782493521027
9030545637
1782493522025
9039440430
1782493523024
9048379562
1782493524023
9057357280
1782493525024
9066131188
1782493526025
9074888541
1782493527024
9083699612
1782493528023
9092517231
1782493529022
9101319092
1782493530022
9110156678
1782493531024
9119215043
1782493532022
9128279405
1782493533023
9137203635
1782493534023
9146238744
1782493535021
9155115728
1782493536024
9164002534
1782493537025
9172899315
1782493538023
9181906196
1782493539025
9192077085
1782493540174
9199609137
1782493541023
9208490925
1782493542025
9217710460
1782493543025
9226761787
1782493544023
9235862885
1782493545022
9244720912
1782493546024
9253685503
1782493547023
9262428734
1782493548023
9271308242
1782493549025
9280321426
1782493550024
9289276440
1782493551024
9298070130
1782493552025
9306983053
1782493553025
9316053949
1782493554024
9326287507
1782493555175
9333979307
1782493556022
9342783661
1782493557023
9351694565
1782493558025
9360554443
1782493559024
9369398271
1782493560024
9378100437
1782493561023
9386877006
1782493562021
9396028656
1782493563023
9404813059
1782493564023
9413719632
1782493565024
9422712269
1782493566022
9431743247
1782493567023
9440780192
1782493568024
9449833064
1782493569025
9460028326
1782493570175
9467585210
1782493571025
9476393604
1782493572025
9485488413
1782493573025
9494514495
1782493574025
9503153625
1782493575023
9511928971
1782493576024
9520878507
1782493577025
9529686702
1782493578022
9538644637
1782493579024
9547644969
1782493580024
9556622566
1782493581024
9565668599
1782493582024
9574517339
1782493583025
9583457664
1782493584025
9592955858
1782493585086
9601297709
1782493586025
9609873849
1782493587023
9618648720
1782493588021
9627448347
1782493589025
9636246214
1782493590025
9645018897
1782493591026
9653710628
1782493592025
9662548551
1782493593024
9671416553
1782493594021
9680350698
1782493595026
9689285087
1782493596025
9698382666
1782493597023
9707470866
1782493598023
9716357672
1782493599025
9726540602
1782493600174
9734249339
1782493601021
9743012781
1782493602021
9752296790
1782493603027
9761288355
1782493604022
9770142052
1782493605023
9778906198
1782493606025
9787956623
1782493607024
9797015324
1782493608025
9805987091
1782493609022
9814969584
1782493610024
9824125838
1782493611024
9833110227
1782493612024
9842300892
1782493613025
9851242778
1782493614023
9861813318
1782493615176
9869495234
1782493616025
9878372325
1782493617023
9887012571
1782493618022
9895957900
1782493619023
9905018529
1782493620022
9914098054
1782493621025
9923100207
1782493622023
9932267875
1782493623025
9941115834
1782493624021
9950043522
1782493625025
9958968196
1782493626024
9967567469
1782493627023
9976443412
1782493628022
9985219155
1782493629022
9994252765
1782493630023
10003090275
1782493631025
10011913402
1782493632022
10020678696
1782493633021
10029490746
1782493634026
10038289914
1782493635024
10047119819
1782493636023
10055945792
1782493637022
10064940831
1782493638024
10073837322
1782493639024
10082784685
1782493640025
10091848344
1782493641025
10101033775
1782493642024
10110295554
1782493643025
10119231106
1782493644025
10128759074
1782493645085
10137232015
1782493646025
10145969569
1782493647025
10154799138
1782493648025
10163776857
1782493649025
10172593727
1782493650025
10181542238
1782493651023
10190435194
1782493652025
10199468636
1782493653024
10208376663
1782493654023
10217295079
1782493655025
10225990635
1782493656025
10234759279
1782493657026
10243614276
1782493658021
10252387342
1782493659025
10261721214
1782493660085
10270118558
1782493661021
10279061775
1782493662025
10288057380
1782493663026
10296974342
1782493664024
10305987236
1782493665025
10314924409
1782493666022
10323728244
1782493667023
10332729876
1782493668023
10341849166
1782493669022
10350814583
1782493670022
10359699875
1782493671022
10368897929
1782493672023
10378030422
1782493673026
10386950552
1782493674025
10396524312
1782493675085
10404945983
1782493676024
10413768698
1782493677025
10422756729
1782493678026
10431563959
1782493679025
10440527679
1782493680022
10449370788
1782493681023
10458276428
1782493682025
10467385865
1782493683025
10476222120
1782493684026
10485081064
1782493685023
10494243301
1782493686025
10503200105
1782493687023
10512025695
1782493688023
10520827005
1782493689024
10530863117
1782493690177
10538328767
1782493691025
10547144091
1782493692025
10556085916
1782493693021
10564996376
1782493694027
10573899706
1782493695023
10582822269
1782493696022
10591717995
1782493697023
10600768954
1782493698021
10609796566
1782493699025
10618638804
1782493700021
10627659041
1782493701022
10636668216
1782493702021
10645654105
1782493703025
10654505278
1782493704024
10663776175
1782493705024
10672816119
1782493706024
10681833755
1782493707024
10691033538
1782493708025
10699950761
1782493709022
10708812261
1782493710023
10717685113
1782493711022
10726600423
1782493712025
10735804704
1782493713021
10744956078
1782493714024
10754017595
1782493715023
10763043141
1782493716025
10771891452
1782493717024
10780752616
1782493718025
10789637632
1782493719025
10799944140
1782493720173
10807801042
1782493721026
10816818556
1782493722025
10825812477
1782493723024
10834608998
1782493724023
10843402796
1782493725023
10852103187
1782493726021
10860826298
1782493727021
10869643566
1782493728024
10878612441
1782493729024
10887447395
1782493730024
10896168564
1782493731025
10905110404
1782493732025
10914226542
1782493733024
10923185074
1782493734025
10932262120
1782493735021
10941145683
1782493736024
10950082367
1782493737024
10958999314
1782493738023
10968061336
1782493739021
10977144885
1782493740024
10986159109
1782493741023
10995416512
1782493742023
11004424188
1782493743023
11013274565
1782493744021
11022294557
1782493745022
11031088293
1782493746023
11039793045
1782493747025
11048667902
1782493748025
11057387127
1782493749022
11066902778
1782493750088
11075164549
1782493751024
11083871106
1782493752025
11092897157
1782493753026
11101596752
1782493754024
11110609171
1782493755024
11119446513
1782493756025
11128246155
1782493757025
11137063835
1782493758024
11145944261
1782493759023
11154867634
1782493760024
11163716726
1782493761025
11172567898
1782493762024
11181475558
1782493763025
11190292979
1782493764022
11200454275
1782493765173
11208037307
1782493766024
11216915759
1782493767025
11225779738
1782493768024
11234735883
1782493769025
11243473086
1782493770021
11252233774
1782493771022
11261192445
1782493772025
11270150457
1782493773024
11279176340
1782493774021
11288171118
1782493775025
11296952982
1782493776024
11306029263
1782493777026
11314955222
1782493778023
11323854038
1782493779024
11333968425
1782493780175
11341492735
1782493781024
11350275272
1782493782021
11359197604
1782493783021
11368042871
1782493784024
11376921782
1782493785025
11385990964
1782493786025
11395058066
1782493787026
11404024661
1782493788023
11413025957
1782493789025
11422086066
1782493790025
11430977769
1782493791025
11440023450
1782493792025
11449106800
1782493793025
11458008340
1782493794022
11468270845
1782493795173
11476089696
1782493796025
11485138529
1782493797026
11494047842
1782493798025
11502845036
1782493799024
11511594830
1782493800021
11520382110
1782493801025
11529110898
1782493802025
11538183736
1782493803025
11547083517
1782493804024
11555919940
1782493805025
11564591904
1782493806021
11573366591
1782493807025
11582162883
1782493808025
11591073434
1782493809025
11601149907
1782493810176
11608735846
1782493811021
11617533774
1782493812026
11626451364
1782493813024
11635435708
1782493814025
11644443935
1782493815023
11653416849
1782493816021
11662331195
1782493817024
11671288014
1782493818025
11680356370
1782493819022
11689416051
1782493820024
11698555613
1782493821025
11707600851
1782493822024
11716838057
1782493823023
11725841419
1782493824024
11734778761
1782493825025
11743962662
1782493826022
11752742781
1782493827025
11761624110
1782493828025
11770494102
1782493829025
11779430862
1782493830023
11788430720
1782493831024
11797547913
1782493832024
11806684354
1782493833025
11815652541
1782493834024
11824565617
1782493835021
11833625681
1782493836022
11842477251
1782493837024
11851373864
1782493838024
11860310135
1782493839024
11870360093
1782493840175
11878074858
1782493841024
11887257260
1782493842025
11896171775
1782493843024
11905160203
1782493844023
11914332018
1782493845025
11923236450
1782493846024
11932126698
1782493847024
11941167407
1782493848026
11950090489
1782493849024
11958820822
1782493850023
11967543551
1782493851021
11976559642
1782493852022
11985797782
1782493853021
11994773374
1782493854024
12004246170
1782493855085
12012795306
1782493856025
12021657234
1782493857023
12030403938
1782493858021
12039350383
1782493859025
12048266106
1782493860024
12057274670
1782493861025
12066374330
1782493862025
12075601484
1782493863024
12084391028
1782493864024
12093411036
1782493865024
12102471375
1782493866024
12111142849
1782493867024
12119901196
1782493868021
12128757800
1782493869022
12138311793
1782493870088
12146698396
1782493871022
12155648208
1782493872022
12164731313
1782493873024
12173935257
1782493874021
12182925262
1782493875024
12191828990
1782493876021
12200844301
1782493877025
12209600628
1782493878023
12218568295
1782493879024
12227429535
1782493880021
12236434824
1782493881022
12245371432
1782493882023
12254168932
1782493883022
12262911994
1782493884022
12271847393
1782493885022
12280630068
1782493886021
12289475074
1782493887022
12298426110
1782493888023
12307489692
1782493889025
12316567656
1782493890022
12325494319
1782493891024
12334172372
1782493892022
12343119246
1782493893022
12352192911
1782493894021
12360870994
1782493895023
12369931822
1782493896025
12378805884
1782493897023
12387449726
1782493898024
12396148036
1782493899025
12406227201
1782493900175
12413912743
1782493901025
12422966243
1782493902025
12432093810
1782493903022
12441004515
1782493904021
12450056484
1782493905023
12458881509
1782493906022
12467815531
1782493907022
12476525438
1782493908022
12485360500
1782493909023
12494189548
1782493910027
12503093322
1782493911024
12512027589
1782493912023
12521188051
1782493913025
12530089361
1782493914022
12538958129
1782493915025
12547722152
1782493916024
12556453097
1782493917025
12565418897
1782493918025
12574397794
1782493919025
12583412982
1782493920023
12592396806
1782493921021
12601391967
1782493922025
12610603377
1782493923021
12619497772
1782493924021
12628502817
1782493925025
12637280228
1782493926024
12646148659
1782493927022
12655081013
1782493928025
12664023588
1782493929023
12672945981
1782493930022
12681701712
1782493931026
12690653345
1782493932025
12699519542
1782493933023
12708325548
1782493934024
12717144484
1782493935024
12725986354
1782493936027
12734769258
1782493937025
12743771839
1782493938025
12752808554
1782493939025
12761658809
1782493940025
12770530238
1782493941021
12779477724
1782493942025
12788367881
1782493943025
12797363179
1782493944025
12807106602
1782493945088
12815499019
1782493946021
12824488412
1782493947025
12833339676
1782493948022
12842181867
1782493949025
12851030821
1782493950021
12859927144
1782493951023
12868693906
1782493952023
12877902058
1782493953025
12886885591
1782493954024
12896125092
1782493955024
12905124048
1782493956024
12914064618
1782493957025
12923006519
1782493958026
12931863873
1782493959023
12941309741
1782493960089
12949716280
1782493961026
12958553529
1782493962025
12967539021
1782493963026
12976403580
1782493964025
12985343217
1782493965025
12994303861
1782493966023
13003105049
1782493967023
13011946169
1782493968021
13020744740
1782493969025
13029475792
1782493970025
13038027253
1782493971022
13046717653
1782493972024
13055569774
1782493973024
13064285143
1782493974023
13074285713
1782493975174
13081942001
1782493976025
13090694427
1782493977025
13099568397
1782493978023
13108291340
1782493979025
13117079385
1782493980025
13125914461
1782493981025
13134780658
1782493982024
13143792159
1782493983021
13152481412
1782493984025
13161435385
1782493985023
13170352868
1782493986023
13179114642
1782493987025
13187818307
1782493988025
13196667078
1782493989026
13206897530
1782493990176
13214480623
1782493991023
13223592874
1782493992027
13232763159
1782493993024
13241454951
1782493994025
13250302390
1782493995024
13259251146
1782493996026
13267914037
1782493997022
13276786124
1782493998021
13285933964
1782493999025
13294896627
1782494000023
13303598885
1782494001022
13312424307
1782494002025
13321348843
1782494003027
13330019292
1782494004021
13339414854
1782494005084
13347770857
1782494006024
13356568097
1782494007025
13365309063
1782494008023
13374063677
1782494009025
13382985000
1782494010024
13391767674
1782494011025
13400536824
1782494012025
13409712891
1782494013024
13418852714
1782494014026
13427812332
1782494015025
13436788032
1782494016022
13445554258
1782494017025
13454557268
1782494018025
13463429417
1782494019022
13472847576
1782494020085
13481281089
1782494021029
13490138214
1782494022024
13499364022
1782494023025
13508224328
1782494024021
13517361718
1782494025025
13526216180
1782494026025
13535014766
1782494027025
13544164304
1782494028021
13553199780
1782494029022
13561278425
1782494030024
13567685223
1782494031024
13574207261
1782494032021
13580510020
1782494033021
13586837350
1782494034023
13593253726
1782494035025
13599725565
1782494036021
13606343550
1782494037025
13613405433
1782494038025
13620375011
1782494039025
13627472054
1782494040024
13634545978
1782494041023
13643527599
1782494042023
13652406663
1782494043025
13661187195
1782494044025
13670011684
1782494045021
13678740059
1782494046024
13687589089
1782494047022
13696429980
1782494048025
13705500126
1782494049024
13714686001
1782494050087
13722881064
1782494051025
13732018821
1782494052023
13741262086
1782494053021
13750062600
1782494054022
13758893775
1782494055024
13767849294
1782494056024
13776989177
1782494057025
13786044957
1782494058024
13795076225
1782494059024
13804123375
1782494060025
13813101431
1782494061023
13822258389
1782494062024
13831398609
1782494063022
13840517807
1782494064023
13850840349
1782494065176
13858509474
1782494066024
13867341323
1782494067021
13876234938
1782494068023
13885277605
1782494069021
13894549940
1782494070022
13903889045
1782494071024
13912612034
1782494072021
13921438650
1782494073022
13930333397
1782494074025
13939280714
1782494075020
13948083080
1782494076025
13956968340
1782494077021
13965839739
1782494078025
13974664030
1782494079022
13983556420
1782494080022
13992230403
1782494081024
14001028240
1782494082025
14009718762
1782494083021
14018589228
1782494084022
14027411682
1782494085022
14036205602
1782494086024
14045011884
1782494087023
14053915857
1782494088023
14062831213
1782494089023
14071583165
1782494090024
14080375723
1782494091022
14089231118
1782494092023
14098357966
1782494093021
14107287597
1782494094025
14117369517
1782494095176
14124962937
1782494096022
14133969313
1782494097025
14142875703
1782494098023
14151884435
1782494099024
14160943764
1782494100022
14169864520
1782494101025
14178807110
1782494102025
14187932275
1782494103024
14197188989
1782494104024
14206259916
1782494105027
14214995726
1782494106025
14223737151
1782494107024
14232585019
1782494108021
14241504843
1782494109025
14250417291
1782494110022
14259206698
1782494111025
14268300941
1782494112025
14277192613
1782494113025
14285997243
1782494114023
14294844146
1782494115025
14303699664
1782494116024
14312386759
1782494117025
14321085482
1782494118025
14329772929
1782494119025
14338536417
1782494120023
14347352966
1782494121025
14356158927
1782494122022
14365187579
1782494123024
14374287790
1782494124023
14383472395
1782494125025
14392299929
1782494126025
14401144859
1782494127025
14410066411
1782494128021
14418907302
1782494129024
14427813555
1782494130024
14436715936
1782494131026
14445552069
1782494132024
14454500901
1782494133023
14463343704
1782494134026
14472331062
1782494135023
14481329665
1782494136021
14490211193
1782494137023
14499009825
1782494138027
14507710767
1782494139025
14517811704
1782494140175
14525312101
1782494141023
14534257307
1782494142024
14543171439
1782494143022
14552488971
1782494144024
14561415327
1782494145029
14570329153
1782494146024
14579224298
1782494147025
14588353563
1782494148024
14597372010
1782494149024
14606277788
1782494150026
14615198652
1782494151025
14624137585
1782494152023
14633129533
1782494153025
14642104788
1782494154025
14650915875
1782494155022
14659815548
1782494156025
14668681592
1782494157024
14677611590
1782494158025
14686553599
1782494159025
14695395346
1782494160025
14704335320
1782494161023
14713283571
1782494162021
14722123590
1782494163021
14731101140
1782494164025
14740288316
1782494165025
14749246879
1782494166024
14758208150
1782494167021
14767235594
1782494168024
14776443424
1782494169025
14786790325
1782494170174
14794693218
1782494171026
14803563348
1782494172022
14812649880
1782494173024
14821757557
1782494174025
14830949399
1782494175026
14840141685
1782494176023
14848981505
1782494177024
14857951650
1782494178024
14866819606
1782494179025
14875785957
1782494180023
14884729557
1782494181025
14893587063
1782494182024
14902566067
1782494183023
14911408213
1782494184025
14920561377
1782494185084
14928874020
1782494186025
14937838473
1782494187022
14946527756
1782494188022
14955339852
1782494189021
14964033037
1782494190027
14972722274
1782494191021
14981543474
1782494192022
14990639875
1782494193023
14999560295
1782494194023
15008493582
1782494195024
15017329975
1782494196021
15026139256
1782494197023
15034925694
1782494198021
15043749862
1782494199024
15053976244
1782494200173
15061576688
1782494201022
15070482558
1782494202023
15079459725
1782494203023
15088281308
1782494204024
15097164136
1782494205025
15106223664
1782494206025
15115025585
1782494207025
15123979711
1782494208022
15132762263
1782494209024
15141713681
1782494210025
15150646892
1782494211025
15159853346
1782494212021
15168965628
1782494213021
15178079349
1782494214022
15188651388
1782494215174
15196180151
1782494216021
15205021868
1782494217024
15214016616
1782494218025
15222740661
1782494219021
15231485498
1782494220022
15240162862
1782494221023
15249115229
1782494222023
15258170090
1782494223023
15267266047
1782494224025
15276392360
1782494225023
15285347251
1782494226024
15294225412
1782494227023
15303019103
1782494228026
15311891940
1782494229021
15320690220
1782494230023
15329561191
1782494231022
15338143481
1782494232022
15346865537
1782494233023
15355709579
1782494234022
15364616719
1782494235025
15373350556
1782494236024
15382063493
1782494237024
15390858682
1782494238023
15399752435
1782494239021
15408725319
1782494240023
15417884893
1782494241029
15426844497
1782494242021
15435995488
1782494243025
15444907768
1782494244023
15453970647
1782494245024
15462798089
1782494246025
15471809039
1782494247028
15480719866
1782494248021
15489460833
1782494249025
15498045693
1782494250024
15506982026
1782494251025
15515898070
1782494252021
15525024168
1782494253023
15533834566
1782494254021
15542962286
1782494255024
15551798388
1782494256021
15560571500
1782494257025
15569334100
1782494258023
15578181494
1782494259022
15588161010
1782494260175
15595772898
1782494261021
15604607654
1782494262026
15613511412
1782494263024
15622500055
1782494264025
15631268516
1782494265022
15640234775
1782494266021
15649208102
1782494267022
15658119388
1782494268025
15666983352
1782494269026
15675983485
1782494270023
15684877099
1782494271025
15693691108
1782494272024
15702688579
1782494273022
15711535529
1782494274022
15721087120
1782494275088
15729507888
1782494276024
15738423672
1782494277023
15747267546
1782494278021
15756140736
1782494279025
15765125355
1782494280023
15774148912
1782494281025
15783234710
1782494282023
15792736729
1782494283023
15801511769
1782494284023
15810364211
1782494285022
15819288028
1782494286023
15828156153
1782494287023
15837088354
1782494288027
15845874532
1782494289021
15854870366
1782494290022
15863704173
1782494291025
15872614724
1782494292024
15881550047
1782494293025
15890254676
1782494294021
15899091726
1782494295025
15907864960
1782494296025
15916628494
1782494297025
15925462454
1782494298024
15934395742
1782494299025
15943103278
1782494300023
15951963982
1782494301023
15960796810
1782494302024
15969587777
1782494303023
15978388979
1782494304026
15988463677
1782494305174
15996361216
1782494306023
16005321156
1782494307025
16014244652
1782494308023
16023112700
1782494309021
16032076419
1782494310024
16040975741
1782494311025
16049962196
1782494312023
16059182358
1782494313021
16068180426
1782494314025
16077122128
1782494315024
16086070548
1782494316025
16095132049
1782494317022
16104062674
1782494318023
16112842977
1782494319022
16123121869
1782494320176
16130771594
1782494321026
16139601407
1782494322022
16148705213
1782494323025
16157736956
1782494324022
16166720596
1782494325024
16175619520
1782494326022
16184119725
1782494327021
16192872580
1782494328025
16201730286
1782494329025
16210846714
1782494330021
16219861336
1782494331023
16228684862
1782494332023
16237561279
1782494333023
16246542746
1782494334024
16255452900
1782494335025
16264204867
1782494336021
16272912556
1782494337023
16281824577
1782494338024
16290633598
1782494339025
16299467833
1782494340025
16308312993
1782494341021
16317525352
1782494342023
16326485430
1782494343021
16335712386
1782494344022
16344976291
1782494345024
16353834807
1782494346024
16362799582
1782494347023
16371684047
1782494348022
16380722017
1782494349023
16389804633
1782494350022
16398700481
1782494351023
16407710804
1782494352022
16416779099
1782494353022
16425759893
1782494354022
16434762015
1782494355025
16443667900
1782494356022
16452641626
1782494357022
16461713072
1782494358025
16470717168
1782494359022
16479691108
1782494360025
16488527577
1782494361024
16497502955
1782494362021
16506522335
1782494363025
16515352042
1782494364025
16524839036
1782494365085
16533320974
1782494366023
16542141806
1782494367025
16551132576
1782494368024
16560100441
1782494369024
16569086269
1782494370022
16577949314
1782494371022
16587066416
1782494372026
16596283182
1782494373022
16605327853
1782494374025
16614411264
1782494375025
16623185814
1782494376022
16632207337
1782494377021
16641101717
1782494378024
16650190391
1782494379023
16659763326
1782494380088
16668220171
1782494381023
16677262823
1782494382025
16686434454
1782494383023
16695418935
1782494384024
16704451305
1782494385023
16713535726
1782494386023
16722509895
1782494387025
16731548875
1782494388025
16740701550
1782494389024
16749766983
1782494390025
16758813108
1782494391025
16767756677
1782494392021
16776814017
1782494393023
16785988953
1782494394025
16796377821
1782494395175
16804006875
1782494396023
16812886858
1782494397024
16821932845
1782494398025
16830858161
1782494399024
16839747767
1782494400021
16848622823
1782494401025
16857587644
1782494402024
16866712916
1782494403025
16875610248
1782494404021
16884888122
1782494405022
16893699958
1782494406021
16902720364
1782494407021
16911804571
1782494408021
16920886513
1782494409023
16931091950
1782494410176
16938739012
1782494411025
16947757903
1782494412022
16956820215
1782494413021
16965560952
1782494414022
16974621215
1782494415023
16983743778
1782494416024
16992762884
1782494417024
17001743020
1782494418022
17010640000
1782494419024
17019659427
1782494420023
17028580352
1782494421023
17037615277
1782494422023
17046697648
1782494423021
17055575825
1782494424021
17065835852
1782494425174
17073548582
1782494426025
17082411948
1782494427027
17091285444
1782494428025
17100328799
1782494429024
17109366264
1782494430024
17118479648
1782494431024
17127401782
1782494432025
17136424345
1782494433021
17145548990
1782494434022
17154671936
1782494435022
17163885978
1782494436024
17172797157
1782494437021
17181671922
1782494438024
17190504199
1782494439024
17199528705
1782494440019
17208347442
1782494441021
17217334096
1782494442023
17226112731
1782494443021
17234906314
1782494444025
17243873904
1782494445021
17252962181
1782494446023
17261872686
1782494447024
17270998096
1782494448024
17279749130
1782494449025
17288429325
1782494450025
17297344650
1782494451023
17306497080
1782494452024
17315228239
1782494453022
17324061602
1782494454026
17334170725
1782494455178
17341728466
1782494456024
17350524344
1782494457024
17359430061
1782494458026
17368181738
1782494459024
17377112791
1782494460023
17385702334
1782494461025
17394589691
1782494462024
17403638616
1782494463024
17412485427
1782494464022
17421374972
1782494465023
17430436504
1782494466024
17439341808
1782494467022
17448331400
1782494468024
17457124019
1782494469021
17467323030
1782494470175
17475275541
1782494471024
17484115912
1782494472024
17493210706
1782494473025
17502140826
1782494474024
17511140424
1782494475023
17520170362
1782494476025
17529110672
1782494477024
17538194787
1782494478021
17547032373
1782494479024
17555957613
1782494480022
17564991651
1782494481025
17573922383
1782494482025
17582845159
1782494483025
17591758266
1782494484025
17601331293
1782494485088
17609801128
1782494486023
17618668931
1782494487025
17627529942
1782494488024
17636411530
1782494489024
17645395476
1782494490024
17654346986
1782494491025
17663254034
1782494492025
17672265122
1782494493025
17681208232
1782494494024
17690450182
1782494495025
17699164190
1782494496025
17707901836
1782494497025
17716646689
1782494498025
17725338343
1782494499024
17734264195
1782494500024
17743048767
1782494501022
17752047966
1782494502022
17761187636
1782494503021
17770133653
1782494504021
17779129747
1782494505025
17787987559
1782494506023
17796884861
1782494507021
17805721315
1782494508021
17814455672
1782494509025
17823265458
1782494510023
17832208966
1782494511022
17841183762
1782494512023
17850151674
1782494513023
17859049603
1782494514025
17869316668
1782494515176
17877019774
1782494516024
17885661750
1782494517023
17894411682
1782494518025
17903233096
1782494519025
17912006055
1782494520023
17920848200
1782494521022
17929565314
1782494522024
17938407658
1782494523025
17947298947
1782494524024
17956232694
1782494525023
17965025542
1782494526023
17973955097
1782494527022
17982736379
1782494528024
17991507960
1782494529025
18001673632
1782494530176
18009290370
1782494531028
18018077527
1782494532023
18026850547
1782494533022
18035739067
1782494534021
18044621742
1782494535021
18053298066
1782494536025
18062211096
1782494537025
18071151957
1782494538025
18080152947
1782494539025
18088901120
1782494540025
18097758107
1782494541022
18106863948
1782494542024
18115854717
1782494543021
18124633903
1782494544024
18134506871
1782494545086
18142908284
1782494546025
18151597185
1782494547022
18160628408
1782494548025
18169470048
1782494549022
18178363387
1782494550025
18187425990
1782494551022
18196483147
1782494552021
18205517277
1782494553024
18214323589
1782494554025
18223312125
1782494555022
18232228598
1782494556022
18240958946
1782494557022
18249775434
1782494558025
18258531103
1782494559023
18267294041
1782494560025
18275964260
1782494561021
18284846415
1782494562024
18293845186
1782494563025
18302736888
1782494564023
18311730871
1782494565021
18320525204
1782494566024
18329393023
1782494567023
18338199764
1782494568025
18346984366
1782494569025
18355784329
1782494570023
18364562322
1782494571023
18373355293
1782494572024
18382270037
1782494573022
18391074789
1782494574023
18401239818
1782494575176
18409162266
1782494576024
18417879089
1782494577023
18426821786
1782494578023
18435586681
1782494579021
18444664278
1782494580023
18453428945
1782494581023
18462309554
1782494582024
18471590764
1782494583022
18480508981
1782494584021
18489601863
1782494585023
18498473522
1782494586022
18507324449
1782494587025
18516271828
1782494588024
18525043517
1782494589021
18533882633
1782494590025
18542695418
1782494591021
18551857777
1782494592025
18560760633
1782494593022
18569426598
1782494594024
18578197400
1782494595021
18586771673
1782494596024
18595396329
1782494597021
18604195420
1782494598022
18613010117
1782494599025
18621539393
1782494600021
18630560808
1782494601025
18639441969
1782494602025
18648383518
1782494603022
18657312017
1782494604024
18666931571
1782494605085
18675284315
1782494606021
18684005453
1782494607022
18693065883
1782494608023
18701980596
1782494609023
18710833437
1782494610022
18719654162
1782494611021
18728672686
1782494612022
18737678159
1782494613024
18746509059
1782494614025
18755468540
1782494615025
18764471855
1782494616021
18773426884
1782494617021
18782494047
1782494618024
18791395740
1782494619024
18801553165
1782494620175
18809102659
1782494621021
18818106923
1782494622024
18827154288
1782494623021
18836065222
1782494624025
18845197149
1782494625021
18853990044
1782494626025
18862867104
1782494627025
18871812494
1782494628024
18880850005
1782494629026
18889504587
1782494630021
18898415078
1782494631022
18907472754
1782494632024
18916544553
1782494633022
18925452060
1782494634021
18935755340
1782494635175
18943068832
1782494636023
18951810196
1782494637023
18960636613
1782494638025
18969753179
1782494639025
18978656265
1782494640022
18987296848
1782494641022
18996063977
1782494642024
19004944449
1782494643022
19014246727
1782494644023
19023222915
1782494645025
19030557261
1782494646023
19036792332
1782494647023
19043085222
1782494648020
19049413348
1782494649026
19055637281
1782494650023
19061621830
1782494651021
19067842336
1782494652025
19074182763
1782494653022
19080235214
1782494654022
19086798240
1782494655024
19093106859
1782494656023
19099372194
1782494657024
19105798591
1782494658021
19112104976
1782494659022
19118554553
1782494660025
19124827722
1782494661023
19131194985
1782494662023
19137636040
1782494663024
19143688827
1782494664023
19150021864
1782494665021
19156419789
1782494666024
19163063110
1782494667023
19170132184
1782494668025
19177235393
1782494669021
19184364887
1782494670024
19191731485
1782494671025
19199811369
1782494672021
19209088830
1782494673025
19218345468
1782494674025
19227433530
1782494675022
19236511005
1782494676024
19245536215
1782494677023
19254723589
1782494678025
19263664695
1782494679022
19274029344
1782494680177
19281563354
1782494681025
19290553588
1782494682025
19299538070
1782494683022
19308396877
1782494684025
19317642101
1782494685024
19326555100
1782494686025
19335509838
1782494687021
19344496630
1782494688026
19353408758
1782494689025
19362403352
1782494690025
19371383963
1782494691025
19380204887
1782494692024
19389233463
1782494693025
19398175624
1782494694023
19408551518
1782494695175
19416601491
1782494696025
19425557055
1782494697023
19434551206
1782494698023
19443373553
1782494699026
19452243652
1782494700025
19461249201
1782494701022
19470271290
1782494702024
19479656539
1782494703021
19488658065
1782494704023
19497753242
1782494705023
19506803559
1782494706024
19515722388
1782494707025
19524486901
1782494708025
19533345127
1782494709022
19542246345
1782494710021
19551141995
1782494711023
19560117908
1782494712024
19569030740
1782494713024
19577875455
1782494714023
19586990844
1782494715022
19596141269
1782494716023
19605168957
1782494717023
19614090204
1782494718024
19622933940
1782494719024
19632116174
1782494720025
19640948099
1782494721025
19649796716
1782494722021
19658856887
1782494723025
19667811824
1782494724023
19678021804
1782494725175
19685680082
1782494726025
19694982849
1782494727023
19703951831
1782494728021
19712902469
1782494729023
19721878658
1782494730024
19731032189
1782494731025
19739975788
1782494732023
19749009811
1782494733025
19757948515
1782494734023
19766953773
1782494735023
19776076689
1782494736022
19785281429
1782494737022
19794511613
1782494738023
19803827691
1782494739024
19812841824
1782494740025
19821830926
1782494741028
19830734011
1782494742024
19839763077
1782494743025
19848675342
1782494744024
19857518191
1782494745025
19866418706
1782494746025
19875434400
1782494747025
19884321190
1782494748024
19893372334
1782494749025
19902228310
1782494750025
19911164719
1782494751022
19920066412
1782494752023
19929127424
1782494753024
19938218103
1782494754025
19947085906
1782494755025
19955794926
1782494756026
19964600520
1782494757022
19973531482
1782494758025
19982571181
1782494759021
19991640562
1782494760024
20000549736
1782494761023
20009610335
1782494762025
20018777147
1782494763023
20027861017
1782494764023
20036933687
1782494765022
20045997285
1782494766025
20054820611
1782494767023
20063869628
1782494768023
20072957354
1782494769021
20083204972
1782494770174
20090862423
1782494771026
20099616869
1782494772023
20108676672
1782494773024
20117513937
1782494774023
20126458210
1782494775024
20135384857
1782494776023
20144322888
1782494777024
20153272914
1782494778025
20162186097
1782494779025
20171034362
1782494780026
20179901202
1782494781025
20188737227
1782494782023
20197636289
1782494783023
20206783011
1782494784026
20217011872
1782494785176
20224534943
1782494786022
20233453114
1782494787023
20242344908
1782494788024
20251251314
1782494789023
20260020463
1782494790025
20268788112
1782494791022
20277999279
1782494792023
20287087509
1782494793023
20295939844
1782494794025
20305056900
1782494795024
20314044273
1782494796023
20322962551
1782494797024
20332090975
1782494798023
20341100457
1782494799021
20350518647
1782494800086
20358809564
1782494801025
20367793357
1782494802021
20376889574
1782494803023
20385665333
1782494804023
20394603287
1782494805023
20403384492
1782494806024
20412196848
1782494807025
20421149842
1782494808022
20430211818
1782494809022
20439109579
1782494810022
20448123268
1782494811024
20457155669
1782494812022
20466198091
1782494813022
20475022320
1782494814025
20484770517
1782494815087
20493155238
1782494816022
20502024143
1782494817025
20510956084
1782494818028
20519784750
1782494819025
20528492041
1782494820024
20537326797
1782494821025
20546265393
1782494822025
20555217347
1782494823024
20564098645
1782494824025
20573385592
1782494825026
20582374832
1782494826024
20591274796
1782494827024
20600009535
1782494828025
20608942608
1782494829024
20619148397
1782494830176
20626808112
1782494831025
20635794720
1782494832024
20644826540
1782494833024
20653815091
1782494834025
20662811032
1782494835023
20671891720
1782494836026
20680983041
1782494837026
20690141453
1782494838025
20699454624
1782494839024
20708542916
1782494840025
20717492314
1782494841024
20726360148
1782494842022
20735329085
1782494843025
20744395650
1782494844021
20754720718
1782494845174
20762471101
1782494846025
20771243218
1782494847025
20780262538
1782494848020
20789262763
1782494849027
20798083167
1782494850022
20806964235
1782494851021
20815933585
1782494852021
20824935631
1782494853024
20833646211
1782494854025
20842464871
1782494855021
20851499628
1782494856024
20860388898
1782494857025
20869196863
1782494858025
20878093431
1782494859025
20887599213
1782494860087
20895973577
1782494861025
20904718077
1782494862025
20913729624
1782494863023
20922638111
1782494864022
20931420907
1782494865024
20940311829
1782494866025
20949205903
1782494867025
20958090903
1782494868023
20966923899
1782494869022
20976039226
1782494870023
20984876307
1782494871023
20993916695
1782494872025
21003057037
1782494873024
21012073848
1782494874021
21021370495
1782494875023
21030290655
1782494876024
21038983794
1782494877025
21047769298
1782494878022
21056800093
1782494879023
21065757830
1782494880024
21074679321
1782494881024
21083706290
1782494882024
21092634728
1782494883024
21101607504
1782494884025
21110449053
1782494885025
21119327643
1782494886024
21128213684
1782494887026
21137142060
1782494888021
21145970115
1782494889026
21155443951
1782494890087
21163747751
1782494891022
21172784298
1782494892024
21181817510
1782494893021
21190718315
1782494894022
21199563934
1782494895026
21208392982
1782494896023
21217216140
1782494897023
21226116548
1782494898024
21234888681
1782494899022
21243617285
1782494900025
21252738365
1782494901025
21261661325
1782494902025
21270607357
1782494903023
21279436650
1782494904022
21288412105
1782494905024
21297301971
1782494906024
21306105270
1782494907021
21315129393
1782494908022
21324286642
1782494909022
21333344487
1782494910023
21342463731
1782494911026
21351797266
1782494912025
21360804590
1782494913021
21369779784
1782494914025
21378861910
1782494915022
21387724083
1782494916023
21396784698
1782494917025
21405698080
1782494918023
21414694005
1782494919023
21425026111
1782494920176
21432685780
1782494921021
21441636219
1782494922025
21450866556
1782494923023
21459810141
1782494924023
21468943827
1782494925025
21477898229
1782494926022
21486721295
1782494927022
21495711912
1782494928022
21504556628
1782494929023
21513347946
1782494930021
21522281693
1782494931024
21531085573
1782494932024
21540075593
1782494933021
21549135503
1782494934025
21559269412
1782494935176
21566985401
1782494936025
21576008148
1782494937024
21584836860
1782494938025
21593622655
1782494939022
21602188238
1782494940025
21610972121
1782494941024
21619983377
1782494942026
21629059659
1782494943025
21637897520
1782494944025
21646761743
1782494945024
21655665854
1782494946022
21664682297
1782494947021
21673616058
1782494948025
21682646593
1782494949022
21692225219
1782494950086
21700859789
1782494951023
21709884877
1782494952023
21718974438
1782494953020
21727980064
1782494954023
21737216169
1782494955023
21746060212
1782494956025
21754781243
1782494957022
21763634955
1782494958022
21772280052
1782494959021
21781311504
1782494960025
21790253237
1782494961023
21799126151
1782494962025
21808068129
1782494963026
21816902884
1782494964025
21827065022
1782494965176
21834700533
1782494966025
21843329595
1782494967023
21852358400
1782494968021
21861090508
1782494969024
21869874299
1782494970022
21878776467
1782494971021
21887719118
1782494972023
21896798459
1782494973024
21905642991
1782494974025
21914599535
1782494975025
21923872069
1782494976022
21932784212
1782494977025
21941888661
1782494978025
21950666837
1782494979022
21961174464
1782494980177
21968928381
1782494981021
21977822332
1782494982024
21986645751
1782494983024
21995649418
1782494984022
22004783457
1782494985021
22013597695
1782494986020
22022601011
1782494987021
22031617913
1782494988024
22040656632
1782494989022
22049463618
1782494990025
22058482647
1782494991024
22067430592
1782494992025
22076472999
1782494993023
22085422306
1782494994023
22094910937
1782494995088
22103404625
1782494996027
22112309424
1782494997024
22121134541
1782494998024
22129975829
1782494999024
22138850732
1782495000022
22147667923
1782495001022
22156684029
1782495002023
22165562115
1782495003022
22174464267
1782495004023
22183516802
1782495005022
22192513325
1782495006025
22201511836
1782495007023
22210412030
1782495008021
22219275014
1782495009025
22228962163
1782495010089
22237397787
1782495011025
22246293146
1782495012024
22255328041
1782495013026
22264343382
1782495014025
22273542859
1782495015023
22282500672
1782495016022
22291530947
1782495017024
22300528785
1782495018023
22309521574
1782495019025
22318412955
1782495020022
22327652900
1782495021021
22337043872
1782495022023
22346246271
1782495023024
22355350444
1782495024022
22364862837
1782495025085
22373282029
1782495026023
22382289567
1782495027025
22391233029
1782495028025
22400289283
1782495029024
22409213544
1782495030022
22418089839
1782495031022
22426970953
1782495032023
22436225112
1782495033024
22445197415
1782495034025
22454233702
1782495035022
22463391226
1782495036022
22472142551
1782495037021
22480882875
1782495038022
22489672449
1782495039021
22498485815
1782495040022
22507381281
1782495041024
22516499347
1782495042021
22525355400
1782495043025
22534234235
1782495044025
22543124483
1782495045025
22552089426
1782495046025
22560807672
1782495047021
22569690761
1782495048021
22578560951
1782495049023
22587512109
1782495050022
22596717216
1782495051021
22605636994
1782495052021
22614796920
1782495053022
22623636021
1782495054024
22634217837
1782495055184
22641738920
1782495056025
22650543855
1782495057024
22659452938
1782495058025
22668298067
1782495059023
22677269391
1782495060024
22686078672
1782495061024
22695222334
1782495062022
22704365874
1782495063025
22713478631
1782495064024
22722539796
1782495065025
22731362112
1782495066022
22740338928
1782495067022
22749236781
1782495068022
22758302704
1782495069022
22767176750
1782495070022
22776144554
1782495071022
22785350472
1782495072025
22794262478
1782495073024
22803154210
1782495074022
22812163263
1782495075021
22821269579
1782495076023
22830213591
1782495077024
22839090192
1782495078021
22848056283
1782495079021
22857096625
1782495080021
22866282316
1782495081021
22875598027
1782495082022
22884816537
1782495083023
22893714941
1782495084024
22902850418
1782495085023
22911653288
1782495086022
22920560581
1782495087023
22929536663
1782495088024
22938288140
1782495089024
22947195127
1782495090023
22956059304
1782495091025
22965052476
1782495092021
22974068246
1782495093020
22982992644
1782495094022
22992114734
1782495095022
23001123358
1782495096021
23010024929
1782495097023
23019002586
1782495098024
23028026588
1782495099024
23037554892
1782495100088
23045987120
1782495101025
23054989487
1782495102021
23064050468
1782495103022
23072964707
1782495104021
23082139582
1782495105025
23091203133
1782495106024
23100297974
1782495107022
23109294037
1782495108021
23118258873
1782495109023
23127240249
1782495110022
23136184690
1782495111022
23145149648
1782495112021
23154195697
1782495113025
23163270173
1782495114023
23172949060
1782495115089
23181301636
1782495116025
23190180654
1782495117021
23199410976
1782495118021
23208359976
1782495119021
23217300715
1782495120022
23226272956
1782495121023
23235295856
1782495122023
23244423224
1782495123022
23253399841
1782495124021
23262597482
1782495125021
23271525491
1782495126023
23280324842
1782495127022
23289081155
1782495128021
23298082956
1782495129021
23308256079
1782495130175
23315785928
1782495131024
23324784255
1782495132021
23333940326
1782495133023
23342883008
1782495134021
23351865760
1782495135024
23360846126
1782495136024
23369740995
1782495137025
23378543651
1782495138025
23387483258
1782495139024
23396399486
1782495140025
23405290912
1782495141025
23414347273
1782495142025
23423366944
1782495143022
23432302098
1782495144024
23442702166
1782495145176
23450234402
1782495146024
23459171545
1782495147024
23468312530
1782495148025
23477288321
1782495149021
23486217294
1782495150022
23495258799
1782495151021
23504359422
1782495152024
23513508761
1782495153024
23522633727
1782495154025
23531840991
1782495155025
23541050689
1782495156023
23549930411
1782495157021
23558967509
1782495158023
23567999145
1782495159024
23578418414
1782495160176
23586049121
1782495161025
23594919893
1782495162024
23603923912
1782495163025
23612911912
1782495164023
23621831154
1782495165023
23630835006
1782495166022
23639896247
1782495167022
23648843335
1782495168025
23657713862
1782495169021
23666594058
1782495170021
23675738608
1782495171023
23684861448
1782495172021
23694108966
1782495173021
23703138124
1782495174021
23712284831
1782495175023
23721226656
1782495176024
23730317396
1782495177022
23739143859
1782495178025
23748004287
1782495179024
23756967288
1782495180025
23766051219
1782495181021
23775081233
1782495182022
23784330343
1782495183024
23793381196
1782495184024
23802534360
1782495185022
23811562216
1782495186024
23820451164
1782495187024
23829509560
1782495188021
23838866566
1782495189023
23849050950
1782495190176
23856746238
1782495191021
23865772824
1782495192021
23874903650
1782495193025
23883623273
1782495194021
23892681654
1782495195023
23901567894
1782495196021
23910511799
1782495197025
23919461963
1782495198022
23928187629
1782495199025
23937067581
1782495200022
23945921033
1782495201023
23954818779
1782495202025
23963912012
1782495203021
23972999723
1782495204023
23982477507
1782495205086
23990809213
1782495206023
23999737911
1782495207027
24008601430
1782495208025
24017396115
1782495209025
24026469382
1782495210022
24035322437
1782495211024
24044422632
1782495212023
24053520104
1782495213021
24062420848
1782495214024
24071548644
1782495215021
24080585528
1782495216021
24089660647
1782495217023
24098892713
1782495218022
24108166287
1782495219024
24118445761
1782495220174
24126156318
1782495221025
24135005134
1782495222021
24144025402
1782495223025
24153158997
1782495224025
24162163246
1782495225025
24171142158
1782495226023
24180028398
1782495227024
24188790448
1782495228024
24197611740
1782495229024
24206709502
1782495230023
24215567269
1782495231025
24224651981
1782495232024
24233656490
1782495233023
24242500471
1782495234022
24252817399
1782495235175
24260380143
1782495236024
24269114867
1782495237023
24278214251
1782495238025
24287189843
1782495239024
24296033197
1782495240023
24304953189
1782495241026
24313801653
1782495242022
24323009377
1782495243024
24332014590
1782495244022
24341167463
1782495245023
24349937913
1782495246022
24358813427
1782495247021
24367674942
1782495248025
24376557266
1782495249024
24385374044
1782495250024
24394725419
1782495251026
24403663036
1782495252018
24412965436
1782495253024
24421938167
1782495254026
24431150420
1782495255021
24440162349
1782495256023
24449218695
1782495257024
24458302779
1782495258026
24467462904
1782495259025
24476368407
1782495260025
24485422809
1782495261024
24494452272
1782495262023
24503472097
1782495263025
24512341247
1782495264023
24522765274
1782495265176
24530334536
1782495266025
24539091093
1782495267023
24548193492
1782495268021
24557504230
1782495269025
24566591757
1782495270024
24575545960
1782495271024
24584469272
1782495272022
24593856893
1782495273021
24603084996
1782495274021
24611920363
1782495275025
24621002367
1782495276025
24630122085
1782495277024
24639015118
1782495278023
24647835476
1782495279025
24656998937
1782495280022
24665913543
1782495281027
24674880690
1782495282024
24683892191
1782495283024
24692935883
1782495284025
24702074588
1782495285023
24711140879
1782495286022
24720222959
1782495287025
24726559959
1782495288021
24732959643
1782495289021
24739403681
1782495290025
24745731088
1782495291022
24752080649
1782495292023
24758440966
1782495293023
24764894583
1782495294024
24772298804
1782495295173
24777505975
1782495296025
24784030155
1782495297020
24790606263
1782495298020
24797836508
1782495299022
24804811212
1782495300024
24811906617
1782495301023
24819019006
1782495302025
24828002906
1782495303025
24836808928
1782495304024
24845999164
1782495305022
24854938770
1782495306024
24863776953
1782495307025
24872690259
1782495308024
24881721634
1782495309026
24891250275
1782495310084
24899816531
1782495311025
24908722875
1782495312022
24917685432
1782495313021
24926720174
1782495314025
24935688774
1782495315020
24944669965
1782495316024
24953644762
1782495317025
24962771487
1782495318025
24971912487
1782495319023
24981037270
1782495320023
24990315894
1782495321022
24999541564
1782495322027
25009079247
1782495323022
25018527395
1782495324025
25027555329
1782495325023
25036416721
1782495326026
25045418981
1782495327023
25054552194
1782495328025
25063585880
1782495329022
25072595423
1782495330023
25081962297
1782495331021
25091265294
1782495332023
25100341881
1782495333024
25109223057
1782495334025
25118235506
1782495335022
25127191285
1782495336022
25136117993
1782495337021
25145218449
1782495338024
25154135625
1782495339024
25164709914
1782495340176
25172313433
1782495341025
25181208134
1782495342023
25190361619
1782495343023
25199250093
1782495344021
25208093232
1782495345021
25217064143
1782495346025
25226065944
1782495347025
25235107892
1782495348024
25244242726
1782495349024
25253203033
1782495350024
25262296160
1782495351025
25271413476
1782495352025
25280512921
1782495353024
25289570062
1782495354024
25299263913
1782495355085
25307715419
1782495356024
25316648232
1782495357025
25325427280
1782495358024
25334349093
1782495359021
25343401460
1782495360024
25352426838
1782495361026
25361535525
1782495362024
25370708196
1782495363025
25379763991
1782495364025
25389099974
1782495365024
25398276348
1782495366024
25407433903
1782495367025
25416647823
1782495368024
25425518534
1782495369021
25435783013
1782495370176
25443427230
1782495371023
25452476537
1782495372022
25461587289
1782495373024
25470541323
1782495374023
25479428895
1782495375023
25488396255
1782495376023
25497204327
1782495377023
25506120464
1782495378022
25514982453
1782495379023
25523955490
1782495380023
25532858866
1782495381025
25541847601
1782495382024
25550883597
1782495383023
25559883715
1782495384024
25569317664
1782495385086
25577750076
1782495386024
25586583699
1782495387021
25595516252
1782495388025
25604327247
1782495389021
25613302441
1782495390024
25622379243
1782495391021
25631350000
1782495392024
25640523084
1782495393021
25649417280
1782495394025
25658421208
1782495395024
25667233289
1782495396024
25676093779
1782495397023
25684906808
1782495398023
25693830579
1782495399021
25702795048
1782495400024
25712094480
1782495401026
25721219752
1782495402022
25730298466
1782495403021
25739269758
1782495404024
25748429195
1782495405025
25757469659
1782495406025
25766491289
1782495407022
25775431752
1782495408022
25784436690
1782495409023
25793461731
1782495410024
25802407305
1782495411021
25811645292
1782495412024
25820801347
1782495413021
25829612586
1782495414026
25839065661
1782495415086
25847395333
1782495416023
25856320083
1782495417025
25865150340
1782495418025
25874240973
1782495419024
25883172822
1782495420025
25892169268
1782495421022
25901327909
1782495422024
25910315649
1782495423025
25919093183
1782495424025
25928135667
1782495425025
25937083550
1782495426023
25945892357
1782495427023
25954804026
1782495428021
25963846708
1782495429025
25974109642
1782495430175
25981867828
1782495431025
25990751406
1782495432023
25999592389
1782495433021
26008697465
1782495434024
26017920458
1782495435023
26026922733
1782495436021
26035907658
1782495437025
26044662654
1782495438025
26053467208
1782495439023
26062634448
1782495440023
26071527435
1782495441023
26080550028
1782495442025
26089495617
1782495443025
26098513697
1782495444026
26107519262
1782495445026
26116415095
1782495446021
26125496119
1782495447025
26134360083
1782495448024
26143176677
1782495449025
26152073642
1782495450023
26161101729
1782495451023
26169976386
1782495452022
26179117448
1782495453024
26187929743
1782495454021
26196872991
1782495455025
26205752315
1782495456021
26214613433
1782495457025
26223688582
1782495458025
26232541560
1782495459023
26241485985
1782495460024
26250306726
1782495461026
26259279595
1782495462025
26268346084
1782495463026
26277238658
1782495464023
26286145446
1782495465023
26295333463
1782495466024
26304137236
1782495467022
26313038149
1782495468023
26321987211
1782495469025
26330996463
1782495470025
26339961804
1782495471025
26348903828
1782495472025
26357948300
1782495473025
26366840339
1782495474021
26375884903
1782495475025
26384789916
1782495476021
26393593995
1782495477022
26402194049
1782495478025
26411230979
1782495479029
26420166944
1782495480023
26429067367
1782495481025
26437980091
1782495482025
26447131465
1782495483024
26455922753
1782495484023
26464927981
1782495485026
26473842648
1782495486026
26482546880
1782495487025
26491276968
1782495488022
26499965532
1782495489022
26510117067
1782495490177
26517753771
1782495491024
26526702557
1782495492025
26535869996
1782495493021
26544674641
1782495494025
26553610346
1782495495023
26562252627
1782495496022
26570830511
1782495497024
26579481177
1782495498023
26588209460
1782495499023
26596896876
1782495500025
26605629306
1782495501022
26614385924
1782495502022
26623491352
1782495503023
26632264311
1782495504021
26641670276
1782495505086
26650051555
1782495506024
26658987275
1782495507023
26667628119
1782495508026
26676496075
1782495509023
26685133751
1782495510022
26693915997
1782495511025
26702672738
1782495512025
26711529036
1782495513023
26720283130
1782495514023
26729539844
1782495515024
26738419811
1782495516024
26747319760
1782495517023
26756185437
1782495518021
26765174248
1782495519025
26775469205
1782495520176
26782993791
1782495521025
26791923896
1782495522022
26800929583
1782495523021
26809941910
1782495524025
26818894292
1782495525025
26827948924
1782495526020
26837031172
1782495527023
26846079867
1782495528025
26855098988
1782495529023
26864038870
1782495530022
26873062626
1782495531023
26882117044
1782495532023
26891366261
1782495533023
26900478926
1782495534024
26910968101
1782495535176
26918674741
1782495536024
26927479432
1782495537021
26936526368
1782495538023
26945446605
1782495539023
26954402858
1782495540022
26963268443
1782495541023
26972319265
1782495542025
26981379940
1782495543025
26990178894
1782495544022
26999295200
1782495545021
27008310526
1782495546024
27017126355
1782495547023
27025976349
1782495548024
27035032496
1782495549021
27045238881
1782495550176
27052856262
1782495551022
27061773178
1782495552024
27070997472
1782495553025
27079944407
1782495554023
27089144190
1782495555024
27098192273
1782495556022
27107159618
1782495557023
27116173215
1782495558023
27125176684
1782495559021
27134239149
1782495560022
27143185320
1782495561021
27152163956
1782495562022
27161240941
1782495563021
27170277228
1782495564022
27179484692
1782495565023
27188498503
1782495566025
27197431974
1782495567020
27206390002
1782495568023
27215359352
1782495569021
27224334179
1782495570024
27233083683
1782495571023
27241976119
1782495572025
27251149984
1782495573024
27260078360
1782495574025
27269151535
1782495575024
27277926774
1782495576021
27286721122
1782495577022
27295717140
1782495578024
27304653686
1782495579025
27313648082
1782495580023
27322560010
1782495581023
27331677372
1782495582025
27341105263
1782495583024
27349827655
1782495584021
27359007150
1782495585024
27368040989
1782495586025
27376890234
1782495587023
27385829764
1782495588021
27394725444
1782495589023
27403710843
1782495590025
27412671808
1782495591024
27421689950
1782495592024
27431014290
1782495593024
27440124078
1782495594023
27450172736
1782495595086
27458485333
1782495596023
27467533783
1782495597022
27476527965
1782495598021
27485700101
1782495599024
27494729151
1782495600024
27503688249
1782495601025
27512466273
1782495602026
27521549561
1782495603022
27530631855
1782495604022
27539731010
1782495605022
27548672269
1782495606025
27557606306
1782495607024
27566590283
1782495608024
27575507245
1782495609023
27585727722
1782495610176
27593426865
1782495611023
27602455502
1782495612024
27611520431
1782495613026
27620382375
1782495614022
27629424047
1782495615023
27638353525
1782495616022
27647390853
1782495617023
27656485341
1782495618025
27665445862
1782495619027
27674461387
1782495620023
27683326972
1782495621023
27692281190
1782495622021
27701391300
1782495623023
27710441831
1782495624024
27720880348
1782495625175
27728490231
1782495626025
27737392001
1782495627025
27746355965
1782495628025
27755193689
1782495629025
27764113374
1782495630024
27772904938
1782495631022
27782241870
1782495632024
27791253295
1782495633024
27800199067
1782495634023
27809333840
1782495635022
27818348126
1782495636024
27827324590
1782495637022
27836354589
1782495638025
27845204644
1782495639022
27855418955
1782495640176
27863013569
1782495641024
27872125729
1782495642024
27881280927
1782495643021
27890194922
1782495644022
27899374922
1782495645025
27908411056
1782495646025
27917338162
1782495647026
27926100273
1782495648025
27935069623
1782495649023
27944038299
1782495650023
27953053794
1782495651023
27961986240
1782495652022
27970913958
1782495653024
27979723575
1782495654021
27989125900
1782495655088
27997883145
1782495656021
28006921177
1782495657022
28015945453
1782495658025
28024935611
1782495659024
28033897555
1782495660025
28043050168
1782495661025
28051800514
1782495662023
28060788851
1782495663023
28069879560
1782495664023
28078902781
1782495665023
28088060091
1782495666022
28097146853
1782495667023
28106187607
1782495668025
28115433734
1782495669021
28124982326
1782495670087
28133352742
1782495671025
28142061318
1782495672022
28150855651
1782495673025
28159676392
1782495674025
28168805703
1782495675023
28177704963
1782495676024
28186596696
1782495677025
28195394839
1782495678025
28204217247
1782495679021
28213158797
1782495680024
28222060413
1782495681025
28231204948
1782495682025
28240320611
1782495683025
28249228623
1782495684025
28258299748
1782495685027
28267134871
1782495686024
28275778575
1782495687024
28284628830
1782495688021
28293502386
1782495689024
28302393476
1782495690024
28311617403
1782495691025
28320610605
1782495692025
28329867625
1782495693026
28338997518
1782495694025
28348043566
1782495695023
28357075233
1782495696022
28366120287
1782495697024
28375224429
1782495698024
28384100831
1782495699023
28393106059
1782495700021
28402012143
1782495701023
28410885011
1782495702021
28420007040
1782495703022
28429023131
1782495704023
28438225912
1782495705025
28447230834
1782495706023
28456304270
1782495707020
28465209773
1782495708023
28474168076
1782495709025
28483145381
1782495710023
28492017346
1782495711022
28500920646
1782495712023
28510245537
1782495713023
28519166156
1782495714023
28529446410
1782495715176
28537049806
1782495716023
28545994048
1782495717022
28554926280
1782495718025
28563832823
1782495719025
28572983937
1782495720024
28581938384
1782495721023
28591176677
1782495722023
28600275541
1782495723023
28609513191
1782495724023
28618749373
1782495725023
28627859590
1782495726025
28636609736
1782495727022
28645652556
1782495728025
28654761641
1782495729022
28665202315
1782495730178
28672803340
1782495731026
28681846680
1782495732024
28691002231
1782495733023
28700095816
1782495734023
28709147052
1782495735021
28717893526
1782495736022
28726701063
1782495737022
28735640700
1782495738027
28744626635
1782495739025
28753670939
1782495740026
28762707609
1782495741023
28771678152
1782495742023
28780610062
1782495743021
28789470629
1782495744023
28798542274
1782495745025
28807378238
1782495746025
28816174392
1782495747021
28825121725
1782495748025
28834277474
1782495749025
28843254474
1782495750024
28852384122
1782495751022
28861252981
1782495752022
28870518844
1782495753021
28879399638
1782495754024
28888338433
1782495755024
28897313520
1782495756022
28906248276
1782495757025
28915143712
1782495758026
28924351374
1782495759021
28933335090
1782495760022
28942328385
1782495761024
28951114134
1782495762025
28960422119
1782495763025
28969394513
1782495764024
28978370748
1782495765021
28987250730
1782495766025
28996164908
1782495767024
29005177220
1782495768023
29014073787
1782495769025
29022717415
1782495770022
29031615405
1782495771024
29040468888
1782495772025
29049473871
1782495773025
29058415803
1782495774021
29068510101
1782495775176
29076249728
1782495776024
29085101360
1782495777025
29093953251
1782495778022
29102642381
1782495779023
29111494961
1782495780021
29120442631
1782495781023
29129422507
1782495782021
29138361318
1782495783023
29147087520
1782495784022
29156130615
1782495785023
29164878543
1782495786024
29173839386
1782495787021
29182816248
1782495788021
29191711683
1782495789023
29201255242
1782495790087
29209530262
1782495791022
29218446276
1782495792022
29227631845
1782495793021
29236823320
1782495794025
29245889457
1782495795023
29254883517
1782495796025
29263889158
1782495797024
29272806319
1782495798021
29281615110
1782495799024
29290584001
1782495800024
29299536934
1782495801023
29308525118
1782495802023
29317542678
1782495803025
29326393850
1782495804024
29335403423
1782495805022
29344258528
1782495806025
29353101545
1782495807025
29362007430
1782495808024
29370918625
1782495809025
29379979836
1782495810024
29389058687
1782495811025
29398002379
1782495812026
29406996882
1782495813026
29415959851
1782495814023
29424919837
1782495815024
29433937856
1782495816023
29443082697
1782495817027
29452039470
1782495818021
29461099671
1782495819025
29471370438
1782495820175
29479028731
1782495821022
29488040982
1782495822024
29497202469
1782495823025
29506172231
1782495824025
29515188384
1782495825021
29524253756
1782495826025
29533152465
1782495827023
29542517733
1782495828023
29551632892
1782495829023
29560556663
1782495830022
29569565043
1782495831025
29578792075
1782495832025
29587950043
1782495833022
29597059556
1782495834022
29606115473
1782495835024
29615080278
1782495836021
29624066427
1782495837022
29633338839
1782495838026
29642392048
1782495839024
29651221097
1782495840025
29660216823
1782495841024
29669523752
1782495842022
29678658862
1782495843023
29687708598
1782495844024
29696654844
1782495845025
29705631232
1782495846025
29714693346
1782495847025
29723743372
1782495848023
29732576001
1782495849022
29742849721
1782495850177
29750669658
1782495851023
29759700407
1782495852025
29768993948
1782495853022
29778078767
1782495854021
29787037452
1782495855023
29796014161
1782495856023
29805026244
1782495857022
29814144631
1782495858021
29823241200
1782495859023
29832233255
1782495860024
29841290503
1782495861024
29850472844
1782495862023
29859578210
1782495863021
29868654293
1782495864021
29879084639
1782495865177
29886624112
1782495866021
29895642850
1782495867025
29904696243
1782495868024
29913810835
1782495869024
29922819582
1782495870025
29931678297
1782495871023
29940935318
1782495872025
29949974818
1782495873020
29958964042
1782495874024
29968224948
1782495875023
29977164616
1782495876024
29986077708
1782495877025
29995067008
1782495878022
30004004534
1782495879021
30013013266
1782495880022
30022047350
1782495881025
30031069163
1782495882025
30040146439
1782495883022
30049207757
1782495884023
30058396034
1782495885023
30067272788
1782495886022
30076196253
1782495887023
30085198161
1782495888020
30094321551
1782495889024
30103195826
1782495890024
30112127936
1782495891023
30121005286
1782495892024
30129955695
1782495893022
30138954711
1782495894024
30149497329
1782495895176
30157168443
1782495896025
30166042305
1782495897024
30174755150
1782495898024
30183639371
1782495899023
30192660771
1782495900026
30201606084
1782495901023
30210767510
1782495902025
30219680372
1782495903022
30228749064
1782495904021
30238065234
1782495905024
30247011374
1782495906022
30255896252
1782495907023
30264884926
1782495908021
30273937706
1782495909024
30283577318
1782495910089
30292115743
1782495911025
30300972546
1782495912026
30310199640
1782495913025
30319321301
1782495914023
30326403977
1782495915022
30332693868
1782495916021
30339273602
1782495917023
30345630492
1782495918023
30351855863
1782495919021
30358179797
1782495920025
30364241825
1782495921024
30370472307
1782495922024
30376924271
1782495923028
30383146398
1782495924025
30390266054
1782495925176
30395523195
1782495926021
30401597770
1782495927023
30407774135
1782495928024
30413788091
1782495929025
30419987957
1782495930023
30426040866
1782495931021
30432473109
1782495932024
30438849185
1782495933022
30444932587
1782495934023
30451180143
1782495935025
30457194573
1782495936025
30463184768
1782495937026
30469352305
1782495938021
30475508857
1782495939025
30482018334
1782495940085
30487660209
1782495941024
30493822284
1782495942023
30500113062
1782495943025
30506372200
1782495944025
30512706921
1782495945023
30519070389
1782495946019
30525319766
1782495947023
30531778065
1782495948023
30537817158
1782495949023
30544164883
1782495950023
30550530907
1782495951023
30556931525
1782495952021
30563384529
1782495953024
30569782959
1782495954023
30576413428
1782495955086
30582049596
1782495956025
30588068692
1782495957023
30594063798
1782495958021
30600088235
1782495959022
30606230068
1782495960023
30612287353
1782495961021
30618363457
1782495962023
30624572702
1782495963022
30630501039
1782495964025
30636794281
1782495965024
30642903173
1782495966024
30648954568
1782495967025
30654932446
1782495968023
30661086688
1782495969024
30667520399
1782495970084
30673213758
1782495971025
30679316775
1782495972023
30685560032
1782495973021
30691762515
1782495974025
30698218977
1782495975021
30704464666
1782495976022
30710566490
1782495977025
30716807804
1782495978022
30723153127
1782495979022
30729453147
1782495980021
30735827218
1782495981023
30742045735
1782495982023
30748472026
1782495983025
30754672917
1782495984022
30761556999
1782495985085
30767186358
1782495986024
30773102302
1782495987023
30779303607
1782495988022
30785294781
1782495989025
30791406763
1782495990022
30797478783
1782495991023
30803521441
1782495992025
30809896033
1782495993024
30816020929
1782495994023
30822316772
1782495995025
30828349853
1782495996022
30834380761
1782495997021
30840607463
1782495998022
30846736995
1782495999023
30853884160
1782496000177
30859164986
1782496001024
30865452093
1782496002025
30871680768
1782496003023
30877834903
1782496004021
30884101660
1782496005023
30890261991
1782496006021
30896480875
1782496007023
30902953892
1782496008023
30909272547
1782496009025
30915339043
1782496010022
30921576899
1782496011022
30927805988
1782496012025
30934266336
1782496013023
30940460587
1782496014024
30947701481
1782496015176
30952845019
1782496016025
30958885245
1782496017025
30964792743
1782496018023
30970931501
1782496019025
30976967336
1782496020022
30982844739
1782496021022
30988698412
1782496022024
30995095709
1782496023023
31001112679
1782496024022
31007297765
1782496025021
31013535300
1782496026021
31019541009
1782496027025
31025514986
1782496028023
31031719304
1782496029025
31038785104
1782496030175
31044021101
1782496031025
31050247864
1782496032025
31056570696
1782496033024
31062804146
1782496034023
31069183970
1782496035023
31075568676
1782496036024
31081807113
1782496037022
31087999176
1782496038023
31094265413
1782496039025
31100312295
1782496040024
31106452781
1782496041025
31112698241
1782496042025
31118981400
1782496043027
31125047743
1782496044021
31132287474
1782496045174
31137435495
1782496046023
31143527864
1782496047022
31149570216
1782496048024
31155497054
1782496049023
31161446994
1782496050022
31167425439
1782496051023
31173494949
1782496052023
31179839507
1782496053021
31185787657
1782496054023
31192103941
1782496055021
31198220728
1782496056021
31204411689
1782496057022
31210489017
1782496058023
31216504962
1782496059025
31223025072
1782496060086
31228775455
1782496061025
31234911994
1782496062025
31241143531
1782496063022
31247216836
1782496064025
31253477244
1782496065022
31259640497
1782496066021
31265918607
1782496067025
31272182840
1782496068024
31278452857
1782496069024
31284710802
1782496070023
31290851365
1782496071021
31297054811
1782496072025
31303477032
1782496073023
31309754484
1782496074022
31316094284
1782496075025
31322179186
1782496076024
31328352063
1782496077025
31334649864
1782496078024
31340793456
1782496079025
31346972912
1782496080025
31353133274
1782496081023
31359199356
1782496082023
31365398656
1782496083024
31371295812
1782496084023
31377330086
1782496085024
31383427014
1782496086025
31389494871
1782496087024
31395560327
1782496088024
31401638022
1782496089022
31408186973
1782496090086
31413962111
1782496091025
31419928162
1782496092024
31426110158
1782496093024
31432110282
1782496094021
31438236158
1782496095024
31444242616
1782496096024
31450348602
1782496097023
31456508305
1782496098021
31462601790
1782496099023
31468687885
1782496100022
31474789143
1782496101021
31481001616
1782496102023
31487340620
1782496103023
31493558035
1782496104021
31501496991
1782496105276
31506059375
1782496106024
31512189870
1782496107023
31518279301
1782496108021
31524541744
1782496109024
31530645557
1782496110025
31536893403
1782496111021
31543002143
1782496112021
31549394835
1782496113024
31555658930
1782496114023
31561841889
1782496115023
31567824495
1782496116024
31573909917
1782496117025
31579866269
1782496118022
31586031266
1782496119023
31593015731
1782496120176
31598016093
1782496121025
31604075275
1782496122021
31610171086
1782496123025
31616261358
1782496124025
31622459587
1782496125025
31628277458
1782496126022
31634271477
1782496127020
31640287805
1782496128021
31646399711
1782496129025
31652456262
1782496130025
31658488822
1782496131023
31664664866
1782496132021
31671086506
1782496133024
31676983722
1782496134023
31683336099
1782496135022
31689539576
1782496136021
31695785831
1782496137025
31701883509
1782496138023
31707984032
1782496139021
31714097850
1782496140022
31720079034
1782496141025
31726134284
1782496142025
31732645291
1782496143022
31738978466
1782496144023
31745358780
1782496145024
31751608111
1782496146024
31757833497
1782496147023
31763709554
1782496148021
31769872425
1782496149023
31776449696
1782496150086
31782248809
1782496151024
31788274530
1782496152027
31794239419
1782496153021
31800213227
1782496154022
31806378806
1782496155025
31812365038
1782496156027
31818440653
1782496157021
31824641636
1782496158025
31830757046
1782496159023
31836908564
1782496160023
31843051422
1782496161025
31849054606
1782496162025
31855187963
1782496163023
31861205040
1782496164021
31868475707
1782496165173
31873683537
1782496166023
31879675170
1782496167023
31885672846
1782496168021
31891644268
1782496169022
31897797928
1782496170024
31904002078
1782496171024
31910141157
1782496172022
31916578800
1782496173021
31922578175
1782496174021
31928833611
1782496175024
31935049450
1782496176021
31941131154
1782496177023
31947222895
1782496178023
31953447241
1782496179024
31960111707
1782496180088
31965763419
1782496181022
31971828768
1782496182025
31978032765
1782496183023
31984263063
1782496184021
31990425612
1782496185022
