63689864297
1781760460038
63729568297
1781760461012
63770808731
1781760462013
63811680086
1781760463010
63852949329
1781760464014
63894573123
1781760465016
63937531082
1781760466014
63979248505
1781760467014
64021259200
1781760468015
64062828796
1781760469014
64103291949
1781760470013
64144383824
1781760471014
64184735222
1781760472015
64228009831
1781760473014
64271851088
1781760474015
64314290860
1781760475012
64356129315
1781760476012
64398058590
1781760477012
64438649306
1781760478014
64479249117
1781760479015
64519172293
1781760480014
64559275035
1781760481014
64600671474
1781760482015
64641717695
1781760483016
64685521477
1781760484014
64732584406
1781760485015
64778920103
1781760486011
64823815373
1781760487014
64867917372
1781760488012
64912235252
1781760489013
64956615082
1781760490015
65001226906
1781760491015
65046414596
1781760492013
65091746938
1781760493013
65137433101
1781760494014
65183070557
1781760495014
65229157231
1781760496015
65275098764
1781760497014
65320525283
1781760498013
65365650473
1781760499015
65411606471
1781760500015
65457266755
1781760501013
65502334327
1781760502014
65548217266
1781760503012
65593436694
1781760504015
65639313225
1781760505013
65684708494
1781760506012
65730783266
1781760507012
65775744272
1781760508012
65820924698
1781760509014
65865986411
1781760510013
65911027007
1781760511013
65956907016
1781760512015
66001712810
1781760513012
66047708541
1781760514015
66096003706
1781760515015
66141773852
1781760516015
66187765129
1781760517014
66233058470
1781760518015
66277789984
1781760519012
66323419445
1781760520013
66368349810
1781760521015
66413379114
1781760522015
66458054903
1781760523013
66503828040
1781760524014
66549816143
1781760525015
66595865341
1781760526014
66641694387
1781760527012
66687768732
1781760528013
66733672117
1781760529014
66781695798
1781760530015
66827269412
1781760531012
66872640573
1781760532015
66918554029
1781760533012
66964491046
1781760534012
67010908529
1781760535015
67056620204
1781760536015
67102486054
1781760537015
67147167885
1781760538013
67191846787
1781760539015
67237050467
1781760540013
67281916625
1781760541012
67326904302
1781760542015
67371862378
1781760543011
67418033952
1781760544013
67464154867
1781760545015
67510910545
1781760546012
67556570523
1781760547017
67601588353
1781760548013
67647014262
1781760549014
67692927230
1781760550015
67738058401
1781760551013
67783319699
1781760552013
67828065617
1781760553015
67873378306
1781760554011
67919657363
1781760555012
67965927264
1781760556012
68011503136
1781760557013
68056829497
1781760558013
68102959017
1781760559013
68151048067
1781760560011
68196479286
1781760561015
68241768171
1781760562015
68287325733
1781760563012
68332468989
1781760564015
68379058286
1781760565015
68424832583
1781760566015
68470581550
1781760567015
68515807753
1781760568014
68561018697
1781760569012
68606292873
1781760570014
68651324862
1781760571014
68696508035
1781760572015
68741545334
1781760573012
68787073721
1781760574015
68834758597
1781760575011
68881206964
1781760576015
68927487119
1781760577014
68972756717
1781760578013
69017967051
1781760579013
69063932876
1781760580013
69109430196
1781760581014
69154984828
1781760582015
69200130769
1781760583013
69245913916
1781760584012
69292025126
1781760585015
69337781357
1781760586015
69383420034
1781760587014
69428443722
1781760588012
69473867739
1781760589016
69521359744
1781760590013
69567227852
1781760591015
69612297683
1781760592014
69657432882
1781760593012
69703034572
1781760594012
69749325103
1781760595015
69795022557
1781760596015
69840587259
1781760597015
69885500169
1781760598014
69930218133
1781760599012
69975728942
1781760600012
70021493351
1781760601014
70067591927
1781760602013
70112668289
1781760603015
70157911154
1781760604015
70206175679
1781760605015
70252687645
1781760606014
70298530240
1781760607015
70343484776
1781760608015
70388444866
1781760609012
70434023484
1781760610015
70479069817
1781760611012
70525078061
1781760612013
70570829958
1781760613014
70616261116
1781760614014
70662198498
1781760615013
70708496659
1781760616015
70754850483
1781760617015
70799803981
1781760618013
70844711215
1781760619012
70892195590
1781760620013
70937473856
1781760621014
70982738938
1781760622015
71027561516
1781760623015
71074244685
1781760624014
71120221557
1781760625015
71166002079
1781760626015
71212094918
1781760627014
71257134842
1781760628015
71302015891
1781760629013
71347325529
1781760630014
71392896518
1781760631012
71438853248
1781760632013
71484243635
1781760633015
71529670094
1781760634014
71577246815
1781760635014
71623308037
1781760636012
71669327390
1781760637012
71714785220
1781760638013
71760715217
1781760639016
71806285413
1781760640012
71851457234
1781760641013
71897560204
1781760642015
71942335846
1781760643013
71987937048
1781760644013
72033804423
1781760645015
72079936873
1781760646014
72125842701
1781760647015
72171282831
1781760648015
72215788210
1781760649012
72263522829
1781760650013
72309833318
1781760651016
72355530406
1781760652015
72400298175
1781760653012
72446854940
1781760654015
72493087732
1781760655012
72539065886
1781760656015
72584575657
1781760657012
72629649944
1781760658014
72674520190
1781760659012
72719433710
1781760660012
72764898438
1781760661013
72810764836
1781760662012
72856433787
1781760663012
72901368059
1781760664012
72948780047
1781760665012
72994928733
1781760666012
73040995936
1781760667015
73086472016
1781760668015
73131775428
1781760669012
73177311261
1781760670015
73222468250
1781760671012
73267970392
1781760672012
73312678224
1781760673015
73357743356
1781760674013
73403364882
1781760675012
73449163898
1781760676012
73494765649
1781760677013
73539959869
1781760678012
73586792147
1781760679015
73632941565
1781760680015
73679137857
1781760681013
73725355635
1781760682017
73770042105
1781760683015
73816370905
1781760684014
73862549314
1781760685015
73907875492
1781760686012
73953490305
1781760687012
73998063005
1781760688015
74042904504
1781760689015
74087958893
1781760690014
74132932472
1781760691014
74178327009
1781760692015
74223651783
1781760693014
74269330744
1781760694016
74317828971
1781760695015
74363712521
1781760696013
74408968203
1781760697012
74453669749
1781760698013
74498271259
1781760699013
74543417810
1781760700013
74589057342
1781760701015
74634196020
1781760702015
74678864729
1781760703014
74723882803
1781760704015
74770170465
1781760705012
74816537045
1781760706015
74862659181
1781760707012
74914202872
1781760708138
74954201976
1781760709015
75001371045
1781760710013
75046968401
1781760711013
75092508446
1781760712015
75137290558
1781760713013
75183635532
1781760714012
75230322851
1781760715015
75275853191
1781760716012
75321710007
1781760717012
75367167350
1781760718015
75412309263
1781760719013
75457815860
1781760720016
75503806587
1781760721015
75550144298
1781760722015
75596176529
1781760723015
75642036641
1781760724015
75690309650
1781760725015
75736596763
1781760726015
75782931422
1781760727015
75827700961
1781760728012
75873046487
1781760729014
75918317489
1781760730015
75963729848
1781760731012
76009854486
1781760732014
76054922364
1781760733015
76100339240
1781760734015
76147214181
1781760735014
76193413709
1781760736012
76239146013
1781760737016
76284645897
1781760738011
76329521331
1781760739012
76374044044
1781760740013
76419894513
1781760741014
76465396594
1781760742016
76511067436
1781760743016
76559087455
1781760744011
76605312862
1781760745013
76651642455
1781760746013
76697019292
1781760747012
76742183788
1781760748012
76787247515
1781760749013
76831887172
1781760750014
76877624359
1781760751014
76923171057
1781760752015
76969568582
1781760753037
77015089156
1781760754012
77063425580
1781760755016
77109480211
1781760756015
77155011589
1781760757014
77199660095
1781760758012
77244734259
1781760759013
77290268811
1781760760013
77335417865
1781760761015
77380644068
1781760762014
77425567231
1781760763014
77470884193
1781760764015
77517586161
1781760765015
77563737959
1781760766014
77609558154
1781760767015
77654608149
1781760768016
77700135193
1781760769015
77747114748
1781760770014
77792396920
1781760771015
77837180130
1781760772012
77882483847
1781760773012
77927662748
1781760774012
77974708038
1781760775015
78021076937
1781760776012
78067397436
1781760777016
78112792523
1781760778012
78157722950
1781760779011
78202493587
1781760780012
78248078187
1781760781013
78293365181
1781760782013
78338815260
1781760783015
78384390521
1781760784013
78432100910
1781760785013
78478120689
1781760786012
78523719388
1781760787015
78568173315
1781760788012
78613610027
1781760789014
78658991381
1781760790015
78704184808
1781760791014
78749814147
1781760792014
78794596197
1781760793015
78840454051
1781760794015
78886509475
1781760795015
78932465779
1781760796013
78977907740
1781760797015
79023285614
1781760798015
79068260353
1781760799015
79112892319
1781760800012
79158523794
1781760801013
79204367365
1781760802015
79249476564
1781760803015
79296757815
1781760804012
79344329653
1781760805015
79390301215
1781760806014
79436248974
1781760807013
79481290851
1781760808014
79525691982
1781760809011
79570998812
1781760810015
79616382363
1781760811015
79661912336
1781760812013
79707393360
1781760813014
79752935236
1781760814012
79800518427
1781760815012
79847361813
1781760816013
79893335755
1781760817012
79938586799
1781760818013
79983486098
1781760819015
80028521505
1781760820015
80074134426
1781760821014
80119514986
1781760822014
80164348489
1781760823015
80209659286
1781760824014
80256125476
1781760825016
80302318168
1781760826012
80348000607
1781760827016
80393358706
1781760828015
80438540170
1781760829012
80485216198
1781760830015
80530968522
1781760831013
80576639426
1781760832013
80621611601
1781760833015
80666606298
1781760834012
80714363072
1781760835013
80760582620
1781760836015
80806447798
1781760837016
80851542409
1781760838013
80896346737
1781760839013
80941577334
1781760840013
80986806284
1781760841011
81032210586
1781760842015
81083200080
1781760843138
81122488248
1781760844014
81168279330
1781760845013
81214719946
1781760846014
81260755961
1781760847014
81306301193
1781760848012
81351897207
1781760849012
81396894955
1781760850015
81442355899
1781760851013
81488075630
1781760852015
81532838333
1781760853013
81577498070
1781760854015
81623417813
1781760855011
81670170013
1781760856012
81715619603
1781760857012
81761707986
1781760858038
81805864978
1781760859013
81853796618
1781760860013
81902244675
1781760861015
81948011342
1781760862013
81993345699
1781760863016
82038684450
1781760864012
82085442387
1781760865014
82131623421
1781760866015
82177584851
1781760867012
82222841633
1781760868013
82268265833
1781760869015
82313097810
1781760870015
82358378090
1781760871014
82404053388
1781760872013
82449106129
1781760873015
82493814022
1781760874015
82538980105
1781760875012
82585089362
1781760876012
82630641065
1781760877015
82676371660
1781760878014
82723968462
1781760879016
82769031702
1781760880013
82814547576
1781760881015
82859476294
1781760882016
82904101973
1781760883013
82948951956
1781760884012
82995356501
1781760885015
83042085812
1781760886015
83088106690
1781760887013
83133278572
1781760888013
83178463759
1781760889013
83225635147
1781760890015
83270867819
1781760891014
83316326504
1781760892015
83360911168
1781760893012
83406152690
1781760894014
83452827070
1781760895014
83498820116
1781760896015
83544034295
1781760897015
83588960938
1781760898015
83633686287
1781760899012
83678256852
1781760900013
83723446128
1781760901011
83769275967
1781760902013
83814313694
1781760903014
83860030434
1781760904015
83907207316
1781760905012
83953770856
1781760906012
83999915025
1781760907014
84044500482
1781760908012
84089621094
1781760909013
84134863898
1781760910015
84179581069
1781760911014
84225251728
1781760912014
84269658841
1781760913012
84315016147
1781760914014
84361090736
1781760915012
84408134805
1781760916015
84454864483
1781760917012
84500313097
1781760918015
84547014943
1781760919015
84595281482
1781760920015
84640771661
1781760921012
84686783811
1781760922015
84732258060
1781760923015
84777515879
1781760924015
84824563610
1781760925010
84870469437
1781760926012
84916084372
1781760927013
84961193265
1781760928013
85005947179
1781760929012
85050477765
1781760930014
85095577198
1781760931012
85141108881
1781760932012
85186731567
1781760933013
85232606205
1781760934015
85280978396
1781760935013
85327138678
1781760936014
85372190443
1781760937014
85416909017
1781760938015
85462111416
1781760939014
85507613009
1781760940014
85552460672
1781760941012
85598006637
1781760942014
85642491264
1781760943015
85687140259
1781760944013
85732587469
1781760945015
85779778633
1781760946015
85826083690
1781760947014
85871834549
1781760948015
85917496481
1781760949015
85965582173
1781760950012
86010601711
1781760951014
86056461457
1781760952015
86101551613
1781760953015
86146153061
1781760954014
86191964223
1781760955015
86238480889
1781760956012
86284397153
1781760957014
86329278630
1781760958016
86374020764
1781760959011
86418754414
1781760960016
86463982264
1781760961015
86509476105
1781760962015
86554971350
1781760963015
86600073408
1781760964014
86647410994
1781760965015
86693640795
1781760966015
86739408378
1781760967015
86784737242
1781760968012
86829594121
1781760969012
86874486402
1781760970013
86920122759
1781760971012
86965609459
1781760972011
87011271696
1781760973013
87056437230
1781760974014
87102538796
1781760975011
87150155496
1781760976015
87195894026
1781760977015
87241522144
1781760978014
87287286187
1781760979014
87333950069
1781760980013
87379090823
1781760981013
87424978950
1781760982013
87469764113
1781760983015
87514911703
1781760984012
87560617946
1781760985012
87607036772
1781760986015
87652812046
1781760987014
87698567666
1781760988012
87744019210
1781760989012
87789689747
1781760990016
87834741512
1781760991012
87880322267
1781760992015
87925603156
1781760993012
87971555981
1781760994013
88018268386
1781760995013
88064486956
1781760996015
88110038475
1781760997012
88155579741
1781760998013
88200844761
1781760999014
88245767010
1781761000013
88291112108
1781761001013
88336753715
1781761002013
88382042723
1781761003014
88426732916
1781761004012
88472706980
1781761005015
88519684277
1781761006014
88565092486
1781761007015
88610237390
1781761008013
88656488920
1781761009015
88704216398
1781761010014
88749778171
1781761011015
88795312112
1781761012012
88839963609
1781761013013
88885875417
1781761014015
88931999323
1781761015013
88978373350
1781761016013
89024291933
1781761017015
89069520211
1781761018016
89114027238
1781761019015
89158454248
1781761020015
89203877655
1781761021014
89249691991
1781761022015
89295196635
1781761023014
89340332140
1781761024014
89387544604
1781761025013
89433968802
1781761026013
89479980769
1781761027015
89526118285
1781761028013
89572025333
1781761029014
89617164073
1781761030013
89662504472
1781761031016
89708107565
1781761032012
89753471585
1781761033012
89798245640
1781761034015
89843742960
1781761035015
89889980086
1781761036011
89935782153
1781761037014
89981526970
1781761038015
90027358152
1781761039015
90075014158
1781761040012
90120345158
1781761041013
90166474800
1781761042011
90211625502
1781761043012
90256756307
1781761044012
90302818750
1781761045012
90349624234
1781761046015
90394994784
1781761047015
90439693888
1781761048015
90484226184
1781761049014
90529133479
1781761050015
90574358033
1781761051015
90620540593
1781761052015
90665929088
1781761053013
90711410783
1781761054016
90758917558
1781761055013
90805459492
1781761056014
90850647670
1781761057014
90895926729
1781761058014
90941590919
1781761059014
90987043561
1781761060014
91032352588
1781761061015
91078246941
1781761062014
91123049195
1781761063015
91167569405
1781761064013
91213985729
1781761065011
91260229996
1781761066014
91306769977
1781761067015
91353255881
1781761068013
91398904568
1781761069015
91446054105
1781761070012
91491600131
1781761071015
91537277077
1781761072015
91582445418
1781761073012
91630574812
1781761074015
91678883282
1781761075015
91727663797
1781761076013
91776171363
1781761077013
91824245031
1781761078012
91872284825
1781761079015
91920147191
1781761080012
91968680880
1781761081015
92016934235
1781761082013
92065305022
1781761083015
92113819730
1781761084012
92162789148
1781761085014
92211853597
1781761086015
92260659441
1781761087015
92308979386
1781761088015
92357451979
1781761089012
92405786023
1781761090012
92453968639
1781761091015
92502121104
1781761092012
92550206247
1781761093015
92598287728
1781761094015
92646685553
1781761095015
92695209232
1781761096012
92744147034
1781761097012
92798696211
1781761098138
92839929016
1781761099015
92887896605
1781761100014
92934645509
1781761101015
92981401859
1781761102015
93029739138
1781761103011
93079263486
1781761104011
93127736751
1781761105011
93176045038
1781761106011
93224681021
1781761107017
93272505667
1781761108016
93320632314
1781761109013
93369226977
1781761110014
93417425645
1781761111013
93465956649
1781761112015
93515420573
1781761113037
93562952555
1781761114013
93612783849
1781761115014
93661229586
1781761116015
93706417825
1781761117014
93751630966
1781761118015
93797494313
1781761119014
93842847225
1781761120015
93887708621
1781761121012
93933657783
1781761122013
93978186173
1781761123015
94023456076
1781761124015
94069136806
1781761125012
94115164887
1781761126013
94161545994
1781761127012
94217510938
1781761128236
94252985091
1781761129012
94300509749
1781761130015
94345985158
1781761131012
94391287532
1781761132015
94435898990
1781761133015
94481154428
1781761134016
94527073317
1781761135011
94572385518
1781761136013
94619111229
1781761137013
94664361174
1781761138015
94709105749
1781761139013
94754497967
1781761140015
94799866930
1781761141011
94845778678
1781761142013
94891143735
1781761143015
94936674319
1781761144015
94984882021
1781761145012
95031159368
1781761146013
95076643199
1781761147015
95121710467
1781761148012
95166637415
1781761149013
95211905731
1781761150013
95256968665
1781761151014
95302370161
1781761152015
95347266591
1781761153013
95392554927
1781761154012
95438812804
1781761155012
95484937198
1781761156012
95531453375
1781761157012
95577772837
1781761158015
95623155655
1781761159014
95669586200
1781761160015
95714611293
1781761161013
95759977510
1781761162013
95805140785
1781761163012
95850257979
1781761164012
95896930406
1781761165015
95942951528
1781761166013
95989474969
1781761167012
96035999813
1781761168013
96080899662
1781761169015
96126136912
1781761170013
96172003982
1781761171015
96217620259
1781761172014
96263162318
1781761173015
96309074004
1781761174015
96356053864
1781761175014
96402380223
1781761176015
96447576457
1781761177013
96492258045
1781761178015
96537007686
1781761179011
96582296999
1781761180015
96627840461
1781761181012
96673885448
1781761182013
96718977557
1781761183015
96764230798
1781761184013
96810467130
1781761185012
96856749787
1781761186011
96902717138
1781761187013
96948021709
1781761188012
96993145984
1781761189013
97040406666
1781761190014
97085911859
1781761191013
97131609008
1781761192014
97176459357
1781761193015
97221281691
1781761194014
97268443252
1781761195013
97315112994
1781761196015
97361811116
1781761197012
97406813565
1781761198012
97451858005
1781761199015
97496511455
1781761200012
97541655077
1781761201011
97587626090
1781761202015
97633062436
1781761203014
97678573367
1781761204013
97726830507
1781761205015
97773598759
1781761206015
97818793406
1781761207013
97863599932
1781761208014
97908805016
1781761209016
97953949981
1781761210015
97999018958
1781761211015
98044279401
1781761212015
98089411671
1781761213015
98134403865
1781761214013
98179781312
1781761215013
98226056096
1781761216015
98271701121
1781761217012
98317166886
1781761218013
98362873678
1781761219015
98410148032
1781761220015
98455315702
1781761221015
98500838047
1781761222014
98546414224
1781761223015
98591477158
1781761224012
98637822864
1781761225013
98684505423
1781761226014
98730993341
1781761227014
98776638183
1781761228014
98821454780
1781761229014
98866179152
1781761230012
98911484334
1781761231012
98957230860
1781761232012
99002690278
1781761233015
99047745887
1781761234015
99094440775
1781761235013
99140845686
1781761236014
99187499741
1781761237015
99232548881
1781761238013
99278263608
1781761239015
99323683719
1781761240014
99368106334
1781761241012
99413720048
1781761242015
99459052635
1781761243012
99504260649
1781761244014
99550194552
1781761245014
99596469641
1781761246015
99642308757
1781761247013
99688346725
1781761248015
99733476310
1781761249015
99780284478
1781761250011
99825693481
1781761251015
99870891546
1781761252013
99917049936
1781761253013
99962655471
1781761254013
100008731464
1781761255014
100054582177
1781761256013
100100918911
1781761257012
100146394991
1781761258013
100190990519
1781761259014
100235765185
1781761260014
100281383293
1781761261015
100327113950
1781761262013
100372646792
1781761263011
100418524361
1781761264015
100467013677
1781761265013
100514091499
1781761266015
100559997875
1781761267015
100605276568
1781761268014
100650779259
1781761269013
100696019439
1781761270014
100740774634
1781761271015
100785526534
1781761272011
100830670339
1781761273011
100875763424
1781761274012
100921671510
1781761275011
100968089970
1781761276013
101013796274
1781761277012
101060168409
1781761278015
101105308003
1781761279016
101150567408
1781761280013
101195627107
1781761281014
101240881996
1781761282015
101286241988
1781761283013
101331279775
1781761284016
101377416498
1781761285015
101423032775
1781761286015
101468599675
1781761287015
101514375498
1781761288015
101559148088
1781761289015
101603670252
1781761290012
101649171173
1781761291015
101694215431
1781761292014
101739664228
1781761293015
101785585131
1781761294013
101833726487
1781761295015
101880757739
1781761296015
101926741752
1781761297013
101972572689
1781761298015
102017748172
1781761299012
102062700693
1781761300015
102107482683
1781761301014
102152442163
1781761302015
102197548127
1781761303014
102242530494
1781761304015
102288581402
1781761305015
102334705063
1781761306011
102380857289
1781761307012
102426849297
1781761308015
102472574217
1781761309015
102519130433
1781761310012
102564696479
1781761311013
102610235730
1781761312014
102655721331
1781761313013
102700903894
1781761314015
102746876859
1781761315013
102793078951
1781761316015
102838543373
1781761317015
102884122968
1781761318015
102928810720
1781761319015
102973788815
1781761320012
103019518679
1781761321012
103065042366
1781761322012
103111165478
1781761323014
103156941667
1781761324015
103204916031
1781761325013
103251390277
1781761326012
103296889001
1781761327015
103341615571
1781761328014
103386507607
1781761329015
103431105699
1781761330012
103475932488
1781761331013
103521117248
1781761332015
103566510808
1781761333015
103612394419
1781761334015
103658895643
1781761335015
103704839861
1781761336012
103750439903
1781761337012
103797709496
1781761338037
103842369660
1781761339015
103888639134
1781761340015
103933592693
1781761341013
103978958483
1781761342015
104024037774
1781761343015
104068877259
1781761344013
104115400089
1781761345015
104161586128
1781761346013
104208419321
1781761347015
104255076368
1781761348012
104299950947
1781761349013
104344981533
1781761350015
104390183383
1781761351015
104435588357
1781761352012
104480984175
1781761353012
104525851675
1781761354012
104573719290
1781761355016
104619997858
1781761356015
104665012330
1781761357014
104710584113
1781761358012
104756383495
1781761359015
104801706194
1781761360014
104846763696
1781761361013
104892083221
1781761362015
104937242407
1781761363015
104982231122
1781761364012
105028402330
1781761365015
105074693471
1781761366014
105120041744
1781761367015
105166874143
1781761368036
105211491094
1781761369012
105257415354
1781761370014
105302556169
1781761371015
105347707298
1781761372015
105393376371
1781761373014
105439077670
1781761374015
105485379309
1781761375013
105531184063
1781761376015
105577253220
1781761377013
105622942556
1781761378013
105667383604
1781761379012
105712507695
1781761380015
105757524303
1781761381015
105802722613
1781761382013
105848212121
1781761383014
105893868864
1781761384015
105941110259
1781761385012
105987722017
1781761386012
106034202245
1781761387014
106079913676
1781761388014
106124925646
1781761389012
106170337944
1781761390012
106215070679
1781761391012
106260584722
1781761392012
106305872753
1781761393013
106350678852
1781761394014
106395940150
1781761395012
106442282499
1781761396015
106488068942
1781761397011
106534479773
1781761398038
106579302351
1781761399013
106627160139
1781761400015
106672521656
1781761401014
106718019647
1781761402015
106763119813
1781761403014
106808118904
1781761404015
106854067883
1781761405014
106900052507
1781761406013
106945673178
1781761407015
106991885218
1781761408015
107037238679
1781761409015
107081800393
1781761410012
107127062240
1781761411014
107172292288
1781761412014
107217703122
1781761413015
107264070679
1781761414015
107312234252
1781761415015
107358981385
1781761416012
107405127813
1781761417014
107450533763
1781761418015
107495596880
1781761419015
107540581567
1781761420015
107585706818
1781761421013
107631070105
1781761422015
107676747235
1781761423013
107721828601
1781761424013
107767833427
1781761425015
107814136836
1781761426012
107860501464
1781761427012
107907290101
1781761428015
107953003424
1781761429014
108000612738
1781761430015
108046715465
1781761431014
108091848528
1781761432011
108137013756
1781761433014
108182083709
1781761434013
108227853978
1781761435012
108274804663
1781761436012
108320553692
1781761437012
108366758774
1781761438011
108411906913
1781761439012
108456941404
1781761440012
108502443363
1781761441015
108549110785
1781761442015
108594779857
1781761443015
108640502458
1781761444015
108688430619
1781761445012
108735001300
1781761446015
108780825158
1781761447012
108825862518
1781761448015
108871583958
1781761449012
108917077555
1781761450014
108961910998
1781761451015
109007211968
1781761452011
109052673217
1781761453012
109098073186
1781761454015
109144521370
1781761455014
109190701977
1781761456013
109237004043
1781761457012
109282618429
1781761458016
109329010583
1781761459012
109375998072
1781761460013
109421626740
1781761461014
109467126928
1781761462015
109512097700
1781761463013
109556756704
1781761464015
109602887018
1781761465013
109649043211
1781761466015
109694814395
1781761467013
109740167550
1781761468015
109785903090
1781761469015
109830539694
1781761470014
109876004849
1781761471015
109921510409
1781761472014
109966921975
1781761473017
110011996383
1781761474013
110058566638
1781761475013
110104594657
1781761476012
110150137326
1781761477013
110195294742
1781761478012
110240230235
1781761479015
110285293596
1781761480013
110330427209
1781761481014
110375835418
1781761482012
110420554358
1781761483015
110465490523
1781761484015
110511349597
1781761485015
110557931936
1781761486013
110604837700
1781761487014
110650997860
1781761488015
110697593139
1781761489011
110744372377
1781761490012
110789712410
1781761491013
110835096754
1781761492015
110880002889
1781761493013
110925320705
1781761494012
110971560577
1781761495012
111017697788
1781761496014
111063568154
1781761497013
111108658737
1781761498014
111154468800
1781761499015
111199689693
1781761500013
111244643679
1781761501012
111290987860
1781761502016
111347149642
1781761503238
111382463578
1781761504015
111430874160
1781761505015
111477610246
1781761506013
111523191855
1781761507015
111568289945
1781761508013
111613171361
1781761509013
111658026532
1781761510014
111703185413
1781761511015
111748973016
1781761512015
111793870484
1781761513012
111839128852
1781761514012
111885250804
1781761515015
111931460891
1781761516015
111977270649
1781761517013
112022455775
1781761518015
112067984650
1781761519015
112114700046
1781761520015
112159636759
1781761521013
112205128464
1781761522015
112250136039
1781761523015
112295387022
1781761524011
112341462038
1781761525013
112387594061
1781761526015
112433521007
1781761527011
112478852251
1781761528015
112524334861
1781761529013
112569326079
1781761530015
112614005103
1781761531012
112659016645
1781761532012
112704263539
1781761533013
112750276299
1781761534014
112797777948
1781761535015
112844506344
1781761536015
112889995912
1781761537015
112936200323
1781761538015
112981471875
1781761539013
113026926897
1781761540015
113071869531
1781761541013
113117750273
1781761542011
113163417881
1781761543012
113208796549
1781761544013
113254668990
1781761545014
113301035143
1781761546012
113346486199
1781761547013
113392516110
1781761548014
113437815494
1781761549013
113483834419
1781761550015
113528723342
1781761551013
113574573139
1781761552015
113620320886
1781761553014
113666058745
1781761554012
113712124118
1781761555012
113758221473
1781761556011
113803934002
1781761557012
113848526784
1781761558013
113894010493
1781761559015
113938921816
1781761560015
113984300728
1781761561014
114030161023
1781761562014
114075678546
1781761563014
114121550255
1781761564015
114169913412
1781761565015
114216930382
1781761566013
114262792081
1781761567012
114308301058
1781761568015
114353355142
1781761569012
114398878097
1781761570015
114443582756
1781761571011
114489592709
1781761572015
114534602298
1781761573014
114579808908
1781761574015
114625312820
1781761575014
114671766131
1781761576012
114717640404
1781761577015
114763289518
1781761578015
114808577488
1781761579014
114855704686
1781761580013
114901364176
1781761581015
114947408004
1781761582015
114992234000
1781761583013
115037964779
1781761584013
115084333496
1781761585013
115130268437
1781761586015
115175690134
1781761587011
115220949052
1781761588015
115266641928
1781761589011
115311827481
1781761590012
115358052583
1781761591013
115403932958
1781761592013
115449459941
1781761593013
115495525314
1781761594014
115542263598
1781761595013
115588159843
1781761596012
115633523130
1781761597015
115678770511
1781761598015
115723980479
1781761599015
115769172685
1781761600012
115814244957
1781761601012
115859745085
1781761602011
115905138706
1781761603014
115950143840
1781761604012
115996775007
1781761605012
116043268052
1781761606014
116089392263
1781761607015
116135786920
1781761608038
116180232668
1781761609015
116227675478
1781761610012
116272585275
1781761611011
116317989151
1781761612013
116362918846
1781761613015
116408866238
1781761614015
116454927338
1781761615014
116501153660
1781761616014
116546853677
1781761617013
116592424606
1781761618012
116638386341
1781761619010
116683220333
1781761620013
116728575136
1781761621015
116774072273
1781761622012
116819237502
1781761623012
116865252887
1781761624011
116913435564
1781761625012
116959677694
1781761626014
117005223537
1781761627015
117049915561
1781761628013
117095099955
1781761629013
117140287095
1781761630014
117185757620
1781761631013
117231406002
1781761632015
117276012394
1781761633013
117321484690
1781761634015
117367067947
1781761635012
117413045674
1781761636013
117458932946
1781761637012
117504125519
1781761638016
117549069679
1781761639016
117596933081
1781761640012
117642577557
1781761641014
117687828112
1781761642015
117732975214
1781761643012
117778329468
1781761644012
117824922732
1781761645013
117871842900
1781761646015
117917733774
1781761647014
117962501543
1781761648015
118007190637
1781761649015
118053154326
1781761650015
118098396580
1781761651015
118143897685
1781761652015
118189104112
1781761653015
118234326286
1781761654013
118280269284
1781761655015
118326672424
1781761656015
118371813788
1781761657015
118417402478
1781761658014
118465542552
1781761659015
118511195450
1781761660014
118556384910
1781761661014
118601589689
1781761662015
118646313940
1781761663012
118691693890
1781761664015
118737850815
1781761665015
118784201587
1781761666012
118829982354
1781761667015
118875264709
1781761668015
118920984990
1781761669016
118968490117
1781761670010
119014416574
1781761671015
119059916946
1781761672011
119105208517
1781761673013
119150669033
1781761674015
119197135650
1781761675015
119242808568
1781761676012
119288068401
1781761677014
119333001025
1781761678013
119378239373
1781761679013
119424045347
1781761680015
119469673160
1781761681014
119515238595
1781761682014
119560785049
1781761683015
119606252461
1781761684015
119653671469
1781761685015
119699914819
1781761686014
119745477203
1781761687015
119790688757
1781761688015
119835452864
1781761689015
119880962635
1781761690014
119926031916
1781761691016
119971051454
1781761692015
120016653816
1781761693012
120062240613
1781761694015
120107687213
1781761695014
120153755699
1781761696012
120199339444
1781761697014
120245387117
1781761698013
120291007239
1781761699012
120337169658
1781761700012
120383205795
1781761701013
120429100331
1781761702014
120474333857
1781761703014
120519587648
1781761704014
120565763189
1781761705015
120611514964
1781761706012
120657690566
1781761707012
120702888509
1781761708015
120748316921
1781761709014
120794013581
1781761710015
120839943456
1781761711012
120885653422
1781761712013
120930041309
1781761713015
120972831116
1781761714013
121019515140
1781761715011
121062994948
1781761716015
121105570156
1781761717015
121146706221
1781761718013
121187564392
1781761719013
121228633989
1781761720012
121268792395
1781761721012
121309982231
1781761722013
121351494820
1781761723015
121392492579
1781761724012
121438324371
1781761725012
121485068636
1781761726012
121530542762
1781761727012
121576000715
1781761728038
121619429986
1781761729012
121664330384
1781761730012
121710326909
1781761731015
121756564217
1781761732013
121801159806
1781761733013
121846672507
1781761734012
121892935267
1781761735013
121938947295
1781761736015
121984854343
1781761737014
122030410562
1781761738014
122074889941
1781761739012
122120208428
1781761740011
122165521850
1781761741013
122211544620
1781761742015
122256898508
1781761743014
122303191358
1781761744012
122350911146
1781761745015
122397015031
1781761746015
122442311302
1781761747011
122487744047
1781761748015
122532950658
1781761749014
122578264934
1781761750015
122622906482
1781761751013
122668525140
1781761752013
122713539734
1781761753012
122759129034
1781761754015
122805078196
1781761755014
122851130202
1781761756012
122896658772
1781761757012
122943022057
1781761758036
122987382966
1781761759015
123034327670
1781761760013
123080010842
1781761761013
123126229168
1781761762015
123171455127
1781761763015
123216819940
1781761764013
123265207023
1781761765015
123311437129
1781761766015
123356371340
1781761767013
123401364206
1781761768015
123446605606
1781761769013
123492308614
1781761770013
123537451321
1781761771015
123583757233
1781761772014
123629608617
1781761773013
123675341837
1781761774014
123722842326
1781761775013
123768806686
1781761776013
123814097158
1781761777016
123859007016
1781761778015
123903782536
1781761779012
123948856029
1781761780013
123993816180
1781761781015
124038728907
1781761782015
124084048188
1781761783015
124129059975
1781761784012
124174999494
1781761785013
124221516953
1781761786014
124267145315
1781761787012
124312680476
1781761788013
124358126100
1781761789015
124405717958
1781761790014
124451573187
1781761791014
124496706922
1781761792012
124541452535
1781761793013
124586966395
1781761794012
124633405363
1781761795016
124679050083
1781761796011
124724631326
1781761797015
124769696763
1781761798013
124814785453
1781761799012
124859842955
1781761800012
124904988164
1781761801014
124950906687
1781761802015
124995942277
1781761803013
125041438315
1781761804015
125087505763
1781761805012
125133489777
1781761806014
125179513768
1781761807012
125224418255
1781761808014
125268937245
1781761809013
125314302241
1781761810012
125359404909
1781761811013
125404540840
1781761812012
125449913405
1781761813015
125495157979
1781761814014
125540775660
1781761815012
125587178923
1781761816015
125633056735
1781761817013
125679442419
1781761818036
125724107710
1781761819015
125772252301
1781761820015
125820441143
1781761821015
125865522326
1781761822012
125910628717
1781761823013
125955796753
1781761824014
126002376102
1781761825014
126048476692
1781761826014
126094501965
1781761827014
126139363239
1781761828015
126184430995
1781761829012
126229640047
1781761830015
126275490027
1781761831013
126320995648
1781761832013
126367055527
1781761833038
126412464896
1781761834015
126460802358
1781761835014
126507248589
1781761836015
126553151486
1781761837015
126597929631
1781761838014
126643638071
1781761839012
126689376296
1781761840014
126734199668
1781761841014
126779582181
1781761842014
126824239782
1781761843014
126868950361
1781761844013
126915313645
1781761845016
126961943653
1781761846015
127007982170
1781761847015
127053310179
1781761848014
127098267584
1781761849013
127144852120
1781761850012
127190626295
1781761851011
127236255573
1781761852014
127280811672
1781761853014
127326287752
1781761854013
127372237646
1781761855014
127417869854
1781761856013
127463205980
1781761857013
127508708427
1781761858013
127553829162
1781761859013
127598760565
1781761860013
127645047129
1781761861012
127690988173
1781761862015
127736432759
1781761863014
127782218225
1781761864015
127830436913
1781761865015
127877022548
1781761866013
127923399871
1781761867012
127968491125
1781761868015
128013983257
1781761869012
128059348741
1781761870013
128104827141
1781761871015
128149899535
1781761872012
128195110601
1781761873014
128240419079
1781761874013
128286864333
1781761875016
128333239947
1781761876015
128379620688
1781761877015
128425386379
1781761878038
128469968601
1781761879015
128516030434
1781761880015
128561445479
1781761881012
128607367480
1781761882013
128652211420
1781761883013
128697233095
1781761884014
128744242374
1781761885013
128790546271
1781761886015
128836404736
1781761887015
128881415485
1781761888012
128926234584
1781761889014
128971031832
1781761890014
129017373266
1781761891015
129063100322
1781761892014
129109430587
1781761893038
129154897023
1781761894012
129203215076
1781761895016
129250021047
1781761896015
129295658260
1781761897015
129340762880
1781761898012
129386707343
1781761899013
129431622572
1781761900016
129476599447
1781761901014
129522186610
1781761902015
129567077914
1781761903013
129612413735
1781761904015
129657992964
1781761905014
129704599046
1781761906015
129750266532
1781761907014
129795066954
1781761908012
129840721806
1781761909015
129888139348
1781761910015
129933221447
1781761911014
129978925187
1781761912014
130023240931
1781761913012
130068244111
1781761914014
130114136450
1781761915015
130159953288
1781761916015
130205340562
1781761917013
130249954401
1781761918013
130294928468
1781761919015
130340187446
1781761920015
130385577222
1781761921012
130431390887
1781761922013
130477099144
1781761923016
130522688627
1781761924015
130571447352
1781761925012
130617971586
1781761926013
130663904208
1781761927013
130709032998
1781761928012
130754382614
1781761929015
130800239369
1781761930015
130844941952
1781761931015
130889984439
1781761932014
130934831248
1781761933014
130979652972
1781761934015
131025415611
1781761935012
131072287073
1781761936013
131117556550
1781761937014
131162883033
1781761938012
131208024397
1781761939015
131254429917
1781761940014
131300025504
1781761941015
131345909542
1781761942013
131391069033
1781761943013
131436120737
1781761944012
131483107799
1781761945013
131529022171
1781761946015
131574965230
1781761947012
131619847622
1781761948014
131664792636
1781761949015
131709668315
1781761950014
131755431198
1781761951013
131801282338
1781761952012
131847869377
1781761953038
131892606201
1781761954015
131940144898
1781761955015
131986704288
1781761956014
132032481331
1781761957012
132077639419
1781761958015
132122367149
1781761959013
132167581694
1781761960015
132212233862
1781761961012
132257879192
1781761962014
132302394886
1781761963014
132347473811
1781761964012
132393625610
1781761965015
132440032778
1781761966014
132485755928
1781761967015
132530952590
1781761968015
132577112078
1781761969011
132625423966
1781761970015
132673839370
1781761971015
132720877091
1781761972012
132766599081
1781761973013
132814464925
1781761974015
132862614704
1781761975014
132908910606
1781761976015
132954592252
1781761977012
132999261999
1781761978013
133044214398
1781761979012
133089211842
1781761980012
133135677970
1781761981011
133181432064
1781761982015
133226891116
1781761983013
133272872626
1781761984015
133321000250
1781761985015
133367203317
1781761986015
133413234572
1781761987013
133458447530
1781761988012
133508022293
1781761989012
133557024182
1781761990015
133602988236
1781761991015
133648812155
1781761992013
133694205593
1781761993013
133741773953
1781761994013
133789788478
1781761995015
133836428312
1781761996012
133882620699
1781761997014
133927920205
1781761998015
133973325484
1781761999015
134020829208
1781762000011
134068211105
1781762001015
134119865331
1781762002015
134169915557
1781762003013
134219000758
1781762004015
134267918053
1781762005012
134314477260
1781762006015
134360371856
1781762007012
134411163108
1781762008015
134458812095
1781762009012
134504455594
1781762010013
134550186007
1781762011012
134596654210
1781762012012
134641892071
1781762013012
134688004746
1781762014014
134735554184
1781762015015
134781775197
1781762016015
134827506769
1781762017013
134875994865
1781762018013
134923058648
1781762019015
134968334594
1781762020012
135013436591
1781762021015
135059928903
1781762022012
135105639480
1781762023015
135151003438
1781762024013
135197399743
1781762025012
135244091030
1781762026012
135289497774
1781762027012
135334625527
1781762028015
135380722943
1781762029014
135429186686
1781762030015
135478110450
1781762031013
135527586398
1781762032012
135576320282
1781762033011
135625260769
1781762034011
135673694483
1781762035011
135720525662
1781762036016
135766527741
1781762037012
135811343301
1781762038013
135856647018
1781762039012
135901772512
1781762040012
135947569575
1781762041012
135994180723
1781762042013
136050078163
1781762043238
136086861516
1781762044015
136135427310
1781762045014
136182336552
1781762046014
136228525094
1781762047015
136273953139
1781762048012
136319559163
1781762049012
136365071497
1781762050012
136410035310
1781762051013
136455326637
1781762052014
136500668928
1781762053012
136545952748
1781762054013
136592288750
1781762055014
136639506403
1781762056015
136685301268
1781762057015
136730608525
1781762058013
136776839974
1781762059013
136824170725
1781762060015
136871177929
1781762061015
136917360855
1781762062012
136962322776
1781762063012
137008244533
1781762064014
137054394989
1781762065015
137102651518
1781762066015
137148721286
1781762067013
137193865945
1781762068015
137239029404
1781762069013
137284122855
1781762070014
137329544248
1781762071013
137376076477
1781762072015
137421588629
1781762073015
137467185680
1781762074015
137514453687
1781762075014
137560742448
1781762076013
137606817647
1781762077014
137652195766
1781762078015
137698215118
1781762079015
137743450842
1781762080013
137789750040
1781762081015
137835656661
1781762082014
137881022511
1781762083015
137926251888
1781762084012
137972825499
1781762085013
138021249753
1781762086013
138067493836
1781762087013
138112752021
1781762088015
138158893443
1781762089013
138205999951
1781762090013
138251388568
1781762091014
138301340771
1781762092012
138346874102
1781762093014
138392688743
1781762094015
138438652004
1781762095012
138484901092
1781762096015
138532086885
1781762097011
138577181557
1781762098015
138622110885
1781762099014
138667243704
1781762100014
138712762387
1781762101012
138759900205
1781762102015
138805576175
1781762103012
138851507027
1781762104015
138900018987
1781762105015
138946320688
1781762106015
138992022780
1781762107014
139036801596
1781762108014
139083447595
1781762109015
139128805633
1781762110016
139174349462
1781762111016
139219715801
1781762112014
139264932848
1781762113015
139310207146
1781762114015
139356338803
1781762115014
139403038024
1781762116014
139449809084
1781762117015
139499526242
1781762118014
139544998720
1781762119015
139592143314
1781762120015
139637630441
1781762121015
139684161328
1781762122015
139735524417
1781762123015
139783027713
1781762124013
139829575995
1781762125015
139876201242
1781762126015
139921850112
1781762127013
139966959554
1781762128015
140012087979
1781762129012
140057532381
1781762130012
140103388893
1781762131012
140149826823
1781762132015
140195651352
1781762133038
140240843497
1781762134015
140287404718
1781762135013
140333999264
1781762136015
140379360354
1781762137013
140424238535
1781762138013
140469818741
1781762139018
140514511619
1781762140013
140559680144
1781762141014
140604849096
1781762142013
140649855999
1781762143014
140695220874
1781762144015
140741777090
1781762145013
140788624321
1781762146015
140834330075
1781762147015
140880148684
1781762148014
140926127570
1781762149015
140972550608
1781762150013
141018568251
1781762151012
141064224629
1781762152013
141110262902
1781762153013
141158822226
1781762154013
141205624657
1781762155015
141252452662
1781762156015
141298324798
1781762157012
141343754003
1781762158015
141389335491
1781762159016
141434564928
1781762160015
141479941399
1781762161015
141525761289
1781762162010
141571432192
1781762163015
141617787481
1781762164015
141665322760
1781762165013
141711500559
1781762166012
141756653764
1781762167014
141801153162
1781762168013
141846779998
1781762169014
141892439305
1781762170014
141937281170
1781762171015
141982713122
1781762172016
142027506586
1781762173013
142072866700
1781762174015
142119528690
1781762175012
142166350957
1781762176011
142212255381
1781762177015
142257518327
1781762178015
142303417135
1781762179016
142350984701
1781762180013
142396708766
1781762181011
142442464325
1781762182014
142488294835
1781762183015
142533632000
1781762184014
142581537883
1781762185015
142628216047
1781762186015
142674783616
1781762187015
142719921745
1781762188013
142765070494
1781762189012
142810121953
1781762190012
142855685558
1781762191013
142901644913
1781762192015
142948719682
1781762193038
142993283655
1781762194015
143040985681
1781762195011
143087600979
1781762196015
143132711155
1781762197013
143178078165
1781762198014
143223004563
1781762199014
143267825127
1781762200015
143312336610
1781762201014
143357738838
1781762202015
143402375992
1781762203013
143447723410
1781762204015
143494548607
1781762205014
143540797268
1781762206015
143586341707
1781762207012
143632857640
1781762208037
143677597089
1781762209015
143724768049
1781762210014
143770332691
1781762211012
143815286433
1781762212016
143860856996
1781762213015
143906674139
1781762214015
143952807627
1781762215015
144000437998
1781762216015
144046845777
1781762217014
144091307333
1781762218014
144136376920
1781762219013
144181027624
1781762220014
144226046429
1781762221012
144271833910
1781762222013
144317816763
1781762223016
144363653987
1781762224015
144410552732
1781762225013
144457953062
1781762226015
144503208501
1781762227014
144548112682
1781762228015
144593418536
1781762229015
144639158836
1781762230012
144685831690
1781762231013
144731474335
1781762232014
144776156288
1781762233012
144821409163
1781762234013
144867341357
1781762235015
144914679249
1781762236012
144960701653
1781762237013
145006107238
1781762238012
145051957035
1781762239015
145097976265
1781762240015
145143074904
1781762241015
145189276690
1781762242015
145235849020
1781762243011
145281228970
1781762244012
145327684661
1781762245014
145373909885
1781762246014
145420124549
1781762247013
145465055831
1781762248014
145510416005
1781762249012
145555575069
1781762250015
145601316712
1781762251014
145647409185
1781762252011
145693807442
1781762253014
145739808057
1781762254015
145787656018
1781762255013
145834538894
1781762256015
145879738973
1781762257013
145924813015
1781762258015
145970093051
1781762259013
146015954018
1781762260015
146060866866
1781762261015
146107654955
1781762262012
146152664117
1781762263012
146198102843
1781762264016
146243940372
1781762265012
146290856573
1781762266014
146336438915
1781762267014
146382163590
1781762268013
146427644980
1781762269012
146475936483
1781762270012
146521214626
1781762271015
146566219760
1781762272014
146611506692
1781762273015
146658833597
1781762274015
146704776229
1781762275015
146751286974
1781762276011
146798937731
1781762277015
146844190606
1781762278015
146889358398
1781762279013
146934799566
1781762280015
146980257945
1781762281014
147026046891
1781762282015
147071661520
1781762283013
147118115625
1781762284015
147165443873
1781762285014
147212223782
1781762286012
147257903597
1781762287015
147302601053
1781762288011
147347542955
1781762289013
147392744560
1781762290012
147437880004
1781762291012
147482919867
1781762292012
147529419381
1781762293015
147574354203
1781762294015
147620024313
1781762295013
147667166404
1781762296012
147713020230
1781762297015
147763300924
1781762298138
147803133036
1781762299015
147850440227
1781762300014
147895935960
1781762301014
147941492301
1781762302015
147986393309
1781762303015
148034622678
1781762304016
148080827516
1781762305015
148127179875
1781762306011
148173439156
1781762307014
148220922311
1781762308013
148266751966
1781762309016
148311923115
1781762310015
148357282435
1781762311015
148403095306
1781762312015
148448900792
1781762313014
148494106670
1781762314015
148541965556
1781762315011
148588686628
1781762316014
148634405932
1781762317016
148679908746
1781762318014
148724887695
1781762319014
148769762703
1781762320015
148815050734
1781762321013
148860647602
1781762322015
148905333889
1781762323011
148951646392
1781762324015
148997623569
1781762325015
149043979469
1781762326013
149090193706
1781762327012
149135556383
1781762328015
149180472345
1781762329012
149227343135
1781762330012
149273320129
1781762331015
149318921941
1781762332015
149364474376
1781762333015
149410482376
1781762334015
149458168777
1781762335014
149503949849
1781762336011
149550461082
1781762337016
149595545257
1781762338015
149643124847
1781762339013
149688245947
1781762340012
149733588482
1781762341012
149779435716
1781762342015
149826070912
1781762343037
149870999752
1781762344015
149917853514
1781762345012
149961328622
1781762346016
150004053732
1781762347013
150045232033
1781762348014
150089364976
1781762349010
150134317437
1781762350011
150179391967
1781762351014
150224188423
1781762352013
150267456683
1781762353013
150311612332
1781762354014
150356560032
1781762355012
150402772377
1781762356012
150449366801
1781762357015
150494988450
1781762358013
150541450245
1781762359015
150588476675
1781762360015
150634028438
1781762361013
150679640931
1781762362012
150725027167
1781762363015
150770961376
1781762364014
150819083323
1781762365015
150864917861
1781762366015
150910730855
1781762367012
150955729885
1781762368016
151001056978
1781762369012
151047277380
1781762370012
151092555523
1781762371012
151138702073
1781762372015
151184409780
1781762373014
151230566401
1781762374014
151278344660
1781762375012
151324621763
1781762376013
151371447449
1781762377012
151416600470
1781762378014
151461983655
1781762379015
151507558428
1781762380014
151552072352
1781762381013
151598358855
1781762382014
151643688329
1781762383015
151689463907
1781762384015
151735448531
1781762385015
151781501330
1781762386015
151828286428
1781762387013
151874070002
1781762388012
151919886047
1781762389012
151964752509
1781762390015
152009965711
1781762391012
152055480671
1781762392014
152099977688
1781762393012
152145601961
1781762394015
152191228797
1781762395013
152237322612
1781762396013
152282604479
1781762397012
152327600335
1781762398013
152373268858
1781762399011
152418032660
1781762400014
152463583569
1781762401012
152509498124
1781762402015
152554856895
1781762403016
152601398096
1781762404015
152649768761
1781762405013
152697428002
1781762406012
152743017118
1781762407013
152788102330
1781762408015
152834104288
1781762409015
152879607528
1781762410013
152924682059
1781762411014
152970278377
1781762412015
153015276370
1781762413015
153061594977
1781762414012
153107683726
1781762415014
153154180067
1781762416014
153199826252
1781762417016
153245046351
1781762418012
153290365449
1781762419011
153337776521
1781762420012
153383672339
1781762421012
153429515727
1781762422015
153474791551
1781762423014
153520113762
1781762424010
153566507259
1781762425014
153612986632
1781762426015
153659306521
1781762427015
153704709176
1781762428014
153749997451
1781762429011
153795326497
1781762430012
153841087366
1781762431011
153886827911
1781762432012
153933019199
1781762433036
153978050883
1781762434015
154025373211
1781762435011
154072038741
1781762436013
154118217028
1781762437014
154163748894
1781762438013
154209244993
1781762439013
154255275332
1781762440015
154300670663
1781762441013
154345987075
1781762442014
154390845175
1781762443012
154436610500
1781762444015
154482256379
1781762445014
154529765596
1781762446015
154575741370
1781762447014
154620957929
1781762448016
154666511889
1781762449015
154712943167
1781762450015
154758283261
1781762451012
154804247132
1781762452015
154849067818
1781762453013
154894669325
1781762454015
154941508255
1781762455012
154987939594
1781762456015
155034217979
1781762457015
155079257476
1781762458011
155125250339
1781762459012
155170849770
1781762460015
155216020797
1781762461014
155262112964
1781762462014
155309201772
1781762463038
155354329769
1781762464011
155401396971
1781762465016
155448014283
1781762466014
155494810550
1781762467015
155540610787
1781762468014
155586707715
1781762469012
155632299944
1781762470013
155678055198
1781762471013
155724064663
1781762472015
155769442781
1781762473015
155814540688
1781762474015
155860815106
1781762475015
155907635909
1781762476015
155953630786
1781762477013
155998871943
1781762478013
156045227110
1781762479013
156092917967
1781762480016
156138790774
1781762481016
156184646736
1781762482014
156229490066
1781762483015
156274631796
1781762484012
156321527061
1781762485015
156368118678
1781762486016
156414305022
1781762487012
156459034278
1781762488016
156504871807
1781762489016
156549759204
1781762490013
156595419488
1781762491013
156641948910
1781762492016
156687691346
1781762493013
156733109443
1781762494015
156782041935
1781762495012
156828742133
1781762496015
156874821360
1781762497015
156919778215
1781762498013
156965043236
1781762499013
157010918424
1781762500013
157056206211
1781762501015
157101676309
1781762502014
157146684251
1781762503013
157192176078
1781762504015
157238593867
1781762505014
157284731139
1781762506013
157330429264
1781762507015
157376047555
1781762508012
157421534927
1781762509013
157468322527
1781762510013
157514000998
1781762511016
157559465909
1781762512015
157604179173
1781762513013
157649752543
1781762514015
157696610577
1781762515015
157743279281
1781762516011
157789368580
1781762517012
157834358943
1781762518012
157879456606
1781762519015
157924444711
1781762520015
157969680862
1781762521015
158015549336
1781762522013
158060698940
1781762523013
158106477692
1781762524015
158154191803
1781762525012
158200589878
1781762526015
158247138465
1781762527014
158292460187
1781762528015
158337629505
1781762529015
158383013056
1781762530012
158428254334
1781762531015
158473768500
1781762532012
158519069104
1781762533016
158564692584
1781762534013
158610822959
1781762535015
158657088770
1781762536011
158703000396
1781762537014
158748571813
1781762538014
158793936381
1781762539015
158841373333
1781762540015
158886481250
1781762541014
158931936333
1781762542013
158977166808
1781762543012
159022214545
1781762544015
159068472300
1781762545012
159114891187
1781762546013
159160604449
1781762547013
159205734461
1781762548014
159251416961
1781762549015
159296492163
1781762550012
159342220744
1781762551015
159387933884
1781762552013
159433720083
1781762553015
159479464045
1781762554013
159526850521
1781762555015
159573339599
1781762556012
159619416263
1781762557015
159664273753
1781762558013
159709517351
1781762559015
159754713707
1781762560016
159799414093
1781762561015
159845700107
1781762562015
159890661052
1781762563013
159936210313
1781762564014
159981713004
1781762565015
160027647212
1781762566013
160074255308
1781762567013
160129301066
1781762568237
160164895823
1781762569015
160212905710
1781762570014
160257946428
1781762571014
160303247398
1781762572012
160348253081
1781762573015
160393325598
1781762574015
160440142494
1781762575015
160486061261
1781762576013
160532578964
1781762577016
160578121450
1781762578015
160623493771
1781762579013
160668414432
1781762580015
160713866830
1781762581012
160760434033
1781762582013
160805964312
1781762583014
160851701255
1781762584015
160897537381
1781762585014
160943695221
1781762586015
160989625707
1781762587012
161035055522
1781762588013
161081489974
1781762589015
161126347525
1781762590014
161171174864
1781762591014
161216838199
1781762592012
161263054389
1781762593015
161308683240
1781762594015
161354483110
1781762595013
161400974141
1781762596015
161447290429
1781762597015
161492718230
1781762598012
161538531040
1781762599012
161583540080
1781762600014
161629154648
1781762601015
161675189809
1781762602016
161719954098
1781762603013
161765353335
1781762604012
161812676639
1781762605011
161858665230
1781762606015
161904966808
1781762607013
161950367937
1781762608013
161995529138
1781762609014
162040010713
1781762610012
162085263039
1781762611015
162130907880
1781762612014
162176176197
1781762613014
162222380486
1781762614015
162270720572
1781762615015
162317256280
1781762616014
162363361570
1781762617013
162408314946
1781762618012
162453448253
1781762619013
162499285477
1781762620016
162544776206
1781762621015
162589975736
1781762622015
162634921910
1781762623012
162680265361
1781762624013
162725976181
1781762625013
162772503650
1781762626015
162818521965
1781762627015
162864597836
1781762628015
162911798642
1781762629014
162958258179
1781762630013
163004283818
1781762631012
163049505016
1781762632012
163095008134
1781762633015
163140288597
1781762634012
163187106654
1781762635015
163233157317
1781762636014
163278951877
1781762637014
163324661416
1781762638013
163369941635
1781762639013
163414976737
1781762640013
163459787474
1781762641012
163505535038
1781762642011
163551852668
1781762643015
163597478039
1781762644014
163644860181
1781762645012
163691462357
1781762646012
163737446370
1781762647015
163783066004
1781762648013
163828872894
1781762649013
163874559606
1781762650016
163919459027
1781762651013
163964825915
1781762652012
164010063348
1781762653014
164055298462
1781762654015
164101585269
1781762655014
164148335577
1781762656012
164194165294
1781762657014
164239834366
1781762658015
164286339130
1781762659015
164332754966
1781762660013
164378662990
1781762661012
164423665317
1781762662012
164468837442
1781762663012
164514668257
1781762664013
164560842272
1781762665012
164607734364
1781762666014
164653651483
1781762667015
164699141906
1781762668015
164745164860
1781762669015
164790608225
1781762670012
164836184951
1781762671015
164882058979
1781762672012
164927728174
1781762673012
164973600615
1781762674013
165021000335
1781762675013
165068605926
1781762676013
165114374303
1781762677013
165159405559
1781762678012
165205055711
1781762679012
165250177178
1781762680015
165295059509
1781762681015
165340314276
1781762682015
165385963451
1781762683015
165431262224
1781762684014
165476995567
1781762685014
165523315578
1781762686014
165568751924
1781762687015
165613941688
1781762688015
165659595014
1781762689015
165707026899
1781762690012
165752823535
1781762691015
165797821711
1781762692015
165842373538
1781762693014
165887581796
1781762694015
165933689649
1781762695012
165980542312
1781762696014
166026701618
1781762697015
166072661095
1781762698015
166117634613
1781762699012
166162511268
1781762700015
166207790754
1781762701014
166253370105
1781762702014
166299371513
1781762703036
166344038025
1781762704015
166390940920
1781762705012
166437462346
1781762706012
166483397409
1781762707015
166528709976
1781762708014
166574664632
1781762709015
166620105616
1781762710011
166664951449
1781762711013
166710518349
1781762712014
166755434127
1781762713017
166800559805
1781762714014
166846758784
1781762715012
166893736752
1781762716013
166939247133
1781762717015
166984992134
1781762718015
167030706616
1781762719012
167076100055
1781762720011
167121563805
1781762721015
167167913601
1781762722016
167212532323
1781762723012
167258466470
1781762724012
167304867108
1781762725013
167351738082
1781762726013
167398196520
1781762727013
167444414541
1781762728015
167489409055
1781762729012
167534289739
1781762730015
167579216442
1781762731014
167624475421
1781762732013
167670119774
1781762733015
167715897611
1781762734015
167764164455
1781762735015
167811403287
1781762736012
167856946994
1781762737012
167902468911
1781762738012
167947599594
1781762739014
167992613272
1781762740015
168037729307
1781762741016
168083240787
1781762742015
168128026866
1781762743014
168173028094
1781762744012
168218351403
1781762745014
168264877529
1781762746015
168310497712
1781762747015
168356204321
1781762748014
168401630719
1781762749014
168446229604
1781762750013
168492460931
1781762751014
168537711974
1781762752013
168583571415
1781762753015
168628910471
1781762754012
168674681717
1781762755015
168721499956
1781762756014
168766876854
1781762757013
168811964873
1781762758015
168856803199
1781762759015
168901548628
1781762760012
168946812734
1781762761015
168992522761
1781762762015
169038066834
1781762763016
169083727239
1781762764014
169131878483
1781762765015
169179098333
1781762766015
169225108042
1781762767014
169271200148
1781762768013
169316418599
1781762769014
169361652126
1781762770015
169406678805
1781762771013
169451671671
1781762772012
169497296859
1781762773015
169542132255
1781762774015
169588476985
1781762775014
169634987913
1781762776013
169680969668
1781762777015
169733012748
1781762778138
169773544748
1781762779015
169820786143
1781762780013
169866730240
1781762781015
169912157858
1781762782014
169957166410
1781762783015
170002288181
1781762784014
170048198891
1781762785012
170094604229
1781762786012
170140538071
1781762787015
170186520620
1781762788012
170231896480
1781762789015
170277195864
1781762790013
170323194464
1781762791015
170368457654
1781762792013
170414023333
1781762793015
170459560814
1781762794016
170505959988
1781762795014
170552532378
1781762796011
170598233433
1781762797013
170643407206
1781762798015
170688454271
1781762799014
170733756951
1781762800014
170778287049
1781762801015
170823552070
1781762802015
170868315017
1781762803015
170914118244
1781762804011
170960912131
1781762805015
171007239039
1781762806013
171053537138
1781762807015
171099537570
1781762808013
171145208412
1781762809013
171192370279
1781762810014
171238219954
1781762811015
171283172536
1781762812014
171328273739
1781762813015
171373014531
1781762814013
171419287728
1781762815014
171465609325
1781762816011
171512213027
1781762817012
171558340777
1781762818014
171603634363
1781762819012
171648939178
1781762820012
171694211279
1781762821012
171740449869
1781762822015
171786198776
1781762823015
171832108448
1781762824013
171878509513
1781762825014
171924567806
1781762826014
171971326414
1781762827015
172016318426
1781762828012
172061864208
1781762829014
172107628861
1781762830016
172152729026
1781762831015
172198308377
1781762832012
172243508213
1781762833013
172289072366
1781762834013
172334583358
1781762835011
172380795886
1781762836015
172426227533
1781762837014
172471636352
1781762838013
172516931402
1781762839014
172561643324
1781762840013
172607874956
1781762841015
172653845602
1781762842013
172700283777
1781762843015
172747122280
1781762844014
172793868864
1781762845014
172839807956
1781762846012
172886240942
1781762847015
172931476605
1781762848014
172977076708
1781762849015
173021847346
1781762850011
173067025147
1781762851015
173112341865
1781762852015
173157769544
1781762853016
173203056843
1781762854014
173251585100
1781762855017
173298259846
1781762856014
173344598228
1781762857013
173389626311
1781762858011
173435366062
1781762859015
173481038980
1781762860012
173525938829
1781762861015
173571304008
1781762862012
173616278990
1781762863011
173661278509
1781762864016
173706390454
1781762865015
173752739518
1781762866012
173799091572
1781762867012
173844915124
1781762868013
173891369290
1781762869015
173936772250
1781762870012
173982699256
1781762871014
174028370282
1781762872015
174074481370
1781762873012
174121843858
1781762874016
174167721243
1781762875015
174213475704
1781762876014
174260137694
1781762877014
174305223699
1781762878014
174350984568
1781762879013
174396133744
1781762880012
174441447960
1781762881013
174487419644
1781762882013
174533372651
1781762883013
174579470800
1781762884015
174627751743
1781762885012
174674343665
1781762886016
174720665690
1781762887015
174765683885
1781762888015
174811452322
1781762889015
174857034786
1781762890015
174901748478
1781762891012
174947601754
1781762892012
174993372694
1781762893016
175038737446
1781762894015
175085338645
1781762895014
175131789698
1781762896013
175177948760
1781762897015
175222973119
1781762898015
175268270489
1781762899014
175314626327
1781762900013
175360303578
1781762901013
175405569637
1781762902012
175450468143
1781762903012
175495744089
1781762904015
175541865858
1781762905013
175588578629
1781762906012
175635305804
1781762907015
175680726525
1781762908015
175727253262
1781762909015
175772789400
1781762910015
175818588660
1781762911014
175865022013
1781762912015
175909832323
1781762913012
175955436027
1781762914015
176003910329
1781762915014
176049998529
1781762916015
176096116880
1781762917012
176140500617
1781762918015
176185866162
1781762919015
176231610613
1781762920012
176277105003
1781762921015
176322762418
1781762922015
176367889317
1781762923012
176413014690
1781762924013
176459709089
1781762925013
176505881517
1781762926012
176551911856
1781762927015
176596894895
1781762928014
176642865053
1781762929015
176689238775
1781762930014
176735035350
1781762931014
176780640335
1781762932015
176825973044
1781762933015
176871579006
1781762934012
176918166656
1781762935015
176964295383
1781762936011
177011051550
1781762937013
177055839643
1781762938011
177101043995
1781762939012
177146306453
1781762940012
177192402282
1781762941015
177237996770
1781762942015
177283308299
1781762943015
177328854569
1781762944015
177376045427
1781762945013
177422915058
1781762946012
177469208031
1781762947012
177514955167
1781762948015
177560657626
1781762949015
177606092751
1781762950013
177651759321
1781762951015
177697881395
1781762952013
177742680597
1781762953014
177787937989
1781762954014
177833351813
1781762955014
177879612253
1781762956013
177925324600
1781762957013
177970690878
1781762958015
178016720240
1781762959015
178063754971
1781762960014
178108957186
1781762961011
178152351607
1781762962015
178196224602
1781762963012
178238181221
1781762964015
178280900899
1781762965015
178323337680
1781762966014
178366976545
1781762967012
178407425905
1781762968014
178448368427
1781762969015
178489568456
1781762970013
178530317741
1781762971015
178572557135
1781762972015
178619759956
1781762973137
178656577183
1781762974015
178703203102
1781762975013
178747054064
1781762976014
178789764770
1781762977010
178830375200
1781762978011
178870900609
1781762979015
178911550408
1781762980012
178952138805
1781762981012
178993319791
1781762982015
179035925700
1781762983012
179077141353
1781762984013
179119955148
1781762985015
179162528525
1781762986015
179204740209
1781762987013
179245372307
1781762988011
179289052920
1781762989012
179331949417
1781762990015
179372222080
1781762991014
179412744193
1781762992012
179454428290
1781762993015
179495412072
1781762994016
179537824500
1781762995013
179581137622
1781762996012
179624614805
1781762997011
179665638199
1781762998013
179707006013
1781762999011
179747241383
1781763000014
179788451056
1781763001015
179830684651
1781763002013
179873054233
1781763003015
179915821640
1781763004014
179961920827
1781763005014
180004703920
1781763006013
180046774857
1781763007013
180088059176
1781763008015
180129441516
1781763009014
180170610539
1781763010015
180211495505
1781763011015
180252312844
1781763012015
180293961114
1781763013013
180335333384
1781763014016
180377441308
1781763015013
180420505285
1781763016016
180461989859
1781763017013
180504913333
1781763018038
180547080767
1781763019015
180591782862
1781763020014
180632443768
1781763021013
180673906370
1781763022013
180715595533
1781763023012
180756363312
1781763024015
180800138407
1781763025012
180842273614
1781763026014
180883963022
1781763027013
180925480738
1781763028014
180966155988
1781763029011
181007396361
1781763030013
181048414627
1781763031015
181089818147
1781763032015
181136034825
1781763033138
181174077452
1781763034014
181221283325
1781763035016
181265149363
1781763036015
181306492885
1781763037012
181348652872
1781763038013
181389471798
1781763039011
181430540907
1781763040015
181470514865
1781763041012
181511673146
1781763042012
181551888375
1781763043014
181592883509
1781763044014
181634621134
1781763045014
181678133840
1781763046015
181720023931
1781763047014
181767391607
1781763048137
181805627227
1781763049015
181848294843
1781763050015
181889517210
1781763051013
181931156020
1781763052014
181972175446
1781763053012
182013819687
1781763054013
182056341612
1781763055014
182099025097
1781763056011
182141677942
1781763057013
182183185770
1781763058012
182223971310
1781763059014
182263893510
1781763060013
182304275792
1781763061014
182346477222
1781763062014
182387959843
1781763063015
182431379471
1781763064016
182476688070
1781763065015
182519583102
1781763066015
182561254321
1781763067013
182602982059
1781763068015
182643815023
1781763069012
182684289712
1781763070013
182724636410
1781763071015
182766128919
1781763072015
182806453584
1781763073013
182846771229
1781763074013
182890133484
1781763075013
182933767528
1781763076014
182975965418
1781763077014
183017157268
1781763078013
183059772759
1781763079014
183103895693
1781763080014
183144527364
1781763081013
183184995400
1781763082013
183225886287
1781763083015
183266322890
1781763084013
183309336146
1781763085014
183351728128
1781763086012
183393386834
1781763087011
183435836372
1781763088013
183477240990
1781763089011
183517842510
1781763090012
183558556944
1781763091011
183599715164
1781763092015
183640831208
1781763093012
183683036056
1781763094013
183727899101
1781763095012
183771689028
1781763096015
183813993851
1781763097013
183857026212
1781763098015
183897640732
1781763099015
183939359802
1781763100015
183979515827
1781763101012
184020593969
1781763102011
184061609672
1781763103013
184102129405
1781763104015
184144814903
1781763105014
184187011695
1781763106015
184229323476
1781763107012
184270121712
1781763108014
184313227863
1781763109014
184357173674
1781763110014
184398363876
1781763111015
184438804507
1781763112014
184479880696
1781763113015
184520552040
1781763114012
184563160451
1781763115012
184605715457
1781763116015
184648700515
1781763117014
184690500030
1781763118014
184731177599
1781763119015
184773620606
1781763120012
184814161823
1781763121015
184855435887
1781763122013
184897898669
1781763123040
184939483279
1781763124014
184984039379
1781763125016
185027851644
1781763126013
185070118016
1781763127014
185111951588
1781763128013
185152470100
1781763129013
185194590475
1781763130014
185235114603
1781763131015
185275730893
1781763132012
185315994950
1781763133014
185356849459
1781763134014
185398753161
1781763135014
185442236326
1781763136015
185484528149
1781763137013
185527333703
1781763138037
185569288369
1781763139014
185612769947
1781763140014
185654137883
1781763141015
185695108237
1781763142015
185735662515
1781763143015
185776517452
1781763144015
185818384960
1781763145015
185861238488
1781763146013
185903314308
1781763147015
185945732229
1781763148013
185986384652
1781763149012
186028666587
1781763150015
186069013774
1781763151014
186111014277
1781763152014
186152478953
1781763153014
186196080404
1781763154015
186242472803
1781763155014
186285892552
1781763156015
186328557055
1781763157015
186371113648
1781763158011
186412059221
1781763159012
186454293244
1781763160013
186494827015
1781763161012
186536317875
1781763162013
186577326254
1781763163016
186617927713
1781763164011
186660281364
1781763165012
186704084353
1781763166011
186745848955
1781763167015
186788220307
1781763168038
186830971296
1781763169015
186874784660
1781763170015
186914766614
1781763171013
186955207550
1781763172012
186995606739
1781763173012
187036345953
1781763174015
187078422201
1781763175014
187121039889
1781763176015
187164423018
1781763177015
187205639831
1781763178010
187247092911
1781763179015
187290033292
1781763180014
187330749619
1781763181014
187373704892
1781763182016
187415125684
1781763183012
187457770106
1781763184012
187502645358
1781763185015
187545145371
1781763186015
187588371762
1781763187013
187629242934
1781763188012
187671313566
1781763189015
187713193586
1781763190012
187753023867
1781763191013
187794149067
1781763192014
187835299657
1781763193012
187875991936
1781763194013
187918554999
1781763195012
187960868611
1781763196012
188002760105
1781763197011
188044101186
1781763198012
188086754824
1781763199012
188131536692
1781763200013
188171733122
1781763201013
188213784895
1781763202015
188254801391
1781763203015
188294619893
1781763204012
188336642612
1781763205012
188382999427
1781763206012
