153659460207
1781704946077
153698478845
1781704947013
153739453716
1781704948013
153779947386
1781704949013
153820772050
1781704950013
153860736303
1781704951013
153902435537
1781704952013
153945531252
1781704953011
153986241841
1781704954015
154027612524
1781704955015
154068847098
1781704956013
154109418223
1781704957014
154150526088
1781704958014
154190838729
1781704959013
154234730219
1781704960076
154275637157
1781704961013
154318000391
1781704962013
154359717814
1781704963013
154400011961
1781704964013
154441569289
1781704965013
154482258638
1781704966013
154522496389
1781704967013
154563768622
1781704968013
154604009791
1781704969010
154644441816
1781704970013
154685169068
1781704971013
154727203628
1781704972012
154769021270
1781704973014
154809240711
1781704974013
154855578727
1781704975073
154900309936
1781704976013
154952228748
1781704977012
155007067780
1781704978013
155080129116
1781704979012
155172624180
1781704980012
155265970865
1781704981012
155359354110
1781704982012
155453210376
1781704983012
155545929743
1781704984012
155638661256
1781704985012
155732039862
1781704986011
155825582103
1781704987012
155919966688
1781704988012
156013942217
1781704989012
156113292121
1781704990073
156201138515
1781704991011
156295275969
1781704992013
156389618623
1781704993011
156483535863
1781704994012
156577674172
1781704995011
156670816450
1781704996011
156764021717
1781704997012
156857825310
1781704998012
156951762509
1781704999012
157045439637
1781705000012
157139279729
1781705001012
157232781443
1781705002012
157326827466
1781705003012
157420339251
1781705004013
157513658165
1781705005012
157606727324
1781705006012
157700116245
1781705007011
157793760475
1781705008011
157887642254
1781705009011
157981484604
1781705010013
158075452320
1781705011011
158168892388
1781705012013
158262685666
1781705013012
158356492860
1781705014011
158450501348
1781705015012
158544261484
1781705016012
158638146680
1781705017012
158732130632
1781705018012
158825925069
1781705019012
158919231044
1781705020013
159012636627
1781705021012
159106542515
1781705022013
159200811866
1781705023012
159294759562
1781705024011
159386487172
1781705025012
159478481199
1781705026013
159571838687
1781705027012
159665318550
1781705028013
159758808484
1781705029010
159852918107
1781705030011
159946683858
1781705031012
160040327295
1781705032012
160134619046
1781705033013
160228456208
1781705034012
160321945409
1781705035010
160415644144
1781705036012
160509516706
1781705037013
160602962634
1781705038013
160696313530
1781705039011
160790014646
1781705040012
160882919254
1781705041012
160975457713
1781705042013
161069517165
1781705043011
161163694231
1781705044013
161257604757
1781705045011
161351060389
1781705046010
161444766754
1781705047013
161538169102
1781705048009
161632166664
1781705049011
161725337385
1781705050011
161818884997
1781705051009
161912474235
1781705052012
162006513668
1781705053012
162100232666
1781705054012
162194441470
1781705055012
162288165779
1781705056012
162382085399
1781705057012
162475783462
1781705058013
162569645588
1781705059012
162663295128
1781705060013
162756550566
1781705061012
162850513277
1781705062013
162944710423
1781705063011
163038425943
1781705064013
163132245161
1781705065013
163225815722
1781705066012
163319606558
1781705067012
163413230037
1781705068013
163506481812
1781705069011
163599960577
1781705070012
163693848825
1781705071011
163787464003
1781705072012
163881639727
1781705073012
163975506369
1781705074013
164069411157
1781705075012
164163192961
1781705076015
164256345310
1781705077013
164350033730
1781705078013
164443701459
1781705079013
164542276585
1781705080073
164629921197
1781705081012
164723362547
1781705082011
164817570497
1781705083009
164911578313
1781705084011
165005249338
1781705085012
165098783827
1781705086012
165192120625
1781705087012
165285760278
1781705088013
165379031706
1781705089012
165472528964
1781705090013
165565972939
1781705091013
165659398481
1781705092013
165752883715
1781705093012
165846605827
1781705094011
165940777644
1781705095013
166033805054
1781705096012
166127083014
1781705097010
166220416088
1781705098012
166313965043
1781705099012
166407235373
1781705100012
166500389187
1781705101011
166594036530
1781705102012
166688056553
1781705103012
166781330668
1781705104009
166875231184
1781705105013
166968278492
1781705106012
167061635736
1781705107012
167155161742
1781705108012
167248879275
1781705109012
167347611811
1781705110074
167435155410
1781705111012
167528608296
1781705112012
167622796836
1781705113011
167716340359
1781705114013
167809734224
1781705115012
167902876564
1781705116010
167996214642
1781705117012
168089691271
1781705118012
168182711846
1781705119009
168276169858
1781705120012
168369595034
1781705121011
168462880562
1781705122012
168556648999
1781705123012
168650342057
1781705124013
168743336875
1781705125009
168836659879
1781705126013
168929693698
1781705127010
169023023110
1781705128013
169116318770
1781705129012
169209646900
1781705130012
169302637568
1781705131010
169396328063
1781705132013
169489738041
1781705133012
169583173898
1781705134011
169676957593
1781705135012
169769718342
1781705136012
169862687220
1781705137012
169955687348
1781705138011
170049042517
1781705139012
170147686918
1781705140073
170234046377
1781705141011
170327197078
1781705142013
170420719300
1781705143010
170514039862
1781705144011
170607681163
1781705145011
170697836144
1781705146011
170788279943
1781705147012
170879408372
1781705148013
170971056392
1781705149012
171064581726
1781705150012
171157684454
1781705151012
171250281629
1781705152013
171343141499
1781705153012
171434190582
1781705154012
171526376015
1781705155013
171618764268
1781705156012
171711912467
1781705157012
171805007565
1781705158012
171897742191
1781705159012
171989882336
1781705160012
172082111348
1781705161013
172175089443
1781705162012
172268402497
1781705163013
172361573889
1781705164010
172455238994
1781705165011
172548683884
1781705166012
172642103384
1781705167013
172735459346
1781705168012
172829090759
1781705169012
172921688056
1781705170011
173014871533
1781705171012
173108371843
1781705172013
173202417867
1781705173012
173296089014
1781705174013
173389780364
1781705175013
173483019444
1781705176012
173576704690
1781705177012
173670603925
1781705178012
173764100511
1781705179013
173857558646
1781705180012
173950988522
1781705181012
174044536622
1781705182012
174138586735
1781705183014
174232025095
1781705184013
174325635085
1781705185015
174418835469
1781705186012
174511143887
1781705187012
174603439427
1781705188012
174696707560
1781705189011
174790090744
1781705190012
174883495290
1781705191012
174976469234
1781705192009
175070212158
1781705193012
175163499395
1781705194012
175257449777
1781705195013
175350335403
1781705196012
175443428060
1781705197011
175536769008
1781705198012
175630029817
1781705199012
175722518960
1781705200012
175815775496
1781705201012
175908974537
1781705202012
176002545159
1781705203012
176096201780
1781705204012
176189236332
1781705205013
176281328992
1781705206010
176374612017
1781705207011
176468303672
1781705208013
176561712673
1781705209012
176655211946
1781705210013
176748852575
1781705211013
176842013042
1781705212012
176936164046
1781705213012
177029471241
1781705214012
177123094354
1781705215011
177216292663
1781705216012
177309464543
1781705217009
177403157541
1781705218012
177496510756
1781705219013
177589781636
1781705220010
177683248559
1781705221013
177776870024
1781705222013
177870321445
1781705223013
177963628823
1781705224012
178057733563
1781705225012
178151298326
1781705226012
178244726553
1781705227013
178338009823
1781705228013
178431633179
1781705229012
178530326408
1781705230073
178617926831
1781705231012
178711679215
1781705232013
178805470296
1781705233013
178899040979
1781705234013
178992903105
1781705235012
179085951939
1781705236011
179179723732
1781705237012
179271858750
1781705238012
179363188778
1781705239010
179456873047
1781705240013
179550020209
1781705241012
179642213881
1781705242011
179735158712
1781705243012
179828523646
1781705244009
179927939651
1781705245073
180015649876
1781705246012
180109275979
1781705247012
180203018964
1781705248012
180296253284
1781705249012
180389773918
1781705250011
180483226255
1781705251013
180576242008
1781705252013
180669636239
1781705253012
180763158094
1781705254012
180857282731
1781705255013
180950477744
1781705256013
181043748929
1781705257013
181137040194
1781705258013
181230106484
1781705259008
181322949081
1781705260012
181416014455
1781705261013
181509497614
1781705262013
181603015930
1781705263012
181696181707
1781705264012
181789995981
1781705265012
181883700392
1781705266013
181976914325
1781705267012
182070057153
1781705268013
182163043610
1781705269012
182256515416
1781705270012
182349843791
1781705271012
182443090622
1781705272012
182536470266
1781705273010
182629629085
1781705274012
182722957582
1781705275012
182815913581
1781705276013
182908838331
1781705277012
183002101703
1781705278013
183095018946
1781705279012
183188134491
1781705280013
183281074744
1781705281013
183374097455
1781705282012
183467783922
1781705283012
183560550042
1781705284012
183654445920
1781705285013
183747545596
1781705286012
183840713082
1781705287013
183933943678
1781705288013
184027010334
1781705289011
184125750560
1781705290076
184213101960
1781705291012
184306123267
1781705292011
184399714519
1781705293011
184493212937
1781705294012
184586820059
1781705295013
184680263667
1781705296015
184773382386
1781705297012
184866629279
1781705298013
184957843584
1781705299013
185050905663
1781705300013
185144063139
1781705301013
185237418491
1781705302013
185331163185
1781705303013
185424195234
1781705304012
185521738381
1781705305073
185608144592
1781705306012
185701420477
1781705307011
185794766856
1781705308013
185887901811
1781705309013
185981363180
1781705310013
186074480923
1781705311011
186167560885
1781705312013
186261031471
1781705313011
186354213849
1781705314013
186447941515
1781705315009
186541265128
1781705316012
186634323667
1781705317011
186727665896
1781705318011
186820755197
1781705319012
186913623672
1781705320011
187007415363
1781705321012
187100812524
1781705322013
187194633939
1781705323012
187287698581
1781705324011
187381280251
1781705325012
187474649153
1781705326013
187567876941
1781705327013
187660824884
1781705328011
187754356017
1781705329012
187847901371
1781705330013
187941199350
1781705331012
188034702467
1781705332012
188128545916
1781705333013
188221624291
1781705334012
188314805754
1781705335013
188407726598
1781705336013
188501159525
1781705337013
188594128647
1781705338013
188686976921
1781705339012
188780020445
1781705340012
188873164554
1781705341012
188966486764
1781705342013
189060197950
1781705343013
189153343586
1781705344011
189246975853
1781705345008
189340516202
1781705346012
189433824862
1781705347012
189527173927
1781705348012
189620285750
1781705349012
189713448353
1781705350013
189806508173
1781705351011
189899774963
1781705352012
189993407109
1781705353012
190086514536
1781705354012
190180005691
1781705355013
190272944906
1781705356012
190365815701
1781705357012
190459248201
1781705358012
190552149819
1781705359012
190645320174
1781705360012
190738411549
1781705361011
190831749079
1781705362013
190925379515
1781705363013
191018062994
1781705364011
191111790049
1781705365013
191204780900
1781705366013
191297758140
1781705367012
191390640165
1781705368011
191483998752
1781705369012
191577148965
1781705370013
191670604658
1781705371012
191763905018
1781705372012
191857652092
1781705373013
191950816649
1781705374012
192044544497
1781705375011
192137801521
1781705376012
192231408765
1781705377013
192324595172
1781705378012
192417967918
1781705379011
192510906096
1781705380012
192603710546
1781705381013
192697052531
1781705382012
192791058455
1781705383013
192884342640
1781705384013
192978019585
1781705385013
193070866943
1781705386012
193163949163
1781705387012
193257126842
1781705388011
193350431108
1781705389013
193443817770
1781705390013
193536707059
1781705391011
193630194979
1781705392012
193724156164
1781705393013
193817236065
1781705394013
193915944430
1781705395073
194003306267
1781705396011
194096544554
1781705397011
194190059695
1781705398012
194283617439
1781705399013
194376809217
1781705400012
194470359332
1781705401012
194563477685
1781705402011
194656995329
1781705403012
194750333163
1781705404013
194843839089
1781705405012
194937306501
1781705406012
195030547168
1781705407013
195123805474
1781705408013
195216791869
1781705409013
195309564093
1781705410012
195402607189
1781705411012
195496021745
1781705412012
195589579306
1781705413012
195682758999
1781705414012
195776117036
1781705415012
195869215980
1781705416012
195962344465
1781705417012
196055605213
1781705418012
196148955193
1781705419013
196242042724
1781705420012
196335246587
1781705421013
196428433726
1781705422013
196522091872
1781705423013
196615376302
1781705424012
196708469264
1781705425013
196801702851
1781705426013
196894805701
1781705427011
196988185162
1781705428013
197081423143
1781705429013
197174731559
1781705430012
197268203793
1781705431013
197360524662
1781705432013
197453989450
1781705433012
197547193740
1781705434011
197640749409
1781705435012
197733839625
1781705436012
197827123993
1781705437012
197920402502
1781705438010
198014252725
1781705439013
198107025315
1781705440010
198198119076
1781705441011
198289734076
1781705442013
198383629831
1781705443013
198477164565
1781705444013
198570769611
1781705445012
198664157250
1781705446013
198757336028
1781705447013
198850412572
1781705448013
198943682719
1781705449013
199036889512
1781705450011
199130191580
1781705451012
199223244625
1781705452012
199317089112
1781705453011
199410300238
1781705454013
199509140317
1781705455073
199596453265
1781705456013
199689655419
1781705457012
199782844572
1781705458012
199875751195
1781705459011
199968851115
1781705460013
200061918809
1781705461012
200155169730
1781705462013
200248710445
1781705463013
200341810121
1781705464012
200435514715
1781705465013
200528754772
1781705466012
200622099565
1781705467012
200715265586
1781705468013
200808397306
1781705469013
200900665746
1781705470012
200993764446
1781705471012
201086850023
1781705472012
201180788564
1781705473012
201273954585
1781705474012
201367306031
1781705475012
201460416938
1781705476012
201553361524
1781705477012
201646537555
1781705478012
201739690820
1781705479010
201833076140
1781705480012
201926149449
1781705481012
202019358378
1781705482012
202113041366
1781705483013
202206080739
1781705484012
202304836529
1781705485073
202392323732
1781705486013
202485588386
1781705487013
202578738355
1781705488013
202671774432
1781705489013
202765118859
1781705490012
202858377165
1781705491011
202950418983
1781705492013
203043101668
1781705493011
203136718433
1781705494013
203230175896
1781705495012
203323517393
1781705496013
203416865726
1781705497013
203510216622
1781705498013
203603026809
1781705499013
203695744101
1781705500012
203789315456
1781705501013
203882830841
1781705502013
203976325048
1781705503012
204069389995
1781705504012
204162814011
1781705505012
204255888419
1781705506013
204349064084
1781705507013
204442111514
1781705508011
204535255685
1781705509011
204628557326
1781705510012
204721820149
1781705511012
204815153040
1781705512012
204908761198
1781705513012
205002176731
1781705514012
205095490396
1781705515013
205188188034
1781705516010
205281722097
1781705517012
205374997676
1781705518011
205468455749
1781705519012
205561471319
1781705520011
205654932689
1781705521013
205748025957
1781705522012
205841853902
1781705523011
205935107204
1781705524012
206028895782
1781705525013
206121913122
1781705526009
206215454936
1781705527012
206308457261
1781705528013
206401383476
1781705529011
206494019469
1781705530012
206587566715
1781705531013
206680710275
1781705532013
206774320204
1781705533011
206867526997
1781705534013
206961176110
1781705535012
207053996551
1781705536013
207147138281
1781705537012
207240252178
1781705538013
207333317675
1781705539012
207426170037
1781705540012
207519326171
1781705541013
207612547062
1781705542013
207706262643
1781705543013
207799369399
1781705544012
207892678975
1781705545010
207985863978
1781705546013
208077564854
1781705547012
208169138899
1781705548011
208262641773
1781705549011
208355932793
1781705550012
208448991942
1781705551012
208542239140
1781705552012
208635962289
1781705553010
208729252761
1781705554011
208823135821
1781705555011
208915874353
1781705556008
209008218111
1781705557012
209100182353
1781705558011
209193280686
1781705559012
209285903069
1781705560012
209379333555
1781705561012
209472335758
1781705562012
209566112129
1781705563012
209659285414
1781705564012
209752761005
1781705565012
209845961755
1781705566013
209938879608
1781705567013
210032285252
1781705568012
210125393901
1781705569012
210218569260
1781705570012
210311646415
1781705571012
210404786679
1781705572013
210498635804
1781705573013
210591744331
1781705574012
210685093701
1781705575012
210778268084
1781705576012
210864330242
1781705577011
210946649855
1781705578012
211004431873
1781705579012
211057132177
1781705580013
211106357515
1781705581013
211155465483
1781705582013
211205172692
1781705583011
211261042727
1781705584013
211316615339
1781705585013
211395440393
1781705586009
211488362885
1781705587012
211582871920
1781705588012
211677321630
1781705589013
211771173684
1781705590013
211865157208
1781705591012
211959968428
1781705592013
212055027755
1781705593013
212149052111
1781705594013
212243544423
1781705595012
212337590691
1781705596013
212431495114
1781705597012
212525847045
1781705598013
212620140749
1781705599013
212714254827
1781705600012
212808363656
1781705601012
212902591625
1781705602013
212997180800
1781705603012
213090954607
1781705604013
213183315760
1781705605012
213274125220
1781705606012
213367020124
1781705607013
213461514267
1781705608010
213556470322
1781705609012
213650975940
1781705610009
213744655754
1781705611012
213837567015
1781705612011
213931654237
1781705613013
214024245126
1781705614012
214117415053
1781705615013
214211313739
1781705616013
214305630514
1781705617013
214399506983
1781705618011
214493634671
1781705619011
214592978411
1781705620073
214681316625
1781705621012
214775272256
1781705622013
214869652935
1781705623013
214963407822
1781705624012
215057724047
1781705625012
215151573783
1781705626012
215245384822
1781705627011
215339120239
1781705628011
215433193667
1781705629012
215527176032
1781705630012
215621269053
1781705631012
215715022231
1781705632012
215809474931
1781705633011
215903803424
1781705634013
215997616356
1781705635012
216091333035
1781705636012
216185813384
1781705637013
216280038789
1781705638012
216374302891
1781705639013
216468801002
1781705640013
216563219888
1781705641012
216657403668
1781705642013
216751796127
1781705643013
216845819568
1781705644012
216940082571
1781705645012
217034026666
1781705646012
217128138364
1781705647013
217222330567
1781705648013
217316005254
1781705649012
217415104914
1781705650072
217503078505
1781705651009
217597068743
1781705652012
217691560567
1781705653012
217786122397
1781705654013
217880340052
1781705655012
217974337553
1781705656013
218068105074
1781705657011
218162044653
1781705658012
218255715311
1781705659012
218349825361
1781705660013
218443106006
1781705661013
218536975822
1781705662013
218631088252
1781705663011
218724833983
1781705664011
218819205263
1781705665012
218913177862
1781705666011
219007116037
1781705667011
219101250927
1781705668012
219195485000
1781705669013
219289781512
1781705670013
219383972799
1781705671013
219477824854
1781705672013
219572057523
1781705673012
219666332611
1781705674013
219760646456
1781705675013
219854381812
1781705676012
219948786050
1781705677013
220042786664
1781705678012
220136699143
1781705679012
220235933142
1781705680073
220324116205
1781705681013
220417212952
1781705682013
220510311834
1781705683012
220604008616
1781705684012
220698079481
1781705685012
220792113786
1781705686012
220886002645
1781705687012
220980060022
1781705688012
221073899320
1781705689012
221167916291
1781705690013
221262126499
1781705691013
221355823159
1781705692011
221449995037
1781705693012
221543699753
1781705694012
221643445958
1781705695073
221731391777
1781705696013
221825340206
1781705697012
221919387878
1781705698013
222013250553
1781705699013
222106823922
1781705700013
222200441297
1781705701012
222294654984
1781705702012
222389168658
1781705703012
222482705528
1781705704011
222577201685
1781705705012
222671265836
1781705706013
222765531281
1781705707013
222859834323
1781705708013
222954487218
1781705709016
223047705241
1781705710012
223141224472
1781705711010
223235847765
1781705712013
223330349659
1781705713012
223424776480
1781705714013
223518983759
1781705715013
223612990903
1781705716012
223707313782
1781705717013
223801563235
1781705718013
223895981878
1781705719014
223989583201
1781705720012
224083412856
1781705721011
224177495623
1781705722012
224272160297
1781705723012
224365691918
1781705724012
224459393277
1781705725011
224553435578
1781705726012
224647308873
1781705727013
224741223672
1781705728013
224835448345
1781705729012
224929646102
1781705730012
225023636828
1781705731012
225116427118
1781705732013
225209834288
1781705733012
225303031438
1781705734011
225397514045
1781705735013
225491397471
1781705736012
225584879959
1781705737009
225679128619
1781705738012
225773067832
1781705739012
225866107511
1781705740012
225959675509
1781705741013
226053737035
1781705742011
226148255043
1781705743013
226240804977
1781705744013
226334653491
1781705745013
226428428215
1781705746013
226522156246
1781705747012
226615704652
1781705748012
226709588689
1781705749013
226803395456
1781705750012
226896757826
1781705751013
226990347675
1781705752013
227084073814
1781705753012
227177954616
1781705754013
227271305818
1781705755013
227364342445
1781705756012
227457853863
1781705757013
227551374193
1781705758012
227644985952
1781705759012
227738412410
1781705760013
227832000977
1781705761012
227926054142
1781705762012
228020336798
1781705763012
228113854137
1781705764012
228207915725
1781705765013
228301417255
1781705766012
228395118737
1781705767012
228489105679
1781705768011
228583021637
1781705769013
228681666221
1781705770073
228769349102
1781705771013
228863247604
1781705772012
228957232105
1781705773013
229051162101
1781705774012
229144841427
1781705775012
229238319642
1781705776012
229331875738
1781705777012
229425693918
1781705778013
229517203205
1781705779013
229610334559
1781705780012
229703894744
1781705781012
229797259251
1781705782012
229891634620
1781705783013
229985265606
1781705784011
230078974655
1781705785013
230172468557
1781705786013
230265755549
1781705787012
230359261902
1781705788013
230452666692
1781705789012
230546381845
1781705790013
230639778090
1781705791012
230733105488
1781705792013
230826781213
1781705793012
230919931609
1781705794011
231014011935
1781705795012
231107197060
1781705796013
231200512922
1781705797013
231294107531
1781705798013
231387796500
1781705799013
231486446211
1781705800074
231574376223
1781705801013
231668184332
1781705802013
231761971446
1781705803013
231855218582
1781705804013
231949230244
1781705805012
232042513513
1781705806013
232136054411
1781705807013
232229315281
1781705808010
232323251259
1781705809013
232417042339
1781705810013
232510890793
1781705811013
232604554494
1781705812013
232698710197
1781705813012
232792320920
1781705814012
232885977174
1781705815012
232979565741
1781705816013
233073124583
1781705817011
233166847671
1781705818011
233260181905
1781705819012
233353443263
1781705820013
233446950531
1781705821013
233540602635
1781705822013
233634389016
1781705823013
233728004376
1781705824011
233822040879
1781705825013
233915451101
1781705826012
234008879756
1781705827012
234102746459
1781705828013
234196217472
1781705829011
234289325815
1781705830012
234382694351
1781705831013
234476387776
1781705832011
234570111779
1781705833011
234663716642
1781705834011
234757594514
1781705835011
234851127661
1781705836012
234944721660
1781705837012
235038008591
1781705838012
235131112174
1781705839012
235225036372
1781705840012
235319025450
1781705841013
235412889040
1781705842013
235506922735
1781705843011
235600854929
1781705844013
235695049817
1781705845013
235787176351
1781705846012
235880823755
1781705847012
235975045377
1781705848012
236069451935
1781705849012
236163386936
1781705850012
236257727881
1781705851013
236351872415
1781705852013
236445784040
1781705853010
236539648485
1781705854012
236633923085
1781705855011
236728083427
1781705856012
236822299373
1781705857012
236916993710
1781705858011
237011054138
1781705859012
237104452764
1781705860011
237198318796
1781705861010
237290292925
1781705862008
237384173422
1781705863012
237476943143
1781705864012
237568934058
1781705865012
237662045697
1781705866013
237755561021
1781705867013
237849077384
1781705868013
237942546627
1781705869012
238036214295
1781705870012
238129796819
1781705871013
238223284983
1781705872013
238317557752
1781705873013
238411134538
1781705874011
238510542975
1781705875073
238598126797
1781705876012
238692057892
1781705877012
238785879063
1781705878013
238879343972
1781705879010
238973187238
1781705880012
239067560776
1781705881012
239161211476
1781705882012
239255525077
1781705883012
239348941769
1781705884011
239443104370
1781705885012
239536990543
1781705886013
239630686470
1781705887012
239724449109
1781705888012
239818127519
1781705889013
239917084419
1781705890073
240004800808
1781705891012
240098462128
1781705892012
240192827121
1781705893012
240286554542
1781705894012
240380626201
1781705895011
240474343307
1781705896012
240567882191
1781705897013
240661502252
1781705898013
240755262327
1781705899013
240848672671
1781705900013
240942409797
1781705901013
241035928295
1781705902012
241129710709
1781705903012
241223615009
1781705904013
241317521812
1781705905012
241411238369
1781705906013
241504845124
1781705907013
241598106482
1781705908011
241692014628
1781705909013
241785514206
1781705910013
241879183400
1781705911011
241972918572
1781705912012
242067140011
1781705913013
242160670533
1781705914012
242254984256
1781705915012
242348540230
1781705916012
242442263379
1781705917013
242536117814
1781705918011
242629967427
1781705919012
242728935375
1781705920073
242816740326
1781705921013
242910472202
1781705922013
243004872351
1781705923011
243098508403
1781705924013
243192637435
1781705925012
243286419665
1781705926012
243380218986
1781705927013
243473717098
1781705928012
243567752746
1781705929012
243661720889
1781705930011
243755510261
1781705931012
243849154980
1781705932013
243943056595
1781705933011
244036701314
1781705934011
244130652489
1781705935012
244224097624
1781705936011
244318032198
1781705937013
244411737890
1781705938013
244505125163
1781705939013
244598584702
1781705940013
244692389027
1781705941013
244785919672
1781705942012
244880015866
1781705943012
244973505434
1781705944012
245067816289
1781705945013
245161150278
1781705946013
245254811416
1781705947012
245348443378
1781705948010
245442182518
1781705949012
245535195219
1781705950012
245628919955
1781705951013
245722992712
1781705952012
245817564614
1781705953012
245911477032
1781705954012
246005384323
1781705955013
246098853933
1781705956012
246192574823
1781705957012
246286695188
1781705958016
246379793460
1781705959011
246473421333
1781705960012
246567203381
1781705961013
246660753800
1781705962011
246755075092
1781705963013
246848515282
1781705964012
246948030653
1781705965073
247035940889
1781705966011
247130050328
1781705967013
247223907754
1781705968012
247318067486
1781705969013
247411593187
1781705970012
247505438466
1781705971012
247599336480
1781705972011
247693083128
1781705973012
247786992067
1781705974012
247881130559
1781705975013
247974481455
1781705976012
248068645032
1781705977011
248162257464
1781705978012
248256018332
1781705979009
248355320446
1781705980073
248443233307
1781705981013
248536993931
1781705982013
248631391578
1781705983013
248724994854
1781705984010
248819546614
1781705985013
248913393419
1781705986011
249007317983
1781705987012
249100741939
1781705988012
249194321655
1781705989013
249287941472
1781705990012
249381609811
1781705991013
249475411817
1781705992012
249569561356
1781705993012
249663426045
1781705994013
249756774500
1781705995011
249850337676
1781705996013
249943918003
1781705997013
250037834449
1781705998012
250131515911
1781705999012
250224936082
1781706000012
250318912953
1781706001012
250413008355
1781706002013
250507105648
1781706003013
250600723755
1781706004012
250694724125
1781706005012
250788094553
1781706006011
250881848951
1781706007012
250975756670
1781706008012
251069691793
1781706009012
251162512784
1781706010012
251256194062
1781706011013
251349968297
1781706012013
251444210244
1781706013013
251538139446
1781706014013
251632445540
1781706015013
251726272021
1781706016013
251820064262
1781706017012
251913856075
1781706018013
252007341981
1781706019012
252101241093
1781706020011
252194775949
1781706021012
252288701246
1781706022013
252383057083
1781706023013
252476740254
1781706024011
252570738304
1781706025012
252664456082
1781706026013
252758167085
1781706027013
252851918371
1781706028013
252945656900
1781706029010
253039596967
1781706030013
253133229967
1781706031013
253226796134
1781706032011
253321196344
1781706033012
253414591918
1781706034013
253508705142
1781706035013
253602136055
1781706036012
253695599133
1781706037013
253789473161
1781706038013
253883337239
1781706039013
253982237987
1781706040074
254070192901
1781706041013
254164152988
1781706042013
254258547399
1781706043012
254352269938
1781706044011
254446132429
1781706045013
254539520313
1781706046013
254633231132
1781706047013
254726904354
1781706048013
254820485902
1781706049013
254914016668
1781706050011
255007578441
1781706051012
255100987259
1781706052012
255195013325
1781706053013
255288661461
1781706054012
255382246244
1781706055012
255475641329
1781706056012
255569734289
1781706057013
255663369853
1781706058012
255756840439
1781706059013
255850408864
1781706060011
255943944024
1781706061011
256037545653
1781706062012
256131707338
1781706063012
256225494390
1781706064013
256319708871
1781706065013
256411823564
1781706066013
256504099817
1781706067013
256597533721
1781706068012
256691059788
1781706069013
256782514143
1781706070012
256875225088
1781706071013
256968155270
1781706072012
257061859742
1781706073009
257155742924
1781706074013
257249032663
1781706075013
257341948502
1781706076013
257435381674
1781706077013
257528334927
1781706078011
257621374423
1781706079012
257714579934
1781706080012
257807591536
1781706081012
257900910023
1781706082011
257994641411
1781706083012
258087963499
1781706084013
258180623479
1781706085013
258273563732
1781706086012
258366989213
1781706087012
258460283408
1781706088012
258553870082
1781706089013
258647016694
1781706090012
258740459021
1781706091012
258834163981
1781706092013
258927955001
1781706093012
259021698108
1781706094012
259115398247
1781706095011
259208914975
1781706096013
259302510744
1781706097009
259396404730
1781706098013
259489860423
1781706099012
259588700685
1781706100073
259676129722
1781706101012
259769378323
1781706102013
259863162019
1781706103013
259956693029
1781706104013
260050368021
1781706105012
260143867782
1781706106013
260237280873
1781706107012
260330467036
1781706108011
260423858886
1781706109012
260517307011
1781706110013
260610478648
1781706111013
260704032180
1781706112013
260796927084
1781706113012
260890493190
1781706114011
260984705717
1781706115012
261077044714
1781706116012
261169657392
1781706117012
261262931690
1781706118013
261356566887
1781706119013
261449812803
1781706120013
261543220889
1781706121012
261636864448
1781706122012
261730790660
1781706123013
261824563125
1781706124013
261918657428
1781706125013
262012128014
1781706126012
262105962918
1781706127012
56295632
1781706128012
149823652
1781706129009
243007800
1781706130013
336260552
1781706131012
429844236
1781706132013
523994264
1781706133012
618056767
1781706134013
711937386
1781706135012
805729565
1781706136013
899175615
1781706137012
992482932
1781706138012
1085931851
1781706139012
1179118868
1781706140011
1272658790
1781706141012
1366355266
1781706142013
1460427230
1781706143013
1553760731
1781706144012
1647453790
1781706145011
1741160215
1781706146012
1834555117
1781706147011
1927984566
1781706148012
2021344068
1781706149012
2115015947
1781706150012
2208722556
1781706151012
2302213405
1781706152013
2395924957
1781706153011
2489679661
1781706154013
2583872718
1781706155012
2677346600
1781706156012
2770909715
1781706157012
2864713552
1781706158012
2958409479
1781706159012
3057687423
1781706160073
3145646854
1781706161012
3239001412
1781706162012
3332810864
1781706163012
3426501848
1781706164012
3520662556
1781706165011
3614609520
1781706166013
3708405545
1781706167012
3802152253
1781706168012
3895995641
1781706169013
3989898477
1781706170013
4083695356
1781706171013
4177130541
1781706172012
4271189016
1781706173013
4364882380
1781706174013
4457681764
1781706175013
4550313058
1781706176012
4643506789
1781706177013
4736923176
1781706178012
4829125943
1781706179013
4922211947
1781706180013
5015447914
1781706181011
5109114301
1781706182013
5202742601
1781706183012
5294705805
1781706184012
5378234644
1781706185013
5456789436
1781706186009
5508519528
1781706187013
5567665251
1781706188013
5620728835
1781706189012
5670680124
1781706190012
5722307433
1781706191013
5773970264
1781706192013
5829507598
1781706193013
5897840919
1781706194012
5990833723
1781706195011
6085179063
1781706196013
6179866992
1781706197013
6274258168
1781706198012
6368227410
1781706199011
6463015803
1781706200011
6557504330
1781706201012
6652207884
1781706202013
6746933411
1781706203012
6841275760
1781706204010
6935436774
1781706205011
7030094978
1781706206012
7124712412
1781706207012
7219372814
1781706208013
7313838881
1781706209011
7408204850
1781706210012
7502582538
1781706211012
7597059775
1781706212013
7691822960
1781706213013
7786096949
1781706214013
7880037505
1781706215012
7974326936
1781706216012
8068935581
1781706217012
8163442053
1781706218011
8258012794
1781706219012
8352282329
1781706220012
8446154586
1781706221012
8540452745
1781706222013
8635157886
1781706223013
8729794118
1781706224013
8824141228
1781706225012
8918322383
1781706226013
9012881284
1781706227013
9107039246
1781706228013
9201216557
1781706229013
9295783514
1781706230013
9390208077
1781706231011
9484716807
1781706232013
9579567028
1781706233013
9673856582
1781706234013
9768284868
1781706235012
9862285909
1781706236013
9956501977
1781706237013
10050773769
1781706238013
10144936187
1781706239013
10239096956
1781706240013
10333475194
1781706241012
10427900733
1781706242013
10522491250
1781706243013
10616417035
1781706244012
10710781784
1781706245012
10804893115
1781706246012
10900416430
1781706247013
10994485953
1781706248011
11089035149
1781706249012
11189104595
1781706250075
11277614561
1781706251012
11372004823
1781706252013
11466295231
1781706253011
11560895574
1781706254010
11655534675
1781706255011
11750287851
1781706256012
11844450085
1781706257011
11938875747
1781706258012
12033460893
1781706259012
12128147967
1781706260013
12222343893
1781706261012
12316876305
1781706262013
12411710596
1781706263013
12506107815
1781706264013
12606277359
1781706265073
12694649142
1781706266012
12789071263
1781706267012
12883334206
1781706268012
12977272503
1781706269011
13071382369
1781706270012
13165631212
1781706271013
13260357532
1781706272013
13354976187
1781706273013
13449052301
1781706274012
13543727901
1781706275013
13637879027
1781706276013
13732101320
1781706277013
13826970340
1781706278013
13921276922
1781706279013
14015435006
1781706280012
14109580761
1781706281012
14204122389
1781706282012
14298892166
1781706283012
14392823200
1781706284009
14486740318
1781706285012
14579829130
1781706286013
14674421722
1781706287013
14768608493
1781706288012
14863120946
1781706289012
14958154700
1781706290014
15052530007
1781706291012
15146861797
1781706292013
15241525800
1781706293012
15336199997
1781706294012
15430314807
1781706295013
15524543386
1781706296013
15619315849
1781706297012
15713928888
1781706298013
15808684749
1781706299013
15903226560
1781706300013
15997779541
1781706301012
16092804688
1781706302013
16187729372
1781706303013
16282090031
1781706304011
16377291264
1781706305013
16471965216
1781706306015
16566127207
1781706307013
16660380933
1781706308013
16754644974
1781706309012
16849124468
1781706310013
16943133322
1781706311013
17036000333
1781706312013
17130305938
1781706313012
17223876072
1781706314012
17318235999
1781706315011
17412122050
1781706316015
17506574445
1781706317013
17600540757
1781706318012
17694578847
1781706319011
17788667839
1781706320011
17882642330
1781706321011
17977089720
1781706322011
18071648438
1781706323012
18165747257
1781706324013
18259720039
1781706325012
18353401806
1781706326012
18447230057
1781706327013
18541073872
1781706328011
18635015465
1781706329012
18729569850
1781706330012
18823802946
1781706331012
18918059907
1781706332012
19012472079
1781706333012
19106467078
1781706334012
19200770425
1781706335012
19294437117
1781706336013
19388593309
1781706337012
19482649587
1781706338012
19576603753
1781706339012
19670107359
1781706340009
19764342835
1781706341013
19858390446
1781706342013
19952865973
1781706343012
20047083567
1781706344012
20142041697
1781706345012
20236317884
1781706346012
20330220964
1781706347012
20424886554
1781706348013
20518961143
1781706349013
20613311243
1781706350012
20707390653
1781706351012
20801437043
1781706352012
20895865329
1781706353011
20990530431
1781706354013
21083415264
1781706355012
21177030259
1781706356013
21269379205
1781706357013
21362440124
1781706358013
21456654726
1781706359011
21550736211
1781706360012
21645031014
1781706361012
21739109569
1781706362013
21833393264
1781706363012
21927607927
1781706364013
22021806111
1781706365013
22115788659
1781706366011
22210019130
1781706367013
22304044647
1781706368011
22398492098
1781706369013
22492324560
1781706370012
22586947792
1781706371012
22681191325
1781706372011
22775848981
1781706373012
22870502425
1781706374013
22965322861
1781706375012
23059570361
1781706376011
23153956533
1781706377013
23248084893
1781706378013
23341912961
1781706379013
23436004395
1781706380012
23529960331
1781706381012
23624257331
1781706382013
23718778269
1781706383013
23813153942
1781706384012
23913165405
1781706385073
24001461383
1781706386012
24095463522
1781706387012
24189537867
1781706388011
24282340058
1781706389013
24375869909
1781706390011
24470431252
1781706391013
24564595988
1781706392012
24659128217
1781706393012
24753699508
1781706394012
24848404466
1781706395013
24942365407
1781706396012
25036616631
1781706397011
25129375915
1781706398012
25221441597
1781706399011
25321439144
1781706400074
25410115369
1781706401012
25504592300
1781706402013
25599474626
1781706403012
25693973651
1781706404013
25788754598
1781706405013
25883102013
1781706406012
25977480067
1781706407012
26071799527
1781706408012
26166282867
1781706409013
26260982637
1781706410012
26355637424
1781706411013
26449826331
1781706412012
26544634560
1781706413013
26639117655
1781706414011
26737151279
1781706415075
26824304010
1781706416011
26918092039
1781706417012
27011745974
1781706418012
27105295417
1781706419011
27198763500
1781706420012
27292555375
1781706421012
27386464497
1781706422013
27480608177
1781706423011
27574642360
1781706424013
27668822844
1781706425012
27762599093
1781706426012
27856345557
1781706427012
27950151652
1781706428013
28043632736
1781706429011
28142766821
1781706430073
28230530390
1781706431013
28324491698
1781706432015
28418556642
1781706433013
28512336432
1781706434012
28606428964
1781706435010
28700271925
1781706436012
28794128008
1781706437012
28887827231
1781706438013
28981291164
1781706439012
29075385588
1781706440013
29169217440
1781706441012
29262690773
1781706442012
29356912028
1781706443011
29450677291
1781706444012
29549391943
1781706445075
29636962642
1781706446012
29731027831
1781706447013
29824983279
1781706448011
29919441777
1781706449011
30013735969
1781706450012
30108094126
1781706451011
30202390394
1781706452012
30296991897
1781706453013
30391128314
1781706454012
30485917195
1781706455011
30580097496
1781706456012
30674483851
1781706457013
30768522123
1781706458011
30862684174
1781706459012
30962301778
1781706460073
31051184546
1781706461012
31145595499
1781706462012
31240353557
1781706463013
31334701277
1781706464013
31429139572
1781706465010
31523502551
1781706466012
31617783743
1781706467012
31712010613
1781706468012
31806305965
1781706469012
31900740172
1781706470012
31995266602
1781706471012
32089645328
1781706472012
32184266668
1781706473012
32278327462
1781706474012
32372626354
1781706475012
32466499588
1781706476012
32560470111
1781706477011
32654674033
1781706478013
32748767359
1781706479011
32843009976
1781706480012
32937304474
1781706481013
33031377780
1781706482012
33126039952
1781706483013
33220056558
1781706484013
33314380901
1781706485012
33408568892
1781706486013
33502437793
1781706487013
33596970693
1781706488012
33691022088
1781706489013
33784653318
1781706490012
33878655335
1781706491012
33972835636
1781706492011
34067345953
1781706493011
34161729196
1781706494011
34255839428
1781706495011
34348070271
1781706496013
34441190638
1781706497011
34535199980
1781706498012
34629116488
1781706499013
34722745704
1781706500012
34816698832
1781706501013
34910433822
1781706502013
35004439197
1781706503012
35098145683
1781706504013
35191867061
1781706505013
35285699036
1781706506013
35379812625
1781706507013
35473567207
1781706508013
35567584972
1781706509012
35661498855
1781706510013
35755197834
1781706511013
35849404074
1781706512012
35943946008
1781706513012
36037562894
1781706514011
36132033112
1781706515011
36225681981
1781706516013
36319574013
1781706517011
36413545758
1781706518012
36507287766
1781706519013
36600548941
1781706520012
36694270198
1781706521008
36788741208
1781706522013
36882943299
1781706523011
36976725651
1781706524012
37070729195
1781706525011
37164766247
1781706526013
37258207292
1781706527013
37351939901
1781706528012
37445983666
1781706529012
37540147244
1781706530013
37633660310
1781706531011
37727559362
1781706532013
37821702065
1781706533012
37915613934
1781706534012
38008393909
1781706535012
38100718135
1781706536013
38194229554
1781706537013
38288222660
1781706538013
38381633432
1781706539012
38475246778
1781706540013
38568833331
1781706541012
38662295494
1781706542012
38755873379
1781706543012
38849236300
1781706544011
38943244299
1781706545012
39036868021
1781706546013
39130988569
1781706547013
39224416919
1781706548013
39317765862
1781706549012
39410622680
1781706550012
39503399176
1781706551010
39597408762
1781706552012
39691380079
1781706553011
39784148701
1781706554013
39877586755
1781706555012
39971957058
1781706556012
40065718110
1781706557013
40159236791
1781706558011
40253165811
1781706559010
40346951338
1781706560012
40440699877
1781706561013
40534259025
1781706562013
40628276972
1781706563012
40722146178
1781706564013
40821854602
1781706565075
40909397285
1781706566012
41003336498
1781706567013
41097121170
1781706568012
41190863728
1781706569013
41284013819
1781706570012
41377523650
1781706571012
41471128635
1781706572012
41564899636
1781706573012
41658501752
1781706574012
41752294420
1781706575013
41845263725
1781706576012
41938848141
1781706577013
42032397218
1781706578013
42126059881
1781706579013
42219112866
1781706580013
42312416032
1781706581013
42406048971
1781706582011
42500415917
1781706583013
42594374966
1781706584013
42688500580
1781706585013
42782587009
1781706586013
42876442054
1781706587013
42970193767
1781706588013
43063928635
1781706589012
43157548696
1781706590012
43251183710
1781706591011
43344759520
1781706592013
43438955202
1781706593013
43532390631
1781706594013
43624675002
1781706595013
43717630636
1781706596013
43811805871
1781706597013
43906420131
1781706598012
44000550566
1781706599011
44094819306
1781706600013
44189913790
1781706601016
44283736120
1781706602013
44378120766
1781706603013
44472483135
1781706604013
44566818769
1781706605013
44660853197
1781706606013
44754853811
1781706607013
44849079766
1781706608012
44943345638
1781706609013
45037005554
1781706610013
45130424993
1781706611012
45224691536
1781706612012
45319097911
1781706613013
45413296034
1781706614012
45507787918
1781706615012
45601934467
1781706616011
45696438986
1781706617012
45790739464
1781706618012
45885197963
1781706619015
45979055877
1781706620012
46073137545
1781706621012
46167402074
1781706622013
46261929725
1781706623013
46355714336
1781706624011
46455958953
1781706625074
46544121752
1781706626012
46638389577
1781706627013
46732564385
1781706628012
46826659542
1781706629013
46920936217
1781706630012
47015165285
1781706631013
47109253423
1781706632013
47203615852
1781706633012
47297691966
1781706634012
47392291700
1781706635012
47486030962
1781706636013
47580026510
1781706637013
47674127526
1781706638013
47767869107
1781706639012
47867066791
1781706640074
47955211584
1781706641012
48049682900
1781706642013
48143894268
1781706643012
48237794662
1781706644013
48331923205
1781706645011
48426106436
1781706646012
48520384698
1781706647012
48614594113
1781706648012
48709116820
1781706649012
48803402345
1781706650012
48897509099
1781706651012
48991869697
1781706652012
49086101084
1781706653013
49180345960
1781706654013
49274492692
1781706655012
49368407552
1781706656013
49462916160
1781706657012
49557700402
1781706658012
49652018276
1781706659011
49746654386
1781706660013
49841281829
1781706661013
49935615816
1781706662013
50029801122
1781706663011
50124052040
1781706664011
50218381084
1781706665012
50312132736
1781706666011
50406171130
1781706667013
50500706533
1781706668016
50594844842
1781706669013
50694192793
1781706670075
50782500062
1781706671013
50876319524
1781706672010
50970837470
1781706673012
51064778514
1781706674013
51159320508
1781706675013
51253456376
1781706676009
51347446614
1781706677011
51441589988
1781706678012
51535957545
1781706679011
51630048002
1781706680012
51724114778
1781706681013
51818018224
1781706682013
51912386696
1781706683013
52006267437
1781706684013
52100352767
1781706685012
52194310596
1781706686012
52288973927
1781706687013
52383287224
1781706688012
52478275567
1781706689013
52572710384
1781706690013
52667224363
1781706691012
52761401124
1781706692013
52855502262
1781706693013
52949639289
1781706694013
53043947581
1781706695011
53137926954
1781706696013
53231440509
1781706697013
53325249473
1781706698013
53418768337
1781706699013
53511956636
1781706700012
53605838720
1781706701013
53699609171
1781706702011
53792944687
1781706703011
53886705494
1781706704012
53981391653
1781706705013
54075229731
1781706706009
54170039485
1781706707013
54263822754
1781706708013
54358122744
1781706709012
54452313360
1781706710012
54546310922
1781706711012
54640084242
1781706712012
54734547012
1781706713012
54828804462
1781706714012
54922738059
1781706715011
55016767848
1781706716013
55110939848
1781706717012
55205194672
1781706718012
55299538303
1781706719013
55393556739
1781706720012
55488138040
1781706721012
55582501690
1781706722013
55676858809
1781706723013
55771017626
1781706724013
55865602772
1781706725013
55959685905
1781706726012
56053991999
1781706727012
56148067137
1781706728013
56242495911
1781706729013
56336322331
1781706730013
56429401133
1781706731012
56521018696
1781706732008
56615478477
1781706733011
56709057400
1781706734013
56802340059
1781706735012
56895939184
1781706736013
56989446452
1781706737012
57083079941
1781706738013
57176541005
1781706739012
57270045221
1781706740012
57363606627
1781706741012
57457331302
1781706742013
57551493903
1781706743011
57644854565
1781706744012
57738365800
1781706745012
57831945821
1781706746012
57925342128
1781706747012
58018728974
1781706748013
58111982458
1781706749012
58205395549
1781706750011
58298942184
1781706751012
58392761097
1781706752013
58486451531
1781706753011
58580025449
1781706754012
58673795046
1781706755012
58767018989
1781706756013
58860237134
1781706757011
58953889177
1781706758012
59047574240
1781706759013
59140722378
1781706760012
59234258760
1781706761012
59328153905
1781706762013
59422233559
1781706763012
59515556746
1781706764011
59609220935
1781706765012
59702969535
1781706766013
59796713558
1781706767012
59890192750
1781706768012
59984043950
1781706769013
60077538828
1781706770013
60171088759
1781706771011
60264604267
1781706772012
60358691977
1781706773012
60452071438
1781706774011
60545829316
1781706775012
60639193884
1781706776012
60732746623
1781706777012
60826435470
1781706778011
60920367541
1781706779012
61013602044
1781706780011
61107634640
1781706781012
61201252015
1781706782013
61295223821
1781706783012
61388906503
1781706784011
61482669325
1781706785012
61576165484
1781706786013
61669597862
1781706787013
61762939542
1781706788013
61856584871
1781706789012
61949522255
1781706790012
62042978986
1781706791012
62133208370
1781706792012
62217111109
1781706793012
62278841969
1781706794013
62330212504
1781706795011
62385343283
1781706796013
62432012414
1781706797013
62482862931
1781706798011
62530080584
1781706799012
62585004515
1781706800012
62659934072
1781706801013
62753786798
1781706802013
62848300716
1781706803012
62942591613
1781706804013
63036189457
1781706805013
63128054273
1781706806012
63221263018
1781706807013
63315560445
1781706808012
63409592248
1781706809012
63504018520
1781706810013
63598418913
1781706811012
63691077551
1781706812010
63784248088
1781706813012
63879296368
1781706814013
63973695113
1781706815011
64067945116
1781706816011
64162818591
1781706817011
64257620656
1781706818013
64352355032
1781706819012
64446489435
1781706820013
64540981808
1781706821013
64635868772
1781706822013
64731351560
1781706823013
64826184630
1781706824012
64921299682
1781706825011
65016365112
1781706826013
65111238038
1781706827013
65205665348
1781706828012
65300208563
1781706829012
65395060127
1781706830013
65489616769
1781706831013
65584029675
1781706832012
65678842848
1781706833012
65773573013
1781706834013
65867906267
1781706835013
65962317464
1781706836013
66056658103
1781706837013
66151475060
1781706838012
66245797756
1781706839010
66340370695
1781706840012
66435183563
1781706841013
66529826448
1781706842013
66624721469
1781706843013
66719350926
1781706844012
66814417394
1781706845012
66908887306
1781706846012
67004608985
1781706847012
67099261025
1781706848013
67194212015
1781706849013
67294433499
1781706850073
67383099288
1781706851013
67477281237
1781706852013
67572399340
1781706853013
67667603931
1781706854013
67762360829
1781706855013
67857002616
1781706856013
67951605462
1781706857013
68046156978
1781706858012
68141060177
1781706859012
68236049863
1781706860013
68330466553
1781706861011
68425479981
1781706862013
68520350344
1781706863012
68614686345
1781706864011
68709304389
1781706865012
68803211253
1781706866010
68898112743
1781706867012
68993097180
1781706868012
69087843154
1781706869011
69182665543
1781706870012
69277151934
1781706871013
69371707844
1781706872011
69467063008
1781706873012
69562327046
1781706874013
69657296774
1781706875013
69751286646
1781706876013
69845641079
1781706877013
69940448393
1781706878011
70034823762
1781706879012
70128867527
1781706880013
70223075538
1781706881012
70317744790
1781706882013
70413060342
1781706883013
70508010844
1781706884013
70603031352
1781706885013
70697535993
1781706886011
70792350326
1781706887012
70887164658
1781706888013
70981994249
1781706889011
71076805530
1781706890013
71171604055
1781706891013
71264233273
1781706892013
71358796752
1781706893013
71453373414
1781706894013
71547391545
1781706895013
71641503731
1781706896012
71735653880
1781706897012
71829544570
1781706898012
71923347369
1781706899012
72017110069
1781706900013
72111334742
1781706901013
72205368559
1781706902011
72299676118
1781706903011
72393889500
1781706904011
72486756816
1781706905013
72578427480
1781706906013
72671626032
1781706907012
72765162353
1781706908011
72858803043
1781706909012
72952187082
1781706910012
73045948927
1781706911013
73139746416
1781706912013
73234331379
1781706913012
73328414085
1781706914013
73422788599
1781706915012
73516717985
1781706916011
73610809846
1781706917011
73705247959
1781706918011
73799069496
1781706919012
73892903179
1781706920013
73986701157
1781706921012
74080602650
1781706922013
74174900687
1781706923012
74268395931
1781706924011
74368038071
1781706925073
74456351200
1781706926011
74550628180
1781706927012
74644533091
1781706928011
74738792310
1781706929011
74832668901
1781706930013
74926689778
1781706931013
75020525049
1781706932012
75115022976
1781706933013
75209078826
1781706934012
75303687287
1781706935011
75397499425
1781706936012
75491918617
1781706937013
75585781536
1781706938013
75679760971
1781706939013
75772872122
1781706940011
75866423518
1781706941012
75960684751
1781706942012
76054817689
1781706943009
76148457647
1781706944011
76242884224
1781706945013
76337164744
1781706946012
76431360609
1781706947011
76525372148
1781706948013
76619514974
1781706949011
76713947837
1781706950011
76808400904
1781706951012
76901161164
1781706952013
76995435215
1781706953013
77089364967
1781706954012
77188950345
1781706955074
77277190170
1781706956013
77371246509
1781706957013
77465468252
1781706958013
77559631036
1781706959011
77653453916
1781706960012
77747790528
1781706961011
77841966617
1781706962012
77936109137
1781706963012
78030223032
1781706964012
78124484998
1781706965011
78218352128
1781706966010
78312627400
1781706967012
78406679954
1781706968013
78500630214
1781706969010
78600029008
1781706970073
78687694982
1781706971012
78781700723
1781706972013
78876081462
1781706973012
78970041549
1781706974013
79064062060
1781706975011
79157803947
1781706976011
79251667964
1781706977011
79345946837
1781706978011
79440064821
1781706979012
79534039068
1781706980012
79628068368
1781706981013
79720688675
1781706982012
79815406633
1781706983013
79909529195
1781706984013
80003614037
1781706985012
80097154081
1781706986013
80191086641
1781706987013
80285278111
1781706988012
80378971170
1781706989012
80472927899
1781706990012
80567044053
1781706991012
80660932484
1781706992011
80755340323
1781706993011
80848825008
1781706994011
80943114806
1781706995011
81037245363
1781706996013
81131275579
1781706997013
81225518685
1781706998013
81319635937
1781706999013
81418638369
1781707000073
81506670981
1781707001013
81600666529
1781707002012
81694811063
1781707003012
81787842624
1781707004012
81881146951
1781707005011
81974134322
1781707006012
82068213977
1781707007012
82162206107
1781707008011
82256357111
1781707009012
82350832150
1781707010013
82444957641
1781707011012
82538967959
1781707012012
82633418340
1781707013012
82727779244
1781707014013
82821883312
1781707015012
82915824966
1781707016013
83010097124
1781707017013
83104274190
1781707018013
83198199731
1781707019012
83292251248
1781707020012
83386273713
1781707021013
83480092320
1781707022012
83574349220
1781707023013
83667892315
1781707024012
83762150131
1781707025012
83856030994
1781707026013
83949919548
1781707027012
84043776058
1781707028012
84137617859
1781707029013
84230642523
1781707030012
84324732858
1781707031013
84418829785
1781707032013
84513316787
1781707033013
84607501788
1781707034013
84701751851
1781707035013
84795057277
1781707036012
84885644569
1781707037012
84978592329
1781707038011
85072287219
1781707039013
85165778923
1781707040012
85259219418
1781707041011
85352862550
1781707042012
85446452154
1781707043012
85539555188
1781707044012
85632710223
1781707045012
85725780419
1781707046012
85819446012
1781707047012
85913007723
1781707048013
86006726965
1781707049013
86100620585
1781707050013
86194213851
1781707051013
86287439748
1781707052011
86381847770
1781707053013
86475388546
1781707054013
86568884034
1781707055011
86662454352
1781707056013
86755648022
1781707057012
86849752639
1781707058013
86943255024
1781707059012
87036213160
1781707060013
87129359467
1781707061011
87223114720
1781707062013
87317150246
1781707063013
87410636884
1781707064013
87503508046
1781707065013
87594815185
1781707066012
87686051402
1781707067013
87777575459
1781707068012
87870936670
1781707069013
87964487884
1781707070013
88057740330
1781707071011
88151530679
1781707072011
88245467755
1781707073012
88338951952
1781707074013
88432146782
1781707075010
88525274412
1781707076012
88618954409
1781707077013
88712568122
1781707078012
88806189464
1781707079012
88899641984
1781707080011
88993128988
1781707081012
89086865626
1781707082012
89180888212
1781707083011
89274369418
1781707084013
89368401404
1781707085012
89462088054
1781707086012
89555628341
1781707087011
89649595630
1781707088012
89743631583
1781707089013
89836546201
1781707090013
89930325624
1781707091012
90024179205
1781707092013
90118405648
1781707093012
90211923719
1781707094012
90305780291
1781707095013
90399295859
1781707096013
90492533475
1781707097011
90586286348
1781707098011
90679799841
1781707099011
90773156902
1781707100011
90866758835
1781707101012
90960691456
1781707102013
91054779716
1781707103013
91148272397
1781707104013
91241382449
1781707105012
91334492379
1781707106012
91427978773
1781707107012
91521711016
1781707108012
91615415976
1781707109012
91709005458
1781707110012
91802620636
1781707111012
91896299779
1781707112012
91990305275
1781707113011
92083651289
1781707114012
92175555167
1781707115013
92268193907
1781707116012
92361650211
1781707117012
92455601814
1781707118013
92548816419
1781707119013
92647376164
1781707120073
92734960901
1781707121012
92828374724
1781707122011
92922442232
1781707123012
93015648231
1781707124009
93109602642
1781707125012
93203141892
1781707126012
93296497610
1781707127013
93389731685
1781707128009
93483842223
1781707129012
93577263737
1781707130012
93670658212
1781707131012
93764029067
1781707132013
93855316492
1781707133012
93948091096
1781707134013
94041363135
1781707135012
94134581768
1781707136012
94228107774
1781707137013
94321329398
1781707138012
94414943599
1781707139011
94508330323
1781707140012
94601562323
1781707141012
94694844921
1781707142012
94788282243
1781707143011
94881982321
1781707144012
94975850244
1781707145013
95069332549
1781707146013
95163014926
1781707147013
95256209451
1781707148012
95349916426
1781707149012
95443102283
1781707150013
95536764885
1781707151015
95629903319
1781707152013
95723741030
1781707153013
95817089363
1781707154013
95910834118
1781707155013
96003875750
1781707156013
96097026268
1781707157013
96190452238
1781707158013
96284354097
1781707159012
96377691138
1781707160013
96471013897
1781707161012
96564408189
1781707162013
96658394155
1781707163013
96751686519
1781707164013
96844982667
1781707165013
96938498968
1781707166013
97031748424
1781707167013
97125356766
1781707168012
97218947041
1781707169013
97312164942
1781707170011
97405885100
1781707171011
97499297764
1781707172012
97592881387
1781707173013
97685902633
1781707174012
97779552784
1781707175012
97872591486
1781707176013
97966420531
1781707177013
98059814029
1781707178013
98153520393
1781707179016
98251711975
1781707180075
98339302144
1781707181013
98433081262
1781707182013
98527323208
1781707183013
98620688875
1781707184011
98714746129
1781707185012
98807985637
1781707186012
98901130357
1781707187013
98994408377
1781707188013
99087826046
1781707189012
99181413575
1781707190011
99274981023
1781707191012
99368421458
1781707192013
99462682935
1781707193013
99556361590
1781707194012
99649877891
1781707195011
99743229092
1781707196013
99836363864
1781707197013
99930062720
1781707198012
100023466595
1781707199011
100116576769
1781707200013
100209924736
1781707201012
100303569638
1781707202013
100397286073
1781707203012
100490904119
1781707204012
100584368968
1781707205013
100677657730
1781707206012
100770792258
1781707207012
100864030910
1781707208011
100957245455
1781707209012
101055661707
1781707210073
101143270796
1781707211013
101236409291
1781707212011
101330441826
1781707213012
101423808408
1781707214012
101517680665
1781707215012
101610862495
1781707216012
101704374218
1781707217013
101797768877
1781707218013
101891216574
1781707219013
101984288663
1781707220013
102077575899
1781707221013
102170961830
1781707222013
102264892498
1781707223013
102358025682
1781707224012
102451590872
1781707225013
102544821774
1781707226012
102638223817
1781707227012
102732148443
1781707228015
102825222118
1781707229013
102918563859
1781707230012
103012210775
1781707231012
103105506923
1781707232012
103199483489
1781707233011
103293454073
1781707234013
103387219947
1781707235012
103479774947
1781707236013
103570987360
1781707237012
103662968630
1781707238013
103756430122
1781707239013
103849168715
1781707240012
103942341572
1781707241011
104036108911
1781707242012
104130166287
1781707243010
104223699556
1781707244012
104318190769
1781707245012
104411759682
1781707246012
104505205732
1781707247013
104598632556
1781707248016
104692156670
1781707249012
104785519162
1781707250012
104878719974
1781707251011
104972166634
1781707252012
105066160961
1781707253013
105159529130
1781707254012
105252167077
1781707255012
105345069732
1781707256012
105438798008
1781707257012
105532173013
1781707258012
105625550459
1781707259011
105718989185
1781707260012
105812392754
1781707261013
105905765867
1781707262013
105999414553
1781707263012
106092773506
1781707264012
106186681896
1781707265013
106280003496
1781707266013
106373350913
1781707267012
106466702359
1781707268012
106560041719
1781707269012
106653196876
1781707270012
106746524762
1781707271012
106839978686
1781707272013
106934012991
1781707273012
107027456111
1781707274013
107121435729
1781707275013
107214544133
1781707276012
107307897410
1781707277012
107401740370
1781707278013
107495171161
1781707279012
107588824364
1781707280013
107682252042
1781707281013
107775482883
1781707282011
107869412208
1781707283011
107962423993
1781707284012
108056196336
1781707285013
108149700125
1781707286013
108243002072
1781707287013
108336190371
1781707288012
108429605720
1781707289011
108522793347
1781707290012
108616132830
1781707291013
108709454124
1781707292013
108803325527
1781707293013
108896628145
1781707294013
108990312414
1781707295012
109083699870
1781707296012
109177017930
1781707297012
109270232474
1781707298011
109363442318
1781707299012
109456579104
1781707300013
109549738533
1781707301012
109643182630
1781707302013
109737057512
1781707303011
109830379905
1781707304013
109924228725
1781707305013
110017611725
1781707306012
110110860632
1781707307013
110204103435
1781707308013
110297507981
1781707309011
110390900809
1781707310013
110484539912
1781707311013
110577567201
1781707312012
110671322759
1781707313012
110764709239
1781707314011
110858576797
1781707315016
110951322287
1781707316013
111044322964
1781707317013
111137824800
1781707318013
111230897804
1781707319012
111324331280
1781707320013
111417846300
1781707321013
111511660818
1781707322013
111605405085
1781707323012
111699089415
1781707324013
111792957644
1781707325012
111886368477
1781707326011
111979843824
1781707327011
112073246783
1781707328013
112166719871
1781707329013
112259488432
1781707330012
112352811436
1781707331013
112446143716
1781707332012
112540440838
1781707333013
112634118272
1781707334013
112727607107
1781707335008
112821561517
1781707336012
112915265135
1781707337012
113008957644
1781707338012
113102088021
1781707339008
113196081005
1781707340012
113289895768
1781707341013
113383653706
1781707342013
113477517419
1781707343013
113571433926
1781707344013
113665214326
1781707345012
113758560339
1781707346013
113852263652
1781707347012
113945444138
1781707348012
114038890249
1781707349012
114132523371
1781707350012
114226037597
1781707351012
114319827030
1781707352011
114413706184
1781707353012
114507323681
1781707354011
114601375198
1781707355012
114694861348
1781707356011
114788802392
1781707357013
114882364103
1781707358013
114975954928
1781707359013
115069001748
1781707360012
115162271345
1781707361013
115255623829
1781707362012
115349663383
1781707363013
115442957822
1781707364012
115537075928
1781707365013
115630567815
1781707366012
115724134287
1781707367012
115817322830
1781707368013
115910594564
1781707369013
116004418909
1781707370013
116097592620
1781707371012
116191096104
1781707372012
116284829507
1781707373012
116378287214
1781707374012
116472384569
1781707375012
116566204153
1781707376011
116660176263
1781707377013
116753698607
1781707378011
116847695131
1781707379012
116940644845
1781707380011
117034481091
1781707381012
117128160051
1781707382013
117221838033
1781707383011
117315462122
1781707384013
117409723111
1781707385013
117503509187
1781707386012
117596393166
1781707387012
117688262865
1781707388012
117782028311
1781707389012
117875742487
1781707390012
117970044492
1781707391012
118064048341
1781707392013
118158745059
1781707393013
118252954168
1781707394012
118347331124
1781707395012
118442048411
1781707396013
118536273084
1781707397013
118630624100
1781707398013
118724718585
1781707399012
118799282665
1781707400013
118846212110
1781707401013
118897976992
1781707402012
118947414915
1781707403013
118997286918
1781707404012
119053453828
1781707405012
119101075715
1781707406013
119149313751
1781707407013
119190938461
1781707408012
119231696597
1781707409013
119272347005
1781707410013
119313121498
1781707411013
119354454644
1781707412013
119396222421
1781707413013
119436251798
1781707414013
119478109784
1781707415013
119519490599
1781707416014
119560016557
1781707417013
119600473729
1781707418014
119640438592
1781707419014
119684944094
1781707420076
119726705461
1781707421013
119770609218
1781707422014
119812057110
1781707423013
119852207764
1781707424014
119893746599
1781707425014
119934515232
1781707426014
119974085077
1781707427013
120014595227
1781707428012
120054084445
1781707429013
120094439810
1781707430012
120135240609
1781707431014
120176509241
1781707432014
120218138773
1781707433013
120258174987
1781707434014
120301527659
1781707435013
120342183134
1781707436013
120381869983
1781707437013
120420548106
1781707438012
120460152253
1781707439014
120500150686
1781707440014
120539628612
1781707441014
120580674833
1781707442015
120622808758
1781707443014
120662720643
1781707444013
120704348832
1781707445014
120745478488
1781707446013
120787795396
1781707447013
120828344426
1781707448013
120868683983
1781707449013
120910046182
1781707450013
120953807789
1781707451013
120999649712
1781707452013
121043854372
1781707453014
121083584373
1781707454013
121125166298
1781707455013
121166311273
1781707456013
121206134901
1781707457013
121246108981
1781707458014
121286887930
1781707459013
121327235421
1781707460012
121368211147
1781707461013
121410101542
1781707462013
121452081232
1781707463013
121492170973
1781707464013
121537685322
1781707465076
121578936559
1781707466013
121620477469
1781707467014
121660213207
1781707468013
121699349642
1781707469013
121739041618
1781707470014
121778834607
1781707471013
121820390592
1781707472013
121862478741
1781707473013
121903281981
1781707474013
121943655596
1781707475013
121984424535
1781707476014
122024654290
1781707477014
122064237319
1781707478013
122103683019
1781707479015
122146892869
1781707480076
122184452954
1781707481013
122225133391
1781707482013
122266480881
1781707483013
122306750370
1781707484013
122348414509
1781707485013
122389359411
1781707486011
122428863583
1781707487013
122468656694
1781707488012
122508786962
1781707489013
122549129388
1781707490013
122589048109
1781707491013
122630556548
1781707492012
122672971417
1781707493014
122713671569
1781707494013
122756573071
1781707495013
122801519428
1781707496014
122845475431
1781707497014
122884661915
1781707498013
122924166758
1781707499013
122963781281
1781707500013
123003335379
1781707501013
123044789191
1781707502015
123086190696
1781707503013
123126470073
1781707504013
123167880123
1781707505013
123208366470
1781707506013
123249459443
1781707507013
123289390616
1781707508013
123329680857
1781707509014
123370898769
1781707510013
123414541601
1781707511013
123456152335
1781707512014
123496961495
1781707513013
123536315154
1781707514014
123578172591
1781707515014
123619307190
1781707516010
123660058612
1781707517013
123700113929
1781707518013
123739508848
1781707519012
123779349811
1781707520010
123819595984
1781707521012
123860331659
1781707522013
123901130505
1781707523013
123943138759
1781707524013
123987956210
1781707525076
124028921071
1781707526013
124069452156
1781707527013
124109164579
1781707528013
124149385790
1781707529013
124189436346
1781707530013
124229301662
1781707531014
124270014997
1781707532013
124312469234
1781707533014
124352778518
1781707534013
124393987702
1781707535013
124434580738
1781707536013
124474806343
1781707537014
124514171538
1781707538013
124553465627
1781707539013
124596756898
1781707540074
124638091142
1781707541013
124679964021
1781707542014
124721402819
1781707543014
124761888128
1781707544013
124804226642
1781707545013
124844997839
1781707546015
124885635553
1781707547013
124925848646
1781707548014
124965458529
1781707549013
125005277886
1781707550015
125045794383
1781707551014
125086404021
1781707552013
125127772628
1781707553011
125168308047
1781707554013
125210781083
1781707555013
125252112398
1781707556014
125292204336
1781707557013
125332076365
1781707558015
125371433015
1781707559013
125412829393
1781707560013
125455376526
1781707561013
125496840836
1781707562014
125539597013
1781707563014
125580261826
1781707564013
125621759767
1781707565013
125663037371
1781707566013
125702802101
1781707567013
125742902218
1781707568014
125782789750
1781707569013
125826672633
1781707570075
125868168560
1781707571013
125910999932
1781707572014
125952747140
1781707573013
125992771512
1781707574013
126034597455
1781707575015
126075966185
1781707576014
126117373122
1781707577014
126158083833
1781707578013
126198372549
1781707579014
126238610300
1781707580013
126279474758
1781707581013
126320721723
1781707582013
126362451413
1781707583013
126402277483
1781707584013
126445349577
1781707585013
126489814735
1781707586014
126530691034
1781707587014
126570778761
1781707588014
126610969393
1781707589013
126651583241
1781707590013
126691255503
1781707591014
126732186856
1781707592015
126774262493
1781707593015
126815112669
1781707594013
126856679701
1781707595014
126897454682
1781707596014
126938011158
1781707597014
126977152720
1781707598014
127016966156
1781707599013
127058294419
1781707600013
127101624753
1781707601013
127143304822
1781707602013
127184676664
1781707603013
127224409900
1781707604013
127266166751
1781707605013
127307074849
1781707606014
127348630895
1781707607014
127388930719
1781707608013
127428897414
1781707609014
127469719208
1781707610015
127511746323
1781707611015
127553587280
1781707612013
127595915052
1781707613013
127636085970
1781707614013
127681160073
1781707615076
127723291008
1781707616013
127763965159
1781707617013
127803616303
1781707618013
127842871696
1781707619013
127883759408
1781707620013
127923545439
1781707621013
127964949020
1781707622015
128007660336
1781707623013
128048069229
1781707624013
128089658722
1781707625013
128131120408
1781707626013
128172030887
1781707627013
128212294944
1781707628013
128252205303
1781707629013
128295572746
1781707630077
128336742990
1781707631015
128380786639
1781707632013
128422121739
1781707633013
128461864557
1781707634013
128502880199
1781707635013
128544353542
1781707636013
128586099346
1781707637013
128627130430
1781707638014
128667304155
1781707639014
128706648903
1781707640013
128748208184
1781707641013
128789428904
1781707642013
128830923609
1781707643014
128870814376
1781707644013
128915951285
1781707645076
128958218083
1781707646013
129001518388
1781707647012
129041450231
1781707648013
129081556757
1781707649013
129122040479
1781707650013
129162328950
1781707651014
129203155323
1781707652013
129245056399
1781707653013
129284707970
1781707654013
129326134134
1781707655013
129367698664
1781707656013
129409230357
1781707657013
129449231109
1781707658013
129489754198
1781707659015
129530998416
1781707660013
129574461501
1781707661014
129615306367
1781707662013
129656332446
1781707663014
129696584601
1781707664014
129738050254
1781707665013
129778886820
1781707666014
129820784967
1781707667016
129861497509
1781707668014
129901662568
1781707669014
129941060782
1781707670014
129982691108
1781707671013
130023786095
1781707672013
130065206827
1781707673013
130105642758
1781707674013
130150494694
1781707675073
130193136919
1781707676013
130236302641
1781707677013
130276442248
1781707678013
130316359931
1781707679013
130357189661
1781707680013
130396701706
1781707681013
130438047913
1781707682013
130479460222
1781707683013
130519124061
1781707684013
130560696098
1781707685015
130602008370
1781707686013
130642898646
1781707687013
130683116072
1781707688013
130723266849
1781707689013
130767651317
1781707690076
130811257529
