170639676442
1781704949894
170645326330
1781704950012
170686224113
1781704951012
170727422433
1781704952014
170769346398
1781704953015
170812252782
1781704954015
170856922590
1781704955012
170899911494
1781704956011
170942283150
1781704957013
170982803982
1781704958014
171022427598
1781704959015
171063148380
1781704960014
171103349999
1781704961012
171144321024
1781704962012
171185261837
1781704963013
171225937820
1781704964015
171267250824
1781704965014
171310547833
1781704966015
171353106623
1781704967013
171395672432
1781704968038
171436490442
1781704969015
171480176671
1781704970013
171520869255
1781704971015
171561752268
1781704972012
171602276151
1781704973014
171642929916
1781704974015
171689130176
1781704975012
171740570657
1781704976012
171798887220
1781704977016
171866263207
1781704978014
171959122100
1781704979010
172054496856
1781704980011
172149698944
1781704981011
172245325042
1781704982011
172340589751
1781704983011
172435736053
1781704984011
172531423430
1781704985014
172624734532
1781704986011
172720468662
1781704987011
172815859836
1781704988011
172910919590
1781704989010
173007029879
1781704990014
173100464210
1781704991011
173195444802
1781704992011
173291345679
1781704993013
173386826087
1781704994013
173482373633
1781704995011
173577827673
1781704996011
173673542027
1781704997010
173768965611
1781704998011
173864662266
1781704999014
173960488803
1781705000011
174056675263
1781705001014
174152547210
1781705002011
174248489286
1781705003013
174343849027
1781705004014
174439303190
1781705005011
174535494716
1781705006011
174631205164
1781705007011
174726803247
1781705008011
174822438134
1781705009011
174918357383
1781705010014
175013799522
1781705011011
175109445212
1781705012014
175206596391
1781705013035
175299174096
1781705014011
175394751061
1781705015011
175489836938
1781705016011
175585815452
1781705017011
175681553305
1781705018011
175777126181
1781705019011
175872950276
1781705020011
175968136983
1781705021011
176063849019
1781705022013
176159139302
1781705023011
176255071735
1781705024013
176350963579
1781705025014
176446203875
1781705026011
176541904557
1781705027011
176637233354
1781705028014
176731918964
1781705029010
176827366900
1781705030011
176923069963
1781705031014
177018254229
1781705032012
177113640643
1781705033011
177208956805
1781705034011
177304717607
1781705035012
177400265824
1781705036011
177495639970
1781705037011
177591408462
1781705038014
177686899490
1781705039011
177782436477
1781705040011
177878117873
1781705041011
177973531996
1781705042014
178068351455
1781705043010
178163446793
1781705044011
178259197952
1781705045014
178354105973
1781705046011
178449736954
1781705047011
178545146866
1781705048014
178640663162
1781705049012
178736009536
1781705050012
178831303054
1781705051011
178926715835
1781705052013
179021966141
1781705053011
179117570022
1781705054014
179213088332
1781705055010
179308329848
1781705056011
179404285474
1781705057011
179499741651
1781705058014
179594755690
1781705059011
179690452100
1781705060014
179785525099
1781705061011
179880914320
1781705062011
179976840100
1781705063014
180071994947
1781705064011
180168191783
1781705065014
180263558421
1781705066011
180359474863
1781705067013
180454984262
1781705068011
180550659188
1781705069014
180646188362
1781705070011
180742134100
1781705071010
180837817083
1781705072011
180935596740
1781705073035
181028314093
1781705074010
181124028752
1781705075011
181219214605
1781705076011
181315286869
1781705077010
181411166750
1781705078014
181507013124
1781705079013
181603102172
1781705080014
181698692015
1781705081011
181794508115
1781705082011
181890569026
1781705083014
181986012813
1781705084011
182081951349
1781705085011
182177122309
1781705086011
182273021661
1781705087011
182370676318
1781705088035
182463710687
1781705089013
182559273980
1781705090014
182654548882
1781705091010
182750406181
1781705092014
182845961722
1781705093011
182941659170
1781705094011
183037923816
1781705095011
183132060538
1781705096010
183226585748
1781705097011
183322202263
1781705098011
183417921134
1781705099011
183513618338
1781705100014
183609167166
1781705101013
183704746023
1781705102014
183802357589
1781705103035
183895081290
1781705104011
183991108144
1781705105012
184086471425
1781705106011
184182317310
1781705107011
184277926867
1781705108013
184373188892
1781705109011
184468386585
1781705110011
184564001880
1781705111011
184659854784
1781705112014
184755718979
1781705113014
184851083969
1781705114011
184946928756
1781705115014
185041760666
1781705116010
185137322800
1781705117011
185232581589
1781705118011
185327903550
1781705119011
185423589645
1781705120012
185519383162
1781705121011
185615251996
1781705122011
185710716779
1781705123010
185806322674
1781705124011
185902196696
1781705125011
185997516642
1781705126011
186093941200
1781705127012
186189692237
1781705128011
186285210974
1781705129010
186380905309
1781705130011
186476416112
1781705131013
186571910192
1781705132011
186667286962
1781705133011
186762658727
1781705134014
186858400181
1781705135011
186953509312
1781705136011
187049411105
1781705137010
187145388521
1781705138011
187240794160
1781705139010
187336223176
1781705140011
187430864475
1781705141011
187526030796
1781705142014
187621569064
1781705143011
187717511690
1781705144014
187812576510
1781705145011
187907195775
1781705146011
188002287450
1781705147011
188096889991
1781705148011
188191566263
1781705149011
188286700052
1781705150010
188382474953
1781705151014
188477076640
1781705152012
188572269878
1781705153013
188666208053
1781705154011
188760327441
1781705155013
188854816152
1781705156011
188950862536
1781705157011
189046505602
1781705158011
189141202442
1781705159011
189235424674
1781705160011
189329628718
1781705161011
189424483455
1781705162011
189531252408
1781705163137
189614217833
1781705164011
189709662657
1781705165011
189804807250
1781705166013
189900483213
1781705167012
189995674376
1781705168011
190091136595
1781705169014
190186398009
1781705170014
190281523986
1781705171010
190377131957
1781705172011
190472942563
1781705173011
190568800960
1781705174014
190664874445
1781705175014
190760067194
1781705176013
190855779474
1781705177011
190962826868
1781705178134
191046103083
1781705179011
191141356685
1781705180011
191237024225
1781705181014
191332358820
1781705182011
191427830805
1781705183011
191523187616
1781705184014
191618561762
1781705185011
191713911493
1781705186012
191810183891
1781705187013
191905423943
1781705188011
192001201835
1781705189014
192096860037
1781705190014
192192352407
1781705191011
192288413685
1781705192014
192383624378
1781705193011
192478918446
1781705194014
192574322255
1781705195011
192669286245
1781705196011
192765314441
1781705197014
192860314503
1781705198010
192956092640
1781705199011
193051663623
1781705200011
193147146960
1781705201010
193243090684
1781705202012
193339019027
1781705203011
193434732650
1781705204011
193530684430
1781705205011
193626491375
1781705206011
193722167339
1781705207010
193817664653
1781705208010
193913079325
1781705209011
194009348915
1781705210014
194105085059
1781705211011
194200480262
1781705212011
194296262793
1781705213011
194392307774
1781705214014
194488097446
1781705215011
194584027925
1781705216011
194680255340
1781705217011
194776297819
1781705218011
194871884061
1781705219011
194967538418
1781705220011
195063048549
1781705221011
195158734462
1781705222011
195254294886
1781705223011
195349536647
1781705224010
195445448938
1781705225011
195541038903
1781705226013
195636865379
1781705227010
195732397605
1781705228011
195827739280
1781705229011
195923298544
1781705230011
196019164693
1781705231014
196114479085
1781705232010
196210271198
1781705233013
196305796528
1781705234010
196401758806
1781705235010
196497107989
1781705236014
196592589922
1781705237011
196690513560
1781705238035
196783600480
1781705239014
196879009355
1781705240011
196974754715
1781705241014
197070202835
1781705242011
197165802932
1781705243011
197261358229
1781705244011
197357035414
1781705245011
197452944653
1781705246011
197549517343
1781705247011
197645539924
1781705248011
197741249457
1781705249014
197836468329
1781705250010
197932079474
1781705251011
198027576910
1781705252012
198122713385
1781705253011
198217606880
1781705254010
198313765691
1781705255011
198408996344
1781705256011
198504602788
1781705257011
198600626285
1781705258013
198695914249
1781705259011
198791601687
1781705260011
198887009219
1781705261009
198982890993
1781705262011
199078733154
1781705263012
199174200134
1781705264010
199270249083
1781705265011
199365889402
1781705266010
199461816524
1781705267012
199569305385
1781705268137
199651556761
1781705269013
199745918031
1781705270011
199841615052
1781705271011
199937628417
1781705272014
200032996520
1781705273011
200128461912
1781705274011
200224488278
1781705275011
200319748532
1781705276014
200415281979
1781705277008
200511071346
1781705278011
200606859736
1781705279013
200702340082
1781705280011
200798034844
1781705281011
200893376885
1781705282010
200988673394
1781705283011
201083648981
1781705284011
201179467523
1781705285011
201274881158
1781705286014
201369947199
1781705287010
201465572991
1781705288011
201561331963
1781705289011
201656861747
1781705290011
201752657889
1781705291014
201847674491
1781705292010
201943160636
1781705293011
202038582877
1781705294011
202134434805
1781705295011
202229780691
1781705296014
202325114736
1781705297011
202420550771
1781705298012
202516093923
1781705299013
202611174185
1781705300011
202706424917
1781705301011
202801904775
1781705302011
202897737050
1781705303011
202993291248
1781705304010
203088961231
1781705305011
203184284839
1781705306011
203280046557
1781705307009
203375908372
1781705308011
203471475205
1781705309011
203567442855
1781705310014
203662520675
1781705311010
203758141280
1781705312011
203853418807
1781705313011
203948658493
1781705314014
204044202254
1781705315011
204139364914
1781705316011
204234682358
1781705317010
204330374434
1781705318011
204426276960
1781705319013
204521872601
1781705320010
204617297284
1781705321011
204712869671
1781705322011
204808523723
1781705323014
204903822124
1781705324011
204998963482
1781705325011
205092899765
1781705326014
205188830245
1781705327011
205284112899
1781705328011
205379129623
1781705329014
205474600265
1781705330011
205570064010
1781705331013
205665450362
1781705332011
205760954879
1781705333014
205854042409
1781705334010
205949938770
1781705335011
206045357166
1781705336013
206141252550
1781705337014
206237148484
1781705338012
206332857894
1781705339013
206428271407
1781705340010
206523701949
1781705341011
206619244429
1781705342011
206714806380
1781705343013
206809242905
1781705344011
206904759629
1781705345014
206998363881
1781705346014
207093228629
1781705347010
207189009877
1781705348013
207284684926
1781705349013
207380141896
1781705350011
207475614613
1781705351011
207570832753
1781705352011
207666663928
1781705353011
207762575914
1781705354014
207858148851
1781705355011
207953597092
1781705356011
208049470809
1781705357011
208144663376
1781705358011
208239472398
1781705359011
208335255295
1781705360011
208430749741
1781705361011
208526419234
1781705362010
208622203047
1781705363010
208717587263
1781705364011
208813503583
1781705365013
208909064251
1781705366014
209004702983
1781705367011
209100682352
1781705368011
209195899332
1781705369011
209291706399
1781705370010
209387137551
1781705371011
209482559243
1781705372014
209577250346
1781705373011
209672510356
1781705374014
209768321207
1781705375011
209863560831
1781705376011
209959459023
1781705377010
210055124122
1781705378011
210150907385
1781705379013
210246341223
1781705380011
210341851293
1781705381011
210437402135
1781705382014
210532710180
1781705383011
210628285802
1781705384011
210724314060
1781705385013
210819302037
1781705386011
210915081577
1781705387013
211009933018
1781705388011
211104751745
1781705389011
211200524571
1781705390011
211296363315
1781705391013
211391730076
1781705392011
211487300082
1781705393014
211582634555
1781705394010
211678900727
1781705395013
211772566564
1781705396011
211866122904
1781705397011
211961924844
1781705398011
212057921913
1781705399013
212153301551
1781705400011
212249016089
1781705401013
212344354224
1781705402011
212440031896
1781705403014
212535028845
1781705404011
212630883519
1781705405011
212726370580
1781705406011
212822575290
1781705407011
212918308260
1781705408011
213013934480
1781705409013
213109384309
1781705410011
213205443999
1781705411014
213300911284
1781705412014
213396498320
1781705413014
213491598479
1781705414011
213587198027
1781705415011
213682308928
1781705416011
213778031462
1781705417012
213875458519
1781705418035
213968601164
1781705419011
214064099028
1781705420010
214159402128
1781705421011
214254685515
1781705422011
214350508390
1781705423014
214445692899
1781705424011
214541853176
1781705425014
214637507411
1781705426013
214733160303
1781705427012
214828985986
1781705428011
214924373803
1781705429010
215019725060
1781705430011
215115382225
1781705431010
215211186850
1781705432012
215306257896
1781705433011
215401358300
1781705434011
215497026390
1781705435014
215592433677
1781705436013
215688013327
1781705437011
215783542746
1781705438014
215879297140
1781705439011
215975014851
1781705440011
216070842792
1781705441011
216166600237
1781705442011
216262262773
1781705443011
216357781327
1781705444014
216453464066
1781705445010
216549025711
1781705446014
216644829604
1781705447010
216739966262
1781705448011
216835266555
1781705449011
216931418531
1781705450014
217026611280
1781705451011
217122004285
1781705452013
217217362318
1781705453011
217312864209
1781705454014
217408434155
1781705455010
217504334300
1781705456011
217600213632
1781705457013
217696205147
1781705458010
217792096381
1781705459011
217887716681
1781705460011
217983477239
1781705461013
218078793462
1781705462011
218173856390
1781705463011
218269095221
1781705464011
218364855352
1781705465011
218460453862
1781705466014
218556155948
1781705467013
218651468754
1781705468014
218746721501
1781705469011
218841983403
1781705470011
218937712101
1781705471011
219032794316
1781705472011
219128000371
1781705473011
219223235356
1781705474011
219318656560
1781705475011
219413621161
1781705476014
219509091192
1781705477011
219604115241
1781705478011
219699480963
1781705479013
219795080511
1781705480014
219890560796
1781705481011
219986022405
1781705482011
220081769902
1781705483013
220176438727
1781705484011
220271942144
1781705485011
220367272039
1781705486011
220463153813
1781705487011
220558738041
1781705488011
220654487247
1781705489010
220750459962
1781705490013
220845759767
1781705491011
220941606873
1781705492014
221036791138
1781705493010
221132202515
1781705494014
221228071350
1781705495014
221322307192
1781705496014
221416373846
1781705497011
221511983953
1781705498011
221607676518
1781705499011
221703216251
1781705500010
221798729129
1781705501010
221894314517
1781705502011
221990323793
1781705503014
222085973999
1781705504010
222182067931
1781705505013
222277167541
1781705506011
222372278503
1781705507011
222465713567
1781705508011
222560947271
1781705509011
222656637883
1781705510011
222752189701
1781705511011
222847827152
1781705512010
222943479067
1781705513012
223039103762
1781705514011
223134386477
1781705515011
223228267950
1781705516014
223323923406
1781705517010
223419547002
1781705518011
223515989870
1781705519012
223612015503
1781705520011
223707485962
1781705521011
223803362059
1781705522011
223910632903
1781705523137
223993975096
1781705524014
224089567442
1781705525011
224184678649
1781705526012
224280612729
1781705527011
224376382504
1781705528011
224472111873
1781705529013
224567968622
1781705530011
224664057365
1781705531013
224759060113
1781705532011
224854986259
1781705533014
224950678153
1781705534013
225046656484
1781705535010
225142431507
1781705536012
225238121509
1781705537011
225335830548
1781705538034
225429338609
1781705539014
225524724413
1781705540011
225620451279
1781705541012
225715902390
1781705542011
225811564682
1781705543011
225907330000
1781705544010
226003048750
1781705545011
226098268354
1781705546010
226194190228
1781705547013
226289705181
1781705548011
226385761088
1781705549012
226481125223
1781705550011
226577128884
1781705551014
226672724709
1781705552010
226768307655
1781705553011
226862386943
1781705554012
226958094583
1781705555011
227053121623
1781705556011
227148892313
1781705557011
227244540566
1781705558012
227340112526
1781705559011
227436179114
1781705560011
227531509741
1781705561011
227627416295
1781705562011
227723488864
1781705563013
227818682773
1781705564011
227914578951
1781705565011
228010222200
1781705566012
228105796418
1781705567009
228201824310
1781705568011
228297060516
1781705569012
228392894072
1781705570012
228488377165
1781705571011
228583723601
1781705572011
228678954680
1781705573010
228772809908
1781705574010
228868603975
1781705575014
228959862103
1781705576012
229044071360
1781705577011
229120619809
1781705578014
229182936117
1781705579010
229243402210
1781705580011
229294782876
1781705581011
229342341409
1781705582011
229392609958
1781705583010
229442501798
1781705584012
229501018616
1781705585012
229558869542
1781705586011
229650699629
1781705587014
229745806868
1781705588011
229841659162
1781705589010
229937478985
1781705590011
230032957012
1781705591011
230128874369
1781705592011
230224922463
1781705593013
230320528969
1781705594011
230416669714
1781705595011
230512027258
1781705596014
230607665685
1781705597010
230714945745
1781705598136
230798647557
1781705599011
230894926302
1781705600014
230990288851
1781705601011
231086536590
1781705602011
231182634977
1781705603011
231278207791
1781705604011
231374225917
1781705605011
231469785426
1781705606011
231566034386
1781705607014
231661735557
1781705608011
231757756491
1781705609011
231853389669
1781705610011
231949359088
1781705611011
232044964251
1781705612011
232142592969
1781705613035
232235624103
1781705614013
232331237994
1781705615011
232427026445
1781705616014
232522545670
1781705617011
232618016617
1781705618011
232714002151
1781705619013
232809391982
1781705620011
232905238722
1781705621014
233000921338
1781705622014
233096757335
1781705623013
233192324107
1781705624011
233288245187
1781705625011
233383760629
1781705626014
233479624946
1781705627011
233574776680
1781705628010
233670091195
1781705629011
233765478035
1781705630011
233861070259
1781705631010
233956943854
1781705632011
234052719915
1781705633014
234148097234
1781705634011
234244198978
1781705635011
234339690127
1781705636014
234435236270
1781705637011
234530632388
1781705638011
234625959170
1781705639010
234719449226
1781705640010
234814265512
1781705641011
234909897042
1781705642012
235005025582
1781705643011
235099911814
1781705644014
235195182688
1781705645010
235290532481
1781705646011
235385889353
1781705647011
235481553537
1781705648010
235576653636
1781705649011
235671862376
1781705650011
235767103465
1781705651011
235862178845
1781705652011
235957827892
1781705653011
236053434886
1781705654011
236149152963
1781705655012
236244342112
1781705656011
236339842356
1781705657011
236435168100
1781705658011
236530441172
1781705659014
236625644114
1781705660011
236720869884
1781705661011
236816241466
1781705662012
236911951853
1781705663013
237007544565
1781705664011
237102997506
1781705665010
237197977122
1781705666011
237293767709
1781705667014
237388626963
1781705668011
237484208078
1781705669009
237579742746
1781705670011
237674991953
1781705671011
237770594980
1781705672014
237865413279
1781705673011
237960304821
1781705674011
238055989146
1781705675011
238150934765
1781705676011
238246494030
1781705677012
238342011424
1781705678011
238437607249
1781705679011
238533439401
1781705680012
238629162606
1781705681011
238724898872
1781705682012
238820632575
1781705683012
238915835578
1781705684011
239011432440
1781705685011
239106391853
1781705686010
239202122565
1781705687012
239297606268
1781705688010
239392918219
1781705689011
239488061591
1781705690011
239583971563
1781705691011
239679307378
1781705692011
239774468451
1781705693011
239869891546
1781705694013
239965262396
1781705695011
240060499029
1781705696011
240156312810
1781705697011
240251814153
1781705698011
240347293705
1781705699009
240443316043
1781705700011
240538691958
1781705701011
240634331118
1781705702011
240729753298
1781705703011
240825122560
1781705704010
240921085022
1781705705010
241016393616
1781705706010
241112531065
1781705707011
241208008909
1781705708011
241303649961
1781705709013
241399115720
1781705710011
241494931637
1781705711013
241590427181
1781705712014
241685684994
1781705713011
241781463923
1781705714013
241877389032
1781705715011
241973031487
1781705716014
242068669609
1781705717014
242166106005
1781705718035
242258611505
1781705719011
242353995416
1781705720011
242449361078
1781705721010
242545085625
1781705722011
242640535088
1781705723010
242735598993
1781705724011
242831207635
1781705725011
242926797417
1781705726014
243022145928
1781705727011
243117979178
1781705728012
243213491690
1781705729011
243309534291
1781705730012
243404646291
1781705731011
243500062246
1781705732011
243594882560
1781705733011
243690276480
1781705734012
243786225148
1781705735010
243881801320
1781705736011
243976523245
1781705737011
244070181147
1781705738010
244166074335
1781705739012
244261248774
1781705740010
244356588007
1781705741011
244452184930
1781705742011
244547680047
1781705743011
244643773124
1781705744013
244739385733
1781705745011
244834960623
1781705746013
244930577810
1781705747011
245026067311
1781705748011
245120736197
1781705749011
245214533198
1781705750014
245309483944
1781705751013
245405042598
1781705752013
245499976804
1781705753011
245595422787
1781705754011
245690624448
1781705755012
245783978213
1781705756014
245879364626
1781705757011
245974503055
1781705758011
246069565555
1781705759011
246164061590
1781705760011
246257531322
1781705761011
246352810680
1781705762012
246447706799
1781705763011
246542659803
1781705764011
246638046217
1781705765010
246733166457
1781705766011
246828924085
1781705767013
246924298597
1781705768011
247019540785
1781705769011
247115453686
1781705770014
247210806164
1781705771012
247305584730
1781705772010
247400885511
1781705773014
247496244886
1781705774013
247591723585
1781705775010
247687002699
1781705776012
247782671155
1781705777011
247878125379
1781705778014
247972813002
1781705779012
248068566480
1781705780014
248163471450
1781705781010
248258825210
1781705782014
248353889236
1781705783011
248449105118
1781705784011
248544852432
1781705785013
248640003921
1781705786010
248735794692
1781705787012
248830907607
1781705788011
248926142227
1781705789011
249022174086
1781705790014
249117091079
1781705791011
249212210464
1781705792014
249306900102
1781705793012
249401376728
1781705794011
249496848530
1781705795011
249591910237
1781705796011
249687679157
1781705797013
249782628193
1781705798014
249877970540
1781705799013
249973455159
1781705800011
250068958637
1781705801014
250164279682
1781705802014
250259205159
1781705803011
250354170187
1781705804011
250449870992
1781705805014
250544583762
1781705806011
250640424582
1781705807013
250735333640
1781705808011
250830043969
1781705809011
250925613244
1781705810014
251020950158
1781705811014
251115780542
1781705812011
251211232568
1781705813014
251304943510
1781705814011
251399791778
1781705815011
251494922028
1781705816010
251590563323
1781705817011
251685701325
1781705818010
251781013947
1781705819012
251876596588
1781705820011
251971550751
1781705821011
252067020600
1781705822011
252162373810
1781705823013
252257215303
1781705824011
252352551119
1781705825010
252447530856
1781705826010
252543386629
1781705827014
252638146518
1781705828011
252733363254
1781705829014
252828282994
1781705830011
252923548620
1781705831011
253019387119
1781705832014
253114495396
1781705833011
253210234836
1781705834014
253305558445
1781705835010
253400663853
1781705836011
253496316501
1781705837012
253603075017
1781705838138
253686301061
1781705839013
253781405432
1781705840010
253876928686
1781705841011
253972481420
1781705842012
254068333470
1781705843017
254162945837
1781705844010
254258793126
1781705845014
254353409949
1781705846010
254448602455
1781705847011
254544231360
1781705848014
254639462623
1781705849011
254734572853
1781705850009
254830360205
1781705851010
254925469642
1781705852012
255022799776
1781705853035
255115245279
1781705854011
255210760904
1781705855011
255305723124
1781705856011
255400994670
1781705857011
255496630350
1781705858011
255591817607
1781705859011
255687145365
1781705860013
255782239910
1781705861010
255877723491
1781705862014
255972998332
1781705863011
256068050274
1781705864014
256163288800
1781705865012
256258588727
1781705866011
256353961835
1781705867011
256448974226
1781705868013
256543474533
1781705869011
256638814499
1781705870014
256734047532
1781705871011
256829418503
1781705872011
256924724473
1781705873011
257019954087
1781705874010
257116230452
1781705875013
257211123459
1781705876011
257306384934
1781705877011
257401703354
1781705878011
257497015366
1781705879011
257592672043
1781705880009
257688264205
1781705881013
257783395675
1781705882012
257880658732
1781705883035
257973008227
1781705884011
258068217700
1781705885010
258163831652
1781705886013
258259300341
1781705887011
258354995103
1781705888014
258450151659
1781705889010
258545450243
1781705890010
258640593615
1781705891011
258735479298
1781705892011
258830609120
1781705893012
258925687856
1781705894011
259021330006
1781705895011
259116432302
1781705896011
259211781301
1781705897011
259307395924
1781705898013
259402121207
1781705899010
259497680288
1781705900013
259593133169
1781705901014
259688361502
1781705902011
259783669974
1781705903011
259879269094
1781705904014
259974747060
1781705905011
260069826529
1781705906014
260165188894
1781705907011
260260046440
1781705908010
260355299125
1781705909011
260450445305
1781705910011
260546135429
1781705911011
260641611686
1781705912010
260739178087
1781705913034
260832053398
1781705914014
260927418449
1781705915011
261020923093
1781705916011
261114300051
1781705917011
261207396737
1781705918011
261302401498
1781705919010
261398380378
1781705920014
261493922920
1781705921013
261588756722
1781705922011
261684536140
1781705923012
261779713692
1781705924011
261875331184
1781705925010
261970651435
1781705926010
262065741036
1781705927011
18101638
1781705928035
110456016
1781705929012
206061789
1781705930011
301636923
1781705931011
396998678
1781705932011
492560323
1781705933011
587928975
1781705934010
683501485
1781705935011
779202167
1781705936014
874854205
1781705937011
970523089
1781705938011
1066220598
1781705939011
1161552080
1781705940011
1257109574
1781705941011
1352423783
1781705942011
1447524736
1781705943011
1542457477
1781705944011
1638154924
1781705945011
1733058551
1781705946011
1828702899
1781705947011
1923749469
1781705948010
2018579671
1781705949011
2114354999
1781705950011
2210011554
1781705951010
2305525469
1781705952011
2401531999
1781705953014
2496925858
1781705954011
2593038466
1781705955014
2687754349
1781705956011
2783182206
1781705957014
2878428117
1781705958013
2973123187
1781705959011
3068460833
1781705960011
3163506488
1781705961011
3259020953
1781705962013
3354305866
1781705963011
3449415974
1781705964010
3544854328
1781705965011
3639940754
1781705966010
3735192525
1781705967011
3830518514
1781705968012
3925953389
1781705969014
4020997335
1781705970011
4116875691
1781705971011
4212228962
1781705972011
4307625569
1781705973012
4402926899
1781705974011
4498966448
1781705975013
4594190753
1781705976011
4690050554
1781705977011
4785776749
1781705978014
4881126847
1781705979011
4976388261
1781705980011
5072088638
1781705981013
5167258561
1781705982011
5262807572
1781705983011
5358608413
1781705984014
5454050368
1781705985012
5549213394
1781705986011
5644898390
1781705987011
5740044631
1781705988011
5835424270
1781705989011
5930784194
1781705990011
6026367751
1781705991011
6122504284
1781705992014
6218071361
1781705993011
6313743053
1781705994011
6410255318
1781705995014
6505643013
1781705996014
6600540048
1781705997011
6696479255
1781705998013
6791870369
1781705999011
6887686835
1781706000014
6983307684
1781706001011
7078972234
1781706002013
7174377751
1781706003011
7268999884
1781706004010
7364602972
1781706005011
7460124029
1781706006014
7555637762
1781706007011
7650882574
1781706008012
7746330083
1781706009011
7842038396
1781706010012
7937664371
1781706011011
8032695134
1781706012011
8128076176
1781706013010
8223432683
1781706014011
8319425540
1781706015013
8414461613
1781706016011
8509970218
1781706017011
8607602964
1781706018035
8700345769
1781706019011
8795891117
1781706020011
8891043156
1781706021011
8986371953
1781706022013
9081312201
1781706023011
9176674871
1781706024011
9272315740
1781706025014
9367089423
1781706026010
9462884954
1781706027011
9558068793
1781706028011
9653212897
1781706029011
9748618231
1781706030011
9844557500
1781706031013
9939626837
1781706032011
10046436866
1781706033136
10129644905
1781706034011
10225511725
1781706035014
10320221138
1781706036011
10415550118
1781706037011
10511259223
1781706038012
10606646247
1781706039010
10702332953
1781706040011
10797875860
1781706041011
10893491949
1781706042011
10988969548
1781706043011
11084180120
1781706044011
11179544134
1781706045011
11274626959
1781706046011
11370338811
1781706047011
11465582220
1781706048012
11560760443
1781706049012
11656096319
1781706050011
11751472906
1781706051011
11846988897
1781706052011
11942509954
1781706053010
12037976751
1781706054010
12134175723
1781706055014
12229403018
1781706056014
12324970034
1781706057011
12420528567
1781706058011
12516054689
1781706059011
12611700685
1781706060013
12706563540
1781706061009
12802517213
1781706062011
12900223750
1781706063035
12993262269
1781706064013
13088996521
1781706065011
13184237793
1781706066013
13279693909
1781706067011
13374865845
1781706068011
13469627443
1781706069011
13565043154
1781706070011
13660784425
1781706071014
13754580388
1781706072010
13849102851
1781706073011
13944397957
1781706074012
14039999824
1781706075012
14134905281
1781706076013
14230085519
1781706077011
14325133310
1781706078010
14419965037
1781706079011
14515261852
1781706080011
14610674205
1781706081011
14706365549
1781706082011
14802003183
1781706083011
14897295297
1781706084011
14992824960
1781706085011
15088351998
1781706086012
15184179207
1781706087014
15279169259
1781706088011
15374375253
1781706089009
15469821053
1781706090011
15564934335
1781706091009
15661180488
1781706092011
15756516120
1781706093010
15851507027
1781706094011
15947047249
1781706095010
16042261849
1781706096011
16138272528
1781706097010
16233596198
1781706098010
16328714423
1781706099011
16424280097
1781706100011
16519550239
1781706101011
16614591743
1781706102013
16709706673
1781706103010
16804934335
1781706104011
16900703621
1781706105012
16995891671
1781706106011
17091775458
1781706107011
17187190314
1781706108013
17281930794
1781706109014
17377100411
1781706110014
17471948557
1781706111011
17567555063
1781706112014
17662635203
1781706113011
17757935862
1781706114011
17853432810
1781706115011
17948622203
1781706116011
18044071849
1781706117011
18139456004
1781706118011
18234835215
1781706119011
18329886974
1781706120011
18425688059
1781706121014
18521314645
1781706122011
18616540659
1781706123012
18711157543
1781706124011
18805944532
1781706125011
18899405657
1781706126013
18994837786
1781706127011
19090202593
1781706128011
19185645830
1781706129011
19281154192
1781706130014
19375988605
1781706131011
19470843648
1781706132011
19565785360
1781706133011
19661154013
1781706134014
19756799581
1781706135013
19851754782
1781706136013
19947056723
1781706137012
20041834679
1781706138011
20136399317
1781706139011
20231153286
1781706140011
20326236538
1781706141011
20421449552
1781706142011
20516716336
1781706143011
20611642363
1781706144011
20707305448
1781706145011
20802557829
1781706146011
20898520108
1781706147013
20993746609
1781706148013
21089013333
1781706149010
21184333219
1781706150012
21279553983
1781706151011
21375143948
1781706152014
21469731597
1781706153011
21564772247
1781706154011
21660537017
1781706155011
21755621185
1781706156013
21850850067
1781706157011
21946190033
1781706158011
22041424225
1781706159011
22136685639
1781706160011
22231976716
1781706161011
22327317658
1781706162011
22422602204
1781706163011
22517880708
1781706164011
22613865570
1781706165014
22708846223
1781706166011
22804518829
1781706167011
22901962855
1781706168035
22994397799
1781706169011
23089734896
1781706170011
23184986361
1781706171011
23280194797
1781706172010
23375348911
1781706173014
23470339512
1781706174011
23566102878
1781706175011
23661485324
1781706176013
23756679172
1781706177011
23851873753
1781706178010
23946970250
1781706179011
24042244726
1781706180014
24137226355
1781706181011
24232895422
1781706182011
24328100988
1781706183011
24421988932
1781706184014
24493174357
1781706185012
24542973241
1781706186011
24591315280
1781706187011
24643969626
1781706188014
24690534692
1781706189010
24737501979
1781706190013
24785632959
1781706191011
24831417266
1781706192013
24887795601
1781706193014
24969921550
1781706194014
25063046190
1781706195010
25156365775
1781706196013
25251780753
1781706197011
25349290269
1781706198035
25442296134
1781706199011
25537859305
1781706200011
25633220450
1781706201011
25728955129
1781706202011
25824714467
1781706203011
25920083485
1781706204010
26016290270
1781706205013
26111620898
1781706206011
26207534898
1781706207011
26303300278
1781706208011
26399183821
1781706209011
26495185895
1781706210014
26590647687
1781706211011
26686748515
1781706212010
26782124552
1781706213011
26877361125
1781706214010
26973226968
1781706215014
27068128337
1781706216011
27164224221
1781706217012
27259379556
1781706218010
27355193886
1781706219011
27450940406
1781706220010
27546446387
1781706221011
27642286535
1781706222011
27738278232
1781706223011
27833944675
1781706224014
27929510592
1781706225010
28024714450
1781706226010
28120652498
1781706227011
28216103242
1781706228011
28311360811
1781706229011
28407107880
1781706230011
28502487702
1781706231011
28598384673
1781706232011
28694104338
1781706233011
28789970609
1781706234011
28886018580
1781706235011
28981410975
1781706236014
29076754909
1781706237010
29172265345
1781706238011
29267723170
1781706239011
29363653100
1781706240012
29459451561
1781706241011
29555072532
1781706242008
29650639365
1781706243010
29745614646
1781706244011
29840627282
1781706245011
29935465601
1781706246011
30030153286
1781706247011
30125758449
1781706248011
30221409571
1781706249010
30317324670
1781706250011
30413195274
1781706251011
30508799338
1781706252010
30604375021
1781706253011
30699889974
1781706254011
30795803791
1781706255011
30891191487
1781706256010
30987161517
1781706257011
31094732286
1781706258138
31178093584
1781706259011
31273603838
1781706260010
31368807696
1781706261012
31464812699
1781706262011
31560446792
1781706263011
31656049636
1781706264010
31751942518
1781706265012
31847473707
1781706266011
31943361340
1781706267011
32038708263
1781706268011
32134103954
1781706269010
32229860911
1781706270011
32325041332
1781706271011
32420673106
1781706272010
32528385721
1781706273138
32611412730
1781706274014
32706570445
1781706275010
32801545422
1781706276011
32897336375
1781706277011
32992960825
1781706278011
33088478525
1781706279011
33184253793
1781706280012
33279893563
1781706281011
33375381966
1781706282011
33471215033
1781706283014
33566193733
1781706284011
33661748054
1781706285010
33757467657
1781706286014
33852862921
1781706287011
33948307379
1781706288011
34043110603
1781706289010
34139200140
1781706290013
34234779607
1781706291014
34330034307
1781706292011
34425107794
1781706293010
34520604864
1781706294014
34615190986
1781706295011
34709295909
1781706296014
34804562145
1781706297010
34900085643
1781706298014
34995376903
1781706299011
35090764293
1781706300013
35185677990
1781706301010
35281455699
1781706302011
35377096018
1781706303010
35471926281
1781706304011
35567510326
1781706305011
35662602856
1781706306011
35758118114
1781706307011
35852975171
1781706308011
35948018202
1781706309012
36043365858
1781706310011
36138559340
1781706311011
36234148756
1781706312014
36329179274
1781706313011
36424346084
1781706314011
36520239027
1781706315013
36614739640
1781706316011
36710275406
1781706317010
36805247758
1781706318012
36900087603
1781706319011
36996082352
1781706320013
37091252641
1781706321011
37187279434
1781706322014
37282890517
1781706323013
37377712662
1781706324011
37473584487
1781706325012
37568784988
1781706326011
37664601332
1781706327012
37760268689
1781706328010
37855870251
1781706329011
37951807872
1781706330011
38047285106
1781706331012
38142649913
1781706332011
38237787731
1781706333011
38333036083
1781706334012
38428711680
1781706335011
38523967296
1781706336012
38619705088
1781706337012
38715256479
1781706338014
38810734811
1781706339012
38906173837
1781706340011
39001389963
1781706341011
39096734445
1781706342011
39192164438
1781706343012
39287752938
1781706344013
39383741035
1781706345014
39478751778
1781706346011
39574724555
1781706347014
39669414437
1781706348011
39764313181
1781706349013
39859224864
1781706350011
39954942270
1781706351013
40050173716
1781706352011
40145840463
1781706353011
40241583443
1781706354014
40337039742
1781706355014
40431932138
1781706356011
40527452279
1781706357011
40623193550
1781706358014
40718473030
1781706359011
40813444833
1781706360011
40909173348
1781706361011
41004821846
1781706362012
41099325754
1781706363012
41193261122
1781706364011
41288844983
1781706365011
41384199842
1781706366010
41480088879
1781706367011
41575740245
1781706368013
41671073680
1781706369010
41766895029
1781706370013
41862224070
1781706371011
41957629831
1781706372010
42053260995
1781706373013
42148297861
1781706374011
42244658027
1781706375014
42339624947
1781706376011
42435176460
1781706377012
42530455819
1781706378011
42625342233
1781706379012
42720877511
1781706380010
42816390267
1781706381013
42911581308
1781706382011
43006932504
1781706383010
43102837959
1781706384013
43198693793
1781706385013
43293894355
1781706386011
43389444708
1781706387014
43484236092
1781706388011
43579460335
1781706389014
43674549264
1781706390011
43770288277
1781706391014
43865475533
1781706392013
43963297854
1781706393034
44056469673
1781706394013
44152046333
1781706395011
44247422309
1781706396013
44342779914
1781706397011
44438112434
1781706398014
44533447334
1781706399010
44629213324
1781706400014
44724881780
1781706401014
44820085211
1781706402011
44913812327
1781706403012
45009182749
1781706404011
45104781565
1781706405011
45199749583
1781706406010
45295292491
1781706407011
45390143078
1781706408010
45485318127
1781706409013
45580498975
1781706410011
45675849378
1781706411011
45770939955
1781706412010
45866186537
1781706413014
45961549574
1781706414014
46057089979
1781706415011
46151885329
1781706416009
46247549879
1781706417011
46342897597
1781706418009
46438109389
1781706419011
46531546711
1781706420011
46626653157
1781706421011
46719319424
1781706422011
46814183622
1781706423011
46909162627
1781706424010
47004931424
1781706425011
47098520540
1781706426011
47192521520
1781706427014
47287245887
1781706428013
47381901956
1781706429011
47476647197
1781706430011
47571798137
1781706431012
47666049300
1781706432011
47760538499
1781706433011
47855654222
1781706434011
47950858019
1781706435011
48045473866
1781706436011
48140533376
1781706437012
48235238150
1781706438011
48329861138
1781706439013
48424971673
1781706440012
48519878962
1781706441012
48615111384
1781706442011
48710221676
1781706443011
48804961057
1781706444012
48900356015
1781706445011
48994923278
1781706446011
49090341735
1781706447014
49184913759
1781706448011
49279894595
1781706449011
49375160769
1781706450014
49469888127
1781706451012
49564674932
1781706452010
49659767646
1781706453009
49754202096
1781706454011
49849530343
1781706455010
49944138439
1781706456013
50039209728
1781706457012
50133939527
1781706458012
50228295304
1781706459011
50322882952
1781706460011
50417797748
1781706461012
50512320761
1781706462011
50607045128
1781706463013
50701606409
1781706464011
50796880213
1781706465010
50891719875
1781706466011
50987365565
1781706467013
51081736723
1781706468012
51176150971
1781706469011
51271133149
1781706470010
51366313081
1781706471011
51461586214
1781706472014
51556018284
1781706473011
51650815344
1781706474011
51746112829
1781706475011
51840600442
1781706476010
51935846963
1781706477010
52030704813
1781706478011
52125643169
1781706479011
52220563153
1781706480013
52315185469
1781706481011
52410015060
1781706482011
52504761949
1781706483010
52599759448
1781706484011
52694976977
1781706485011
52789733815
1781706486011
52885014028
1781706487011
52980002249
1781706488011
53074745659
1781706489011
53169732842
1781706490009
53264855768
1781706491011
53359218990
1781706492011
53454326901
1781706493014
53548536926
1781706494010
53643740662
1781706495011
53738631471
1781706496011
53833961488
1781706497011
53928539005
1781706498011
54022159493
1781706499012
54116942942
1781706500011
54211903026
1781706501012
54306744519
1781706502011
54401736707
1781706503011
54496908583
1781706504014
54592119154
1781706505011
54686468827
1781706506013
54781152850
1781706507014
54876087483
1781706508013
54970924154
1781706509010
55065956931
1781706510009
55161151145
1781706511014
55255922387
1781706512011
55353178730
1781706513035
55445966456
1781706514011
55541428553
1781706515011
55636105801
1781706516011
55731647731
1781706517010
55826696377
1781706518010
55921845914
1781706519011
56017172879
1781706520011
56112197172
1781706521011
56207477324
1781706522010
56302320404
1781706523011
56397002779
1781706524011
56492304109
1781706525011
56587122226
1781706526010
56681563879
1781706527010
56774419964
1781706528011
56868331528
1781706529011
56963653305
1781706530012
57059012253
1781706531010
57154501938
1781706532011
57250150375
1781706533010
57345074753
1781706534011
57440808578
1781706535011
57536031296
1781706536011
57631040208
1781706537009
57726799728
1781706538014
57821672593
1781706539012
57917113877
1781706540010
58012655076
1781706541011
58108309189
1781706542014
58203170213
1781706543010
58299119979
1781706544011
58394732589
1781706545011
58490023482
1781706546010
58585853437
1781706547011
58680881575
1781706548011
58776834455
1781706549014
58871991682
1781706550010
58967478437
1781706551011
59062901532
1781706552011
59158211225
1781706553013
59253646100
1781706554011
59349272076
1781706555011
59444546857
1781706556011
59540373882
1781706557011
59635756389
1781706558011
59730841168
1781706559014
59826372661
1781706560012
59921553631
1781706561013
60017309123
1781706562014
60112502056
1781706563010
60207963115
1781706564013
60303171734
1781706565010
60398260724
1781706566011
60493889874
1781706567011
60589292522
1781706568011
60684842876
1781706569011
60780501261
1781706570011
60876208841
1781706571014
60971069316
1781706572010
61066261211
1781706573011
61161637004
1781706574011
61257393656
1781706575011
61352326519
1781706576011
61447729045
1781706577010
61543644327
1781706578014
61638737773
1781706579010
61733979350
1781706580011
61829226726
1781706581011
61924144025
1781706582011
62019578228
1781706583011
62114880170
1781706584010
62210453838
1781706585014
62305070845
1781706586011
62400566938
1781706587011
62495487350
1781706588010
62590144578
1781706589013
62685209032
1781706590013
62780044849
1781706591009
62875640673
1781706592011
62971290148
1781706593011
63066947068
1781706594011
63162348802
1781706595010
63257218920
1781706596011
63352850816
1781706597010
63448515000
1781706598014
63543797959
1781706599012
63639035203
1781706600010
63734148912
1781706601010
63829588854
1781706602011
63924799669
1781706603010
64020041735
1781706604010
64115544481
1781706605011
64210655688
1781706606013
64305752674
1781706607010
64400794911
1781706608011
64495631948
1781706609011
64590812552
1781706610011
64685663872
1781706611011
64780641656
1781706612010
64875581598
1781706613011
64970741084
1781706614014
65065745845
1781706615009
65160825619
1781706616011
65256443355
1781706617011
65351072813
1781706618010
65445972777
1781706619010
65541242614
1781706620011
65636214600
1781706621011
65731333497
1781706622011
65826976685
1781706623011
65922770019
1781706624014
66018244261
1781706625011
66113394653
1781706626010
66209168760
1781706627011
66304358336
1781706628011
66400200742
1781706629014
66495507505
1781706630011
66590445189
1781706631010
66686013487
1781706632014
66782996027
1781706633034
66875861939
1781706634008
66971646179
1781706635011
67066611451
1781706636011
67162077576
1781706637010
67257786620
1781706638013
67353171142
1781706639010
67448572875
1781706640010
67544110228
1781706641011
67639367980
1781706642011
67734956541
1781706643011
67830233275
1781706644010
67926319333
1781706645011
68021746396
1781706646011
68117521480
1781706647010
68212906917
1781706648011
68308322322
1781706649011
68403767329
1781706650011
68499288203
1781706651010
68594469234
1781706652011
68689706295
1781706653011
68785007564
1781706654011
68879448424
1781706655014
68974322143
1781706656013
69069993651
1781706657014
69165738035
1781706658011
69261520138
1781706659014
69356302977
1781706660011
69451172729
1781706661010
69546270447
1781706662010
69641117311
1781706663010
69736203127
1781706664009
69832198121
1781706665011
69927415833
1781706666014
70022719728
1781706667011
70117827822
1781706668011
70212907839
1781706669010
70308192935
1781706670011
70403253177
1781706671012
70497363105
1781706672011
70592681953
1781706673011
70688181098
1781706674014
70783776556
1781706675011
70878746528
1781706676011
70974302375
1781706677014
71068778756
1781706678011
71163374034
1781706679009
71259021616
1781706680011
71354271739
1781706681010
71449945383
1781706682011
71545402658
1781706683014
71640052562
1781706684011
71735407665
1781706685010
71830441846
1781706686011
71926191784
1781706687013
72021276074
1781706688010
72116390210
1781706689010
72211684461
1781706690011
72306962842
1781706691014
72401773635
1781706692011
72496552445
1781706693011
72591059161
1781706694011
72687181840
1781706695013
72781759356
1781706696011
72877234454
1781706697013
72972068806
1781706698011
73067498981
1781706699014
73162168234
1781706700010
73257351523
1781706701011
73352487327
1781706702011
73447815146
1781706703011
73543490561
1781706704015
73638674826
1781706705014
73733685386
1781706706014
73828952537
1781706707011
73923479822
1781706708011
74017997586
1781706709011
74113690944
1781706710014
74208538968
1781706711013
74303896512
1781706712009
74399463101
1781706713011
74494848355
1781706714013
74590197049
1781706715011
74685629421
1781706716014
74780734342
1781706717010
74876421963
1781706718014
74971580228
1781706719011
75067363857
1781706720014
75162870631
1781706721013
75257778531
1781706722010
75352214690
1781706723011
75446409884
1781706724011
75542002473
1781706725011
75636734470
1781706726010
75732058383
1781706727011
75826867772
1781706728013
75921982702
1781706729011
76017617650
1781706730013
76112869420
1781706731011
76208184667
1781706732014
76303069434
1781706733011
76398228004
1781706734011
76493921118
1781706735012
76588746620
1781706736011
76684125343
1781706737010
76779347511
1781706738010
76874838234
1781706739014
76969496927
1781706740011
77065259072
1781706741013
77160448831
1781706742014
77255606790
1781706743014
77350717447
1781706744014
77446088480
1781706745013
77541326884
1781706746013
77636349224
1781706747011
77731786723
1781706748011
77826903606
1781706749010
77922147747
1781706750013
78017365033
1781706751011
78112992168
1781706752011
78207897565
1781706753010
78303042585
1781706754012
78398731488
1781706755012
78493661665
1781706756014
78588886397
1781706757011
78683903427
1781706758010
78779806257
1781706759014
78875145247
1781706760011
78970554548
1781706761011
79066298200
1781706762011
79161580854
1781706763011
79256599959
1781706764011
79351051804
1781706765011
79444636281
1781706766011
79540704883
1781706767014
79647352681
1781706768135
79730405691
1781706769014
79825591544
1781706770011
79921098746
1781706771012
80016065299
1781706772011
80111180290
1781706773011
80206368706
1781706774011
80302204948
1781706775011
80397383842
1781706776012
80493460562
1781706777014
80589097219
1781706778013
80684483510
1781706779011
80780027211
1781706780013
80875277272
1781706781012
80970408682
1781706782011
81065867910
1781706783011
81160629935
1781706784011
81256005790
1781706785011
81349476986
1781706786011
81444778988
1781706787011
81540209103
1781706788011
81636150813
1781706789011
81731444697
1781706790011
81827031794
1781706791011
81921151365
1781706792013
81982590355
1781706793011
82029302943
1781706794014
82082317700
1781706795011
82136499080
1781706796011
82191166360
1781706797011
82239850622
1781706798009
82290605131
1781706799011
82346088998
1781706800013
82404310467
1781706801011
82495910452
1781706802011
82590999137
1781706803012
82686102776
1781706804011
82781701103
1781706805011
82875722285
1781706806014
82970597775
1781706807011
83066456782
1781706808015
83161346188
1781706809011
83257123287
1781706810013
83352373104
1781706811011
83448007563
1781706812011
83543401789
1781706813011
83638454464
1781706814011
83734794915
1781706815011
83830138177
1781706816011
83925826409
1781706817010
84021543144
1781706818012
84116990287
1781706819011
84212302787
1781706820011
84307936209
1781706821010
84403391836
1781706822011
84498892324
1781706823011
84594548329
1781706824014
84690112599
1781706825012
84785243337
1781706826011
84880902760
1781706827011
84976331166
1781706828012
85071303029
1781706829011
85166989918
1781706830014
85262217580
1781706831011
85358074451
1781706832010
85453668872
1781706833010
85549341906
1781706834011
85645299363
1781706835012
85740604356
1781706836011
85836050644
1781706837011
85931583115
1781706838012
86027005905
1781706839011
86122489242
1781706840011
86217925704
1781706841011
86313767500
1781706842014
86420841506
1781706843137
86503862472
1781706844011
86599831831
1781706845010
86696588480
1781706846011
86792485879
1781706847013
86887713724
1781706848011
86983350442
1781706849011
87079524146
1781706850014
87174993384
1781706851011
87270253943
1781706852011
87365941992
1781706853011
87461582005
1781706854011
87557467807
1781706855010
87652809726
1781706856010
87748750582
1781706857011
87844174715
1781706858011
87939466341
1781706859010
88034823519
1781706860012
88129993197
1781706861011
88225756075
1781706862014
88321319368
1781706863010
88417545623
1781706864014
88512911956
1781706865011
88608405974
1781706866014
88704003019
1781706867011
88799303068
1781706868011
88894768766
1781706869011
88990521939
1781706870011
89086082852
1781706871013
89181490872
1781706872009
89274718965
1781706873011
89369133946
1781706874010
89464987460
1781706875009
89560667147
1781706876011
89656408235
1781706877011
89751814912
1781706878011
89847302827
1781706879011
89942848053
1781706880010
90038206513
1781706881011
90133759796
1781706882014
90228841279
1781706883011
90324039826
1781706884011
90419917083
1781706885014
90515187592
1781706886013
90610961333
1781706887011
90706406340
1781706888011
90801703521
1781706889011
90897519499
1781706890013
90993300198
1781706891013
91088728177
1781706892011
91184060208
1781706893011
91279386014
1781706894013
91375029690
1781706895014
91470362698
1781706896011
91565973232
1781706897011
91661849146
1781706898010
91757104944
1781706899011
91852262049
1781706900011
91947878870
1781706901011
92043231836
1781706902011
92138443141
1781706903013
92233006497
1781706904012
92328897243
1781706905011
92424911584
1781706906011
92520685204
1781706907011
92615765100
1781706908011
92711484093
1781706909014
92806437952
1781706910012
92901720850
1781706911011
92997300805
1781706912014
93092042506
1781706913010
93187146205
1781706914011
93283050318
1781706915011
93377837001
1781706916010
93473647913
1781706917011
93571096761
1781706918035
93663820217
1781706919011
93759595118
1781706920012
93854747829
1781706921011
93948208832
1781706922011
94041236060
1781706923010
94136240883
1781706924011
94231717384
1781706925011
94326640481
1781706926011
94422284157
1781706927010
94517726173
1781706928011
94612950722
1781706929011
94708765296
1781706930014
94803748878
1781706931011
94899074989
1781706932014
95005672861
1781706933135
95088560466
1781706934010
95183409955
1781706935011
95276590380
1781706936011
95370460562
1781706937011
95466024466
1781706938011
95561332693
1781706939010
95656413261
1781706940011
95751730582
1781706941011
95847250541
1781706942011
95942731436
1781706943011
96038205313
1781706944010
96134032826
1781706945010
96229207082
1781706946013
96324971180
1781706947011
96420013479
1781706948011
96514781119
1781706949010
96610338797
1781706950011
96705987661
1781706951011
96801460195
1781706952010
96897064503
1781706953014
96992144094
1781706954011
97087834889
1781706955010
97182493094
1781706956011
97277998343
1781706957010
97373085074
1781706958010
97468520072
1781706959014
97564176016
1781706960014
97659629690
1781706961011
97755366933
1781706962011
97862487508
1781706963137
97945178092
1781706964012
98040570060
1781706965011
98136222952
1781706966012
98231937063
1781706967011
98327517751
1781706968012
98422626455
1781706969011
98517884756
1781706970011
98613676686
1781706971014
98708560049
1781706972011
98803920584
1781706973011
98899283194
1781706974011
98995032521
1781706975013
99089991018
1781706976011
99185826405
1781706977014
99281086110
1781706978013
99375762626
1781706979011
99470748039
1781706980011
99566001702
1781706981011
99661078363
1781706982011
99756434320
1781706983010
99851882806
1781706984010
99947272942
1781706985011
100042429010
1781706986010
100138398125
1781706987011
100233869560
1781706988011
100328834954
1781706989011
100424101006
1781706990011
100518895625
1781706991011
100614063350
1781706992011
100709057125
1781706993010
100803624022
1781706994011
100897234683
1781706995010
100991780767
1781706996010
101087703373
1781706997013
101183165347
1781706998013
101278059025
1781706999011
101373301640
1781707000011
101468184515
1781707001011
101563385504
1781707002011
101658909613
1781707003011
101754089423
1781707004011
101849710882
1781707005011
101944690070
1781707006011
102040056403
1781707007011
102135790350
1781707008013
102230167245
1781707009010
102325352914
1781707010011
102420643747
1781707011010
102515898996
1781707012011
102611277902
1781707013014
102706639719
1781707014014
102801933603
1781707015011
102896870738
1781707016011
102992540171
1781707017012
103087864512
1781707018011
103183436167
1781707019010
103279196175
1781707020014
103374012400
1781707021011
103469249156
1781707022011
103564585765
1781707023014
103659642223
1781707024014
103752899980
1781707025011
103847456867
1781707026008
103943769059
1781707027013
104038556170
1781707028011
104133926043
1781707029014
104228827533
1781707030011
104323668721
1781707031014
104418672750
1781707032014
104513741965
1781707033011
104608748009
1781707034011
104704242820
1781707035011
104799073815
1781707036013
104894139429
1781707037011
104989276575
1781707038010
105084140896
1781707039010
105179241970
1781707040012
105274117460
1781707041011
105369620267
1781707042013
105464522063
1781707043011
105559321564
1781707044011
105654912506
1781707045011
105750057221
1781707046014
105845277680
1781707047011
105940373567
1781707048011
106035962372
1781707049014
106131288850
1781707050011
106226630647
1781707051011
106321772310
1781707052011
106416730380
1781707053012
106511257725
1781707054010
106606865513
1781707055011
106701555517
1781707056010
106797520542
1781707057010
106892894017
1781707058010
106988449253
1781707059011
107083909153
1781707060011
107179041905
1781707061013
107274131932
1781707062011
107369182409
1781707063014
107463859840
1781707064011
107558543252
1781707065010
107652935528
1781707066014
107748207013
1781707067011
107843029768
1781707068011
107937791244
1781707069011
108032908249
1781707070014
108127806138
1781707071013
108222750414
1781707072014
108318002551
1781707073013
108413002918
1781707074014
108508189015
1781707075011
108602864370
1781707076011
108698053214
1781707077010
108793592459
1781707078012
108888893484
1781707079012
108984376211
1781707080011
109079397574
1781707081011
109174806754
1781707082014
109269927360
1781707083014
109364054011
1781707084011
109459308894
1781707085011
109553994260
1781707086011
109649950984
1781707087012
109744955258
1781707088011
109840243222
1781707089011
109935760128
1781707090011
110031254085
1781707091011
110126077695
1781707092011
110221236387
1781707093014
110316054809
1781707094011
110411540343
1781707095011
110506404785
1781707096011
110602059631
1781707097014
110696913636
1781707098011
110792200624
1781707099014
110887145083
1781707100013
110981818424
1781707101011
111076866948
1781707102011
111171721442
1781707103010
111266751106
1781707104011
111362185737
1781707105013
111456883553
1781707106011
111552257089
1781707107014
111646880687
1781707108011
111742192943
1781707109010
111837760935
1781707110011
111932884288
1781707111012
112028034496
1781707112011
112123091382
1781707113012
112217680617
1781707114011
112313066908
1781707115010
112408180373
1781707116011
112504254712
1781707117013
112599358900
1781707118011
112694607436
1781707119011
112789945754
1781707120014
112882896443
1781707121011
112978303853
1781707122014
113073389974
1781707123011
113168794515
1781707124011
113264392842
1781707125011
113359444357
1781707126011
113455124104
1781707127011
113562534840
1781707128138
113645437399
1781707129011
113741109212
1781707130011
113836610433
1781707131010
113931928792
1781707132011
114027068624
1781707133011
114122319235
1781707134011
114217438620
1781707135011
114310164579
1781707136011
114403743990
1781707137011
114499054721
1781707138014
114594243320
1781707139011
114689304417
1781707140011
114784191625
1781707141010
114879268042
1781707142011
114974423438
1781707143014
115069454139
1781707144014
115164591530
1781707145012
115259769631
1781707146010
115355960547
1781707147011
115450767555
1781707148010
115545950173
1781707149013
115641176858
1781707150011
115736839272
1781707151011
115832172035
1781707152011
115927112771
1781707153011
116022189981
1781707154011
116117465372
1781707155011
116212611796
1781707156014
116307612835
1781707157011
116404827124
1781707158035
116497247115
1781707159014
116592348678
1781707160014
116687386826
1781707161011
116783025314
1781707162014
116877844041
1781707163011
116972544238
1781707164011
117068109972
1781707165011
117162911426
1781707166011
117258211231
1781707167011
117353657215
1781707168014
117448213369
1781707169011
117543434866
1781707170011
117638631278
1781707171011
117733550224
1781707172010
117830581897
1781707173035
117921534240
1781707174012
118015673709
1781707175011
118110584660
1781707176011
118205763310
1781707177010
118300768255
1781707178012
118395552375
1781707179011
118490467781
1781707180011
118585287424
1781707181011
118679897106
1781707182011
118774408522
1781707183010
118869055069
1781707184011
118964131058
1781707185011
119058289875
1781707186011
119153122701
1781707187010
119249994462
1781707188035
119342030665
1781707189011
119437140712
1781707190012
119531943203
1781707191014
119626555876
1781707192010
119721476654
1781707193012
119816236177
1781707194011
119911097323
1781707195010
120005542821
1781707196011
120100375342
1781707197012
120195184731
1781707198012
120290266152
1781707199011
120385609170
1781707200011
120480299052
1781707201011
120575280559
1781707202011
120672495520
1781707203035
120764231492
1781707204011
120859394395
1781707205014
120953527272
1781707206013
121048345694
1781707207010
121142771111
1781707208010
121237915887
1781707209014
121332254635
1781707210010
121426980711
1781707211011
121521482483
1781707212011
121616639466
1781707213014
121711472841
1781707214014
121806091556
1781707215010
121900755194
1781707216012
121995650214
1781707217011
122090532906
1781707218014
122184804820
1781707219014
122279020644
1781707220012
122373720352
1781707221014
122468908524
1781707222011
122564257401
1781707223013
122659450273
1781707224011
122754339190
1781707225011
122848823018
1781707226011
122943873800
1781707227011
123038892417
1781707228014
123133597557
1781707229011
123228415125
1781707230011
123323045925
1781707231013
123417671781
1781707232010
123512529937
1781707233011
123607273347
1781707234011
123702933868
1781707235011
123797051792
1781707236011
123892413547
1781707237012
123987365208
1781707238011
124081642555
1781707239011
124176653847
1781707240010
124271247843
1781707241011
124365872784
1781707242011
124460969587
1781707243014
124554902635
1781707244011
124649989061
1781707245014
124744392750
1781707246011
124839210256
1781707247012
124933801567
1781707248010
125028673944
1781707249011
125123576289
1781707250011
125218283993
1781707251011
125312779540
1781707252010
125407510376
1781707253010
125502221621
1781707254011
125597040409
1781707255012
125691553350
1781707256011
125786613776
1781707257014
125881122506
1781707258014
125975857493
1781707259011
126070774914
1781707260014
126165617139
1781707261014
126260231155
1781707262012
126354836320
1781707263011
126449192463
1781707264011
126544523396
1781707265014
126638731040
1781707266011
126733703637
1781707267009
126829051537
1781707268010
126923764307
1781707269012
127018326931
1781707270011
127113070280
1781707271012
127207729279
1781707272011
127302509614
1781707273011
127397153598
1781707274011
127492259251
1781707275012
127586577430
1781707276011
127681499306
1781707277011
127776533853
1781707278014
127870425641
1781707279011
127965462263
1781707280011
128060483382
1781707281012
128155166733
1781707282014
128250177354
1781707283014
128344649281
1781707284011
128439758107
1781707285014
128534260428
1781707286011
128629075493
1781707287011
128723709589
1781707288010
128818693355
1781707289014
128913524899
1781707290013
129008801999
1781707291013
129103492248
1781707292014
129199961117
1781707293035
129292066045
1781707294012
129387168218
1781707295011
129482304144
1781707296014
129577258613
1781707297014
129672567024
1781707298014
129767189584
1781707299011
129862281199
1781707300014
129956852551
1781707301010
130051775587
1781707302011
130146894606
1781707303011
130241960952
1781707304013
130336986954
1781707305012
130431316668
1781707306011
130526285236
1781707307013
130620581504
1781707308011
130715003381
1781707309014
130809800929
1781707310012
130904538662
1781707311011
130999161345
1781707312012
131094587553
1781707313014
131188822114
1781707314011
131284223542
1781707315013
131378423741
1781707316011
131473511754
1781707317010
131568436316
1781707318011
131663453956
1781707319011
131758842506
1781707320011
131854360816
1781707321013
131949406837
1781707322014
132043923014
1781707323011
132138495586
1781707324011
132233512067
1781707325010
132328198836
1781707326011
132423317916
1781707327011
132518500595
1781707328011
132613479173
1781707329014
132708365710
1781707330014
132803007984
1781707331011
132896403680
1781707332013
132991201045
1781707333011
133086625850
1781707334014
133181964473
1781707335013
133276910763
1781707336014
133372056576
1781707337010
133466740660
1781707338011
133561553650
1781707339013
133656575746
1781707340013
133751228518
1781707341011
133846455081
1781707342011
133941424626
1781707343010
134036745671
1781707344010
134132118901
1781707345010
134226989385
1781707346011
134322552495
1781707347013
134416928230
1781707348011
134511577158
1781707349011
134606584239
1781707350014
134701259472
1781707351012
134796765942
1781707352013
134891700757
1781707353014
134986300125
1781707354011
135081690261
1781707355011
135176390641
1781707356011
135271161273
1781707357011
135365701680
1781707358011
135459704735
1781707359011
135554637293
1781707360011
135649526454
1781707361013
135744693508
1781707362013
135839668545
1781707363014
135933827057
1781707364010
136028894135
1781707365011
136123908601
1781707366012
136219121309
1781707367011
136315838713
1781707368035
136408073707
1781707369012
136502847390
1781707370011
136597821085
1781707371014
136692945963
1781707372014
136787388165
1781707373011
136881883529
1781707374011
136976778183
1781707375011
137071863816
1781707376013
137166866869
1781707377011
137261728870
1781707378011
137356564076
1781707379011
137451836659
1781707380014
137546788687
1781707381014
137641544060
1781707382012
137736466912
1781707383013
137831324335
1781707384013
137926663142
1781707385014
138021584896
1781707386014
138116650387
1781707387011
138211825925
1781707388014
138306590697
1781707389013
138401247437
1781707390011
138496149477
1781707391011
138591261965
1781707392011
138686189701
1781707393011
138781332829
1781707394013
138876649906
1781707395013
138971254095
1781707396011
139066497992
1781707397011
139161195382
1781707398010
139254115188
1781707399014
139338546734
1781707400011
139396781937
1781707401011
139443649004
1781707402010
139499168332
1781707403012
139550675952
1781707404012
139602711646
1781707405011
139649527872
1781707406014
139692889821
1781707407014
139733086069
1781707408011
139773858547
1781707409012
139814521224
1781707410015
139855354310
1781707411014
139896567706
1781707412014
139937859165
1781707413013
139980203600
1781707414012
140025793266
1781707415012
140068933109
1781707416015
140110256795
1781707417012
140151735387
1781707418010
140194011280
1781707419013
140236057681
1781707420016
140276286094
1781707421013
140317204996
1781707422012
140357268858
1781707423013
140397418963
1781707424012
140439546357
1781707425015
140481809066
1781707426013
140523576904
1781707427015
140565831800
1781707428037
140609833824
1781707429013
140654700347
1781707430015
140695740281
1781707431014
140736158391
1781707432015
140776806053
1781707433012
140817156963
1781707434012
140860224907
1781707435013
140902838628
1781707436013
140944823628
1781707437014
140984740274
1781707438015
141024824400
1781707439014
141064322040
1781707440013
141104875037
1781707441013
141146339103
1781707442012
141186194531
1781707443012
141229132532
1781707444014
141274309296
1781707445015
141319191871
1781707446015
141361244437
1781707447012
141401801401
1781707448010
141443265650
1781707449012
141483457503
1781707450015
141523816164
1781707451012
141564619405
1781707452015
141604512552
1781707453015
141646033442
1781707454014
141687738108
1781707455012
141730563377
1781707456013
141771454080
1781707457013
141812252865
1781707458013
141855164987
1781707459011
141901023817
1781707460014
141942112823
1781707461016
141983645920
1781707462014
142023739323
1781707463014
142064524192
1781707464012
142107700351
1781707465015
142150164292
1781707466014
142191974000
1781707467015
142232485676
1781707468014
142272630654
1781707469014
142312324278
1781707470013
142352582475
1781707471013
142394147188
1781707472013
142434052726
1781707473015
142476749089
1781707474015
142522747201
1781707475012
142565855428
1781707476013
142607720494
1781707477015
142647612665
1781707478011
142689271921
1781707479015
142729959561
1781707480014
142769898912
1781707481015
142810901309
1781707482012
142850720727
1781707483014
142891503764
1781707484015
142933083309
1781707485012
142975845284
1781707486015
143017573632
1781707487012
143058870828
1781707488015
143100977044
1781707489013
143144234746
1781707490012
143184375146
1781707491015
143224794110
1781707492014
143264924683
1781707493013
143305029683
1781707494012
143347528720
1781707495014
143388976673
1781707496012
143431182131
1781707497012
143471316001
1781707498015
143510297712
1781707499012
143550324893
1781707500012
143590702963
1781707501013
143632216895
1781707502015
143672183528
1781707503014
143714745065
1781707504012
143759513932
1781707505012
143802043181
1781707506011
143843461654
1781707507014
143883987246
1781707508015
143925798174
1781707509013
143966182471
1781707510013
144005704220
1781707511014
144046986585
1781707512013
144087583466
1781707513015
144128642992
1781707514012
144170336245
1781707515013
144212220842
1781707516012
144254456086
1781707517015
144295738267
1781707518014
144337723145
1781707519015
144380218459
1781707520015
144420324496
1781707521016
144460312126
1781707522015
144499890760
1781707523014
144540972259
1781707524014
144583173201
1781707525013
144625743282
1781707526015
144666807874
1781707527013
144706927034
1781707528011
144746693290
1781707529013
144787090464
1781707530012
144826923980
1781707531012
144867952257
1781707532014
144909458864
1781707533015
144951669328
1781707534014
144996578026
1781707535012
145039568211
1781707536015
145080987905
1781707537015
145120967661
1781707538015
145163033777
1781707539012
145203414899
1781707540011
145242580326
1781707541011
145283616537
1781707542015
145323227214
1781707543014
145362734010
1781707544015
145404543656
1781707545015
145447543852
1781707546015
145489121504
1781707547012
145530166382
1781707548013
145573890452
1781707549014
145619853835
1781707550015
145659460179
1781707551015
145699463495
1781707552015
145739419508
1781707553015
145779912447
1781707554016
145822879439
1781707555013
145865187802
1781707556013
145906401381
1781707557012
145946625521
1781707558015
145986314018
1781707559015
146025328932
1781707560013
146065205295
1781707561015
146106224844
1781707562012
146147971807
1781707563015
146190428058
1781707564015
146233342682
1781707565014
146275887983
1781707566015
146317087280
1781707567012
146357523273
1781707568015
146400258209
1781707569014
146440405385
1781707570015
146480399667
1781707571012
146521619471
1781707572013
146562271467
1781707573013
146602608399
1781707574015
146644807022
1781707575014
146687272611
1781707576015
146729710674
1781707577014
146771897395
1781707578037
146814224435
1781707579015
146860203321
1781707580014
146901700407
1781707581013
146942290269
1781707582014
146982933293
1781707583014
147024137472
1781707584012
147067004427
1781707585015
147108778246
1781707586014
147150903322
1781707587014
147191639728
1781707588015
147232858983
1781707589014
147272699030
1781707590012
147312678115
1781707591013
147353704865
1781707592012
147400874544
1781707593138
147438848568
1781707594015
147481732309
1781707595012
147525243428
1781707596015
147567127171
1781707597012
147607537162
1781707598012
147649910955
1781707599010
147690084864
1781707600012
147729599716
1781707601014
147769871402
1781707602013
147810604208
1781707603015
147851574562
1781707604015
147893564201
1781707605014
147936892948
1781707606015
147978437763
1781707607014
148020579928
1781707608014
148063085740
1781707609015
148103897708
1781707610012
148143855980
1781707611014
148183760785
1781707612014
148223133792
1781707613014
148264234273
1781707614012
148306386508
1781707615012
148348831651
1781707616015
148390658937
1781707617013
148431263447
1781707618016
148471442666
1781707619014
148511865536
1781707620014
148552228347
1781707621013
148593762360
1781707622015
148635002672
1781707623038
148676371584
1781707624012
148723287053
1781707625014
148766032976
1781707626014
148807735201
1781707627013
148848922534
1781707628013
148890256169
1781707629011
148932281330
1781707630013
148971683206
1781707631014
149011763914
1781707632014
149052495072
1781707633014
149092813267
1781707634014
149135874009
1781707635015
149178844602
1781707636014
149220390089
1781707637015
149262062773
1781707638037
149303099594
1781707639013
149343821047
1781707640012
149384402914
1781707641012
149425127358
1781707642013
149464848265
1781707643015
149505058489
1781707644012
149547086274
1781707645013
149589693709
1781707646014
149631728575
1781707647014
149672746841
1781707648015
149714869902
1781707649015
149754600025
1781707650012
149794302255
1781707651012
149835610743
1781707652012
149876239606
1781707653013
149918891047
1781707654016
149964244142
1781707655014
150007264723
1781707656015
150048696745
1781707657013
150088798999
1781707658013
150130399539
1781707659014
150172689104
1781707660015
150212615881
1781707661013
150253828850
1781707662013
150293743420
1781707663015
150333447054
1781707664012
150375740830
1781707665012
150418611021
1781707666013
150460171278
1781707667015
150501695464
1781707668011
150545047220
1781707669015
150590892806
1781707670013
150631093448
1781707671014
150671736166
1781707672015
150711149517
1781707673013
150751650634
1781707674012
150793890150
1781707675015
150836146817
1781707676015
150878164715
1781707677011
150919010924
1781707678012
150959845658
1781707679012
151000290440
1781707680015
151040324029
1781707681014
151082017464
1781707682015
151122496365
1781707683012
151165300821
1781707684015
151211948284
1781707685012
151255236931
1781707686012
151296214060
1781707687013
151336791287
1781707688015
151377539169
1781707689015
151420211911
1781707690014
151460050676
1781707691014
151500987827
1781707692014
151540145076
1781707693011
151580359572
1781707694014
151621567658
1781707695015
151664922832
1781707696015
151706853084
1781707697013
