30501337047
1781704949903
30502378610
1781704950025
30510264689
1781704951022
30517886414
1781704952023
30525534180
1781704953027
30533080768
1781704954024
30540558551
1781704955022
30548262070
1781704956021
30556013219
1781704957022
30563500488
1781704958023
30571068648
1781704959023
30578528913
1781704960024
30585968018
1781704961022
30593607629
1781704962025
30600975390
1781704963022
30608735091
1781704964026
30616565967
1781704965026
30624037677
1781704966023
30631617327
1781704967022
30641020019
1781704968237
30647027242
1781704969023
30654621275
1781704970022
30662288717
1781704971023
30670115952
1781704972023
30677881498
1781704973023
30685437969
1781704974023
30693484422
1781704975024
30702678330
1781704976023
30717047708
1781704977026
30732524178
1781704978021
30749259915
1781704979019
30766832714
1781704980021
30784360685
1781704981019
30801917052
1781704982018
30819484864
1781704983018
30837006807
1781704984018
30854614552
1781704985022
30872101549
1781704986019
30889642662
1781704987018
30907287663
1781704988020
30924822197
1781704989019
30942444523
1781704990021
30959912533
1781704991019
30977459843
1781704992018
30995121260
1781704993023
31012691780
1781704994022
31030197046
1781704995019
31047851593
1781704996019
31065460470
1781704997020
31082985167
1781704998018
31100683197
1781704999021
31118141277
1781705000019
31135753704
1781705001023
31153208602
1781705002018
31170817969
1781705003022
31188425377
1781705004022
31205975640
1781705005020
31223477295
1781705006018
31241116206
1781705007018
31258692310
1781705008019
31276277855
1781705009019
31293872977
1781705010023
31311299478
1781705011018
31328875414
1781705012021
31348476566
1781705013135
31363987935
1781705014018
31381698955
1781705015021
31399254221
1781705016021
31416834686
1781705017020
31434428110
1781705018020
31451910303
1781705019018
31469493736
1781705020018
31487016245
1781705021018
31504589764
1781705022021
31522154592
1781705023018
31539743625
1781705024022
31557366165
1781705025022
31574898971
1781705026019
31592423958
1781705027018
31610225569
1781705028021
31627699056
1781705029018
31645198569
1781705030018
31662816443
1781705031021
31680275808
1781705032020
31697807818
1781705033021
31715409856
1781705034021
31732929978
1781705035020
31750532016
1781705036019
31768121952
1781705037018
31785670042
1781705038021
31803245810
1781705039018
31820780375
1781705040018
31838403343
1781705041018
31856009436
1781705042021
31873507525
1781705043019
31891088526
1781705044018
31908731476
1781705045021
31926262767
1781705046019
31943935017
1781705047019
31961553395
1781705048022
31979182743
1781705049022
31996753355
1781705050019
32014301292
1781705051019
32031930396
1781705052021
32049471647
1781705053018
32067134350
1781705054023
32084706293
1781705055017
32102288747
1781705056019
32119888107
1781705057019
32137576820
1781705058021
32155089062
1781705059018
32172773567
1781705060021
32190316685
1781705061019
32207881238
1781705062018
32225479757
1781705063021
32242932711
1781705064018
32260601580
1781705065022
32278162415
1781705066019
32295783211
1781705067022
32313263996
1781705068018
32330956044
1781705069025
32348401012
1781705070019
32365956814
1781705071019
32383490660
1781705072018
32403154602
1781705073135
32418680859
1781705074017
32436249313
1781705075018
32453898796
1781705076019
32471519332
1781705077020
32489140801
1781705078022
32506822185
1781705079021
32524385896
1781705080021
32541941300
1781705081018
32559528329
1781705082018
32577109008
1781705083021
32594732175
1781705084019
32612352910
1781705085020
32629906890
1781705086018
32647538151
1781705087018
32665527983
1781705088042
32682742564
1781705089022
32700329914
1781705090021
32717776810
1781705091018
32735497545
1781705092021
32753030672
1781705093018
32770659684
1781705094018
32788325554
1781705095018
32805550600
1781705096017
32822803385
1781705097018
32840363562
1781705098019
32857875544
1781705099019
32875565481
1781705100022
32893080293
1781705101022
32910656092
1781705102021
32930281019
1781705103135
32945791012
1781705104018
32963428668
1781705105021
32981014182
1781705106019
32998587058
1781705107019
33016151642
1781705108022
33033625588
1781705109018
33051174092
1781705110018
33068707280
1781705111018
33086294293
1781705112022
33103910468
1781705113022
33121421135
1781705114019
33139027992
1781705115021
33156608824
1781705116020
33174149831
1781705117018
33191801930
1781705118020
33209257226
1781705119019
33226865583
1781705120019
33244454662
1781705121019
33262052523
1781705122019
33279608875
1781705123018
33297240121
1781705124018
33314839741
1781705125019
33332473588
1781705126018
33350114488
1781705127019
33367683646
1781705128020
33385227881
1781705129017
33402855225
1781705130018
33420459191
1781705131022
33438067471
1781705132021
33455591541
1781705133019
33473227973
1781705134021
33490828787
1781705135018
33508428423
1781705136020
33526021908
1781705137018
33543663298
1781705138018
33561271318
1781705139019
33578910168
1781705140018
33596429203
1781705141019
33614021388
1781705142021
33631606321
1781705143019
33649199469
1781705144021
33666777548
1781705145018
33684394396
1781705146018
33702071634
1781705147021
33719665960
1781705148021
33737180238
1781705149018
33754744944
1781705150019
33772423558
1781705151021
33789985954
1781705152019
33807678491
1781705153022
33825185516
1781705154018
33842850544
1781705155021
33860467194
1781705156019
33878055798
1781705157018
33895628445
1781705158019
33913272069
1781705159019
33930752196
1781705160019
33948356743
1781705161021
33965985587
1781705162021
33987363328
1781705163236
34001177683
1781705164018
34018801539
1781705165018
34036460478
1781705166022
34054118299
1781705167020
34071639431
1781705168018
34089272467
1781705169022
34106871904
1781705170021
34124445805
1781705171021
34142083477
1781705172019
34159599391
1781705173018
34177201001
1781705174022
34194881069
1781705175022
34212449661
1781705176021
34229955661
1781705177019
34251364461
1781705178235
34265121135
1781705179019
34282680042
1781705180018
34300353546
1781705181021
34317904391
1781705182021
34335504333
1781705183018
34353129091
1781705184021
34370720572
1781705185018
34388399125
1781705186019
34406050720
1781705187022
34423661494
1781705188019
34441343934
1781705189022
34458970957
1781705190021
34476597750
1781705191018
34494227894
1781705192022
34511819146
1781705193019
34529470266
1781705194022
34547044382
1781705195019
34564731732
1781705196019
34582355802
1781705197022
34599933162
1781705198019
34617576005
1781705199019
34635159423
1781705200020
34652732452
1781705201019
34670359276
1781705202019
34687904994
1781705203019
34705631452
1781705204019
34723236428
1781705205019
34740873702
1781705206019
34758547833
1781705207018
34776114345
1781705208017
34793752980
1781705209019
34811454805
1781705210021
34828994862
1781705211018
34846572313
1781705212018
34864197439
1781705213018
34881888630
1781705214021
34899589827
1781705215020
34917129044
1781705216019
34934726109
1781705217019
34952392683
1781705218020
34969930109
1781705219019
34987611508
1781705220018
35005188622
1781705221018
35022834097
1781705222019
35040533948
1781705223019
35058135618
1781705224019
35075837198
1781705225018
35093595694
1781705226021
35111139286
1781705227017
35128866402
1781705228018
35146526580
1781705229019
35164124655
1781705230020
35181887526
1781705231022
35199455094
1781705232019
35217124773
1781705233021
35234727224
1781705234019
35252351860
1781705235018
35270004281
1781705236021
35287602892
1781705237019
35305680270
1781705238042
35322885120
1781705239021
35340389269
1781705240018
35358157159
1781705241022
35375755005
1781705242019
35393372679
1781705243018
35411063503
1781705244019
35428711655
1781705245020
35446374251
1781705246020
35464022173
1781705247019
35481606326
1781705248019
35499217268
1781705249021
35516755597
1781705250017
35534338617
1781705251017
35552131263
1781705252021
35569753481
1781705253019
35587417255
1781705254018
35605185160
1781705255019
35622797220
1781705256019
35640479628
1781705257018
35658118662
1781705258022
35675626758
1781705259018
35693332423
1781705260018
35710888622
1781705261018
35728470831
1781705262018
35746240297
1781705263022
35763752371
1781705264017
35781456812
1781705265018
35799136513
1781705266018
35816748725
1781705267020
35838292043
1781705268234
35852169235
1781705269021
35869810655
1781705270020
35887499582
1781705271019
35905101849
1781705272021
35922648394
1781705273020
35940286020
1781705274019
35957914833
1781705275019
35975615403
1781705276021
35993119904
1781705277015
36010733478
1781705278019
36028475388
1781705279022
36046013151
1781705280019
36063660997
1781705281018
36081312500
1781705282018
36098940717
1781705283018
36116613655
1781705284019
36134227719
1781705285019
36151926284
1781705286021
36169538512
1781705287017
36187134170
1781705288018
36204899750
1781705289020
36222545714
1781705290019
36240234105
1781705291024
36257889464
1781705292019
36275538366
1781705293019
36293213385
1781705294021
36310783170
1781705295018
36328477788
1781705296025
36346046809
1781705297019
36363791657
1781705298022
36381428120
1781705299023
36399067934
1781705300018
36416673154
1781705301018
36434304018
1781705302020
36452108689
1781705303020
36469772095
1781705304021
36487463699
1781705305019
36505131772
1781705306024
36522593050
1781705307016
36540341983
1781705308019
36557937580
1781705309018
36575656541
1781705310021
36593328132
1781705311018
36610948653
1781705312019
36628656460
1781705313018
36646309737
1781705314022
36663852090
1781705315020
36681566904
1781705316018
36699178306
1781705317020
36716745001
1781705318018
36734604829
1781705319021
36752114179
1781705320017
36769886277
1781705321020
36787476794
1781705322018
36805131571
1781705323024
36822689958
1781705324018
36840304236
1781705325019
36858011814
1781705326021
36875753449
1781705327019
36893246704
1781705328018
36910943005
1781705329021
36928585863
1781705330019
36946271394
1781705331023
36963812247
1781705332018
36981501724
1781705333022
36999106991
1781705334019
37016727695
1781705335019
37034310776
1781705336023
37051989941
1781705337022
37069682877
1781705338022
37087257711
1781705339021
37104789476
1781705340018
37122438761
1781705341020
37140084235
1781705342018
37157902631
1781705343023
37175415179
1781705344018
37193222298
1781705345022
37210895665
1781705346021
37228473712
1781705347018
37246359412
1781705348023
37263990352
1781705349021
37281616549
1781705350018
37299294582
1781705351020
37316838862
1781705352018
37334533664
1781705353018
37352262386
1781705354021
37369862466
1781705355019
37387558782
1781705356018
37405154364
1781705357019
37422789098
1781705358019
37440392436
1781705359018
37457978777
1781705360019
37475702496
1781705361019
37493378953
1781705362019
37511009082
1781705363017
37528725365
1781705364018
37546430035
1781705365025
37564048429
1781705366026
37581583606
1781705367019
37599146277
1781705368021
37616721708
1781705369021
37634141997
1781705370019
37651675155
1781705371018
37669338622
1781705372021
37686802119
1781705373018
37704466566
1781705374022
37722129452
1781705375020
37739689047
1781705376019
37757370768
1781705377017
37775042176
1781705378019
37792667684
1781705379021
37810295640
1781705380020
37827893394
1781705381018
37845575895
1781705382022
37863194778
1781705383019
37880756853
1781705384018
37898472402
1781705385023
37916069589
1781705386019
37933711928
1781705387022
37951359101
1781705388021
37968930447
1781705389020
37986501793
1781705390019
38004094789
1781705391021
38021585550
1781705392019
38039295636
1781705393024
38056815131
1781705394018
38074468959
1781705395022
38092144560
1781705396019
38109781053
1781705397018
38127388905
1781705398018
38145046238
1781705399022
38162438069
1781705400018
38180148018
1781705401021
38197729539
1781705402019
38215427477
1781705403021
38233079714
1781705404020
38250696501
1781705405019
38268353711
1781705406019
38286024676
1781705407018
38303576331
1781705408018
38321347969
1781705409021
38338950742
1781705410018
38356616917
1781705411022
38374379927
1781705412022
38391964048
1781705413022
38409469803
1781705414018
38427158516
1781705415022
38444608411
1781705416019
38462298194
1781705417023
38481875432
1781705418135
38497400816
1781705419019
38515136331
1781705420018
38532766399
1781705421019
38550388204
1781705422018
38568134338
1781705423021
38585658698
1781705424019
38603439424
1781705425021
38621095670
1781705426022
38638645551
1781705427021
38656105253
1781705428018
38673648814
1781705429017
38691210506
1781705430019
38708856547
1781705431018
38726487517
1781705432022
38744005879
1781705433018
38761675926
1781705434018
38779335966
1781705435022
38797047675
1781705436021
38814663528
1781705437021
38832366271
1781705438024
38850054632
1781705439018
38867677967
1781705440020
38885408250
1781705441021
38903022467
1781705442019
38920660047
1781705443021
38938438937
1781705444023
38955973609
1781705445017
38973633084
1781705446021
38991170632
1781705447018
39008743447
1781705448018
39026436857
1781705449019
39044175355
1781705450022
39061754902
1781705451018
39079447700
1781705452021
39096976436
1781705453018
39114672309
1781705454022
39132410532
1781705455018
39150028222
1781705456019
39167683259
1781705457022
39185205813
1781705458017
39202814277
1781705459018
39220406447
1781705460018
39238077136
1781705461022
39255723819
1781705462019
39273374267
1781705463018
39290971944
1781705464018
39308700972
1781705465019
39326341245
1781705466022
39343928121
1781705467021
39361539874
1781705468021
39379091391
1781705469018
39396685703
1781705470020
39414319917
1781705471018
39431845302
1781705472018
39449352602
1781705473020
39466885102
1781705474019
39484397880
1781705475018
39502131849
1781705476021
39519655919
1781705477019
39537258201
1781705478019
39554960409
1781705479022
39572545923
1781705480021
39590218784
1781705481019
39607820134
1781705482018
39625420397
1781705483021
39643073736
1781705484018
39660714360
1781705485018
39678402186
1781705486018
39696147217
1781705487019
39713719589
1781705488019
39731342679
1781705489018
39749115297
1781705490021
39766665285
1781705491018
39784566101
1781705492023
39802171643
1781705493018
39819904496
1781705494023
39837699008
1781705495022
39855336725
1781705496021
39873054860
1781705497018
39890754037
1781705498019
39908453062
1781705499018
39926197038
1781705500018
39943835001
1781705501018
39961553472
1781705502018
39979172141
1781705503021
39996742140
1781705504018
40014556619
1781705505020
40032226038
1781705506018
40049915485
1781705507018
40067700113
1781705508020
40085313091
1781705509018
40103016323
1781705510019
40120698105
1781705511018
40138338163
1781705512017
40156088290
1781705513019
40173738691
1781705514018
40191446223
1781705515022
40209167065
1781705516022
40226741104
1781705517017
40244400854
1781705518019
40262200216
1781705519022
40279728783
1781705520018
40297445709
1781705521019
40315172717
1781705522018
40336643131
1781705523235
40350567079
1781705524022
40368182719
1781705525019
40385859375
1781705526020
40403533752
1781705527019
40421103093
1781705528018
40438846167
1781705529021
40456458716
1781705530018
40474139962
1781705531021
40491696896
1781705532018
40509327774
1781705533022
40526899549
1781705534024
40544396262
1781705535019
40562069965
1781705536020
40579738986
1781705537018
40599448416
1781705538135
40615061714
1781705539021
40632774447
1781705540018
40650434824
1781705541020
40668098965
1781705542019
40685847623
1781705543018
40703483963
1781705544017
40721213848
1781705545018
40738975817
1781705546018
40756673250
1781705547022
40774377569
1781705548022
40792040532
1781705549021
40809599791
1781705550018
40827344486
1781705551022
40844882524
1781705552017
40862589474
1781705553018
40880288575
1781705554020
40897911574
1781705555020
40915611884
1781705556019
40933210113
1781705557018
40950812043
1781705558022
40968336924
1781705559018
40985956740
1781705560018
41003519365
1781705561019
41021314137
1781705562020
41038971332
1781705563022
41056506310
1781705564017
41074181803
1781705565017
41091920853
1781705566019
41109612426
1781705567018
41127223109
1781705568020
41144909756
1781705569019
41162411900
1781705570022
41179889457
1781705571020
41197400965
1781705572019
41214889018
1781705573017
41232352086
1781705574018
41249992374
1781705575022
41267539914
1781705576022
41285116064
1781705577019
41300081744
1781705578021
41310875052
1781705579017
41321173743
1781705580018
41330417972
1781705581021
41339176289
1781705582020
41347976589
1781705583018
41356713730
1781705584023
41370424764
1781705585022
41385179793
1781705586019
41402249942
1781705587021
41419728356
1781705588018
41437341685
1781705589019
41454947824
1781705590018
41472515559
1781705591018
41490087609
1781705592018
41507788347
1781705593022
41525354109
1781705594021
41542860996
1781705595018
41560518145
1781705596021
41578063451
1781705597017
41599490167
1781705598234
41613243368
1781705599019
41630813980
1781705600021
41648358888
1781705601021
41666002756
1781705602019
41683634644
1781705603021
41701282735
1781705604021
41718824231
1781705605018
41736419124
1781705606018
41754157271
1781705607024
41771614081
1781705608018
41789176966
1781705609018
41806807263
1781705610019
41824385342
1781705611019
41842015853
1781705612018
41861605315
1781705613134
41877227411
1781705614022
41894711073
1781705615019
41912310158
1781705616021
41929922385
1781705617018
41947554488
1781705618018
41965232521
1781705619022
41982780902
1781705620018
42000399969
1781705621022
42018036952
1781705622021
42035652990
1781705623021
42053169944
1781705624018
42070777521
1781705625019
42088442029
1781705626021
42106020489
1781705627021
42123643244
1781705628017
42141245067
1781705629018
42158909361
1781705630020
42176518881
1781705631017
42194178921
1781705632018
42211891364
1781705633025
42229372685
1781705634019
42246948040
1781705635020
42264624971
1781705636021
42282175923
1781705637020
42299696656
1781705638019
42317335690
1781705639019
42334902553
1781705640017
42352431824
1781705641018
42370086846
1781705642022
42387628220
1781705643018
42405333777
1781705644021
42422834698
1781705645018
42440404499
1781705646018
42458015916
1781705647018
42475542341
1781705648018
42493154661
1781705649020
42510770377
1781705650020
42528326790
1781705651018
42546004181
1781705652019
42563576812
1781705653019
42581199077
1781705654018
42598877951
1781705655020
42616405738
1781705656018
42634010637
1781705657019
42651634187
1781705658019
42669351725
1781705659023
42686777935
1781705660018
42704349924
1781705661019
42721948015
1781705662022
42739617388
1781705663023
42757126983
1781705664019
42774707295
1781705665017
42792345304
1781705666018
42810077958
1781705667022
42827625145
1781705668018
42845192651
1781705669017
42862861504
1781705670018
42880500155
1781705671018
42898155192
1781705672022
42915683546
1781705673018
42933279142
1781705674019
42950880446
1781705675020
42968452894
1781705676018
42986050418
1781705677019
43003672866
1781705678019
43021219488
1781705679018
43038868038
1781705680021
43056517582
1781705681020
43074161466
1781705682019
43091761714
1781705683019
43109466583
1781705684019
43127139276
1781705685021
43144708649
1781705686018
43162385290
1781705687019
43179922119
1781705688017
43197535250
1781705689021
43215040867
1781705690018
43232632761
1781705691021
43250280959
1781705692018
43267837143
1781705693018
43285440222
1781705694022
43303013450
1781705695020
43320511601
1781705696019
43338173814
1781705697019
43355804019
1781705698018
43373386458
1781705699016
43390923027
1781705700019
43408510805
1781705701020
43426073935
1781705702020
43443619470
1781705703019
43461177750
1781705704018
43478781885
1781705705018
43496313466
1781705706018
43513914372
1781705707021
43531569547
1781705708019
43549181055
1781705709025
43566681379
1781705710019
43584424529
1781705711024
43601944069
1781705712021
43619504996
1781705713018
43637188247
1781705714023
43654724189
1781705715019
43672322493
1781705716022
43689965658
1781705717022
43711345939
1781705718237
43725191429
1781705719019
43742790040
1781705720019
43760420368
1781705721018
43777983942
1781705722020
43795527029
1781705723019
43813064608
1781705724018
43830669920
1781705725019
43848380817
1781705726022
43865974808
1781705727018
43883564606
1781705728020
43901160202
1781705729019
43918735833
1781705730021
43936253675
1781705731021
43953754748
1781705732018
43971348432
1781705733018
43989025869
1781705734022
44006608246
1781705735017
44024187946
1781705736018
44041824210
1781705737018
44059391808
1781705738018
44077008932
1781705739021
44094584302
1781705740018
44112187013
1781705741019
44129754396
1781705742018
44147400238
1781705743019
44164994076
1781705744020
44182528702
1781705745018
44200204593
1781705746021
44217805162
1781705747022
44235436867
1781705748018
44252939348
1781705749019
44270544537
1781705750022
44288057453
1781705751022
44305596011
1781705752021
44323144316
1781705753019
44340773083
1781705754020
44358311748
1781705755022
44375673806
1781705756025
44393214690
1781705757020
44410784674
1781705758018
44428407000
1781705759019
44445986562
1781705760019
44463695302
1781705761019
44481343883
1781705762019
44498969162
1781705763021
44516505517
1781705764020
44534161212
1781705765020
44551780065
1781705766018
44569541330
1781705767021
44587048339
1781705768018
44604605594
1781705769018
44622309714
1781705770024
44639950170
1781705771022
44657495705
1781705772019
44675143812
1781705773021
44692851909
1781705774022
44710527387
1781705775018
44728191161
1781705776019
44745859830
1781705777018
44763635875
1781705778024
44781153534
1781705779023
44798851350
1781705780021
44816430744
1781705781021
44834075101
1781705782021
44851562665
1781705783018
44869161092
1781705784019
44886921255
1781705785021
44904488670
1781705786018
44922128927
1781705787021
44939632555
1781705788018
44957218941
1781705789019
44975029932
1781705790024
44992610519
1781705791018
45010298665
1781705792024
45027954850
1781705793019
45045534596
1781705794018
45063251476
1781705795020
45080982539
1781705796018
45098635709
1781705797023
45116279685
1781705798022
45134003694
1781705799021
45151559633
1781705800019
45169357741
1781705801021
45187006230
1781705802021
45204548368
1781705803019
45222171688
1781705804022
45239799721
1781705805024
45257394828
1781705806018
45275030572
1781705807021
45292524867
1781705808018
45310118414
1781705809018
45327731774
1781705810021
45345296511
1781705811021
45362824038
1781705812019
45380475311
1781705813021
45398039114
1781705814019
45415671752
1781705815019
45433229589
1781705816017
45450999972
1781705817020
45468621319
1781705818021
45486213473
1781705819022
45503804403
1781705820019
45521378794
1781705821019
45539027528
1781705822019
45556757122
1781705823022
45574232109
1781705824018
45591839487
1781705825018
45609493453
1781705826018
45627234124
1781705827025
45644780271
1781705828018
45662404280
1781705829021
45679924998
1781705830018
45697609764
1781705831018
45715231508
1781705832021
45732917038
1781705833018
45750545560
1781705834021
45768086031
1781705835019
45785761693
1781705836018
45803363715
1781705837020
45823147426
1781705838147
45838634744
1781705839023
45856112913
1781705840017
45873858986
1781705841018
45891413823
1781705842019
45909084803
1781705843025
45926627982
1781705844018
45944325247
1781705845023
45961851734
1781705846018
45979462493
1781705847018
45997091642
1781705848025
46014652462
1781705849018
46032225063
1781705850017
46049868013
1781705851019
46067581710
1781705852020
46085537377
1781705853044
46102679298
1781705854019
46120326992
1781705855018
46137996946
1781705856018
46155701663
1781705857019
46173261274
1781705858020
46190842060
1781705859021
46208564555
1781705860021
46226043657
1781705861019
46243742820
1781705862021
46261481517
1781705863018
46279194297
1781705864022
46296772038
1781705865019
46314431038
1781705866021
46332078211
1781705867018
46349711630
1781705868021
46367288591
1781705869018
46385051187
1781705870024
46402511700
1781705871018
46420093909
1781705872019
46437870627
1781705873020
46455510594
1781705874018
46473251755
1781705875023
46490894093
1781705876018
46508496055
1781705877019
46526089754
1781705878021
46543741272
1781705879019
46561359467
1781705880019
46579104254
1781705881022
46596692568
1781705882021
46616356557
1781705883137
46631961669
1781705884019
46649540711
1781705885018
46667305189
1781705886022
46684969039
1781705887018
46702638107
1781705888022
46720135722
1781705889018
46737773929
1781705890017
46755432333
1781705891020
46773088043
1781705892019
46790677642
1781705893019
46808322444
1781705894020
46826072540
1781705895019
46843707962
1781705896019
46861459038
1781705897018
46879129329
1781705898021
46896700889
1781705899019
46914512950
1781705900022
46932149765
1781705901021
46949791140
1781705902018
46967497447
1781705903018
46985217188
1781705904023
47002893156
1781705905019
47020598285
1781705906021
47038191984
1781705907019
47055912903
1781705908017
47073467420
1781705909018
47091066321
1781705910019
47108654972
1781705911018
47126168438
1781705912018
47145942938
1781705913135
47161606099
1781705914023
47179177721
1781705915019
47196713984
1781705916018
47213988066
1781705917018
47231389017
1781705918019
47249024286
1781705919018
47266672148
1781705920022
47284432250
1781705921023
47302119065
1781705922019
47319967449
1781705923020
47337852200
1781705924018
47355577984
1781705925018
47373401903
1781705926019
47391449798
1781705927019
47411275967
1781705928137
47427020034
1781705929019
47444755243
1781705930018
47462620839
1781705931019
47480464494
1781705932018
47498186668
1781705933020
47515922290
1781705934017
47533761371
1781705935018
47551517373
1781705936021
47569408290
1781705937018
47587228155
1781705938018
47604968397
1781705939021
47622806040
1781705940018
47640473975
1781705941019
47658240534
1781705942018
47676024137
1781705943017
47693670729
1781705944018
47711624560
1781705945021
47729356403
1781705946018
47747136931
1781705947019
47764991648
1781705948017
47782638821
1781705949019
47800520421
1781705950019
47818387868
1781705951020
47836005634
1781705952019
47853986301
1781705953021
47871743283
1781705954018
47889655941
1781705955025
47907501142
1781705956018
47925190115
1781705957022
47942858662
1781705958021
47960628296
1781705959018
47978360460
1781705960018
47996259426
1781705961018
48014112047
1781705962021
48031735383
1781705963019
48049646435
1781705964020
48067275890
1781705965018
48085122070
1781705966019
48102738613
1781705967018
48120312789
1781705968019
48138279503
1781705969024
48156033638
1781705970021
48173733428
1781705971019
48191651090
1781705972019
48209484754
1781705973019
48227408857
1781705974018
48245320047
1781705975022
48262977624
1781705976020
48280939227
1781705977018
48298801350
1781705978022
48316505546
1781705979019
48334356469
1781705980018
48352101562
1781705981024
48369740550
1781705982021
48387612067
1781705983019
48405252707
1781705984021
48422921085
1781705985019
48440669896
1781705986019
48458471462
1781705987019
48476279744
1781705988021
48493877666
1781705989018
48511653726
1781705990018
48529483321
1781705991018
48547287135
1781705992022
48565225376
1781705993019
48583037100
1781705994018
48600865502
1781705995023
48618775146
1781705996023
48636390725
1781705997018
48654278444
1781705998021
48672019192
1781705999018
48689791550
1781706000025
48707506991
1781706001018
48725256613
1781706002022
48742951874
1781706003021
48760782708
1781706004020
48778509441
1781706005019
48796344712
1781706006022
48814096094
1781706007021
48831758613
1781706008019
48849621990
1781706009020
48867312707
1781706010019
48885105811
1781706011020
48902923533
1781706012018
48920626490
1781706013017
48938265355
1781706014018
48956124999
1781706015022
48973808510
1781706016018
48991754247
1781706017018
49009952633
1781706018042
49027236400
1781706019019
49045136559
1781706020019
49062790739
1781706021018
49080504146
1781706022024
49098205925
1781706023019
49115942021
1781706024019
49133853991
1781706025021
49151539598
1781706026017
49169274532
1781706027019
49187130672
1781706028020
49204736566
1781706029019
49222357591
1781706030019
49239984094
1781706031022
49257566303
1781706032021
49279013690
1781706033236
49292913113
1781706034019
49310785578
1781706035023
49328580748
1781706036019
49346260311
1781706037019
49364108557
1781706038019
49381981956
1781706039018
49399819996
1781706040020
49417736648
1781706041019
49435501432
1781706042018
49453258321
1781706043018
49471176457
1781706044017
49488956970
1781706045017
49506774432
1781706046018
49524560498
1781706047019
49542273002
1781706048022
49560102643
1781706049020
49577846466
1781706050018
49595664601
1781706051019
49613359403
1781706052018
49631072779
1781706053017
49648938360
1781706054018
49666907277
1781706055022
49684701085
1781706056022
49702626045
1781706057020
49720331312
1781706058019
49738054373
1781706059019
49755781932
1781706060021
49773306261
1781706061017
49791018964
1781706062019
49809284793
1781706063042
49826575430
1781706064021
49844465964
1781706065018
49862274889
1781706066021
49880003121
1781706067019
49897832625
1781706068019
49915497760
1781706069020
49933307205
1781706070019
49951014476
1781706071021
49968579304
1781706072017
49986487740
1781706073019
50004291509
1781706074019
50022118395
1781706075021
50040173421
1781706076022
50057762163
1781706077018
50075548535
1781706078017
50093336315
1781706079021
50111081148
1781706080023
50128891802
1781706081018
50146716562
1781706082020
50164438797
1781706083019
50182297140
1781706084018
50200029611
1781706085019
50217974093
1781706086019
50235879285
1781706087021
50253462963
1781706088018
50271376096
1781706089018
50289236077
1781706090021
50306975983
1781706091017
50324998175
1781706092020
50342653441
1781706093017
50360308249
1781706094019
50378056433
1781706095017
50395807278
1781706096018
50413516998
1781706097018
50431222143
1781706098017
50448997851
1781706099019
50467003610
1781706100018
50484725172
1781706101019
50502546948
1781706102021
50520297182
1781706103018
50538027633
1781706104019
50555742921
1781706105021
50573516503
1781706106018
50591336612
1781706107018
50609250648
1781706108021
50626884249
1781706109022
50644544841
1781706110021
50662278336
1781706111018
50680026045
1781706112021
50697877703
1781706113018
50715653931
1781706114018
50733420796
1781706115020
50751279354
1781706116018
50768982066
1781706117018
50786847968
1781706118019
50804711131
1781706119019
50822406086
1781706120018
50840461417
1781706121025
50858192465
1781706122021
50875967668
1781706123020
50893756947
1781706124020
50911495507
1781706125019
50929367468
1781706126022
50947161230
1781706127019
50964927330
1781706128020
50982794318
1781706129018
51000634960
1781706130021
51018334137
1781706131019
51036229675
1781706132021
51053951834
1781706133019
51071789798
1781706134021
51089613869
1781706135022
51107310171
1781706136021
51124887055
1781706137019
51142598641
1781706138022
51160255943
1781706139018
51178148941
1781706140018
51195957759
1781706141021
51213785992
1781706142019
51231725028
1781706143021
51249367442
1781706144019
51267348874
1781706145021
51285074399
1781706146019
51302937087
1781706147022
51320910701
1781706148022
51338609955
1781706149018
51356487195
1781706150019
51374329657
1781706151018
51392044257
1781706152021
51409846449
1781706153018
51427604915
1781706154019
51445424167
1781706155018
51463411030
1781706156021
51481019816
1781706157018
51498884662
1781706158019
51516525072
1781706159018
51534233828
1781706160019
51552164984
1781706161018
51569970497
1781706162020
51587749877
1781706163021
51605575310
1781706164018
51623383638
1781706165021
51641162896
1781706166018
51659033005
1781706167018
51677174934
1781706168044
51694553914
1781706169020
51712320060
1781706170019
51730150710
1781706171021
51748003133
1781706172018
51765759486
1781706173021
51783589234
1781706174019
51801463597
1781706175019
51819270808
1781706176022
51837106263
1781706177020
51854926525
1781706178017
51872711122
1781706179018
51890677560
1781706180021
51908458593
1781706181020
51926269736
1781706182020
51944044634
1781706183018
51961809448
1781706184021
51975284985
1781706185021
51985422306
1781706186021
51995502955
1781706187019
52004724434
1781706188022
52013959835
1781706189019
52023029139
1781706190021
52031593238
1781706191022
52040569457
1781706192022
52054415162
1781706193023
52071350900
1781706194022
52088748285
1781706195018
52106318377
1781706196021
52123928539
1781706197019
52142105046
1781706198043
52159394153
1781706199018
52177039062
1781706200019
52194877225
1781706201021
52212608379
1781706202019
52230442365
1781706203019
52248311878
1781706204018
52266102213
1781706205023
52283816324
1781706206018
52301565563
1781706207018
52319226858
1781706208018
52337076465
1781706209018
52354902097
1781706210023
52372525402
1781706211018
52390343339
1781706212017
52408027599
1781706213018
52425865731
1781706214019
52443857124
1781706215024
52461454694
1781706216019
52479372539
1781706217021
52497107871
1781706218020
52514853392
1781706219018
52532734166
1781706220017
52550469987
1781706221019
52568355243
1781706222020
52586235496
1781706223022
52604010501
1781706224025
52621779523
1781706225021
52639355475
1781706226018
52657041402
1781706227020
52674842249
1781706228018
52692496582
1781706229018
52710295883
1781706230019
52728075707
1781706231019
52745818872
1781706232021
52763704909
1781706233021
52781432254
1781706234018
52799211894
1781706235018
52817065342
1781706236021
52834758139
1781706237019
52852553952
1781706238020
52870285458
1781706239021
52888005368
1781706240022
52905819724
1781706241020
52923425526
1781706242015
52941185276
1781706243019
52958977080
1781706244021
52976643607
1781706245020
52994350542
1781706246021
53011944930
1781706247020
53029588905
1781706248018
53047393684
1781706249019
53065124242
1781706250019
53083008855
1781706251020
53100828169
1781706252017
53118505651
1781706253018
53136279324
1781706254018
53154041416
1781706255018
53171755633
1781706256018
53189548049
1781706257019
53211148008
1781706258235
53224953213
1781706259018
53242805666
1781706260019
53260585812
1781706261022
53278358215
1781706262019
53296122081
1781706263020
53313766592
1781706264018
53331614333
1781706265019
53349402740
1781706266021
53367093549
1781706267018
53384955090
1781706268018
53402664855
1781706269017
53420539524
1781706270019
53438175773
1781706271018
53455817178
1781706272017
53477322506
1781706273237
53491143669
1781706274021
53508665581
1781706275017
53526477336
1781706276018
53544187499
1781706277020
53561915303
1781706278019
53579708438
1781706279019
53597354310
1781706280020
53615115851
1781706281018
53632837244
1781706282018
53650615890
1781706283021
53668405445
1781706284020
53686027602
1781706285018
53703839801
1781706286021
53721487586
1781706287019
53739234867
1781706288021
53756963620
1781706289018
53774702394
1781706290024
53792269487
1781706291021
53810091554
1781706292021
53827639644
1781706293018
53845375328
1781706294021
53862903054
1781706295018
53880265524
1781706296021
53897816032
1781706297019
53915533799
1781706298021
53933148521
1781706299018
53950966625
1781706300024
53968447885
1781706301018
53986212027
1781706302021
54003840518
1781706303018
54021465889
1781706304018
54039249232
1781706305018
54056933339
1781706306020
54074566359
1781706307020
54092251017
1781706308018
54109932937
1781706309023
54127591554
1781706310018
54145252742
1781706311018
54162943749
1781706312025
54180638001
1781706313021
54198164288
1781706314018
54215799879
1781706315021
54233535410
1781706316020
54251143323
1781706317018
54268852247
1781706318019
54286417121
1781706319019
54304021194
1781706320021
54321738762
1781706321019
54339423604
1781706322022
54357152433
1781706323024
54374724376
1781706324019
54392382672
1781706325019
54410087786
1781706326021
54427811138
1781706327019
54445423488
1781706328017
54463174655
1781706329018
54480726050
1781706330018
54498322228
1781706331019
54515940193
1781706332021
54533491022
1781706333019
54551067020
1781706334020
54568635734
1781706335019
54586289609
1781706336021
54603909900
1781706337021
54621552804
1781706338021
54639168673
1781706339019
54656848665
1781706340018
54674462744
1781706341018
54692174789
1781706342018
54709880561
1781706343021
54727516871
1781706344022
54745314703
1781706345021
54762832698
1781706346018
54780506156
1781706347021
54798169302
1781706348018
54815830337
1781706349022
54833424358
1781706350018
54851179794
1781706351023
54868709723
1781706352018
54886470804
1781706353020
54904114642
1781706354022
54921822082
1781706355022
54939563059
1781706356022
54957139500
1781706357018
54974878137
1781706358021
54992500263
1781706359018
55010096227
1781706360019
55027953148
1781706361021
55045637194
1781706362019
55063167322
1781706363020
55080686480
1781706364019
55098332199
1781706365019
55115993020
1781706366017
55133783646
1781706367018
55151528188
1781706368022
55169349077
1781706369018
55187167212
1781706370024
55204857378
1781706371020
55222663182
1781706372017
55240390772
1781706373021
55258076684
1781706374018
55275936527
1781706375022
55293562494
1781706376020
55311357894
1781706377021
55328920626
1781706378021
55346519436
1781706379021
55364266059
1781706380018
55381980950
1781706381023
55399687563
1781706382020
55417356003
1781706383018
55435124490
1781706384022
55452915238
1781706385021
55470609581
1781706386018
55488374640
1781706387022
55506098803
1781706388019
55523773700
1781706389022
55541469022
1781706390019
55559120433
1781706391023
55576719487
1781706392024
55596323270
1781706393138
55611977618
1781706394024
55629589203
1781706395018
55647255716
1781706396021
55664836670
1781706397018
55682635053
1781706398022
55700269787
1781706399019
55717916823
1781706400022
55735513903
1781706401021
55753119369
1781706402021
55770688986
1781706403020
55788304671
1781706404021
55805933331
1781706405019
55823676359
1781706406018
55841443224
1781706407019
55859073796
1781706408018
55876889744
1781706409021
55894457158
1781706410021
55911982711
1781706411018
55929603476
1781706412019
55947236910
1781706413022
55964833547
1781706414022
55982400242
1781706415018
55999957466
1781706416017
56017811449
1781706417021
56035386422
1781706418018
56052971094
1781706419019
56070594981
1781706420020
56088176731
1781706421019
56105572770
1781706422021
56123066116
1781706423018
56140640293
1781706424018
56158387497
1781706425019
56175580276
1781706426018
56193052707
1781706427022
56210707821
1781706428022
56228172802
1781706429019
56245722483
1781706430018
56263413506
1781706431021
56280933597
1781706432018
56298479010
1781706433018
56316033832
1781706434019
56333635273
1781706435021
56351120664
1781706436018
56368777094
1781706437022
56386380386
1781706438018
56403986892
1781706439022
56421502408
1781706440020
56439220298
1781706441021
56456799447
1781706442019
56474447737
1781706443019
56492076718
1781706444019
56509664390
1781706445019
56527284420
1781706446018
56544904405
1781706447021
56562431106
1781706448019
56579981048
1781706449019
56597596947
1781706450022
56615084174
1781706451019
56632706959
1781706452019
56650222965
1781706453017
56667882776
1781706454021
56685367983
1781706455018
56702999657
1781706456021
56720567301
1781706457019
56738135786
1781706458019
56755692827
1781706459019
56773365719
1781706460018
56790953329
1781706461019
56808588017
1781706462021
56826245120
1781706463024
56843739308
1781706464019
56861378204
1781706465018
56878973036
1781706466019
56896698499
1781706467021
56914314138
1781706468019
56931853860
1781706469021
56949441837
1781706470017
56967077122
1781706471018
56984768848
1781706472023
57002240622
1781706473019
57019829655
1781706474019
57037459111
1781706475019
57055091810
1781706476019
57072671082
1781706477018
57090213725
1781706478018
57107839187
1781706479018
57125472254
1781706480021
57142980044
1781706481019
57160583918
1781706482018
57178181809
1781706483017
57195810163
1781706484020
57213362002
1781706485018
57231008594
1781706486019
57248552782
1781706487018
57266078718
1781706488018
57283779334
1781706489021
57301298721
1781706490017
57318969319
1781706491021
57336594322
1781706492020
57354191479
1781706493025
57371664615
1781706494018
57389243550
1781706495019
57406779186
1781706496021
57424441858
1781706497019
57441990621
1781706498020
57459589064
1781706499022
57477093182
1781706500019
57494657934
1781706501019
57512300119
1781706502019
57529903396
1781706503018
57547543592
1781706504022
57565155606
1781706505018
57582784740
1781706506022
57600432464
1781706507023
57618071543
1781706508021
57635595842
1781706509021
57653187323
1781706510019
57670842590
1781706511021
57688360998
1781706512018
57708064047
1781706513135
57723645368
1781706514020
57741241562
1781706515019
57758811363
1781706516019
57776327904
1781706517018
57794000949
1781706518017
57811545873
1781706519019
57829117142
1781706520018
57846776341
1781706521019
57864378654
1781706522021
57881905478
1781706523021
57899422295
1781706524018
57917004427
1781706525018
57934581037
1781706526017
57951842589
1781706527018
57968773676
1781706528018
57986187967
1781706529021
58003738077
1781706530020
58021246678
1781706531020
58038891005
1781706532018
58056438499
1781706533018
58074008958
1781706534019
58091668080
1781706535018
58109219597
1781706536020
58126820105
1781706537018
58144449362
1781706538022
58161953143
1781706539020
58179655427
1781706540020
58197170668
1781706541018
58214793009
1781706542022
58232271301
1781706543017
58249787506
1781706544018
58267504431
1781706545020
58284998375
1781706546017
58302599663
1781706547018
58320203338
1781706548019
58337762445
1781706549021
58355237064
1781706550018
58372869840
1781706551021
58390353119
1781706552018
58407952847
1781706553022
58425423718
1781706554018
58442963638
1781706555018
58460638535
1781706556019
58478144657
1781706557019
58495696603
1781706558018
58513331245
1781706559022
58530878815
1781706560021
58548407168
1781706561022
58565984252
1781706562021
58583481959
1781706563017
58601148196
1781706564020
58618667798
1781706565018
58636275803
1781706566018
58653924184
1781706567021
58671427323
1781706568019
58689102985
1781706569020
58706685179
1781706570018
58724418001
1781706571024
58741968998
1781706572018
58759524738
1781706573018
58777131122
1781706574019
58794790060
1781706575019
58812384188
1781706576020
58829993586
1781706577019
58847556685
1781706578021
58865074542
1781706579018
58882676688
1781706580018
58900247070
1781706581018
58917892177
1781706582021
58935457449
1781706583018
58953022507
1781706584019
58970771196
1781706585025
58988206158
1781706586018
59005799582
1781706587020
59023398101
1781706588018
59041003184
1781706589022
59058551412
1781706590021
59076123783
1781706591017
59093724520
1781706592019
59111339517
1781706593018
59128912669
1781706594019
59146395092
1781706595017
59164065414
1781706596021
59181560902
1781706597019
59199167790
1781706598022
59216659546
1781706599019
59234150766
1781706600018
59251822327
1781706601018
59269402548
1781706602019
59287008548
1781706603020
59304546234
1781706604018
59322122568
1781706605018
59339734276
1781706606021
59357247390
1781706607017
59374792053
1781706608019
59392521586
1781706609018
59410079775
1781706610018
59427674514
1781706611018
59445362982
1781706612020
59462896109
1781706613020
59480535617
1781706614021
59498056779
1781706615017
59515618807
1781706616018
59533243658
1781706617021
59550727182
1781706618017
59568265296
1781706619019
59585858598
1781706620018
59603419770
1781706621019
59621042845
1781706622020
59638556220
1781706623018
59656153102
1781706624021
59673721357
1781706625018
59691340409
1781706626020
59708903906
1781706627019
59726472835
1781706628018
59744062342
1781706629022
59761651421
1781706630020
59779162868
1781706631018
59796821118
1781706632021
59814773266
1781706633041
59831884694
1781706634015
59849520652
1781706635018
59867186782
1781706636022
59884692216
1781706637017
59902313578
1781706638024
59919780318
1781706639018
59937329510
1781706640018
59954984746
1781706641020
59972541542
1781706642018
59990142478
1781706643018
60007743292
1781706644018
60025308549
1781706645019
60042936643
1781706646018
60060490914
1781706647017
60078045262
1781706648019
60095669607
1781706649020
60113211042
1781706650019
60130773117
1781706651018
60148411186
1781706652018
60165970047
1781706653019
60183576890
1781706654019
60201200363
1781706655022
60218764641
1781706656022
60236436890
1781706657023
60253952453
1781706658019
60271575957
1781706659021
60289169381
1781706660018
60306721724
1781706661018
60324294845
1781706662017
60341936373
1781706663018
60359474808
1781706664016
60377158028
1781706665018
60394792701
1781706666021
60412353812
1781706667021
60429951229
1781706668019
60447476002
1781706669017
60465044686
1781706670019
60482664396
1781706671022
60500181549
1781706672020
60517820766
1781706673018
60535452609
1781706674021
60553008517
1781706675018
60570637911
1781706676018
60588240852
1781706677022
60605753324
1781706678018
60623299838
1781706679016
60640926356
1781706680020
60658456224
1781706681017
60676070594
1781706682019
60693679089
1781706683022
60711270952
1781706684019
60728865003
1781706685019
60746447090
1781706686018
60764119156
1781706687022
60781605588
1781706688017
60799275175
1781706689020
60816812815
1781706690019
60834443036
1781706691022
60851972843
1781706692020
60869505556
1781706693020
60887113898
1781706694021
60904678527
1781706695020
60922196018
1781706696019
60939810296
1781706697021
60957329454
1781706698018
60974974607
1781706699021
60992447727
1781706700017
61010014101
1781706701021
61027523023
1781706702019
61045123347
1781706703018
61062780909
1781706704022
61080438486
1781706705024
61097877227
1781706706022
61115369381
1781706707018
61132957863
1781706708018
61150520656
1781706709018
61168149485
1781706710021
61185725176
1781706711021
61203236133
1781706712017
61220885341
1781706713018
61238550369
1781706714022
61256147832
1781706715022
61273739604
1781706716021
61291294258
1781706717018
61308967150
1781706718022
61326488114
1781706719019
61344077973
1781706720022
61361745495
1781706721022
61379212128
1781706722017
61396850855
1781706723018
61414501547
1781706724020
61432075724
1781706725019
61449662385
1781706726017
61467298925
1781706727018
61484883062
1781706728021
61502510314
1781706729019
61520116942
1781706730022
61537644316
1781706731019
61555265464
1781706732022
61572789472
1781706733019
61590316555
1781706734018
61607959873
1781706735019
61625526369
1781706736018
61643115631
1781706737018
61660768695
1781706738021
61678365470
1781706739022
61695919619
1781706740019
61713487094
1781706741022
61731047684
1781706742022
61748621677
1781706743023
61766186506
1781706744022
61783842354
1781706745022
61801380285
1781706746021
61818924030
1781706747019
61836489072
1781706748019
61854019812
1781706749019
61871700049
1781706750021
61889236511
1781706751020
61906727196
1781706752018
61924486426
1781706753019
61942048852
1781706754019
61959653415
1781706755019
61977487737
1781706756023
61994992651
1781706757020
62012507922
1781706758018
62030176638
1781706759021
62047678950
1781706760019
62065292310
1781706761018
62082817695
1781706762018
62100359375
1781706763018
62117964947
1781706764019
62135558356
1781706765018
62153210333
1781706766018
62170896567
1781706767023
62192183580
1781706768234
62205995104
1781706769021
62223492214
1781706770019
62241127729
1781706771022
62258616333
1781706772020
62276096659
1781706773018
62293741614
1781706774021
62311269309
1781706775019
62328859627
1781706776019
62346476292
1781706777023
62364025239
1781706778022
62381520422
1781706779019
62399169936
1781706780022
62416661202
1781706781019
62434227514
1781706782018
62451773355
1781706783019
62469309863
1781706784019
62486953961
1781706785018
62504532452
1781706786021
62522119251
1781706787020
62539714726
1781706788018
62557300026
1781706789020
62574948927
1781706790019
62592470013
1781706791019
62610045858
1781706792021
62621928603
1781706793022
62631608974
1781706794022
62642717615
1781706795019
62653659854
1781706796017
62663579976
1781706797018
62673743720
1781706798017
62683259616
1781706799021
62695517579
1781706800025
62710668710
1781706801019
62727755597
1781706802019
62745364749
1781706803020
62762976717
1781706804018
62780502132
1781706805018
62797942526
1781706806021
62815428009
1781706807018
62833141767
1781706808026
62850735956
1781706809023
62868251289
1781706810021
62885772604
1781706811018
62903486378
1781706812020
62921049340
1781706813020
62938646803
1781706814020
62956262948
1781706815018
62973853404
1781706816019
62991435950
1781706817019
63009077967
1781706818020
63026686660
1781706819020
63044322343
1781706820020
63061864818
1781706821019
63079465877
1781706822018
63097095103
1781706823018
63114735131
1781706824022
63132348934
1781706825020
63149926630
1781706826019
63167581269
1781706827019
63185220563
1781706828019
63202722661
1781706829018
63220438118
1781706830025
63237986423
1781706831019
63255616490
1781706832019
63273340041
1781706833019
63290991804
1781706834020
63308623463
1781706835020
63326289026
1781706836020
63343922337
1781706837021
63361536156
1781706838019
63379113408
1781706839018
63396703512
1781706840019
63414236425
1781706841019
63431968192
1781706842025
63451741239
1781706843145
63467098353
1781706844019
63484663457
1781706845019
63502350548
1781706846018
63520053704
1781706847022
63537622984
1781706848018
63555265980
1781706849019
63572907584
1781706850021
63590493848
1781706851019
63608125828
1781706852019
63625668487
1781706853019
63643266455
1781706854020
63660799383
1781706855017
63678389181
1781706856018
63696063940
1781706857020
63713660791
1781706858019
63731236773
1781706859017
63748914546
1781706860021
63766452003
1781706861019
63784130434
1781706862022
63801728723
1781706863019
63819378283
1781706864023
63836942056
1781706865018
63854577784
1781706866021
63872135437
1781706867018
63889739862
1781706868018
63907322836
1781706869020
63925107893
1781706870019
63942737134
1781706871021
63960290487
1781706872018
63977924242
1781706873017
63995525668
1781706874017
64013210082
1781706875017
64030880572
1781706876018
64048463408
1781706877019
64066111101
1781706878018
64083689593
1781706879019
64101324801
1781706880017
64119022602
1781706881018
64136696030
1781706882022
64154333564
1781706883018
64172038265
1781706884019
64189636539
1781706885022
64207261772
1781706886021
64224873678
1781706887018
64242555827
1781706888022
64260272462
1781706889018
64277959124
1781706890022
64295575896
1781706891022
64313197855
1781706892019
64330849786
1781706893018
64348596623
1781706894023
64366301294
1781706895024
64383846064
1781706896018
64401605600
1781706897018
64419233495
1781706898018
64436893627
1781706899019
64454510215
1781706900019
64472121158
1781706901018
64489730800
1781706902019
64507436235
1781706903021
64525014283
1781706904019
64542753684
1781706905018
64560364719
1781706906019
64578033419
1781706907021
64595600558
1781706908019
64613277153
1781706909021
64630857847
1781706910019
64648511125
1781706911018
64666186281
1781706912023
64683754690
1781706913017
64701305672
1781706914020
64718961612
1781706915019
64736534381
1781706916018
64754141514
1781706917018
64772286656
1781706918045
64789420866
1781706919018
64807118284
1781706920022
64824693685
1781706921019
64841756658
1781706922018
64859127237
1781706923017
64876817419
1781706924017
64894384098
1781706925018
64911933122
1781706926018
64929576822
1781706927017
64947195996
1781706928018
64964874243
1781706929019
64982503515
1781706930022
65000090789
1781706931019
65017802650
1781706932022
65037556312
1781706933144
65052980532
1781706934017
65070656546
1781706935019
65088243223
1781706936017
65105971486
1781706937020
65123512232
1781706938019
65141029783
1781706939018
65158646739
1781706940018
65176227954
1781706941018
65193920017
1781706942018
65211621520
1781706943020
65229235538
1781706944021
65246893421
1781706945018
65264534887
1781706946022
65282102316
1781706947017
65299788244
1781706948017
65317327292
1781706949017
65334995442
1781706950020
65352620185
1781706951020
65370166041
1781706952017
65387943448
1781706953022
65405456838
1781706954017
65423024848
1781706955018
65440654503
1781706956017
65458262997
1781706957018
65475942025
1781706958017
65493613173
1781706959022
65511212258
1781706960022
65528812583
1781706961019
65546409036
1781706962019
65567835646
1781706963235
65581735099
1781706964021
65599313973
1781706965021
65616970035
1781706966020
65634650424
1781706967020
65652239534
1781706968020
65669965242
1781706969019
65687581249
1781706970018
65705276265
1781706971023
9831749
1781706972019
27427086
1781706973019
45023463
1781706974018
62725823
1781706975022
80255997
1781706976018
97976120
1781706977022
115563210
1781706978022
133169899
1781706979020
150804113
1781706980021
168384853
1781706981020
186021592
1781706982018
203668214
1781706983018
221263352
1781706984017
238891920
1781706985019
256471390
1781706986019
274195262
1781706987020
291807490
1781706988018
309385446
1781706989018
327081074
1781706990018
344687197
1781706991019
362322972
1781706992020
379878681
1781706993018
397523483
1781706994020
415143972
1781706995017
432805191
1781706996018
450463104
1781706997022
468127429
1781706998021
485702738
1781706999019
503307973
1781707000019
520978050
1781707001019
538552044
1781707002018
556210814
1781707003019
573777999
1781707004018
591393439
1781707005020
609047880
1781707006018
626682048
1781707007018
644368710
1781707008021
661953903
1781707009017
679507210
1781707010018
697119285
1781707011018
714682155
1781707012018
732329328
1781707013023
750045734
1781707014025
767575510
1781707015021
785157138
1781707016019
802872365
1781707017020
820389060
1781707018018
838031031
1781707019019
855748308
1781707020022
873267390
1781707021018
890975457
1781707022022
908572736
1781707023022
926182072
1781707024021
943591942
1781707025019
961058820
1781707026015
978712113
1781707027021
996324433
1781707028018
1013994495
1781707029025
1031519818
1781707030019
1049151906
1781707031022
1066754188
1781707032023
1084351177
1781707033019
1101927267
1781707034020
1119507885
1781707035019
1137166456
1781707036021
1154690143
1781707037018
1172328579
1781707038017
1189944862
1781707039019
1207599409
1781707040022
1225196873
1781707041018
1242810600
1781707042022
1260349158
1781707043021
1277916083
1781707044019
1295493840
1781707045021
1313153666
1781707046021
1330719733
1781707047021
1348226835
1781707048019
1365941358
1781707049021
1383498185
1781707050020
1401116319
1781707051018
1418688950
1781707052018
1436282527
1781707053022
1453869540
1781707054018
1471478662
1781707055018
1489005256
1781707056017
1506682142
1781707057018
1524214396
1781707058018
1541843821
1781707059018
1559370706
1781707060019
1576987753
1781707061022
1594556957
1781707062018
1612234195
1781707063021
1629772845
1781707064019
1647436817
1781707065020
1665069868
1781707066022
1682635263
1781707067018
1700277341
1781707068019
1717838528
1781707069019
1735516332
1781707070022
1753087418
1781707071022
1770686686
1781707072022
1788346038
1781707073021
1805957654
1781707074021
1823517525
1781707075018
1841192223
1781707076020
1858729649
1781707077017
1876400109
1781707078021
1893920934
1781707079020
1911478189
1781707080021
1928987280
1781707081018
1946629205
1781707082023
1964227708
1781707083021
1981741404
1781707084018
1999330866
1781707085019
2016939253
1781707086019
2034531759
1781707087020
2052102432
1781707088018
2069735759
1781707089018
2087333145
1781707090018
2104979217
1781707091018
2122624187
1781707092019
2140215759
1781707093022
2157832378
1781707094019
2175433529
1781707095018
2192996475
1781707096019
2210776560
1781707097024
2228257100
1781707098019
2245913560
1781707099021
2263586789
1781707100022
2281111608
1781707101021
2298608673
1781707102018
2316185343
1781707103017
2333785836
1781707104018
2351507153
1781707105022
2369036286
1781707106018
2386703441
1781707107022
2404270702
1781707108020
2421800295
1781707109019
2439459172
1781707110019
2457060338
1781707111019
2474650305
1781707112019
2492322279
1781707113019
2509922511
1781707114021
2527523111
1781707115018
2545181744
1781707116018
2562765850
1781707117023
2580353797
1781707118019
2597945508
1781707119018
2615558240
1781707120021
2632707643
1781707121018
2650287328
1781707122021
2667808260
1781707123018
2685553292
1781707124019
2703118886
1781707125019
2720821047
1781707126020
2738476620
1781707127019
2759916571
1781707128235
2773812291
1781707129019
2791391731
1781707130018
2809093158
1781707131018
2826790882
1781707132018
2844351288
1781707133020
2862087125
1781707134020
2879562770
1781707135018
2896905182
1781707136018
2914283488
1781707137018
2931923822
1781707138022
2949421483
1781707139018
2967045538
1781707140019
2984609158
1781707141019
3002317546
1781707142018
3020036767
1781707143024
3037616161
1781707144023
3055286972
1781707145019
3072889745
1781707146017
3090538341
1781707147019
3108206322
1781707148018
3125829978
1781707149022
3143440921
1781707150018
3161095147
1781707151019
3178692657
1781707152020
3196362810
1781707153019
3213945647
1781707154019
3231595222
1781707155018
3249350703
1781707156022
3266879607
1781707157018
3284962739
1781707158043
3302172592
1781707159022
3319672563
1781707160021
3337296603
1781707161018
3354912304
1781707162021
3372482533
1781707163018
3390095342
1781707164019
3407608319
1781707165018
3425237805
1781707166018
3442878170
1781707167018
3460512460
1781707168021
3478022514
1781707169019
3495610859
1781707170020
3513206532
1781707171018
3530761783
1781707172018
3550373001
1781707173135
3566053145
1781707174019
3583666811
1781707175020
3601255339
1781707176021
3618725201
1781707177018
3636301183
1781707178022
3653828572
1781707179018
3671363963
1781707180019
3688875119
1781707181018
3706422643
1781707182018
3723966174
1781707183017
3741582089
1781707184019
3759199519
1781707185020
3776738552
1781707186019
3794336413
1781707187018
3812357900
1781707188045
3829466238
1781707189018
3847098187
1781707190022
3864658839
1781707191021
3882157403
1781707192019
3899808386
1781707193022
3917327528
1781707194020
3934903878
1781707195020
3952427625
1781707196019
3970015817
1781707197020
3987606135
1781707198021
4005175707
1781707199020
4022674806
1781707200020
4040230791
1781707201019
4057781941
1781707202020
4075755938
1781707203042
4092930188
1781707204019
4110567431
1781707205022
4128136926
1781707206022
4145616212
1781707207018
4163102016
1781707208017
4180699158
1781707209021
4198145993
1781707210018
4215656292
1781707211018
4233218504
1781707212019
4250807262
1781707213022
4268374875
1781707214021
4285910755
1781707215017
4303520489
1781707216019
4321033940
1781707217019
4338625008
1781707218023
4356179081
1781707219022
4373767762
1781707220022
4391292672
1781707221021
4408859582
1781707222019
4426461451
1781707223021
4443942267
1781707224018
4461571050
1781707225019
4479099311
1781707226018
4496733586
1781707227019
4514382259
1781707228022
4531933914
1781707229021
4549473436
1781707230018
4567112944
1781707231021
4584654195
1781707232020
4602237919
1781707233019
4619843093
1781707234020
4637450915
1781707235018
4655057665
1781707236018
4672682194
1781707237021
4690233788
1781707238019
4707814192
1781707239018
4725346814
1781707240018
4742936015
1781707241021
4760451378
1781707242018
4778084843
1781707243021
4795609356
1781707244020
4813196247
1781707245021
4830776513
1781707246019
4848404423
1781707247023
4865910958
1781707248018
4883541883
1781707249021
4901064300
1781707250019
4918670912
1781707251020
4936164993
1781707252017
4953695642
1781707253017
4971288668
1781707254018
4988866700
1781707255019
5006408625
1781707256018
5024045011
1781707257021
5041598456
1781707258023
5059102559
1781707259018
5076730913
1781707260021
5094266151
1781707261021
5111824033
1781707262019
5129362362
1781707263018
5146930342
1781707264018
5164591913
1781707265022
5182185520
1781707266020
5199708228
1781707267017
5217313509
1781707268017
5234905189
1781707269020
5252456064
1781707270018
5270014405
1781707271019
5287512250
1781707272019
5305058780
1781707273018
5322603994
1781707274018
5340142139
1781707275020
5357662398
1781707276019
5375223937
1781707277019
5392833212
1781707278021
5410275166
1781707279019
5427826883
1781707280018
5445408893
1781707281022
5462932947
1781707282022
5480513198
1781707283021
5497990816
1781707284019
5515573545
1781707285022
5533161966
1781707286019
5550714830
1781707287019
5568275818
1781707288018
5585965877
1781707289022
5603542334
1781707290022
5621128001
1781707291022
5638771058
1781707292024
5656642284
1781707293043
5673845268
1781707294019
5691371096
1781707295019
5708958416
1781707296022
5726589967
1781707297022
5744107488
1781707298021
5761627732
1781707299021
5779200180
1781707300021
5796698897
1781707301019
5814276088
1781707302021
5831781461
1781707303018
5849451079
1781707304024
5866964178
1781707305019
5884484407
1781707306018
5902104713
1781707307021
5919626579
1781707308018
5937237445
1781707309021
5954797607
1781707310020
5972363843
1781707311021
5989922980
1781707312019
6007579455
1781707313025
6025006186
1781707314018
6042685275
1781707315023
6060021154
1781707316019
6077584253
1781707317018
6095169002
1781707318018
6112760896
1781707319021
6130337154
1781707320018
6147935566
1781707321022
6165499032
1781707322022
6183077294
1781707323020
6200660406
1781707324020
6218159490
1781707325017
6235758453
1781707326018
6253331069
1781707327019
6270947688
1781707328021
6288550139
1781707329022
6306137811
1781707330023
6323640812
1781707331019
6341299154
1781707332021
6358794260
1781707333018
6376462700
1781707334023
6393992522
1781707335022
6411581035
1781707336021
6429141044
1781707337018
6446706469
1781707338019
6464364382
1781707339022
6481945260
1781707340022
6499463516
1781707341019
6516990140
1781707342019
6534503071
1781707343020
6552019628
1781707344018
6569607192
1781707345018
6587177819
1781707346019
6604828266
1781707347021
6622391259
1781707348020
6639919229
1781707349018
6657595595
1781707350024
6675023274
1781707351019
6692675511
1781707352022
6710179048
1781707353021
6727656238
1781707354019
6745227798
1781707355020
6762834151
1781707356020
6780353171
1781707357019
6797990292
1781707358022
6815532492
1781707359019
6833073391
1781707360021
6850642717
1781707361022
6868139644
1781707362022
6885626902
1781707363022
6903053556
1781707364017
6920588871
1781707365019
6938160446
1781707366019
6955681930
1781707367018
6973645782
1781707368044
6990736647
1781707369019
7008155697
1781707370018
7025712768
1781707371022
7043233242
1781707372022
7060700793
1781707373021
7078170823
1781707374018
7095637395
1781707375018
7113187260
1781707376022
7130720646
1781707377020
7148206542
1781707378021
7165685400
1781707379018
7183220868
1781707380021
7200750950
1781707381024
7218259076
1781707382022
7235730483
1781707383022
7253249411
1781707384022
7270743263
1781707385022
7288258718
1781707386022
7305728549
1781707387018
7323246728
1781707388021
7340745322
1781707389022
7358242617
1781707390021
7375689910
1781707391019
7393193998
1781707392019
7410704389
1781707393018
7428209792
1781707394021
7445759733
1781707395022
7463230008
1781707396019
7480769163
1781707397021
7498355488
1781707398018
7515962498
1781707399021
7533477693
1781707400019
7544882451
1781707401019
7555005987
1781707402017
7565738065
1781707403022
7575731015
1781707404022
7586520529
1781707405022
7595310899
1781707406022
7603633028
1781707407023
7611547902
1781707408023
7619475643
1781707409023
7627370902
1781707410026
7635745112
1781707411023
7643679126
1781707412023
7651841324
1781707413025
7659836645
1781707414022
7667612457
1781707415023
7675865384
1781707416024
7684020085
1781707417024
7691967945
1781707418019
7699975721
1781707419026
7707946240
1781707420025
7715623352
1781707421023
7723537185
1781707422021
7731133620
1781707423023
7738896488
1781707424025
7746854385
1781707425024
7754600255
1781707426023
7762514226
1781707427023
7770497184
1781707428047
7778280233
1781707429022
7786129837
1781707430023
7793865792
1781707431023
7801640625
1781707432024
7809469712
1781707433021
7817288440
1781707434023
7825270450
1781707435023
7833146492
1781707436025
7840895009
1781707437026
7848720760
1781707438023
7856373101
1781707439023
7864042869
1781707440023
7871950245
1781707441023
7879762027
1781707442023
7887788438
1781707443022
7895556860
1781707444023
7903449441
1781707445023
7911663292
1781707446023
7919447259
1781707447024
7927138110
1781707448019
7935051928
1781707449022
7942881504
1781707450023
7950682561
1781707451023
7958457837
1781707452024
7966388072
1781707453023
7974183529
1781707454023
7982317331
1781707455021
7990269108
1781707456022
7998470979
1781707457022
8006074788
1781707458021
8014083512
1781707459022
8021653998
1781707460023
8029441820
1781707461024
8037346917
1781707462023
8045243798
1781707463023
8053239241
1781707464022
8061245441
1781707465023
8068965392
1781707466023
8076901074
1781707467023
8084530358
1781707468023
8092221958
1781707469025
8099997235
1781707470022
8107746838
1781707471021
8115462108
1781707472023
8123148537
1781707473024
8130820890
1781707474023
8138551307
1781707475023
8146257657
1781707476023
8154019439
1781707477023
8161660152
1781707478023
8169327716
1781707479023
8177235613
1781707480022
8185062083
1781707481023
8192921999
1781707482023
8200680813
1781707483026
8208228195
1781707484023
8216006042
1781707485024
8223814443
1781707486024
8231525291
1781707487021
8239250307
1781707488024
8246836705
1781707489026
8254399908
1781707490023
8262357729
1781707491023
8269981092
1781707492023
8277704302
1781707493023
8285718687
1781707494023
8293659479
1781707495024
8301729096
1781707496023
8309733796
1781707497022
8317224646
1781707498023
8325054497
1781707499022
8332772047
1781707500023
8340603168
1781707501023
8348541772
1781707502023
8356567203
1781707503023
8364380944
1781707504022
8372319410
1781707505021
8380151037
1781707506021
8388306288
1781707507023
8396158815
1781707508023
8403964431
1781707509023
8411864678
1781707510023
8419638240
1781707511023
8427427103
1781707512025
8435078863
1781707513025
8442633299
1781707514023
8450433683
1781707515023
8458334159
1781707516022
8466049077
1781707517023
8474003470
1781707518023
8481605199
1781707519023
8489117514
1781707520024
8496884100
1781707521025
8504313795
1781707522026
8511979707
1781707523023
8519709681
1781707524023
8527527078
1781707525023
8535177200
1781707526024
8542918143
1781707527022
8550532632
1781707528021
8558198896
1781707529023
8565867394
1781707530023
8573590696
1781707531021
8581079526
1781707532023
8588470757
1781707533023
8596047409
1781707534023
8603661913
1781707535024
8611309908
1781707536023
8619308289
1781707537026
8626810400
1781707538024
8634624156
1781707539024
8642315007
1781707540019
8649970499
1781707541022
8657565970
1781707542023
8665241934
1781707543023
8673035066
1781707544023
8680916203
1781707545026
8688790837
1781707546023
8696771118
1781707547023
8704582579
1781707548023
8712352241
1781707549023
8719863210
1781707550023
8727727731
1781707551023
8735666090
1781707552023
8743536486
1781707553023
8751483995
1781707554024
8759533753
1781707555023
8767377405
1781707556023
8775301352
1781707557023
8783086482
1781707558024
8790683742
1781707559025
8798243625
1781707560023
8806130118
1781707561024
8813792893
1781707562021
8821506985
1781707563023
8829167450
1781707564023
8837022057
1781707565023
8844801281
1781707566023
8852420313
1781707567023
8860061286
1781707568023
8867770176
1781707569023
8875462970
1781707570023
8883126863
1781707571023
8890680916
1781707572022
8898475073
1781707573024
8906277583
1781707574024
8914033123
1781707575025
8921684025
1781707576023
8929399035
1781707577025
8937857349
1781707578138
8944638768
1781707579023
8952060860
1781707580022
8959472960
1781707581022
8967147700
1781707582023
8974734358
1781707583023
8982438107
1781707584022
8990225440
1781707585023
8997971876
1781707586023
9006044339
1781707587023
9013704131
1781707588023
9021284730
1781707589023
9028889779
1781707590022
9036861048
1781707591023
9044806323
1781707592023
9054151211
1781707593237
9060144803
1781707594023
9068237921
1781707595023
9076081604
1781707596023
9083974384
1781707597025
9091729281
1781707598023
9099466200
1781707599018
9107332129
1781707600022
9115124496
1781707601024
9122521235
1781707602023
9130298210
1781707603023
9137992503
1781707604025
9145784059
1781707605023
9153742384
1781707606024
9161275125
1781707607023
9168972647
1781707608024
9176638222
1781707609024
9183968774
1781707610023
9191730341
1781707611023
9199486217
1781707612023
9207099375
1781707613023
9214813558
1781707614023
9222574330
1781707615022
9230292171
1781707616023
9238056890
1781707617022
9245645889
1781707618025
9253128415
1781707619023
9260717184
1781707620024
9268091417
1781707621022
9275662163
1781707622024
9283378122
1781707623047
9290656071
1781707624022
9298344138
1781707625023
9305854143
1781707626023
9313554051
1781707627025
9321146432
1781707628024
9328728790
1781707629019
9336535631
1781707630022
9344150640
1781707631023
9351713720
1781707632023
9359175102
1781707633023
9366732736
1781707634023
9374589622
1781707635023
9382427292
1781707636024
9390308919
1781707637023
9399138901
1781707638137
9405920457
1781707639023
9413419140
1781707640022
9421213863
1781707641023
9428964201
1781707642022
9436780343
1781707643025
9444457225
1781707644023
9452271716
1781707645023
9460245494
1781707646023
9468206023
1781707647023
9475755089
1781707648023
9483386515
1781707649025
9490646808
1781707650022
9498425619
1781707651023
9505997406
1781707652021
9513464785
1781707653023
9520992584
1781707654025
9528491756
1781707655023
9536173488
1781707656023
9543964478
1781707657022
9551421117
1781707658023
9559008907
1781707659023
9566665547
1781707660023
9574190592
1781707661024
9581690927
1781707662025
9589140191
1781707663024
9596545452
1781707664023
9604124277
1781707665021
9611667009
1781707666022
9619359879
1781707667025
9626851203
1781707668019
9634464070
1781707669025
9641885656
1781707670023
9649427959
1781707671023
9656937475
1781707672023
9664665336
1781707673023
9672069496
1781707674023
9679832165
1781707675025
9687665811
1781707676024
9695471351
1781707677023
9703138640
1781707678023
9710983807
1781707679022
9718837220
1781707680023
9726537588
1781707681025
9734114607
1781707682023
9741991705
1781707683021
9749939443
1781707684024
9757410678
1781707685023
9765242181
1781707686023
9773288069
1781707687023
9781113927
1781707688023
9788855758
1781707689024
9796583925
1781707690023
9804344590
1781707691023
9812095769
1781707692023
9819547053
1781707693023
9827137107
1781707694022
9834836282
1781707695023
9842568014
1781707696024
9850355638
1781707697023
