21531818657
1781752137960
21533911791
1781752138010
21578688532
1781752139099
21618513382
1781752140013
21659929352
1781752141013
21699820180
1781752142013
21739820688
1781752143014
21780072843
1781752144014
21819766528
1781752145012
21859767342
1781752146014
21899244230
1781752147013
21939072314
1781752148013
21978723946
1781752149012
22019453700
1781752150013
22067216334
1781752151014
22124914429
1781752152012
22207821809
1781752153011
22267864991
1781752154012
22312909675
1781752155012
22353816187
1781752156015
22395683084
1781752157013
22438557974
1781752158012
22492902012
1781752159012
22537570782
1781752160011
22578653563
1781752161013
22622189157
1781752162013
22664611595
1781752163013
22704366986
1781752164014
22742825017
1781752165012
22790099799
1781752166014
22850665928
1781752167012
22919464214
1781752168013
22961243404
1781752169013
23008559994
1781752170012
23062482402
1781752171015
23119199115
1781752172014
23206363626
1781752173012
23302873083
1781752174012
23398826573
1781752175011
23494582370
1781752176010
23590380709
1781752177011
23686136628
1781752178012
23781775788
1781752179011
23877917754
1781752180012
23974138333
1781752181013
24069612331
1781752182012
24166690147
1781752183012
24262843648
1781752184012
24361759716
1781752185009
24463176876
1781752186011
24565893043
1781752187012
24663532259
1781752188012
24760489103
1781752189012
24857990135
1781752190012
24952112575
1781752191012
25047732142
1781752192012
25144465720
1781752193012
25240732380
1781752194012
25337020769
1781752195009
25433409194
1781752196011
25529814587
1781752197012
25626341867
1781752198013
25721692941
1781752199012
25818351690
1781752200012
25914998354
1781752201012
26011281128
1781752202014
26108060726
1781752203012
26204461847
1781752204012
26300640983
1781752205008
26397061817
1781752206012
26493770981
1781752207012
26589752364
1781752208013
26686337383
1781752209012
26783107521
1781752210012
26879786351
1781752211012
26976400422
1781752212011
27073436612
1781752213012
27169140102
1781752214013
27265608117
1781752215008
27362277303
1781752216011
27459096757
1781752217012
27556004468
1781752218012
27655488772
1781752219012
27756434070
1781752220012
27859626982
1781752221011
27958153646
1781752222013
28054505145
1781752223013
28150605851
1781752224011
28246893935
1781752225010
28345866704
1781752226013
28449746443
1781752227012
28547957129
1781752228010
28642843422
1781752229011
28739317784
1781752230012
28835062656
1781752231012
28930929537
1781752232012
29027072663
1781752233012
29123150969
1781752234012
29218474638
1781752235008
29314544766
1781752236012
29410383510
1781752237012
29506581201
1781752238011
29602276329
1781752239012
29697942100
1781752240011
29794158956
1781752241012
29888441918
1781752242012
29983989524
1781752243012
30080486836
1781752244012
30175705647
1781752245008
30271945025
1781752246011
30368243546
1781752247012
30464358412
1781752248012
30560484753
1781752249012
30657062020
1781752250012
30754307560
1781752251011
30853851189
1781752252012
30953942974
1781752253012
31056548729
1781752254011
31158058968
1781752255009
31254236028
1781752256012
31350547061
1781752257013
31447125122
1781752258011
31542546692
1781752259013
31638354674
1781752260012
31734425778
1781752261011
31830464839
1781752262013
31926863884
1781752263012
32023088919
1781752264012
32119111439
1781752265008
32215257982
1781752266012
32311038072
1781752267012
32407173263
1781752268012
32502820234
1781752269012
32598918499
1781752270012
32695290323
1781752271009
32791972021
1781752272012
32888647494
1781752273012
32984588166
1781752274012
33081523953
1781752275008
33178357201
1781752276012
33274676962
1781752277012
33370893879
1781752278013
33466945818
1781752279012
33562980179
1781752280012
33659391187
1781752281012
33757762884
1781752282010
33854802430
1781752283012
33950987120
1781752284012
34048086237
1781752285008
34149765115
1781752286012
34256247325
1781752287013
34359754140
1781752288010
34467034322
1781752289096
34555054177
1781752290011
34650953163
1781752291012
34746938208
1781752292011
34843249668
1781752293011
34939781403
1781752294012
35036200834
1781752295009
35132240200
1781752296012
35228369715
1781752297011
35324473472
1781752298010
35420702047
1781752299012
35517290972
1781752300011
35613495987
1781752301008
35710650523
1781752302012
35806968758
1781752303012
35902257211
1781752304012
35999075627
1781752305009
36095279849
1781752306012
36191027834
1781752307012
36287407592
1781752308013
36383476071
1781752309012
36479768183
1781752310011
36576601493
1781752311012
36673485949
1781752312011
36772242105
1781752313011
36866480450
1781752314012
36961699994
1781752315009
37057947550
1781752316011
37153932839
1781752317012
37249894447
1781752318013
37345432166
1781752319012
37444220670
1781752320013
37545444776
1781752321012
37644598881
1781752322012
37742032225
1781752323012
37838099545
1781752324012
37934046870
1781752325009
38030114983
1781752326011
38126448843
1781752327012
38222476979
1781752328012
38318781237
1781752329011
38415516768
1781752330013
38511540387
1781752331012
38607846537
1781752332011
38703791237
1781752333013
38799016824
1781752334012
38895130591
1781752335009
38992904145
1781752336012
39088617340
1781752337012
39184258940
1781752338012
39280164335
1781752339011
39376387843
1781752340011
39472257898
1781752341012
39568786398
1781752342012
39666646683
1781752343012
39761880203
1781752344012
39855959064
1781752345009
39955456185
1781752346012
40059367052
1781752347012
40157771768
1781752348011
40252933268
1781752349012
40348521646
1781752350012
40444521034
1781752351012
40540211768
1781752352012
40636229894
1781752353011
40734573331
1781752354013
40835019424
1781752355008
40936676329
1781752356012
41033055660
1781752357011
41129504510
1781752358012
41225628470
1781752359012
41321772633
1781752360012
41418072009
1781752361011
41514723006
1781752362012
41610713849
1781752363012
41706372540
1781752364013
41802165935
1781752365009
41898232095
1781752366012
41994492103
1781752367012
42090653050
1781752368012
42187182833
1781752369012
42283574065
1781752370012
42379397734
1781752371012
42478948565
1781752372010
42575940077
1781752373011
42675032841
1781752374012
42771511415
1781752375009
42868020140
1781752376010
42964311641
1781752377011
43060616510
1781752378012
43155697504
1781752379012
43251989433
1781752380012
43348354482
1781752381011
43444499194
1781752382012
43540851425
1781752383012
43636488143
1781752384012
43732390303
1781752385009
43828911296
1781752386012
43926095129
1781752387012
44025311611
1781752388012
44127458932
1781752389012
44229659476
1781752390012
44326745898
1781752391012
44423070541
1781752392011
44519244917
1781752393011
44614550154
1781752394013
44709637984
1781752395009
44806132976
1781752396012
44902691933
1781752397012
44998652503
1781752398013
45094762364
1781752399011
45190852450
1781752400012
45286958772
1781752401012
45383257048
1781752402014
45479351468
1781752403012
45577193258
1781752404012
45674461014
1781752405009
45773436225
1781752406011
45877303757
1781752407012
45975474648
1781752408011
46070720010
1781752409012
46166611671
1781752410012
46262436499
1781752411012
46358352757
1781752412011
46454303378
1781752413012
46550157015
1781752414012
46646584197
1781752415009
46742731961
1781752416012
46838913173
1781752417011
46935403831
1781752418012
47031328574
1781752419013
47127502888
1781752420012
47225490979
1781752421013
47324445011
1781752422011
47426442613
1781752423012
47526252844
1781752424012
47622171421
1781752425008
47718828278
1781752426012
47815021880
1781752427012
47911329495
1781752428012
48007362208
1781752429012
48103407616
1781752430011
48199325156
1781752431012
48295487508
1781752432011
48392422196
1781752433012
48488985303
1781752434010
48583914992
1781752435009
48682112983
1781752436012
48778163335
1781752437012
48874698366
1781752438012
48969973940
1781752439011
49066374389
1781752440012
49162543333
1781752441012
49259033808
1781752442012
49355379875
1781752443012
49451295584
1781752444012
49547425343
1781752445008
49643024952
1781752446013
49737398611
1781752447012
49832451163
1781752448012
49928705434
1781752449012
50025544663
1781752450012
50121716658
1781752451011
50217921124
1781752452009
50314712685
1781752453012
50409742960
1781752454011
50507282749
1781752455009
50607053123
1781752456012
50708912421
1781752457012
50810470022
1781752458012
50906575733
1781752459012
51003119126
1781752460011
51099658735
1781752461012
51195586102
1781752462012
51292449318
1781752463013
51388726354
1781752464012
51486378326
1781752465009
51587325211
1781752466011
51690666072
1781752467011
51790229294
1781752468009
51886257124
1781752469012
51982163983
1781752470012
52078382242
1781752471012
52174593788
1781752472011
52270887975
1781752473013
52367081149
1781752474012
52462756564
1781752475008
52558815034
1781752476011
52654399445
1781752477012
52749872528
1781752478012
52845671965
1781752479011
52941774380
1781752480012
53038278955
1781752481012
53134129357
1781752482009
53230684346
1781752483011
53326217061
1781752484012
53422040851
1781752485009
53518048113
1781752486012
53614353530
1781752487012
53710904797
1781752488012
53811073608
1781752489012
53911745835
1781752490012
54013687896
1781752491012
54111988548
1781752492012
54208328633
1781752493012
54304933061
1781752494013
54401153579
1781752495008
54498612741
1781752496012
54596997255
1781752497012
54693494994
1781752498011
54789507199
1781752499012
54885475032
1781752500013
54983061696
1781752501009
55077759452
1781752502012
55173753591
1781752503011
55269592579
1781752504012
55365173206
1781752505008
55461392930
1781752506012
55557349105
1781752507012
55653365400
1781752508012
55749054669
1781752509012
55845282084
1781752510011
55941115762
1781752511012
56034045578
1781752512012
56127292776
1781752513011
56222395437
1781752514012
56317126457
1781752515009
56413241690
1781752516012
56509411548
1781752517012
56605128650
1781752518012
56701761886
1781752519012
56797775923
1781752520012
56893426984
1781752521012
56988986187
1781752522011
57087704929
1781752523012
57186230006
1781752524012
57288534798
1781752525008
57389829583
1781752526012
57496707544
1781752527013
57594254535
1781752528010
57688364707
1781752529012
57785040912
1781752530011
57880942583
1781752531014
57976538652
1781752532012
58072465775
1781752533011
58167698563
1781752534012
58262049945
1781752535011
58356537008
1781752536011
58452304585
1781752537012
58548078510
1781752538012
58644205644
1781752539012
58740248611
1781752540012
58836599927
1781752541012
58932535716
1781752542011
59029225593
1781752543011
59124696723
1781752544011
59220408026
1781752545009
59316555973
1781752546012
59412438296
1781752547012
59508531739
1781752548012
59604496093
1781752549012
59700875180
1781752550011
59795328613
1781752551011
59889427554
1781752552012
59983913579
1781752553012
60078191658
1781752554011
60173964545
1781752555010
60271480348
1781752556011
60370591666
1781752557012
60473449801
1781752558012
60573981465
1781752559012
60668042809
1781752560011
60763489342
1781752561011
60859813192
1781752562012
60956440020
1781752563013
61052742264
1781752564013
61148614516
1781752565008
61244666638
1781752566012
61340429638
1781752567009
61436302317
1781752568012
61532104989
1781752569012
61628234443
1781752570012
61724191961
1781752571012
61819853459
1781752572010
61915920230
1781752573012
62010943119
1781752574011
62106266056
1781752575009
62202399782
1781752576012
62296828312
1781752577012
62392726382
1781752578012
62488564760
1781752579012
62584345398
1781752580014
62681040891
1781752581011
62774177737
1781752582012
62866750071
1781752583012
62961592541
1781752584011
63057514536
1781752585009
63156456544
1781752586012
63262137181
1781752587010
63360974758
1781752588010
63459408710
1781752589012
63557116040
1781752590012
63656346621
1781752591011
63758243760
1781752592014
63857553076
1781752593011
63954177463
1781752594012
64049755648
1781752595009
64146306854
1781752596012
64242324186
1781752597012
64338384792
1781752598012
64433924099
1781752599012
64530366357
1781752600012
64626253623
1781752601012
64722350667
1781752602012
64818378681
1781752603013
64913881122
1781752604012
65009621111
1781752605009
65105809158
1781752606012
65201858717
1781752607012
65298196727
1781752608012
65393774852
1781752609012
65490209358
1781752610011
65586640813
1781752611011
65682499393
1781752612012
65778207095
1781752613011
65874575623
1781752614012
65970021301
1781752615009
66066459287
1781752616012
66162840998
1781752617013
66258870721
1781752618012
66353939264
1781752619011
66452710984
1781752620011
66547378466
1781752621012
66641569143
1781752622012
66735462701
1781752623013
66832292837
1781752624012
66931281963
1781752625008
67033608422
1781752626012
67135200386
1781752627010
67231255316
1781752628011
67326839544
1781752629012
67422929752
1781752630011
67518844119
1781752631012
67614322939
1781752632012
67710716064
1781752633012
67805729798
1781752634012
67900978272
1781752635008
67994249152
1781752636011
68088288401
1781752637012
68183975717
1781752638010
68279860237
1781752639011
68376084966
1781752640013
68472129215
1781752641011
68568725830
1781752642012
68664274780
1781752643012
68759951781
1781752644012
68855672789
1781752645009
68953258110
1781752646012
69056585910
1781752647012
69154732265
1781752648012
69249569363
1781752649012
69346580040
1781752650012
69444016009
1781752651011
69540477432
1781752652012
69635496537
1781752653011
69731765516
1781752654012
69827187330
1781752655009
69922478834
1781752656011
70018130018
1781752657012
70115874885
1781752658012
70215479732
1781752659013
70317726541
1781752660012
70415549594
1781752661011
70510702731
1781752662012
70606208346
1781752663010
70701811312
1781752664012
70796912448
1781752665008
70893092744
1781752666012
70989359831
1781752667012
71085597805
1781752668012
71181353236
1781752669012
71277281579
1781752670012
71372788537
1781752671012
71469396749
1781752672011
71565388874
1781752673011
71661413958
1781752674012
71755316305
1781752675009
71850116417
1781752676012
71946985126
1781752677012
72042975664
1781752678012
72145597594
1781752679096
72233340839
1781752680012
72329138018
1781752681012
72428250130
1781752682012
72524570257
1781752683013
72620354374
1781752684012
72715678349
1781752685009
72811478030
1781752686012
72907323610
1781752687013
73003330444
1781752688012
73098881653
1781752689012
73194866819
1781752690012
73290800961
1781752691011
73389709582
1781752692013
73490013708
1781752693009
73592203632
1781752694011
73690052685
1781752695010
73786316538
1781752696012
73882361458
1781752697012
73978718939
1781752698013
74074562077
1781752699012
74170795962
1781752700012
74266068545
1781752701011
74362358276
1781752702012
74459499019
1781752703012
74555517755
1781752704012
74651754325
1781752705011
74750306136
1781752706011
74853666223
1781752707012
74953569837
1781752708010
75048645460
1781752709011
75144824230
1781752710012
75240611277
1781752711012
75337877324
1781752712012
75435826537
1781752713011
75531966549
1781752714012
75627398129
1781752715010
75723364558
1781752716012
75819038751
1781752717012
75915206962
1781752718012
76010845694
1781752719011
76106879506
1781752720011
76203009143
1781752721011
76298953294
1781752722011
76395330977
1781752723013
76490715499
1781752724012
76586786237
1781752725008
76686185396
1781752726012
76786677571
1781752727012
76888822146
1781752728012
76985699034
1781752729013
77081907772
1781752730012
77177849116
1781752731012
77273375055
1781752732012
77369010552
1781752733010
77465090141
1781752734012
77560129021
1781752735010
77656183279
1781752736012
77752273182
1781752737012
77848309069
1781752738012
77944630539
1781752739012
78040066086
1781752740011
78136327497
1781752741011
78232108135
1781752742012
78330002477
1781752743010
78428084746
1781752744012
78523920377
1781752745009
78619596645
1781752746012
78715312587
1781752747012
78811034693
1781752748012
78906048427
1781752749012
79001956201
1781752750012
79097520959
1781752751012
79192912255
1781752752012
79288875083
1781752753012
79384506369
1781752754011
79480014853
1781752755009
79575930501
1781752756011
79671756611
1781752757012
79767073139
1781752758012
79863958633
1781752759011
79963717045
1781752760012
80065382922
1781752761012
80166164403
1781752762011
80261781284
1781752763011
80359063628
1781752764010
80455401882
1781752765008
80554066547
1781752766011
80657629514
1781752767012
80755958730
1781752768010
80851624440
1781752769011
80947821093
1781752770013
81018445790
1781752771012
81066239979
1781752772013
81118785987
1781752773012
81185918018
1781752774010
81241808072
1781752775009
81287267856
1781752776013
81328590626
1781752777012
81382556064
1781752778013
81431712554
1781752779013
81486956187
1781752780013
81577686241
1781752781010
81673565085
1781752782012
81769242818
1781752783012
81864427328
1781752784011
81960110616
1781752785009
82056061298
1781752786012
82151563189
1781752787011
82247218035
1781752788011
82342478961
1781752789011
82438624649
1781752790012
82534559585
1781752791012
82630411939
1781752792013
82728629766
1781752793012
82828300410
1781752794011
82930502907
1781752795009
83030151272
1781752796012
83125550503
1781752797012
83221039639
1781752798011
83316165799
1781752799012
83412449244
1781752800012
83508372826
1781752801012
83604003502
1781752802012
83699678550
1781752803012
83796619098
1781752804011
83893995130
1781752805009
83989800976
1781752806012
84085500560
1781752807012
84181286143
1781752808013
84276495677
1781752809012
84372148447
1781752810012
84467720346
1781752811012
84563345101
1781752812012
84659164192
1781752813012
84754025399
1781752814010
84849608407
1781752815010
84943968272
1781752816011
85038138441
1781752817012
85132360551
1781752818015
85226281270
1781752819013
85322442645
1781752820014
85418344011
1781752821014
85514015214
1781752822012
85609462723
1781752823012
85704923478
1781752824011
85801510144
1781752825009
85901365846
1781752826013
86007468479
1781752827014
86113277779
1781752828011
86214545708
1781752829012
86311369191
1781752830012
86407902025
1781752831012
86503457078
1781752832012
86599546737
1781752833013
86695745038
1781752834014
86794504123
1781752835007
86890965363
1781752836010
86986960113
1781752837011
87082854215
1781752838012
87178386563
1781752839013
87274181362
1781752840012
87370156824
1781752841011
87465601771
1781752842011
87561396142
1781752843012
87656242823
1781752844010
87752101953
1781752845008
87847987144
1781752846011
87943839377
1781752847012
88039613485
1781752848013
88135864459
1781752849012
88232228043
1781752850012
88327753738
1781752851012
88423526992
1781752852012
88519299085
1781752853012
88615267712
1781752854012
88711676278
1781752855010
88809505618
1781752856012
88904841067
1781752857011
89001054444
1781752858012
89096112672
1781752859012
89193079709
1781752860012
89291528493
1781752861011
89392308447
1781752862012
89493379538
1781752863011
89589295797
1781752864012
89685268574
1781752865008
89785271064
1781752866012
89881056036
1781752867012
89976807500
1781752868012
90072475834
1781752869012
90168535891
1781752870012
90264615296
1781752871014
90360206848
1781752872012
90455721557
1781752873013
90548803167
1781752874012
90643640876
1781752875010
90739764043
1781752876012
90836118594
1781752877012
90932298951
1781752878011
91028250487
1781752879012
91124555660
1781752880013
91220546320
1781752881011
91316110651
1781752882011
91411712518
1781752883011
91507885490
1781752884012
91603613943
1781752885009
91703500162
1781752886013
91805504784
1781752887012
91903654069
1781752888011
91999153885
1781752889012
92095276442
1781752890012
92191424084
1781752891012
92288497993
1781752892012
92384033943
1781752893012
92484370050
1781752894012
92583755416
1781752895009
92687318383
1781752896011
92787739208
1781752897012
92883999887
1781752898012
92979684578
1781752899010
93075897284
1781752900011
93171953251
1781752901012
93267523136
1781752902012
93363573976
1781752903011
93458314518
1781752904012
93553428715
1781752905009
93647435738
1781752906011
93742064951
1781752907012
93837556589
1781752908012
93932999215
1781752909012
94028612923
1781752910012
94124199165
1781752911011
94219486641
1781752912012
94314956734
1781752913012
94410337837
1781752914011
94505670967
1781752915008
94601257942
1781752916012
94698290774
1781752917012
94793963320
1781752918012
94888197210
1781752919011
94983682988
1781752920012
95079246281
1781752921012
95175222049
1781752922013
95271882324
1781752923012
95367392577
1781752924012
95462962096
1781752925009
95558411863
1781752926012
95657100454
1781752927010
95756952005
1781752928012
95857800318
1781752929012
95959509042
1781752930013
96055995673
1781752931012
96151453985
1781752932013
96247055242
1781752933012
96342021247
1781752934011
96437419135
1781752935009
96532981878
1781752936012
96628579290
1781752937011
96724321049
1781752938011
96820100711
1781752939012
96915754763
1781752940012
97011045901
1781752941012
97106665102
1781752942012
97202016237
1781752943012
97297587831
1781752944013
97392615786
1781752945008
97491405938
1781752946011
97594355809
1781752947012
97694598595
1781752948012
97787796781
1781752949012
97881972566
1781752950012
97977368256
1781752951013
98072829377
1781752952011
98169833523
1781752953012
98265806605
1781752954012
98361102381
1781752955009
98456768030
1781752956012
98552608666
1781752957011
98648612449
1781752958012
98742530482
1781752959012
98838201624
1781752960012
98934866538
1781752961012
99033539442
1781752962011
99135319882
1781752963012
99236048689
1781752964013
99331245711
1781752965009
99426742659
1781752966012
99521828597
1781752967012
99617398177
1781752968012
99712950239
1781752969012
99809119365
1781752970012
99904599346
1781752971012
99999946392
1781752972012
100097780248
1781752973010
100193995638
1781752974013
100289563753
1781752975009
100385707306
1781752976012
100481725188
1781752977011
100577430326
1781752978012
100672940946
1781752979013
100768608242
1781752980012
100864161098
1781752981010
100959902674
1781752982012
101055571070
1781752983012
101151859336
1781752984013
101247307700
1781752985008
101342694785
1781752986012
101438429709
1781752987012
101536146072
1781752988012
101632383985
1781752989011
101728440441
1781752990012
101824402414
1781752991011
101919985116
1781752992012
102015945808
1781752993012
102110470408
1781752994012
102207402960
1781752995010
102306401119
1781752996011
102408283183
1781752997013
102508647916
1781752998011
102604246548
1781752999012
102700068935
1781753000012
102795532252
1781753001011
102891476221
1781753002012
102987603965
1781753003012
103083630087
1781753004012
103179560261
1781753005009
103278031567
1781753006012
103380755547
1781753007012
103479933515
1781753008012
103575709271
1781753009012
103671346356
1781753010012
103767337321
1781753011012
103862913492
1781753012012
103958609902
1781753013012
104055646153
1781753014012
104151343357
1781753015008
104247117526
1781753016013
104342467074
1781753017010
104438434541
1781753018012
104537428611
1781753019012
104632900840
1781753020012
104727250574
1781753021012
104822992577
1781753022012
104918551659
1781753023012
105013671532
1781753024011
105108911889
1781753025008
105205216880
1781753026012
105301183492
1781753027012
105397134540
1781753028012
105495704173
1781753029010
105597621148
1781753030012
105700283605
1781753031012
105798658598
1781753032012
105894618435
1781753033012
105990651453
1781753034013
106086450646
1781753035008
106182428550
1781753036012
106278099814
1781753037012
106374380573
1781753038012
106468862631
1781753039011
106566090105
1781753040012
106662018570
1781753041012
106757599197
1781753042011
106853318617
1781753043012
106949187329
1781753044012
107045832712
1781753045008
107141792305
1781753046011
107237086434
1781753047012
107333068427
1781753048012
107430191042
1781753049010
107528061397
1781753050012
107624176385
1781753051012
107720300346
1781753052012
107816327566
1781753053011
107910404168
1781753054012
108005011958
1781753055008
108101362053
1781753056012
108197086234
1781753057013
108292183647
1781753058011
108387403679
1781753059011
108483198722
1781753060012
108578701346
1781753061012
108675693530
1781753062012
108774773659
1781753063012
108874081266
1781753064012
108975874280
1781753065009
109074892764
1781753066012
109178202314
1781753067012
109276550390
1781753068012
109371342933
1781753069012
109467485692
1781753070011
109564182771
1781753071012
109659721345
1781753072012
109754843721
1781753073011
109850452363
1781753074012
109945689363
1781753075009
110042756070
1781753076012
110138418667
1781753077012
110234016994
1781753078012
110329460536
1781753079012
110427904803
1781753080013
110524843459
1781753081012
110620529737
1781753082011
110716129346
1781753083012
110810668289
1781753084012
110905409868
1781753085009
111001538772
1781753086012
111096677994
1781753087012
111191952347
1781753088012
111286921403
1781753089010
111383068069
1781753090011
111478792433
1781753091011
111574507032
1781753092011
111669715345
1781753093013
111765227735
1781753094012
111860542554
1781753095008
111958858404
1781753096012
112059349113
1781753097012
112161143591
1781753098012
112258812958
1781753099011
112353833772
1781753100012
112450566801
1781753101012
112546235684
1781753102012
112638645360
1781753103012
112733700841
1781753104012
112829368870
1781753105012
112924539098
1781753106010
113021070040
1781753107012
113116427584
1781753108011
113211808138
1781753109012
113307780671
1781753110013
113406726645
1781753111013
113502509481
1781753112013
113598368550
1781753113012
113692922690
1781753114011
113788050010
1781753115008
113882894616
1781753116012
113977862634
1781753117011
114073548669
1781753118012
114168923180
1781753119012
114265079062
1781753120011
114360664023
1781753121012
114455881552
1781753122012
114551416769
1781753123012
114647167623
1781753124012
114742222189
1781753125009
114840802747
1781753126012
114943501093
1781753127012
115042291977
1781753128012
115136893115
1781753129012
115235138224
1781753130013
115334508697
1781753131012
115437566417
1781753132011
115536966553
1781753133012
115632541199
1781753134010
115727748291
1781753135009
115823389160
1781753136012
115920256649
1781753137012
116015542476
1781753138012
116111050899
1781753139012
116207207452
1781753140012
116304022573
1781753141012
116402442365
1781753142012
116498366009
1781753143012
116593252301
1781753144011
116688204878
1781753145010
116784735148
1781753146012
116880220988
1781753147012
116975557902
1781753148012
117070816203
1781753149012
117166915261
1781753150012
117261784464
1781753151012
117356962749
1781753152012
117452051433
1781753153013
117547412822
1781753154013
117642455243
1781753155010
117738180767
1781753156012
117833338116
1781753157011
117928975078
1781753158012
118023897992
1781753159012
118119597515
1781753160010
118215540568
1781753161012
118312091468
1781753162012
118408117772
1781753163012
118506963528
1781753164012
118608463939
1781753165010
118710389887
1781753166012
118807135794
1781753167010
118903172291
1781753168012
118999044665
1781753169011
119094931017
1781753170012
119190629380
1781753171012
119290262059
1781753172012
119386330722
1781753173012
119481009862
1781753174012
119576524510
1781753175008
119672549960
1781753176012
119768451692
1781753177011
119863995454
1781753178012
119959750824
1781753179012
120055662688
1781753180012
120149912935
1781753181012
120245388338
1781753182012
120341308746
1781753183012
120436972015
1781753184012
120532889799
1781753185009
120631495748
1781753186012
120734874084
1781753187012
120832921562
1781753188010
120927765558
1781753189012
121023543694
1781753190011
121119172356
1781753191012
121214806205
1781753192012
121312022448
1781753193012
121407897691
1781753194011
121503601547
1781753195009
121599713423
1781753196012
121696910501
1781753197012
121796878445
1781753198011
121898853282
1781753199011
121997668337
1781753200009
122093519226
1781753201012
122190282284
1781753202012
122288823353
1781753203011
122384070729
1781753204013
122479181874
1781753205008
122574790577
1781753206008
122670362720
1781753207012
122766333300
1781753208013
122862178025
1781753209012
122958186630
1781753210013
123053133713
1781753211011
123148501511
1781753212011
123244042953
1781753213012
123339726729
1781753214012
123435149032
1781753215010
123530920942
1781753216012
123626122359
1781753217013
123721374434
1781753218012
123816015427
1781753219012
123911764267
1781753220011
124007400435
1781753221013
124102806014
1781753222011
124199524211
1781753223009
124295937172
1781753224012
124391566932
1781753225008
124487077247
1781753226013
124582470679
1781753227012
124677991553
1781753228014
124774814486
1781753229012
124870989472
1781753230013
124969270287
1781753231012
125069561107
1781753232012
125173007193
1781753233011
125272036053
1781753234011
125367450176
1781753235008
125463423075
1781753236008
125559125162
1781753237012
125654926369
1781753238012
125750795508
1781753239012
125846391272
1781753240012
125941849096
1781753241011
126037439306
1781753242012
126133420444
1781753243012
126229352145
1781753244013
126324955965
1781753245008
126423680077
1781753246012
126526898868
1781753247011
126625219356
1781753248010
126720115964
1781753249011
126815687130
1781753250012
126911388423
1781753251012
127007157343
1781753252012
127102691889
1781753253011
127200064992
1781753254012
127295990832
1781753255009
127391417102
1781753256012
127486715442
1781753257012
127582119006
1781753258013
127678351731
1781753259010
127774548018
1781753260014
127870403730
1781753261012
127965599897
1781753262012
128061118329
1781753263012
128159957493
1781753264012
128258557216
1781753265010
128359286755
1781753266012
128460369382
1781753267012
128557719597
1781753268012
128652950432
1781753269012
128748719962
1781753270011
128843410943
1781753271012
128937991084
1781753272012
129033726679
1781753273012
129129408136
1781753274014
129224859369
1781753275008
129320832878
1781753276011
129416590262
1781753277012
129512609914
1781753278014
129607145743
1781753279012
129702661429
1781753280012
129798704884
1781753281012
129894315357
1781753282011
129989982715
1781753283012
130086202500
1781753284013
130183146344
1781753285008
130279018230
1781753286012
130374260052
1781753287012
130470110392
1781753288012
130565619730
1781753289011
130663055638
1781753290013
130759031894
1781753291012
130854665560
1781753292012
130950151277
1781753293012
131045402437
1781753294012
131142742764
1781753295011
131238591335
1781753296013
131334404810
1781753297012
131431360922
1781753298011
131530022107
1781753299012
131629456240
1781753300012
131730412647
1781753301012
131826796311
1781753302011
131922241135
1781753303012
132017701584
1781753304012
132113669905
1781753305008
132210160015
1781753306012
132310516508
1781753307011
132408631736
1781753308011
132503854697
1781753309012
132599525900
1781753310012
132695331868
1781753311012
132791172016
1781753312011
132887567094
1781753313012
132983562393
1781753314012
133078670304
1781753315008
133175939220
1781753316012
133271428904
1781753317012
133366828990
1781753318011
133462624216
1781753319012
133558658760
1781753320012
133655889224
1781753321012
133751298403
1781753322012
133846996034
1781753323011
133942041506
1781753324012
134038548645
1781753325009
134136751457
1781753326012
134232773001
1781753327012
134328738576
1781753328012
134424200367
1781753329012
134520204455
1781753330012
134615776293
1781753331012
134712983136
1781753332013
134811984653
1781753333011
134913792315
1781753334012
135015177675
1781753335009
135111399231
1781753336012
135207185179
1781753337011
135303299008
1781753338012
135398078123
1781753339011
135494024838
1781753340012
135590107356
1781753341012
135685925226
1781753342012
135782187552
1781753343012
135878203908
1781753344011
135974034534
1781753345011
136070408616
1781753346011
136166309799
1781753347011
136262142745
1781753348011
136358121869
1781753349012
136454167827
1781753350012
136550297830
1781753351012
136646219032
1781753352012
136741587684
1781753353012
136836515115
1781753354012
136931835549
1781753355009
137030843169
1781753356011
137127349636
1781753357012
137222826504
1781753358011
137318549769
1781753359012
137413613918
1781753360011
137507805938
1781753361012
137602010347
1781753362012
137697014193
1781753363012
137793140534
1781753364012
137888640290
1781753365008
137989824296
1781753366012
138096374438
1781753367012
138201279321
1781753368011
138299870438
1781753369011
138396179091
1781753370012
138492140881
1781753371011
138588509958
1781753372013
138684740913
1781753373012
138780916692
1781753374012
138876409245
1781753375009
138972590518
1781753376013
139069369506
1781753377012
139165613156
1781753378011
139248265349
1781753379011
139295845489
1781753380010
139351218882
1781753381012
139400109138
1781753382012
139443597002
1781753383013
139497259646
1781753384009
139552914472
1781753385010
139608501549
1781753386012
139676688447
1781753387009
139770113012
1781753388011
139865459814
1781753389012
139961394383
1781753390012
140056691868
1781753391011
140152380771
1781753392012
140247980136
1781753393011
140344061921
1781753394012
140439909027
1781753395012
140535310944
1781753396011
140630938628
1781753397012
140725993378
1781753398012
140820808992
1781753399012
140919142664
1781753400011
141022443119
1781753401009
141124700975
1781753402012
141221791181
1781753403012
141318045756
1781753404012
141413905069
1781753405008
141509832558
1781753406012
141606058324
1781753407011
141702751497
1781753408012
141798371614
1781753409011
141894416534
1781753410010
141990568693
1781753411014
142086144132
1781753412011
142183289513
1781753413011
142278611351
1781753414012
142373347437
1781753415009
142469414513
1781753416012
142566604022
1781753417011
142664100355
1781753418012
142759821057
1781753419011
142856227976
1781753420013
142951970162
1781753421012
143047601143
1781753422012
143143370429
1781753423012
143239003058
1781753424012
143334845769
1781753425009
143433559322
1781753426011
143537441320
1781753427012
143636117275
1781753428012
143730867460
1781753429012
143826478788
1781753430012
143922674830
1781753431012
144018453882
1781753432012
144114220849
1781753433012
144213010208
1781753434012
144312881961
1781753435009
144412107721
1781753436012
144510618272
1781753437011
144606930037
1781753438012
144702754193
1781753439011
144798996318
1781753440012
144895198830
1781753441012
144990709084
1781753442012
145086960851
1781753443011
145183127597
1781753444012
145278663791
1781753445009
145374424654
1781753446010
145470661407
1781753447012
145568572839
1781753448012
145666079852
1781753449010
145762674942
1781753450012
145858638136
1781753451012
145954415235
1781753452013
146049991223
1781753453011
146145818126
1781753454011
146241845102
1781753455009
146338285834
1781753456013
146433897650
1781753457010
146529961369
1781753458011
146625151616
1781753459012
146720856937
1781753460012
146816856447
1781753461010
146912835450
1781753462012
147008554138
1781753463012
147104612363
1781753464012
147200439633
1781753465008
147296588923
1781753466010
147392933891
1781753467012
147491332443
1781753468012
147592993254
1781753469012
147696308114
1781753470012
147794644777
1781753471013
147890732971
1781753472013
147986994870
1781753473011
148083882562
1781753474012
148179686882
1781753475008
148274003169
1781753476012
148369368952
1781753477012
148466760732
1781753478012
148563142260
1781753479012
148661584147
1781753480011
148757916847
1781753481012
148853679541
1781753482011
148949699559
1781753483012
149045489597
1781753484014
149140808933
1781753485009
149240030298
1781753486012
149343458072
1781753487012
149442891228
1781753488011
149538542351
1781753489011
149634366812
1781753490012
149730506276
1781753491012
149826438342
1781753492012
149922503831
1781753493011
150018755904
1781753494012
150114365828
1781753495009
150210245831
1781753496012
150305701275
1781753497012
150401241802
1781753498012
150497303324
1781753499013
150594522924
1781753500009
150691834015
1781753501012
150791023641
1781753502012
150893209293
1781753503012
150994282215
1781753504011
151091774642
1781753505008
151187857587
1781753506011
151283609844
1781753507012
151379405985
1781753508011
151476614110
1781753509012
151574665617
1781753510012
151670567166
1781753511012
151766673671
1781753512012
151862601953
1781753513012
151958826011
1781753514012
152054975911
1781753515009
152151257037
1781753516012
152247674637
1781753517012
152343360000
1781753518011
152438616164
1781753519011
152534190566
1781753520011
152630392712
1781753521013
152726240428
1781753522012
152822131601
1781753523012
152917854745
1781753524011
153013146432
1781753525009
153109464300
1781753526012
153204956121
1781753527012
153300535467
1781753528011
153396234746
1781753529012
153492251040
1781753530010
153588879699
1781753531012
153684605772
1781753532013
153780518857
1781753533011
153875478758
1781753534012
153973271720
1781753535009
154072734662
1781753536012
154171882662
1781753537012
154273171832
1781753538012
154369405716
1781753539012
154466110974
1781753540012
154562524057
1781753541011
154658107858
1781753542011
154754216132
1781753543011
154850156744
1781753544012
154946031742
1781753545008
155045236750
1781753546012
155148904087
1781753547012
155247855677
1781753548012
155342785121
1781753549011
155438531946
1781753550012
155534640038
1781753551012
155630678000
1781753552015
155726338461
1781753553012
155822832354
1781753554012
155918718766
1781753555008
156014861037
1781753556012
156110272536
1781753557012
156206277051
1781753558011
156301949231
1781753559012
156397868846
1781753560010
156494320015
1781753561011
156591171696
1781753562013
156687016665
1781753563012
156782260013
1781753564012
156877849612
1781753565009
156975208188
1781753566012
157071294002
1781753567011
157167396234
1781753568011
157265336535
1781753569012
157366092442
1781753570012
157466512412
1781753571013
157569341738
1781753572011
157665376771
1781753573011
157763787163
1781753574011
157860500478
1781753575010
157956375720
1781753576012
158052518541
1781753577011
158148305222
1781753578012
158243592637
1781753579012
158339555526
1781753580014
158435073103
1781753581011
158530962323
1781753582012
158626633526
1781753583012
158722658000
1781753584011
158818426614
1781753585010
158914522499
1781753586012
159010238745
1781753587012
159105921728
1781753588011
159201402990
1781753589012
159297720797
1781753590011
159393815827
1781753591012
159489462250
1781753592012
159584928253
1781753593012
159680399688
1781753594012
159776025603
1781753595011
159873688073
1781753596012
159969988730
1781753597012
160065971455
1781753598009
160162456132
1781753599012
160259235304
1781753600012
160355838450
1781753601012
160452338630
1781753602012
160553224907
1781753603012
160654559487
1781753604012
160756505942
1781753605009
160857597908
1781753606013
160962906964
1781753607011
161062222994
1781753608012
161157478182
1781753609012
161253604828
1781753610012
161347888950
1781753611012
161442567724
1781753612009
161537030922
1781753613012
161633338292
1781753614011
161729446140
1781753615009
161825699982
1781753616012
161921375214
1781753617012
162017553129
1781753618012
162113581448
1781753619011
162210180566
1781753620012
162306210044
1781753621010
162403136493
1781753622011
162498869585
1781753623012
162594311723
1781753624012
162689646684
1781753625009
162786622327
1781753626011
162883122996
1781753627012
162979163399
1781753628008
163075684453
1781753629012
163172144961
1781753630012
163268429626
1781753631011
163365199093
1781753632011
163462284416
1781753633014
163558839283
1781753634011
163654967638
1781753635008
163752735149
1781753636012
163851846407
1781753637012
163953749283
1781753638011
164054051639
1781753639012
164150688904
1781753640012
164247170895
1781753641012
164343234187
1781753642012
164439508660
1781753643012
164535770132
1781753644012
164631862965
1781753645009
164727910631
1781753646012
164823888535
1781753647012
164919689865
1781753648011
165015521040
1781753649012
165111790630
1781753650012
165207808023
1781753651012
165303639687
1781753652012
165400760166
1781753653011
165496241855
1781753654012
165591004918
1781753655008
165687181003
1781753656012
165784820584
1781753657012
165880654934
1781753658012
165977082604
1781753659012
166073295249
1781753660012
166169564289
1781753661012
166265812761
1781753662013
166362358779
1781753663012
166460155159
1781753664014
166555914008
1781753665008
166654482543
1781753666012
166757996072
1781753667012
166856483307
1781753668010
166951444490
1781753669011
167050182702
1781753670012
167150876597
1781753671012
167252880974
1781753672012
167352608075
1781753673012
167448915140
1781753674012
167544806191
1781753675009
167641528539
1781753676014
167737534885
1781753677012
167833622346
1781753678012
167929724578
1781753679012
168025911649
1781753680013
168121942043
1781753681012
168217334010
1781753682011
168314164939
1781753683013
168409434776
1781753684011
168504761192
1781753685009
168600722861
1781753686012
168696793110
1781753687011
168793884109
1781753688013
168890263135
1781753689012
168986725779
1781753690012
169082651009
1781753691012
169179040106
1781753692012
169275922731
1781753693010
169370889956
1781753694011
169466366091
1781753695010
169560988530
1781753696012
169657300905
1781753697012
169753429199
1781753698011
169849005554
1781753699013
169945783809
1781753700012
170041819452
1781753701012
170137849480
1781753702012
170234649098
1781753703013
170333400798
1781753704011
170433892423
1781753705010
170535840770
1781753706012
170632834968
1781753707012
170728825323
1781753708012
170824439641
1781753709011
170920265995
1781753710011
171015887210
1781753711013
171111690431
1781753712012
171207720886
1781753713012
171303194946
1781753714012
171396567754
1781753715009
171492784182
1781753716012
171588131717
1781753717012
171684837829
1781753718012
171780679136
1781753719012
171876643246
1781753720011
171972490352
1781753721012
172068898552
1781753722010
172164635246
1781753723011
172261954943
1781753724012
172359426983
1781753725009
172458520236
1781753726010
172562131970
1781753727012
172660210027
1781753728010
172755282293
1781753729011
172851446720
1781753730012
172947236086
1781753731012
173043029970
1781753732012
173139178649
1781753733012
173235015684
1781753734012
173331045773
1781753735009
173426821956
1781753736012
173524362111
1781753737013
173623779521
1781753738012
173725745385
1781753739011
173826331126
1781753740012
173922042734
1781753741011
174017630441
1781753742012
174113707588
1781753743012
174209161323
1781753744011
174305695133
1781753745008
174402115358
1781753746012
174497782105
1781753747012
174592304507
1781753748013
174688404359
1781753749011
174784228332
1781753750012
174880033201
1781753751012
174975538877
1781753752012
175072367914
1781753753013
175168840995
1781753754012
175264875112
1781753755008
175362599837
1781753756012
175458239790
1781753757012
175554390972
1781753758012
175649236005
1781753759012
175744559187
1781753760012
175839852033
1781753761012
175935327985
1781753762012
176030781720
1781753763010
176126576580
1781753764013
176222123027
1781753765008
176317833964
1781753766012
176413448404
1781753767011
176508951883
1781753768012
176603839702
1781753769011
176700418251
1781753770011
176799371000
1781753771012
176900460097
1781753772012
177002269041
1781753773015
177098546077
1781753774012
177195479728
1781753775010
177289836542
1781753776012
177384170468
1781753777011
177479756649
1781753778012
177576600639
1781753779010
177672971974
1781753780012
177768454762
1781753781011
177863857228
1781753782011
177960121813
1781753783012
178056350448
1781753784012
178152314314
1781753785008
178251028173
1781753786012
178357003793
1781753787012
178456381041
1781753788012
178551015015
1781753789012
178646348328
1781753790012
178742118102
1781753791012
178838014219
1781753792013
178933635312
1781753793012
179029541500
1781753794012
179125225459
1781753795011
179219397276
1781753796012
179315063596
1781753797012
179411264460
1781753798012
179507124383
1781753799012
179602974175
1781753800012
179699040823
1781753801012
179794740835
1781753802012
179890747303
1781753803012
179986318896
1781753804012
180084897257
1781753805008
180184893889
1781753806010
180283828328
1781753807011
180382097119
1781753808012
180477608654
1781753809010
180574932624
1781753810012
180670755987
1781753811012
180766160406
1781753812012
180861508306
1781753813013
180957493656
1781753814012
181054104981
1781753815008
181150329039
1781753816012
181246238156
1781753817012
181343770622
1781753818011
181438481195
1781753819012
181533831658
1781753820011
181629537834
1781753821012
181725098991
1781753822011
181820874075
1781753823011
181916531790
1781753824012
182012538136
1781753825009
182108121021
1781753826011
182203487415
1781753827012
182298635975
1781753828011
182393612416
1781753829012
182489303334
1781753830012
182584981677
1781753831012
182680873034
1781753832012
182776821701
1781753833012
182872050767
1781753834012
182967123216
1781753835008
183064203778
1781753836012
183159838543
1781753837012
183255176495
1781753838010
183354044101
1781753839012
183454647481
1781753840014
183555217536
1781753841012
183653447997
1781753842011
183749169676
1781753843011
183845021848
1781753844012
183941449213
1781753845009
184040625107
1781753846012
184142854764
1781753847011
184242932999
1781753848011
184338100419
1781753849012
184433327898
1781753850012
184527692036
1781753851013
184623296589
1781753852012
184719310869
1781753853012
184815208268
1781753854012
184911101211
1781753855009
185006849135
1781753856011
185102916577
1781753857012
185198924693
1781753858012
185295033822
1781753859012
185391517767
1781753860012
185487275883
1781753861011
185583057621
1781753862012
185679174989
1781753863012
185773646488
1781753864013
185869093937
1781753865009
185965566346
1781753866011
186062867610
1781753867012
186159169061
1781753868012
186255208976
1781753869012
186351697254
1781753870012
186448633408
1781753871012
186545012922
1781753872012
186643548863
1781753873012
186745870440
1781753874011
186848325011
1781753875010
186945377741
1781753876012
187041855522
1781753877011
187138004995
1781753878012
187235154343
1781753879013
187330745895
1781753880012
187426755171
1781753881012
187521164170
1781753882012
187616725144
1781753883012
187712656356
1781753884012
187808386335
1781753885009
187904249676
1781753886012
188000222575
1781753887012
188096473488
1781753888015
188191633401
1781753889012
188287643775
1781753890013
188383718114
1781753891012
188479471592
1781753892012
188575602084
1781753893011
188670971835
1781753894012
188766277133
1781753895008
188862276948
1781753896012
188959057462
1781753897012
189055678796
1781753898012
189151388024
1781753899012
189247400413
1781753900013
189343115744
1781753901012
189440237688
1781753902012
189535940934
1781753903011
189631818191
1781753904011
189727792432
1781753905009
189828606139
1781753906010
189935565033
1781753907012
190040655584
1781753908011
190141411185
1781753909012
190239593307
1781753910011
190335773298
1781753911012
190431725811
1781753912012
190527858133
1781753913012
190624188331
1781753914012
190720254430
1781753915008
190816185947
1781753916013
190912059542
1781753917011
191007682161
1781753918011
191103482209
1781753919011
191199253692
1781753920011
191294837737
1781753921012
191390298491
1781753922011
191486339932
1781753923012
191589213265
1781753924096
191676530363
1781753925009
191772537015
1781753926012
191868404872
1781753927011
191965638144
1781753928012
192061810810
1781753929012
192157626605
1781753930012
192251678671
1781753931011
192347320150
1781753932010
192443920977
1781753933012
192540357193
1781753934011
192636560499
1781753935009
192733583749
1781753936012
192829677070
1781753937011
192925641118
1781753938009
193021890811
1781753939011
193121843497
1781753940012
193223106849
1781753941011
193325742206
1781753942012
193424480234
1781753943011
193520777962
1781753944012
193616559638
1781753945008
193712370855
1781753946012
193808192387
1781753947012
193904383669
1781753948012
194000239503
1781753949013
194096557799
1781753950012
194192833797
1781753951012
194287229246
1781753952012
194381391603
1781753953012
194475799015
1781753954011
194571538333
1781753955008
194667732728
1781753956012
194763470764
1781753957012
194859326171
1781753958011
194956373713
1781753959012
195052571953
1781753960010
195148710317
1781753961012
195244786487
1781753962012
195342137435
1781753963011
195438662944
1781753964012
195534799539
1781753965008
195635893091
1781753966012
195739809024
1781753967012
195838342158
1781753968011
195933800959
1781753969012
196030693289
1781753970012
196128679183
1781753971012
196224438460
1781753972011
196321715493
1781753973013
196421053618
1781753974012
196520878802
1781753975008
196625214838
1781753976008
196723965562
1781753977011
196823156775
1781753978013
196924714560
1781753979012
197024835153
1781753980010
197123474366
1781753981009
197221639276
1781753982011
197321286848
1781753983011
197419244117
1781753984012
197518135770
1781753985009
197603825614
1781753986012
197686359583
1781753987010
197757933740
1781753988012
197806255882
1781753989011
197867716968
1781753990010
197921141330
1781753991008
197976903456
1781753992012
198036917218
1781753993013
198112784822
1781753994012
198206501867
1781753995011
198302366673
1781753996012
198397953342
1781753997011
198494758392
1781753998012
198590045380
1781753999012
198686955837
1781754000012
198783450341
1781754001012
198880861225
1781754002012
198976107380
1781754003011
199071685687
1781754004012
199167107013
1781754005009
199262560931
1781754006013
199360078198
1781754007012
199459300112
1781754008012
199560770495
1781754009011
199661005895
1781754010011
199756926670
1781754011012
199852261692
1781754012011
199947867709
1781754013012
200043037388
1781754014012
200137769506
1781754015008
200234136386
1781754016013
200330685272
1781754017012
200426771879
1781754018012
200522591214
1781754019012
200619297814
1781754020009
200715019005
1781754021012
200808923122
1781754022012
200902765655
1781754023012
200998686247
1781754024013
201095355006
1781754025008
201193906756
1781754026012
201297237180
1781754027012
201396459765
1781754028010
201491929919
1781754029011
201587773973
1781754030012
201684497297
1781754031011
201782288184
1781754032010
201878257177
1781754033011
201974094883
1781754034012
202070048434
1781754035008
202165083835
1781754036012
202258966956
1781754037011
202353931435
1781754038012
202449671302
1781754039012
202546244663
1781754040012
202645291468
1781754041011
202744802016
1781754042014
202845105165
1781754043011
202942997127
1781754044012
203038809198
1781754045008
203133711726
1781754046012
203228926082
1781754047012
203324486018
1781754048012
203420760430
1781754049013
203516855216
1781754050013
203614211351
1781754051012
203710195053
1781754052014
203805799483
1781754053012
203901904645
1781754054012
203998656961
1781754055009
204094818031
1781754056011
204190623449
1781754057012
204286576024
1781754058011
204382222568
1781754059012
204478227144
1781754060012
204574701140
1781754061011
204671651393
1781754062011
204769041890
1781754063012
204862854761
1781754064012
204957789332
1781754065008
205054029137
1781754066012
205149891074
1781754067012
205246208210
1781754068012
205342141131
1781754069012
205438655777
1781754070012
205534468032
1781754071012
205630191602
1781754072012
205726208019
1781754073012
205822006175
1781754074011
205921386719
1781754075010
206023019943
1781754076012
206124834989
1781754077013
206222158471
1781754078012
206318615804
1781754079012
206415177691
1781754080012
206512377821
1781754081010
206608729381
1781754082010
206704750802
1781754083012
206800761848
1781754084012
206896328437
1781754085009
206996214106
1781754086011
207099718785
1781754087013
207198231656
1781754088010
207293579617
1781754089012
207389767664
1781754090012
207485626489
1781754091012
207582106588
1781754092011
207679396317
1781754093012
207776409436
1781754094012
207872409861
1781754095009
207967836924
1781754096012
208063890023
1781754097012
208159445381
1781754098012
208255661016
1781754099012
208352078067
1781754100012
208448170717
1781754101012
208544053772
1781754102011
208640282468
1781754103012
208735698423
1781754104011
208831415829
1781754105009
208927623469
1781754106012
209023957756
1781754107012
209122265548
1781754108012
209222296176
1781754109012
209325428053
1781754110012
209425525270
1781754111012
209522299681
1781754112012
209618732173
1781754113012
209714761590
1781754114012
209810948722
1781754115009
209908508714
1781754116012
210003825609
1781754117012
210099982223
1781754118012
210195591475
1781754119013
210291946758
1781754120012
210388254678
1781754121012
210484241066
1781754122011
210580998569
1781754123012
210679298184
1781754124013
210774826503
1781754125008
210871040063
1781754126012
210966880516
1781754127012
211062797934
1781754128012
211158855550
1781754129012
211253977682
1781754130011
211348386131
1781754131010
211443149500
1781754132012
211539319358
1781754133011
211634704856
1781754134011
211730455038
1781754135008
211826767963
1781754136011
211923256852
1781754137012
212019622877
1781754138012
212115963024
1781754139012
212212453988
1781754140012
212308401313
1781754141010
212408229854
1781754142009
212508425764
1781754143012
212608645967
1781754144012
212707921652
1781754145008
212806494947
1781754146012
212911295582
1781754147011
213011620216
1781754148015
213106326821
1781754149012
213202260170
1781754150012
213298738560
1781754151012
213394512424
1781754152012
213491776701
1781754153013
213588559596
1781754154010
213686259602
1781754155008
213782716569
1781754156012
213878753189
1781754157012
213974783277
1781754158012
214071288096
1781754159011
214167786812
1781754160012
214264277409
1781754161012
214360382571
1781754162012
214456691529
1781754163012
214552326843
1781754164011
214647973937
1781754165008
214743996274
1781754166014
214839943721
1781754167011
214935849665
1781754168012
215032067314
1781754169013
215128470815
1781754170012
215224490710
1781754171010
215321042099
1781754172012
215418384440
1781754173012
215514652992
1781754174013
215613282440
1781754175008
215713293597
1781754176011
215813184821
1781754177012
215916578416
1781754178013
216013988323
1781754179012
216110557412
1781754180013
216206601661
1781754181011
216303415683
1781754182011
216399619477
1781754183012
216496470486
1781754184013
216594691365
1781754185010
216690598102
1781754186012
216786452898
1781754187012
216882246537
1781754188011
216977902359
1781754189012
217074566968
1781754190012
217170443798
1781754191011
217266782723
1781754192012
217363077338
1781754193011
217458441962
1781754194012
217554350347
1781754195009
217650958620
1781754196012
217746883850
1781754197012
217843045286
1781754198012
217939447017
1781754199012
218035737115
1781754200011
218131934805
1781754201010
218227014457
1781754202012
218322879141
1781754203011
218420210374
1781754204012
218516095809
1781754205009
218615147619
1781754206012
218719141493
1781754207013
218819715149
1781754208011
218916410763
1781754209012
219015473376
1781754210012
219114815651
1781754211011
219218318865
1781754212011
219315573987
1781754213012
219412107493
1781754214012
219509108831
1781754215009
219607436399
1781754216012
219703404049
1781754217012
219799457331
1781754218012
219895829460
1781754219012
219992412709
1781754220012
220088485217
1781754221011
220184683335
1781754222012
220281203046
1781754223012
220376672955
1781754224011
220473286294
1781754225010
220566672164
1781754226012
220658112787
1781754227011
220751257446
1781754228012
220846502502
1781754229012
220942997006
1781754230012
221039360773
1781754231011
221135892386
1781754232012
221232140919
1781754233012
221329336776
1781754234012
221425390913
1781754235008
221521730998
1781754236012
221617969277
1781754237012
221714859410
1781754238012
221811360384
1781754239012
221907537750
1781754240013
222003785123
1781754241012
222099882533
1781754242013
222198375262
1781754243011
222299058720
1781754244012
222402475020
1781754245008
222504185819
1781754246012
222602049277
1781754247012
222698061544
1781754248012
222794204364
1781754249012
222890689591
1781754250012
222987038831
1781754251011
223083509043
1781754252012
223179709481
1781754253012
223275038704
1781754254012
223369488963
1781754255010
223464355175
1781754256012
223560248118
1781754257012
223656034738
1781754258012
223751763070
1781754259012
223848138983
1781754260012
223943457526
1781754261011
224036853283
1781754262012
224131560315
1781754263012
224227145825
1781754264011
224324567878
1781754265010
224423589109
1781754266012
224526653054
1781754267012
224624888154
1781754268012
224721542387
1781754269012
224818076624
1781754270013
224914367394
1781754271012
225010539022
1781754272012
225107715104
1781754273012
225204362257
1781754274012
225299936963
1781754275009
225396885018
1781754276011
225496417112
1781754277012
225596433335
1781754278012
225697994172
1781754279011
225797075949
1781754280012
225893034261
1781754281012
225988746845
1781754282012
226084280536
1781754283011
226179895709
1781754284013
226275195880
1781754285008
226371300370
1781754286012
226467509169
1781754287012
226563238233
1781754288012
226659100171
1781754289011
226755070445
1781754290011
226850916513
1781754291012
226947089973
1781754292012
227042798468
1781754293011
227138692876
1781754294012
227235240297
1781754295008
227331547485
1781754296012
227427927670
1781754297012
227524413629
1781754298012
227620219964
1781754299012
227715339227
1781754300011
227812486317
1781754301009
227908332080
1781754302012
228004326829
1781754303011
228101301984
1781754304012
228197389384
1781754305008
228293596902
1781754306012
228390118261
1781754307012
228487719269
1781754308012
228583595244
1781754309012
228680388453
1781754310012
228779937454
1781754311012
228882116941
1781754312011
228985303505
1781754313011
229082817721
1781754314012
229179333282
1781754315011
229275631436
1781754316012
229371471584
1781754317010
229467683984
1781754318011
229564273397
1781754319012
229660213032
1781754320012
229756007282
1781754321012
229852214982
1781754322012
229948226699
1781754323011
230044806530
1781754324012
230141058115
1781754325008
230241615963
1781754326012
230346304660
1781754327012
230445103235
1781754328012
230540624719
1781754329012
230637870930
1781754330011
230733727252
1781754331010
230830391677
1781754332011
230926501172
1781754333012
231023825508
1781754334010
231120573246
1781754335011
231216601382
1781754336012
231313574278
1781754337012
231409756527
1781754338010
231507720693
1781754339012
231604168444
1781754340012
231700210495
1781754341012
231796137252
1781754342012
231892594707
1781754343012
231988142192
1781754344012
232086280308
1781754345010
232186060326
1781754346012
232288373357
1781754347011
232387448848
1781754348011
232483393915
1781754349012
232579676872
1781754350012
232675565115
1781754351012
232771485280
1781754352010
232868111863
1781754353011
232963975449
1781754354012
233059827071
1781754355010
233155736188
1781754356010
233250987592
1781754357013
233346990887
1781754358011
233442180584
1781754359014
233538860207
1781754360011
233635110999
1781754361011
233731630649
1781754362012
233828328949
1781754363012
233925102688
1781754364011
234022055381
1781754365008
234118273092
1781754366012
234214707781
1781754367012
234311844190
1781754368012
234409591255
1781754369012
234506453067
1781754370013
234602416261
1781754371011
234696993656
1781754372014
234792052251
1781754373012
234887477543
1781754374012
234981803657
1781754375008
235077888311
1781754376012
235174344180
1781754377012
235271526792
1781754378012
235370758777
1781754379011
235472085605
1781754380012
235574761490
1781754381011
235672550546
1781754382010
235769421209
1781754383012
235865859194
1781754384011
235962011109
1781754385008
236061464894
1781754386013
236166204739
1781754387012
236264699787
1781754388010
236360288470
1781754389011
236456269182
1781754390010
236553786632
1781754391012
236650121713
1781754392012
236746854070
1781754393012
236843357851
1781754394012
236940319456
1781754395011
237036333554
1781754396013
237132553522
1781754397013
237229408865
1781754398013
237325949328
1781754399012
237424242900
1781754400011
237520712685
1781754401011
237616900427
1781754402013
237713010410
1781754403011
237809091097
1781754404012
237905417938
1781754405009
238002146633
1781754406012
238098086695
1781754407010
238194286644
1781754408012
238290166586
1781754409011
238386439594
1781754410012
238482087421
1781754411012
238579113418
1781754412012
238678748111
1781754413012
238776570432
1781754414012
238875507983
1781754415009
238974240519
1781754416012
239070328591
1781754417012
239168206697
1781754418011
239263577974
1781754419012
239359740325
1781754420010
239456274075
1781754421011
239553392173
1781754422009
239649952961
1781754423011
239746570939
1781754424012
239843114698
1781754425008
239940038644
1781754426011
240036700506
1781754427012
240132902287
1781754428012
240229743713
1781754429012
240327246516
1781754430011
240424357900
1781754431011
240520417835
1781754432012
240617118393
1781754433012
240712295945
1781754434012
240808291976
1781754435009
240904569806
1781754436012
241000774149
1781754437011
241097127357
1781754438013
241193618992
1781754439012
241289894747
1781754440013
241386118744
1781754441012
241482213652
1781754442012
241578997461
1781754443013
241675367027
1781754444012
241769568202
1781754445008
241866717123
1781754446012
241972260004
1781754447012
242074023416
1781754448011
242173957364
1781754449011
242275715771
1781754450012
242373135321
1781754451013
242468792852
1781754452011
242565811036
1781754453012
242661836425
1781754454012
242757543211
1781754455009
242854375544
1781754456011
242950436394
1781754457011
243046285453
1781754458012
243143069629
1781754459011
243239887558
1781754460012
243337005168
1781754461012
243433591652
1781754462012
243529595678
1781754463012
243624739295
1781754464012
243718814859
1781754465009
243814257547
1781754466012
243910203957
1781754467012
244006185828
1781754468012
244101595923
1781754469012
244197868504
1781754470012
244293311619
1781754471011
244388993259
1781754472012
244484985200
1781754473011
244581373259
1781754474012
244677160123
1781754475008
244773172695
1781754476012
244868660671
1781754477012
244964363917
1781754478012
245059534938
1781754479012
245156375510
1781754480012
245253852617
1781754481011
245353168158
1781754482012
245454736685
1781754483012
245556558629
1781754484012
245652689242
1781754485009
245749035614
1781754486011
245845071501
1781754487012
245940550261
1781754488010
246036456753
1781754489012
246133889976
1781754490012
246230102498
1781754491012
246328349683
1781754492010
246424704051
1781754493011
246519649486
1781754494011
246615010814
1781754495008
246711372445
1781754496012
246807397956
1781754497012
246903314520
1781754498012
246999065251
1781754499012
247093358101
1781754500013
247187801279
1781754501010
247283623727
1781754502011
247379512031
1781754503010
247475434698
1781754504012
247571274541
1781754505008
247669639218
1781754506011
247773260535
1781754507012
247871569975
1781754508009
247967204313
1781754509015
248063183499
1781754510010
248158663113
1781754511012
248254653528
1781754512012
248350808556
1781754513012
248447162862
1781754514012
248546730478
1781754515009
248646588682
1781754516012
248748523358
1781754517012
248846989292
1781754518012
248942662387
1781754519011
249039685759
1781754520012
249135816861
1781754521012
249231387234
1781754522012
249329443380
1781754523012
249424574789
1781754524011
249520322041
1781754525009
249616685076
1781754526012
249713191787
1781754527012
249808657485
1781754528011
249904571363
1781754529012
250000815684
1781754530012
250097285530
1781754531012
250193149542
1781754532012
250288834234
1781754533008
250385513186
1781754534011
250481117494
1781754535008
250576779298
1781754536012
250672468994
1781754537013
250768070312
1781754538011
250871159648
1781754539095
250958031129
1781754540011
251053868836
1781754541014
251149651183
1781754542012
251245725888
1781754543011
251341691890
1781754544012
251438726798
1781754545010
251534413870
1781754546012
251630530934
1781754547012
251727207627
1781754548012
251825995399
1781754549012
251928000143
1781754550010
252030928956
1781754551012
252127351134
1781754552011
252223936153
1781754553012
252320835685
1781754554012
252416087455
1781754555009
252512300405
1781754556012
252608336841
1781754557012
252704595078
1781754558011
252800764998
1781754559012
252896933209
1781754560012
252992628094
1781754561012
253088467021
1781754562012
253184238931
1781754563010
253280420570
1781754564011
253375804725
1781754565009
253474837919
1781754566012
253577808480
1781754567012
253675755373
1781754568010
253771225954
1781754569011
253866321536
1781754570012
253961981569
1781754571012
254057658143
1781754572012
254153434509
1781754573012
254249317442
1781754574011
254344830503
1781754575009
254442314934
1781754576012
254538299613
1781754577012
254634422047
1781754578011
254730012989
1781754579012
254826096361
1781754580012
254922405258
1781754581013
255018968182
1781754582011
255117909274
1781754583011
255217600852
1781754584012
255319600835
1781754585009
255417868894
1781754586012
255513690731
1781754587011
255610578423
1781754588012
255706285331
1781754589011
255802736622
1781754590012
255898662524
1781754591012
255991899834
1781754592008
256039088129
1781754593010
256093950782
1781754594012
256146707666
1781754595010
256199548412
1781754596012
256247830942
1781754597012
256288672695
1781754598013
256331414407
1781754599014
256374878712
1781754600014
256413314527
1781754601013
256456722924
1781754602013
256495488328
1781754603013
256534368538
1781754604013
256573468048
1781754605012
256617086039
1781754606011
256655816164
1781754607014
256697394305
1781754608013
256737225258
1781754609013
256776038208
1781754610014
256815079917
1781754611014
256857107702
1781754612013
256895710021
1781754613013
256935575702
1781754614015
256978270295
1781754615012
257024724583
1781754616014
257071779882
1781754617013
257140397443
1781754618012
257220516196
1781754619011
257262828893
1781754620013
257303061944
1781754621014
257342964003
1781754622013
257382610874
1781754623014
257427800699
1781754624011
257470383598
1781754625011
257516825313
1781754626014
257568827682
1781754627013
257633290896
1781754628012
257674965350
1781754629014
257717238740
1781754630012
257757830555
1781754631013
257800223940
1781754632013
257844122937
1781754633012
257888580282
1781754634013
257934065944
1781754635010
257977226661
1781754636016
258020298389
1781754637013
258058522840
1781754638013
258100652920
1781754639014
258140178087
1781754640014
258179427865
1781754641014
258218530243
1781754642012
258261010236
1781754643014
258301180483
1781754644014
258343981276
1781754645012
258390040912
1781754646012
258429553628
1781754647014
258467845827
1781754648013
258506275417
1781754649013
258552982328
1781754650013
258602565575
1781754651012
258683583984
1781754652012
258759468555
1781754653012
258802604614
1781754654013
258841841025
1781754655012
258883323707
1781754656013
258924015436
1781754657014
258962335711
1781754658012
259002757971
1781754659014
259044967885
1781754660013
259083868481
1781754661013
259123085788
1781754662012
259165710496
1781754663012
259204492684
1781754664013
259243609833
1781754665012
259283914722
1781754666013
259326603212
1781754667012
259366037376
1781754668015
259406620280
1781754669014
259446302978
1781754670013
259484981102
1781754671013
259524963177
1781754672014
259563849064
1781754673014
259607168777
1781754674014
259650259976
1781754675015
259691317366
1781754676014
259735457023
1781754677012
259774151932
1781754678013
259812760475
1781754679012
259852386656
1781754680013
259891256002
1781754681013
259930960063
1781754682013
259970486268
1781754683012
260014771494
1781754684014
260061711071
1781754685010
260130728106
1781754686011
260221680266
1781754687012
260289879188
1781754688014
260333979722
1781754689013
260379042656
1781754690014
260425542659
1781754691012
260474199944
1781754692013
260522941152
1781754693011
260565841494
1781754694013
260604866602
1781754695011
260644231552
1781754696012
260682868905
1781754697014
260725529562
1781754698013
260764831829
1781754699013
260806902400
1781754700014
260846079058
1781754701015
260885699867
1781754702013
260924886718
1781754703012
260965689958
1781754704014
261010429773
1781754705011
261050459150
1781754706014
261088678962
1781754707014
261132399065
1781754708014
261171021280
1781754709013
261210219544
1781754710013
261249431175
1781754711013
261289217511
1781754712014
261328425174
1781754713012
261369172079
1781754714013
261407886763
1781754715011
261448701966
1781754716013
261487617821
1781754717014
261529267800
1781754718014
261576666665
1781754719012
261643120780
1781754720012
261723987699
1781754721012
261768939977
1781754722014
261812657272
1781754723012
261858392140
1781754724013
261900311650
1781754725011
261943301591
1781754726012
261990576433
1781754727013
262041417978
1781754728012
262083274255
1781754729012
262122491867
1781754730014
21186286
1781754731014
60713467
1781754732013
100171923
1781754733012
140864873
1781754734015
184329667
1781754735012
227593167
1781754736013
265732107
1781754737012
308910891
1781754738012
348229882
1781754739012
387779158
1781754740013
427028630
1781754741013
467151330
1781754742014
507200788
1781754743015
546725407
1781754744013
585882777
1781754745012
632534818
1781754746013
695079946
1781754747012
758633067
1781754748013
803736834
1781754749013
849576682
1781754750013
892548191
1781754751012
940237400
1781754752013
987927707
1781754753012
1059069127
1781754754012
1134375636
1781754755011
1177974523
1781754756011
1219786245
1781754757014
1262428347
1781754758012
1311340148
1781754759013
1354561900
1781754760014
1394602997
1781754761013
1434950550
1781754762013
1474734200
1781754763013
1515426723
1781754764013
1558505409
1781754765011
1598920650
1781754766014
1641393014
1781754767013
1679597567
1781754768012
1723271528
1781754769013
1763138491
1781754770014
1802184229
1781754771012
1841920821
1781754772013
1881554875
1781754773014
1921742699
1781754774011
1962352886
1781754775011
2007991502
1781754776013
2049750367
1781754777013
2087763332
1781754778013
2128205245
1781754779013
2170957393
1781754780013
2209635090
1781754781012
2249294168
1781754782013
2289389036
1781754783014
2329053668
1781754784013
2369242042
1781754785010
2418358616
1781754786013
2481475642
1781754787012
2562449067
1781754788011
2626659962
1781754789013
2670832518
1781754790013
2712060928
1781754791013
2756231103
1781754792013
2795886458
1781754793014
2842841233
1781754794013
2892189983
1781754795010
2936145925
1781754796011
2978351445
1781754797012
3017973414
1781754798013
3056732164
1781754799013
3100933773
1781754800013
3140613297
1781754801013
3179582619
1781754802013
3218893126
1781754803013
3258667072
1781754804015
3299008888
1781754805011
3345731791
1781754806013
3398900661
1781754807012
3467321812
1781754808013
3509275317
1781754809013
3552216980
1781754810013
3593758805
1781754811012
3635848724
1781754812012
3680125832
1781754813013
3720658993
1781754814012
3760351457
1781754815012
3804488734
1781754816012
3844518051
1781754817013
3883513617
1781754818014
3923188870
1781754819014
3970940517
1781754820014
4027922427
1781754821014
4109569008
1781754822011
4174958916
1781754823013
4216046518
1781754824013
4260273273
1781754825010
4304520901
1781754826013
4348414893
1781754827012
4399012542
1781754828012
4440254990
1781754829012
4485001091
1781754830012
4527462225
1781754831013
4568033654
1781754832013
4607575240
1781754833013
4647468998
1781754834013
4687943748
1781754835012
4728289287
1781754836014
4767335512
1781754837013
4805887660
1781754838014
4849014136
1781754839099
4888832150
1781754840013
4930568127
1781754841012
4970690033
1781754842012
5010539358
1781754843012
5049725231
1781754844014
5089432527
1781754845012
5128978569
1781754846012
5171917545
1781754847013
5210620449
1781754848013
5250609971
1781754849013
5290917729
1781754850013
5333659502
1781754851012
5374541538
1781754852014
5415550467
1781754853014
5463606191
1781754854013
5526137952
1781754855009
5608231675
1781754856012
5666347188
1781754857014
5705408367
1781754858013
5751626144
1781754859012
5800540631
1781754860012
5848055707
1781754861012
5890771845
1781754862012
5931214918
1781754863014
5970915622
1781754864013
6011751699
1781754865011
6058926505
1781754866012
6111859780
1781754867013
6160032448
1781754868012
6204126024
1781754869098
6243798041
1781754870014
6283500515
1781754871014
6324312056
1781754872013
6363626653
1781754873012
6402672146
1781754874012
6441687610
1781754875011
6482496710
1781754876014
6521401945
1781754877013
6565481788
1781754878011
