226170717937
1780319671875
226176286587
1780319672011
226219862648
1780319673013
226259990291
1780319674013
226300954115
1780319675014
226341322786
1780319676013
226381458547
1780319677013
226421573923
1780319678014
226461708281
1780319679013
226505191446
1780319680077
226547002191
1780319681013
226588240306
1780319682013
226629211636
1780319683013
226669361131
1780319684013
226710382327
1780319685014
226750791953
1780319686013
226790736308
1780319687013
226831601377
1780319688013
226871706926
1780319689013
226911318397
1780319690013
226952510613
1780319691013
226993264354
1780319692013
227034740811
1780319693013
227074655503
1780319694016
227124614360
1780319695176
227161400887
1780319696013
227201863063
1780319697013
227244022562
1780319698012
227283948058
1780319699013
227324870805
1780319700014
227364779333
1780319701014
227406136649
1780319702014
227448306463
1780319703013
227488304774
1780319704013
227529216840
1780319705013
227570364561
1780319706013
227610220355
1780319707013
227650524696
1780319708013
227690580990
1780319709015
227741245044
1780319710076
227797452603
1780319711015
227866495395
1780319712012
227963838591
1780319713012
228064047441
1780319714012
228164314640
1780319715012
228264514030
1780319716012
228364784769
1780319717012
228465275723
1780319718011
228565807204
1780319719012
228665991884
1780319720012
228766221546
1780319721012
228866125099
1780319722012
228966987146
1780319723010
229068226083
1780319724011
229167540526
1780319725011
229267018238
1780319726011
229367474585
1780319727011
229467286829
1780319728012
229567695386
1780319729012
229668012573
1780319730013
229768493151
1780319731011
229868952122
1780319732012
229966951871
1780319733013
230066816911
1780319734012
230166977421
1780319735010
230265994929
1780319736012
230365952192
1780319737011
230466177644
1780319738013
230565879171
1780319739011
230664021742
1780319740011
230763242008
1780319741012
230863383109
1780319742013
230962840069
1780319743009
231062770965
1780319744011
231162688373
1780319745011
231262187630
1780319746013
231361866879
1780319747013
231461461229
1780319748009
231561198095
1780319749012
231661164636
1780319750012
231761374340
1780319751012
231860845643
1780319752011
231960817311
1780319753012
232060726357
1780319754010
232165603835
1780319755073
232258883992
1780319756011
232358628854
1780319757011
232458159300
1780319758010
232558266954
1780319759011
232658069188
1780319760012
232757631372
1780319761012
232857612623
1780319762011
232957329714
1780319763012
233057447011
1780319764013
233157206704
1780319765013
233256540801
1780319766012
233356966447
1780319767011
233457117314
1780319768012
233556941399
1780319769013
233661845549
1780319770073
233754862584
1780319771012
233854488245
1780319772013
233952152545
1780319773012
234051113779
1780319774013
234151336301
1780319775013
234251302170
1780319776012
234351700717
1780319777013
234451776022
1780319778012
234551965463
1780319779013
234652486141
1780319780012
234752866987
1780319781013
234853351288
1780319782012
234954126421
1780319783012
235054295232
1780319784013
235153711603
1780319785015
235253789838
1780319786012
235354247100
1780319787012
235454399188
1780319788009
235555183903
1780319789011
235655093193
1780319790013
235755486979
1780319791010
235855498747
1780319792013
235955045306
1780319793012
236055131048
1780319794012
236155040094
1780319795013
236254926679
1780319796010
236354624422
1780319797011
236454915242
1780319798012
236555568793
1780319799012
236654638059
1780319800013
236754394090
1780319801012
236854910312
1780319802012
236955769551
1780319803012
237056655401
1780319804013
237156634515
1780319805012
237257239360
1780319806013
237357633329
1780319807012
237457413835
1780319808012
237557456121
1780319809010
237658048271
1780319810012
237757434796
1780319811013
237857039888
1780319812013
237956419638
1780319813012
238056497507
1780319814013
238155691772
1780319815012
238254646109
1780319816012
238354981118
1780319817010
238455245387
1780319818010
238555420912
1780319819013
238655264407
1780319820012
238754927482
1780319821012
238854835063
1780319822012
238954438751
1780319823012
239054552081
1780319824011
239155313114
1780319825013
239255285209
1780319826011
239356149575
1780319827011
239457263635
1780319828015
239557503186
1780319829012
239662266284
1780319830074
239755257135
1780319831012
239855219404
1780319832011
239956070525
1780319833011
240057440444
1780319834012
240158303528
1780319835013
240258169483
1780319836013
240358722570
1780319837012
240458740320
1780319838013
240559074596
1780319839013
240659253295
1780319840011
240759702135
1780319841012
240859235327
1780319842012
240959755577
1780319843013
241060165843
1780319844012
241160035826
1780319845013
241259591724
1780319846012
241360598912
1780319847011
241461202719
1780319848012
241561795540
1780319849012
241662334956
1780319850012
241762605695
1780319851012
241862764191
1780319852013
241962901142
1780319853013
242063691838
1780319854012
242163939568
1780319855012
242263130232
1780319856011
242363615997
1780319857011
242463993426
1780319858012
242564519780
1780319859013
242663066280
1780319860013
242763062057
1780319861013
242863241977
1780319862012
242963294089
1780319863012
243063841805
1780319864013
243164134639
1780319865013
243263471787
1780319866012
243364077730
1780319867012
243464710041
1780319868012
243564966498
1780319869010
243665328424
1780319870010
243766153850
1780319871013
243866209441
1780319872012
243966313188
1780319873012
244066575627
1780319874011
244166822441
1780319875012
244266662578
1780319876012
244366891264
1780319877013
244467054155
1780319878012
244567316838
1780319879010
244667792777
1780319880012
244768396401
1780319881012
244868559231
1780319882013
244968802382
1780319883013
245068974855
1780319884012
245169648120
1780319885011
245269461464
1780319886012
245368903531
1780319887012
245469327895
1780319888012
245569642031
1780319889012
245674580483
1780319890074
245768232953
1780319891013
245868389496
1780319892012
245968709368
1780319893013
246069571415
1780319894013
246169859671
1780319895012
246269850626
1780319896011
246370721462
1780319897012
246471469373
1780319898012
246572719724
1780319899012
246672987473
1780319900012
246773026157
1780319901012
246873606405
1780319902013
246973656259
1780319903012
247073493771
1780319904010
247172397022
1780319905012
247271026896
1780319906012
247371205351
1780319907012
247471827163
1780319908011
247571453068
1780319909010
247671817679
1780319910012
247772202981
1780319911012
247872321194
1780319912012
247972018693
1780319913012
248072017033
1780319914012
248172768118
1780319915013
248272698831
1780319916012
248372743253
1780319917013
248473211990
1780319918012
248573681887
1780319919012
248672798759
1780319920011
248771783674
1780319921012
248872497528
1780319922012
248972245808
1780319923012
249072254585
1780319924011
249172224788
1780319925012
249272243575
1780319926012
249372432771
1780319927012
249471663597
1780319928010
249572128671
1780319929011
249672757808
1780319930011
249773348249
1780319931011
249873895843
1780319932011
249973924029
1780319933012
250074340948
1780319934012
250174337823
1780319935011
250273595381
1780319936012
250374225312
1780319937012
250474873858
1780319938012
250574878912
1780319939011
250674962091
1780319940013
250775487529
1780319941012
250876604763
1780319942013
250976312760
1780319943013
251076317387
1780319944012
251176127251
1780319945012
251275676923
1780319946013
251375982635
1780319947011
251476298907
1780319948012
251576511602
1780319949012
251676203668
1780319950013
251775521102
1780319951013
251875147251
1780319952012
251975188315
1780319953011
252075603097
1780319954013
252175549741
1780319955012
252275522752
1780319956012
252376274508
1780319957012
252477157184
1780319958012
252577293036
1780319959011
252677853875
1780319960010
252778394389
1780319961011
252878741849
1780319962011
252978495928
1780319963012
253077084420
1780319964012
253176659483
1780319965013
253275897754
1780319966010
253376437536
1780319967011
253476956444
1780319968011
253577131358
1780319969008
253678395930
1780319970012
253779267132
1780319971012
253879839384
1780319972013
253979880571
1780319973011
254080385624
1780319974013
254180680350
1780319975012
254280572917
1780319976013
254381105557
1780319977012
254482510815
1780319978013
254582824462
1780319979012
254688496982
1780319980073
254782181679
1780319981013
254882604762
1780319982013
254983235119
1780319983012
255083533446
1780319984012
255184190720
1780319985011
255284477451
1780319986012
255385173299
1780319987011
255486107245
1780319988012
255586262384
1780319989012
255687202006
1780319990012
255787584989
1780319991011
255888202285
1780319992010
255989693236
1780319993012
256090132127
1780319994012
256190385166
1780319995013
256289785363
1780319996012
256390300121
1780319997011
256491218685
1780319998011
256591477218
1780319999008
256692284150
1780320000012
256792975725
1780320001011
256893771366
1780320002012
256994099966
1780320003010
257095163795
1780320004010
257193856962
1780320005012
257292795186
1780320006012
257393512884
1780320007013
257493624383
1780320008009
257594663126
1780320009012
257699780838
1780320010073
257793268575
1780320011013
257893029306
1780320012012
257993565975
1780320013012
258094054426
1780320014012
258194500153
1780320015013
258294551471
1780320016013
258394826605
1780320017012
258495568108
1780320018011
258596229593
1780320019012
258696806911
1780320020011
258797223646
1780320021012
258897835693
1780320022013
258998399828
1780320023011
259099130100
1780320024012
259199328696
1780320025011
259299888802
1780320026013
259399953976
1780320027011
259500945722
1780320028015
259600617097
1780320029011
259701091511
1780320030011
259802514347
1780320031013
259903180898
1780320032013
260003679176
1780320033013
260104608300
1780320034013
260204556286
1780320035013
260304573120
1780320036012
260404824084
1780320037012
260505554478
1780320038012
260606128806
1780320039012
260711385372
1780320040073
260805380493
1780320041012
260906377915
1780320042012
261006444370
1780320043012
261107064352
1780320044012
261207597664
1780320045012
261307793086
1780320046012
261408085676
1780320047012
261507946077
1780320048012
261608824603
1780320049012
261708981207
1780320050012
261808775202
1780320051012
261908679365
1780320052012
262009095551
1780320053012
262109317218
1780320054012
65599380
1780320055010
164840581
1780320056011
265086479
1780320057012
365747537
1780320058012
466388088
1780320059012
566816420
1780320060012
666687685
1780320061012
766583120
1780320062011
867338294
1780320063012
967322413
1780320064012
1067727430
1780320065012
1167489198
1780320066012
1267323354
1780320067012
1367866920
1780320068011
1468215601
1780320069013
1567395157
1780320070012
1667361515
1780320071012
1767419120
1780320072012
1867649393
1780320073010
1968326443
1780320074011
2068686598
1780320075010
2168740969
1780320076012
2269117421
1780320077010
2369588477
1780320078013
2470198754
1780320079012
2571121896
1780320080012
2671888606
1780320081012
2772472638
1780320082011
2873069183
1780320083011
2973725785
1780320084012
3073207952
1780320085012
3173741020
1780320086012
3273998393
1780320087013
3374653165
1780320088013
3475036147
1780320089012
3575581849
1780320090012
3676542162
1780320091012
3776998021
1780320092012
3877708517
1780320093012
3978162240
1780320094012
4078538387
1780320095012
4178795759
1780320096013
4279059785
1780320097013
4376951563
1780320098012
4477431164
1780320099011
4582946580
1780320100073
4676848195
1780320101012
4777951269
1780320102013
4879258566
1780320103012
4979802009
1780320104012
5080480219
1780320105011
5180996502
1780320106012
5278640600
1780320107011
5376475127
1780320108013
5475936054
1780320109012
5576916448
1780320110013
5677322502
1780320111012
5777291118
1780320112012
5877354094
1780320113011
5978109940
1780320114012
6077568303
1780320115013
6177132746
1780320116011
6277765056
1780320117012
6379145778
1780320118012
6479337172
1780320119012
6579411562
1780320120012
6679661427
1780320121013
6779785500
1780320122013
6880038051
1780320123012
6980505811
1780320124013
7080467103
1780320125012
7180626270
1780320126012
7280982093
1780320127011
7381394860
1780320128012
7481830761
1780320129013
7580938417
1780320130012
7680408438
1780320131012
7780224040
1780320132011
7879601776
1780320133012
7977066981
1780320134011
8077555005
1780320135012
8177321473
1780320136010
8277226490
1780320137011
8377272133
1780320138012
8477505824
1780320139011
8578223584
1780320140012
8678613646
1780320141012
8778655016
1780320142012
8879056859
1780320143012
8979636130
1780320144011
9079072521
1780320145012
9178966430
1780320146012
9280165451
1780320147011
9380907991
1780320148012
9481328938
1780320149013
9580905648
1780320150009
9679096315
1780320151012
9778747000
1780320152013
9879052834
1780320153012
9979431178
1780320154010
10079990796
1780320155013
10179681093
1780320156011
10280109913
1780320157012
10380656286
1780320158012
10481162743
1780320159015
10585681701
1780320160076
10678980474
1780320161012
10779618400
1780320162013
10880183389
1780320163011
10980604946
1780320164013
11080653090
1780320165011
11181316529
1780320166012
11281816089
1780320167012
11381779761
1780320168012
11482474633
1780320169011
11583085703
1780320170011
11683529050
1780320171012
11783813522
1780320172013
11884061922
1780320173012
11984698200
1780320174012
12084519783
1780320175013
12183673704
1780320176012
12283756395
1780320177013
12383677282
1780320178011
12483725732
1780320179013
12583264783
1780320180011
12683381470
1780320181012
12783573169
1780320182013
12884047583
1780320183013
12984545372
1780320184012
13085344431
1780320185012
13185785702
1780320186013
13286184615
1780320187012
13386714387
1780320188013
13486795857
1780320189013
13585657725
1780320190011
13683205388
1780320191013
13782510187
1780320192012
13883372478
1780320193012
13983684050
1780320194013
14083643816
1780320195012
14183315314
1780320196012
14283110407
1780320197012
14383267988
1780320198013
14483390046
1780320199010
14584478532
1780320200012
14685230227
1780320201012
14785988514
1780320202013
14886650793
1780320203011
14986661707
1780320204012
15084331989
1780320205012
15182108533
1780320206013
15282075013
1780320207012
15383170274
1780320208009
15484341707
1780320209013
15584957905
1780320210012
15685961125
1780320211012
15786385978
1780320212013
15887009561
1780320213013
15987663844
1780320214012
16088688488
1780320215012
16189184263
1780320216011
16290105697
1780320217012
16391711455
1780320218012
16492877516
1780320219013
16591815740
1780320220013
16691784661
1780320221013
16792406474
1780320222012
16893213161
1780320223012
16993682020
1780320224011
17094257386
1780320225012
17194871691
1780320226012
17295196080
1780320227012
17396061728
1780320228012
17496465401
1780320229011
17597012568
1780320230012
17697224958
1780320231012
17797267488
1780320232012
17897964740
1780320233012
17999062747
1780320234012
18099187735
1780320235013
18199267923
1780320236012
18299685330
1780320237012
18400927075
1780320238012
18501571837
1780320239012
18601788194
1780320240011
18702588595
1780320241012
18803034505
1780320242011
18904230291
1780320243012
19005348746
1780320244012
19106051491
1780320245013
19206403529
1780320246013
19307216442
1780320247012
19407954221
1780320248012
19505982657
1780320249013
19610402189
1780320250073
19703284581
1780320251011
19804112448
1780320252011
19904855476
1780320253010
20006095329
1780320254012
20106841836
1780320255015
20206248198
1780320256011
20306822281
1780320257012
20407415652
1780320258013
20508225269
1780320259011
20608688574
1780320260010
20708896875
1780320261012
20809161266
1780320262012
20909913267
1780320263012
21010170945
1780320264013
21116382892
1780320265073
21207679350
1780320266013
21307532183
1780320267012
21408260441
1780320268012
21509006643
1780320269012
21609859534
1780320270012
21710742088
1780320271013
21810723034
1780320272011
21911206175
1780320273011
22011956161
1780320274012
22112637056
1780320275011
22212708027
1780320276012
22312560128
1780320277012
22413480463
1780320278012
22514292216
1780320279013
22613730804
1780320280012
22714718583
1780320281010
22815846498
1780320282012
22916729418
1780320283011
23017352269
1780320284012
23117923850
1780320285012
23218326120
1780320286010
23318976069
1780320287011
23419212629
1780320288012
23520581327
1780320289011
23621979200
1780320290012
23722515625
1780320291011
23822774706
1780320292013
23923340977
1780320293011
24023985922
1780320294011
24124264230
1780320295013
24223852842
1780320296013
24324097031
1780320297012
24424982210
1780320298011
24525736957
1780320299012
24626231329
1780320300013
24726784660
1780320301012
24827071147
1780320302012
24927088713
1780320303012
25027640396
1780320304013
25127920474
1780320305012
25228297536
1780320306010
25328871376
1780320307012
25429551660
1780320308011
25530692819
1780320309013
25629835388
1780320310010
25678960323
1780320311011
25727635369
1780320312012
25781219217
1780320313013
25827154036
1780320314013
25874123642
1780320315013
25927914520
1780320316013
25993834944
1780320317013
26053468215
1780320318014
26136859847
1780320319013
26235350745
1780320320012
26334493862
1780320321013
26433272967
1780320322012
26532381600
1780320323012
26631045960
1780320324010
26729177422
1780320325011
26827937851
1780320326011
26926805151
1780320327012
27025870327
1780320328012
27125106340
1780320329012
27224688849
1780320330012
27324343135
1780320331012
27423218248
1780320332013
27521928811
1780320333011
27621489774
1780320334012
27720801776
1780320335012
27819617075
1780320336012
27919205443
1780320337012
28018917407
1780320338012
28118479957
1780320339012
28216765716
1780320340011
28316733112
1780320341012
28416308967
1780320342013
28515447508
1780320343012
28614658069
1780320344012
28713817117
1780320345012
28813174895
1780320346011
28913237627
1780320347012
29012533271
1780320348013
29111040770
1780320349011
29211146410
1780320350012
29310724524
1780320351013
29409566557
1780320352013
29509449174
1780320353011
29609108282
1780320354013
29714062603
1780320355073
29806177236
1780320356013
29906003335
1780320357013
30006111233
1780320358013
30106396010
1780320359013
30206163272
1780320360013
30305890983
1780320361009
30406153483
1780320362012
30505684295
1780320363013
30604972676
1780320364013
30704240183
1780320365011
30803268311
1780320366011
30903026967
1780320367012
31002490396
1780320368011
31102445157
1780320369011
31207056767
1780320370073
31300675302
1780320371013
31400487180
1780320372012
31500503342
1780320373013
31599749609
1780320374012
31699338893
1780320375012
31798766800
1780320376011
31898620609
1780320377013
31998088494
1780320378013
32097338973
1780320379012
32194508341
1780320380012
32294629666
1780320381012
32395154128
1780320382012
32495415407
1780320383012
32595481313
1780320384012
32694649394
1780320385013
32793352022
1780320386012
32893373434
1780320387012
32993482003
1780320388013
33093064695
1780320389011
33192977830
1780320390012
33293099767
1780320391008
33393926474
1780320392012
33493577159
1780320393009
33593923825
1780320394010
33693826341
1780320395012
33793443884
1780320396012
33893227442
1780320397012
33993562512
1780320398013
34093491333
1780320399012
34198068763
1780320400073
34291697247
1780320401011
34391991851
1780320402011
34492398515
1780320403012
34592232854
1780320404012
34691474971
1780320405012
34791279830
1780320406011
34891321078
1780320407012
34990706138
1780320408012
35090474010
1780320409012
35190500427
1780320410013
35290330005
1780320411013
35389725442
1780320412012
35489653958
1780320413012
35589828872
1780320414012
35688414985
1780320415012
35786726562
1780320416012
35886656115
1780320417012
35986516883
1780320418012
36086334559
1780320419011
36186160109
1780320420012
36286117129
1780320421010
36386224477
1780320422012
36485996439
1780320423013
36585650908
1780320424013
36685368975
1780320425012
36784716805
1780320426013
36884163755
1780320427012
36983436816
1780320428010
37083832921
1780320429012
37188521008
1780320430073
37281959733
1780320431012
37382141423
1780320432013
37481893059
1780320433012
37581957867
1780320434011
37682040923
1780320435013
37781275411
1780320436011
37880888925
1780320437012
37980498533
1780320438012
38080409410
1780320439012
38180259497
1780320440013
38280088831
1780320441013
38379843519
1780320442013
38480105958
1780320443012
38579838186
1780320444011
38678684734
1780320445012
38777838838
1780320446012
38877588705
1780320447013
38976786937
1780320448013
39076788879
1780320449012
39176391285
1780320450012
39275881326
1780320451012
39375346891
1780320452013
39475048601
1780320453013
39575344060
1780320454013
39675105035
1780320455012
39774179427
1780320456012
39874058078
1780320457011
39974013816
1780320458013
40073871287
1780320459012
40178541368
1780320460073
40272540883
1780320461013
40372644753
1780320462013
40472949489
1780320463011
40572479569
1780320464011
40672446781
1780320465012
40772091118
1780320466012
40871935040
1780320467013
40971268770
1780320468012
41071623127
1780320469013
41168969863
1780320470012
41268100224
1780320471012
41368238335
1780320472012
41469013895
1780320473013
41569410427
1780320474012
41674309939
1780320475073
41767257882
1780320476012
41866782347
1780320477011
41966874986
1780320478012
42066770665
1780320479011
42166605249
1780320480012
42267047435
1780320481012
42366591919
1780320482012
42466307667
1780320483012
42566527015
1780320484011
42664071382
1780320485011
42762926781
1780320486012
42862628857
1780320487011
42962209962
1780320488011
43062631458
1780320489010
43167751672
1780320490073
43261669584
1780320491012
43361485307
1780320492012
43461943851
1780320493012
43562246939
1780320494011
43662626504
1780320495012
43762712552
1780320496011
43862660721
1780320497012
43962058843
1780320498012
44062271050
1780320499013
44162389263
1780320500012
44262112335
1780320501012
44361737019
1780320502012
44462209601
1780320503013
44561973445
1780320504012
44661120774
1780320505013
44760338660
1780320506012
44860534814
1780320507013
44960440565
1780320508013
45060314699
1780320509012
45160208730
1780320510012
45260342080
1780320511013
45360089078
1780320512013
45459827165
1780320513012
45559977848
1780320514010
45660611074
1780320515012
45760862588
1780320516011
45860746243
1780320517012
45961084365
1780320518011
46061083865
1780320519011
46159946893
1780320520013
46259901654
1780320521011
46360066315
1780320522012
46460038349
1780320523011
46559988716
1780320524010
46659769954
1780320525010
46759795333
1780320526013
46859889742
1780320527012
46959580100
1780320528010
47059752573
1780320529012
47160081357
1780320530009
47260503219
1780320531012
47361001253
1780320532013
47461174519
1780320533012
47562001348
1780320534012
47661694636
1780320535013
47761111923
1780320536012
47861410250
1780320537012
47961282187
1780320538013
48061659981
1780320539012
48161665341
1780320540012
48261756942
1780320541011
48361622409
1780320542011
48461505637
1780320543012
48561704111
1780320544012
48661926755
1780320545011
48762068222
1780320546012
48862501254
1780320547011
48962433188
1780320548012
49062167308
1780320549013
49161091737
1780320550012
49260791189
1780320551012
49360736856
1780320552012
49461287746
1780320553009
49561561842
1780320554012
49662443176
1780320555013
49762263904
1780320556012
49862317908
1780320557011
49962445887
1780320558012
50062806042
1780320559011
50162624696
1780320560011
50263223925
1780320561013
50363149207
1780320562013
50463248133
1780320563011
50563505933
1780320564012
50668904772
1780320565073
50762614920
1780320566013
50862911294
1780320567012
50962945279
1780320568011
51063524245
1780320569012
51163839601
1780320570012
51263968373
1780320571012
51363686074
1780320572008
51464269191
1780320573011
51564887952
1780320574011
51665385375
1780320575013
51765294238
1780320576012
51865580846
1780320577012
51965373560
1780320578012
52065295667
1780320579012
52164326664
1780320580013
52263650750
1780320581012
52363838543
1780320582014
52463759430
1780320583012
52563610187
1780320584012
52663967230
1780320585013
52763713069
1780320586012
52864098554
1780320587012
52964259796
1780320588011
53064409076
1780320589012
53164859075
1780320590012
53265402092
1780320591012
53365529887
1780320592012
53466029264
1780320593013
53566785415
1780320594013
53666161747
1780320595012
53765741143
1780320596013
53865952312
1780320597011
53966300017
1780320598011
54066519304
1780320599013
54166147406
1780320600013
54266414056
1780320601011
54366408062
1780320602009
54466720000
1780320603011
54567155839
1780320604011
54667171941
1780320605013
54767112664
1780320606012
54867073101
1780320607013
54966877289
1780320608011
55066817890
1780320609012
55165566234
1780320610012
55265313781
1780320611012
55365329577
1780320612012
55465451086
1780320613011
55565994896
1780320614012
55666239757
1780320615012
55766330077
1780320616012
55867569930
1780320617012
55968007356
1780320618013
56068403888
1780320619012
56168520820
1780320620012
56268131832
1780320621013
56367823105
1780320622013
56468091525
1780320623013
56568058920
1780320624009
56667605174
1780320625012
56767636717
1780320626013
56868052720
1780320627012
56968365574
1780320628012
57068521750
1780320629012
57168577402
1780320630012
57268884397
1780320631011
57368888169
1780320632011
57468832737
1780320633012
57569516317
1780320634012
57670306037
1780320635012
57770225826
1780320636012
57870259871
1780320637011
57970564241
1780320638013
58070457296
1780320639012
58175074154
1780320640073
58269563353
1780320641012
58370083055
1780320642012
58470692233
1780320643013
58570952169
1780320644012
58671017831
1780320645011
58770648680
1780320646012
58871109238
1780320647011
58971541049
1780320648012
59071414755
1780320649013
59171439829
1780320650010
59271315367
1780320651011
59371452073
1780320652011
59471314366
1780320653012
59571990073
1780320654012
59671443798
1780320655012
59770815736
1780320656012
59871509936
1780320657012
59971961339
1780320658012
60072476218
1780320659011
60172836313
1780320660012
60272779661
1780320661012
60373167648
1780320662013
60473577548
1780320663013
60572834557
1780320664011
60673234202
1780320665012
60773404722
1780320666012
60873677414
1780320667013
60974215731
1780320668012
61074411581
1780320669010
61179579646
1780320670073
61272731447
1780320671011
61372617421
1780320672012
61472654885
1780320673011
61573063991
1780320674013
61673366285
1780320675012
61774298827
1780320676012
61874561266
1780320677011
61975083775
1780320678012
62075735494
1780320679013
62175683603
1780320680011
62275784543
1780320681012
62375552781
1780320682012
62475683567
1780320683012
62576162070
1780320684012
62675586803
1780320685011
62775329407
1780320686012
62875869860
1780320687009
62976397923
1780320688013
63076242516
1780320689009
63177059213
1780320690012
63277794917
1780320691012
63377865889
1780320692013
63478368805
1780320693012
63578730731
1780320694012
63679353582
1780320695012
63779245538
1780320696012
63879422100
1780320697010
63980279813
1780320698011
64080170671
1780320699010
64179546149
1780320700012
64278851192
1780320701012
64378804916
1780320702011
64479096041
1780320703012
64579102194
1780320704012
64679507454
1780320705012
64779622249
1780320706012
64880234479
1780320707012
64980313020
1780320708012
65080546161
1780320709012
65180802191
1780320710013
65280650508
1780320711012
65380447921
1780320712013
65480547091
1780320713012
65580470968
1780320714012
65680068308
1780320715013
65779723327
1780320716013
65879994127
1780320717013
65979641211
1780320718009
66079757104
1780320719011
66179544325
1780320720012
66279877930
1780320721013
66379870045
1780320722015
66480228125
1780320723012
66580052577
1780320724012
66680252271
1780320725012
66780550415
1780320726012
66880940356
1780320727012
66981147497
1780320728012
67081146753
1780320729012
67180435500
1780320730012
67280416934
1780320731012
67380433828
1780320732013
67480672891
1780320733012
67581253932
1780320734013
67681912061
1780320735012
67781655396
1780320736013
67881882252
1780320737012
67982220435
1780320738013
68082359278
1780320739012
68183295665
1780320740010
68283679929
1780320741012
68384135788
1780320742013
68484677278
1780320743011
68585102619
1780320744011
68684656442
1780320745012
68784684750
1780320746013
68885362410
1780320747013
68986184906
1780320748012
69086109943
1780320749012
69186731633
1780320750011
69286969475
1780320751011
69386817730
1780320752012
69486444794
1780320753008
69586800678
1780320754011
69686944098
1780320755012
69787054254
1780320756012
69887709087
1780320757011
69988347745
1780320758011
70088462235
1780320759012
70193602774
1780320760074
70286776364
1780320761012
70387178939
1780320762011
70487089999
1780320763012
70587316000
1780320764010
70687772713
1780320765011
70787690914
1780320766013
70887684493
1780320767012
70987967257
1780320768012
71088347859
1780320769009
71188960639
1780320770011
71289463128
1780320771011
71389824199
1780320772011
71489719634
1780320773011
71589807940
1780320774011
71689464362
1780320775011
71788954403
1780320776011
71889829511
1780320777012
71989972504
1780320778009
72090528155
1780320779009
72190873174
1780320780012
72291552543
1780320781012
72392056680
1780320782012
72491900723
1780320783008
72592253433
1780320784012
72692846498
1780320785012
72792504812
1780320786011
72892932656
1780320787012
72993368983
1780320788012
73093457899
1780320789012
73191660346
1780320790013
73290237181
1780320791011
73390082323
1780320792012
73489482703
1780320793012
73586838838
1780320794012
73687514850
1780320795012
73787809637
1780320796013
73887538203
1780320797011
73987711958
1780320798012
74087967316
1780320799012
74188203144
1780320800012
74288727850
1780320801012
74388941827
1780320802012
74489937234
1780320803013
74590237149
1780320804012
74689656022
1780320805011
74789297918
1780320806012
74890012870
1780320807011
74990649148
1780320808011
75090763150
1780320809010
75191416762
1780320810012
75292090088
1780320811011
75392287525
1780320812012
75492480811
1780320813013
75592795251
1780320814011
75693002026
1780320815012
75792797608
1780320816012
75893548754
1780320817012
75994569979
1780320818012
76095041646
1780320819013
76200157466
1780320820073
76293655700
1780320821011
76394269701
1780320822012
76494888828
1780320823012
76595061972
1780320824012
76695577035
1780320825012
76795975459
1780320826010
76896337995
1780320827012
76996753205
1780320828012
77096622578
1780320829012
77197624883
1780320830010
77298216361
1780320831012
77398622903
1780320832012
77499453700
1780320833011
77600033093
1780320834012
77699720582
1780320835013
77799182730
1780320836012
77899395364
1780320837012
78000338831
1780320838010
78100643140
1780320839011
78200581239
1780320840012
78300967212
1780320841012
78401436620
1780320842013
78501672570
1780320843012
78601826488
1780320844012
78701856628
1780320845012
78802287584
1780320846013
78902937290
1780320847012
79003306295
1780320848012
79103682625
1780320849013
79209040510
1780320850074
79303213670
1780320851012
79403467441
1780320852011
79503846152
1780320853012
79604930732
1780320854013
79704505306
1780320855011
79804617782
1780320856009
79905103181
1780320857008
80005662189
1780320858012
80106248235
1780320859012
80206466729
1780320860011
80306708232
1780320861011
80406794524
1780320862011
80506647051
1780320863012
80607123601
1780320864012
80706575617
1780320865012
80806118575
1780320866013
80906825470
1780320867013
81007109882
1780320868013
81106717170
1780320869012
81207207270
1780320870012
81307422101
1780320871012
81407603729
1780320872011
81508021929
1780320873012
81608938541
1780320874013
81709812550
1780320875012
81809779458
1780320876013
81910201564
1780320877012
82011270275
1780320878012
82111113342
1780320879012
82209860709
1780320880012
82310301980
1780320881011
82410691127
1780320882012
82511703198
1780320883012
82611948791
1780320884011
82711967211
1780320885012
82812064123
1780320886011
82912206872
1780320887012
83012067395
1780320888010
83112795836
1780320889013
83213359544
1780320890011
83313893588
1780320891011
83414604878
1780320892015
83514461007
1780320893012
83615806633
1780320894012
83715056074
1780320895013
83814035130
1780320896013
83914283958
1780320897011
84014550608
1780320898012
84114821103
1780320899011
84214410326
1780320900009
84314606358
1780320901012
84414583763
1780320902010
84513386306
1780320903011
84611361885
1780320904012
84709401124
1780320905011
84807613336
1780320906012
84907661481
1780320907013
85007282747
1780320908011
85106895712
1780320909012
85206355784
1780320910012
85306382994
1780320911011
85406559923
1780320912012
85507006504
1780320913013
85606939842
1780320914011
85707245676
1780320915012
85804561345
1780320916013
85881323112
1780320917013
85937957671
1780320918010
85995186590
1780320919013
86043801272
1780320920013
86091066288
1780320921013
86143625296
1780320922012
86212657590
1780320923013
86281195013
1780320924013
86378170045
1780320925011
86477510733
1780320926013
86578079079
1780320927012
86678575282
1780320928009
86779031690
1780320929011
86879861388
1780320930012
86980381760
1780320931012
87081021029
1780320932012
87181458760
1780320933012
87281609627
1780320934009
87382769402
1780320935012
87482455365
1780320936011
87583106169
1780320937012
87684356826
1780320938012
87784743959
1780320939013
87890236426
1780320940073
87983927043
1780320941008
88081979099
1780320942012
88180522975
1780320943012
88280746046
1780320944013
88381487304
1780320945013
88482064195
1780320946013
88582482945
1780320947012
88683128927
1780320948013
88783077341
1780320949012
88883864924
1780320950011
88984334699
1780320951012
89084443390
1780320952012
89185043475
1780320953011
89285213873
1780320954009
89384583064
1780320955012
89484618086
1780320956012
89585086335
1780320957011
89685485797
1780320958011
89786000554
1780320959012
89886326164
1780320960013
89987201211
1780320961013
90087432095
1780320962013
90187802016
1780320963013
90287864992
1780320964009
90389023547
1780320965013
90489483739
1780320966012
90590328268
1780320967012
90690607980
1780320968012
90791283137
1780320969013
90890653427
1780320970013
90991132540
1780320971011
91092100665
1780320972013
91192240363
1780320973012
91289756287
1780320974011
91389905994
1780320975013
91490110145
1780320976013
91591109459
1780320977011
91691813180
1780320978011
91792908014
1780320979012
91894030986
1780320980012
91994724636
1780320981013
92095234755
1780320982011
92196191589
1780320983012
92297020799
1780320984012
92402716817
1780320985074
92496381494
1780320986011
92597082164
1780320987012
92697620054
1780320988012
92798211654
1780320989013
92898752168
1780320990013
92999906450
1780320991012
93100548405
1780320992013
93201251821
1780320993012
93301987891
1780320994012
93403251792
1780320995012
93504138192
1780320996011
93605038141
1780320997013
93704915937
1780320998012
93805558258
1780320999012
93910316107
1780321000073
94004463998
1780321001012
94105264094
1780321002013
94205872907
1780321003009
94307153531
1780321004011
94405334249
1780321005012
94505033945
1780321006011
94606219660
1780321007011
94706678021
1780321008012
94807341826
1780321009012
94908528212
1780321010012
95009429993
1780321011012
95110186632
1780321012013
95211114718
1780321013013
95312209857
1780321014012
95413103886
1780321015012
95513679312
1780321016013
95614841834
1780321017012
95716304159
1780321018012
95817491706
1780321019012
95918488639
1780321020010
96019610146
1780321021012
96120759423
1780321022013
96221951486
1780321023011
96321158324
1780321024012
96419929128
1780321025012
96519497233
1780321026012
96620355739
1780321027012
96720924085
1780321028011
96820807680
1780321029013
96920238394
1780321030013
97020434061
1780321031012
97120408414
1780321032011
97221270583
1780321033012
97322365295
1780321034009
97422991685
1780321035011
97523521640
1780321036013
97624277547
1780321037013
97724564826
1780321038011
97825662285
1780321039012
97926087809
1780321040012
98027115260
1780321041012
98127333571
1780321042011
98228047790
1780321043013
98328976182
1780321044012
98428810521
1780321045012
98529791159
1780321046012
98630757453
1780321047013
98731812065
1780321048013
98832243570
1780321049013
98931753508
1780321050009
99032549698
1780321051012
99133479616
1780321052012
99233828297
1780321053013
99334127112
1780321054009
99432940885
1780321055012
99530196862
1780321056012
99627562030
1780321057012
99727932928
1780321058011
99827627985
1780321059012
99933034759
1780321060073
100027296419
1780321061013
100128169025
1780321062012
100228856999
1780321063013
100329120231
1780321064012
100429829141
1780321065012
100530361049
1780321066012
100630542739
1780321067011
100731128113
1780321068012
100831431629
1780321069012
100931961584
1780321070012
101032594261
1780321071012
101132819285
1780321072010
101233520626
1780321073012
101333878951
1780321074012
101433769320
1780321075013
101533981771
1780321076012
101634985663
1780321077013
101736040092
1780321078015
101837043739
1780321079013
101936760342
1780321080013
102037588148
1780321081011
102138646239
1780321082012
102239300217
1780321083012
102340052034
1780321084012
102440409748
1780321085012
102541200811
1780321086012
102642342947
1780321087012
102743340125
1780321088014
102843592127
1780321089012
102942817520
1780321090012
103042929141
1780321091012
103143284353
1780321092012
103243138773
1780321093012
103344113490
1780321094012
103445215648
1780321095013
103545557127
1780321096013
103646548873
1780321097012
103746716158
1780321098012
103847343769
1780321099012
103947125252
1780321100012
104047246028
1780321101013
104147577986
1780321102013
104247433260
1780321103011
104347783345
1780321104012
104447260385
1780321105013
104547257626
1780321106013
104647533249
1780321107010
104748074007
1780321108012
104848774372
1780321109013
104949087835
1780321110012
105049548760
1780321111013
105149709636
1780321112011
105249692352
1780321113010
105350451798
1780321114012
105450534123
1780321115012
105550641044
1780321116011
105651055399
1780321117012
105752123011
1780321118012
105852255018
1780321119011
105957252979
1780321120073
106051147026
1780321121012
106151827737
1780321122013
106252614406
1780321123012
106353451977
1780321124013
106453395142
1780321125012
106553328052
1780321126012
106653618689
1780321127013
106753659510
1780321128012
106854096020
1780321129013
106954266052
1780321130011
107054762560
1780321131013
107154757116
1780321132013
107254707666
1780321133011
107354765881
1780321134012
107454032290
1780321135012
107553546317
1780321136012
107654674293
1780321137013
107755484093
1780321138012
107856022960
1780321139012
107956342710
1780321140013
108057074386
1780321141012
108157596223
1780321142012
108257474263
1780321143012
108357726204
1780321144011
108457965938
1780321145008
108558469953
1780321146012
108659441008
1780321147011
108760130997
1780321148012
108860463931
1780321149013
108959202692
1780321150012
109058594588
1780321151012
109158399569
1780321152012
109259150593
1780321153013
109359131477
1780321154013
109459317256
1780321155013
109559213119
1780321156013
109659493562
1780321157012
109760163837
1780321158011
109860633062
1780321159013
109960818780
1780321160012
110060944805
1780321161011
110160549287
1780321162012
110260640034
1780321163011
110360777168
1780321164012
110460244503
1780321165012
110560046433
1780321166013
110659948094
1780321167012
110760090965
1780321168012
110860605661
1780321169011
110961035946
1780321170013
111061499739
1780321171012
111161699067
1780321172012
111262152546
1780321173011
111362858770
1780321174013
111463018120
1780321175008
111563799539
1780321176012
111664347378
1780321177012
111764851454
1780321178012
111865361573
1780321179012
111970438208
1780321180074
112064309489
1780321181012
112164113615
1780321182010
112264905167
1780321183013
112361943187
1780321184011
112461712768
1780321185012
112561678455
1780321186011
112662149450
1780321187012
112763059348
1780321188012
112863475228
1780321189011
112963824215
1780321190012
113064862774
1780321191014
113165046905
1780321192013
113265256976
1780321193012
113365900822
1780321194012
113465468560
1780321195013
113564732772
1780321196013
113664764803
1780321197013
113765856402
1780321198012
113865876410
1780321199010
113965509028
1780321200012
114066318951
1780321201011
114166659331
1780321202011
114267059953
1780321203012
114367063298
1780321204012
114466650873
1780321205012
114566803143
1780321206011
114666687836
1780321207012
114767206988
1780321208011
114867959477
1780321209012
114972985941
1780321210073
115067304975
1780321211012
115168122405
1780321212012
115268718400
1780321213012
115369027408
1780321214012
115468169610
1780321215010
115567913190
1780321216013
115668206391
1780321217011
115768748858
1780321218012
115868996648
1780321219012
115969057793
1780321220011
116068870587
1780321221012
116169968717
1780321222013
116270639358
1780321223012
116370495852
1780321224011
116469672906
1780321225012
116568929121
1780321226009
116669063386
1780321227012
116769576008
1780321228013
116869299934
1780321229011
116969428706
1780321230011
117069726240
1780321231012
117169886262
1780321232012
117270258625
1780321233010
117369875313
1780321234013
117470275325
1780321235012
117570081038
1780321236012
117669944552
1780321237012
117770283834
1780321238011
117870585457
1780321239011
117975599348
1780321240073
118069397997
1780321241015
118169540258
1780321242011
118269777489
1780321243012
118369558240
1780321244012
118469182008
1780321245011
118569857288
1780321246012
118670036596
1780321247012
118769735560
1780321248012
118870427319
1780321249011
118971347349
1780321250012
119071594712
1780321251011
119172139620
1780321252012
119272540486
1780321253012
119372764900
1780321254012
119472251706
1780321255012
119571221789
1780321256013
119671551550
1780321257012
119771901818
1780321258012
119872758127
1780321259012
119973402584
1780321260012
120073691145
1780321261013
120174202973
1780321262011
120274815691
1780321263012
120374870916
1780321264011
120475008904
1780321265012
120574540632
1780321266012
120674462801
1780321267010
120775498492
1780321268011
120875114570
1780321269012
120974402096
1780321270011
121074130662
1780321271012
121174126866
1780321272013
121274369285
1780321273014
121374148876
1780321274012
121473742249
1780321275011
121574033191
1780321276012
121674402074
1780321277014
121774593712
1780321278012
121875343515
1780321279012
121976213435
1780321280012
122076440413
1780321281012
122177204925
1780321282012
122277689287
1780321283012
122378035954
1780321284012
122477311518
1780321285013
122576361252
1780321286011
122676953524
1780321287012
122777144857
1780321288012
122878266180
1780321289012
122979633657
1780321290012
123080543860
1780321291012
123180714197
1780321292012
123281012891
1780321293013
123381385741
1780321294011
123481366992
1780321295012
123581383582
1780321296011
123682160667
1780321297013
123782657847
1780321298013
123882488524
1780321299012
123981732898
1780321300012
124081373024
1780321301012
124181830653
1780321302012
124282112073
1780321303009
124382652038
1780321304010
124482944384
1780321305012
124583236180
1780321306013
124683331078
1780321307011
124783900950
1780321308012
124883401855
1780321309012
124983049000
1780321310012
125082791542
1780321311012
125182467618
1780321312013
125282573440
1780321313012
125382700809
1780321314012
125482182548
1780321315013
125582307536
1780321316013
125682442046
1780321317012
125783189224
1780321318012
125883465945
1780321319011
125983456717
1780321320012
126084012978
1780321321013
126184099758
1780321322012
126284566969
1780321323012
126385013733
1780321324012
126484973866
1780321325011
126584461465
1780321326011
126684550808
1780321327012
126785167677
1780321328011
126885357789
1780321329012
126984464713
1780321330012
127083616254
1780321331011
127183304292
1780321332012
127283669636
1780321333012
127383797736
1780321334012
127484391290
1780321335013
127584091901
1780321336013
127683987154
1780321337011
127784292195
1780321338013
127884132576
1780321339012
127984923029
1780321340013
128084783430
1780321341013
128185131684
1780321342012
128285549090
1780321343012
128385258185
1780321344012
128484227903
1780321345012
128583615649
1780321346012
128684218052
1780321347013
128784552329
1780321348009
128884744578
1780321349012
128984598936
1780321350012
129084823289
1780321351012
129184781285
1780321352012
129285149925
1780321353011
129384779003
1780321354011
129485184569
1780321355013
129585150499
1780321356008
129686095431
1780321357011
129786804036
1780321358012
129887605841
1780321359012
129986333493
1780321360012
130085905748
1780321361012
130185872228
1780321362011
130286251610
1780321363012
130387750068
1780321364012
130488338251
1780321365012
130588702801
1780321366011
130689017363
1780321367013
130788933978
1780321368013
130889210271
1780321369013
130989551933
1780321370012
131089405621
1780321371012
131189633697
1780321372012
131290143388
1780321373012
131391127382
1780321374011
131490880240
1780321375012
131590473674
1780321376013
131690837248
1780321377012
131791164139
1780321378011
131891156071
1780321379011
131991494071
1780321380012
132091382792
1780321381012
132191548795
1780321382013
132292018326
1780321383013
132392137881
1780321384013
132492771596
1780321385012
132593100868
1780321386009
132694203942
1780321387012
132794247570
1780321388012
132894511473
1780321389012
132993460805
1780321390010
133093187234
1780321391012
133193716335
1780321392013
133294090956
1780321393011
133394764404
1780321394013
133495378343
1780321395011
133595990207
1780321396012
133696163901
1780321397012
133796556100
1780321398011
133896835140
1780321399012
133996829574
1780321400012
134096904757
1780321401012
134197359090
1780321402013
134297956794
1780321403011
134398728020
1780321404013
134497971358
1780321405012
134597607577
1780321406012
134697770285
1780321407012
134797521067
1780321408011
134897592161
1780321409012
134997608995
1780321410012
135097677037
1780321411013
135197711266
1780321412012
135298020152
1780321413012
135398714901
1780321414012
135499376814
1780321415012
135599109103
1780321416012
135699694722
1780321417013
135799808967
1780321418012
135900388544
1780321419012
136005247162
1780321420073
136099237583
1780321421012
136199751364
1780321422011
136300447395
1780321423013
136400245113
1780321424013
136500007736
1780321425010
136600315158
1780321426011
136700487204
1780321427012
136800744393
1780321428012
136901086849
1780321429013
137002012005
1780321430013
137102097809
1780321431012
137202142597
1780321432012
137302704290
1780321433013
137403089897
1780321434011
137508148405
1780321435073
137601977022
1780321436013
137702398152
1780321437012
137802938361
1780321438012
137903027277
1780321439012
138003116559
1780321440012
138102743074
1780321441012
138202849935
1780321442012
138303290657
1780321443011
138403406855
1780321444009
138503826032
1780321445012
138603747102
1780321446012
138704245685
1780321447013
138804695501
1780321448013
138904482721
1780321449013
139004216597
1780321450013
139103780917
1780321451012
139203770590
1780321452012
139304482185
1780321453012
139405197076
1780321454012
139505423138
1780321455012
139605772491
1780321456013
139706467667
1780321457013
139806865787
1780321458012
139907398366
1780321459013
140008020973
1780321460013
140108026759
1780321461012
140208103956
1780321462012
140308323426
1780321463011
140405902156
1780321464012
140504020069
1780321465011
140603566201
1780321466011
140703631069
1780321467012
140803357682
1780321468012
140902772588
1780321469012
141001100767
1780321470013
141100892198
1780321471011
141200561865
1780321472012
141300474085
1780321473012
141400984509
1780321474012
141501183227
1780321475011
141600801624
1780321476012
141700962012
1780321477013
141800614040
1780321478010
141900933241
1780321479012
142000015446
1780321480013
142099271417
1780321481012
142199272931
1780321482012
142299222016
1780321483012
142399188801
1780321484010
142499578925
1780321485012
142599508662
1780321486012
142699759077
1780321487011
142800344879
1780321488013
142901179826
1780321489013
143001778201
1780321490012
143101980459
1780321491011
143202049966
1780321492013
143301392241
1780321493011
143401818864
1780321494015
143501125250
1780321495012
143601146784
1780321496015
143700915144
1780321497012
143801464569
1780321498012
143902130572
1780321499012
144001737738
1780321500013
144101294002
1780321501012
144201566450
1780321502013
144301597811
1780321503012
144401473287
1780321504011
144501739815
1780321505012
144601680416
1780321506011
144701662277
1780321507012
144801980807
1780321508012
144902040365
1780321509013
144999589920
1780321510013
145096856883
1780321511012
145196918272
1780321512013
145297502671
1780321513013
145397948703
1780321514011
145498948200
1780321515012
145599113410
1780321516011
145700022819
1780321517013
145800906716
1780321518013
145901301296
1780321519012
145998471030
1780321520009
146097957409
1780321521011
146198212340
1780321522012
146266153450
1780321523011
146317463377
1780321524012
146383334791
1780321525013
146430917921
1780321526014
146476570636
1780321527011
146537460007
1780321528013
146596908585
1780321529012
146667468951
1780321530013
146764414443
1780321531012
146861410471
1780321532013
146959421817
1780321533012
147059721487
1780321534011
147160593360
1780321535012
147260670802
1780321536013
147360924695
1780321537010
147462245298
1780321538012
147563101058
1780321539011
147662253392
1780321540012
147761867212
1780321541012
147863404000
1780321542013
147964143244
1780321543011
148064041060
1780321544012
148164801666
1780321545012
148265354143
1780321546013
148365916996
1780321547012
148466612966
1780321548012
148566706277
1780321549012
148667208278
1780321550010
148767437757
1780321551012
148867909363
1780321552012
148968291735
1780321553012
149069042271
1780321554012
149168404382
1780321555012
149268399366
1780321556011
149368534668
1780321557012
149469240465
1780321558012
149569284215
1780321559011
149668873804
1780321560012
149769667675
1780321561012
149869840209
1780321562012
149969877428
1780321563011
150070106481
1780321564013
150170810324
1780321565013
150271073434
1780321566011
150371239377
1780321567009
150471941634
1780321568011
150572471833
1780321569011
150677646002
1780321570073
150771352183
1780321571012
150871371397
1780321572011
150971602525
1780321573012
151072242160
1780321574013
151172608541
1780321575011
151272541024
1780321576012
151372705563
1780321577011
151473023788
1780321578013
151573736542
1780321579011
151674780168
1780321580013
151774877263
1780321581012
151875292045
1780321582012
151975748697
1780321583012
152076287807
1780321584012
152176239150
1780321585012
152275820072
1780321586012
152377133839
1780321587013
152477747717
1780321588011
152578281151
1780321589012
152678806406
1780321590011
152779511471
1780321591010
152879620162
1780321592011
152979827181
1780321593012
153080211202
1780321594012
153180410347
1780321595012
153280775019
1780321596012
153381232220
1780321597009
153482098784
1780321598011
153582785354
1780321599012
153681674872
1780321600012
153782223626
1780321601013
153882751322
1780321602013
153982841398
1780321603010
154083233414
1780321604012
154183329105
1780321605012
154283260612
1780321606012
154384123940
1780321607012
154483994107
1780321608011
154584711012
1780321609012
154685312866
1780321610012
154785860583
1780321611011
154886557713
1780321612013
154986366844
1780321613012
155086544566
1780321614012
155185933350
1780321615012
155285039664
1780321616012
155385741981
1780321617009
155486084986
1780321618012
155587087902
1780321619011
155687273192
1780321620011
155787597032
1780321621012
155887850865
1780321622012
155987920860
1780321623012
156088161448
1780321624012
156188997738
1780321625013
156289596357
1780321626011
156390450469
1780321627011
156491056291
1780321628012
156591596499
1780321629012
156697272560
1780321630073
156791098186
1780321631011
156891089385
1780321632011
156992088028
1780321633013
157092534853
1780321634012
157192101798
1780321635009
157292357706
1780321636012
157392312772
1780321637012
157492699783
1780321638012
157593035708
1780321639013
157693594838
1780321640013
157794472937
1780321641012
157894408777
1780321642013
157994834484
1780321643011
158094968872
1780321644010
158194687977
1780321645012
158294357033
1780321646010
158395138330
1780321647009
158495785228
1780321648011
158596737790
1780321649012
158697205123
1780321650012
158798259307
1780321651011
158898770952
1780321652012
158998925176
1780321653011
159099531241
1780321654012
159200223671
1780321655012
159297821261
1780321656012
159397521995
1780321657012
159498486702
1780321658012
159598915766
1780321659011
159705061185
1780321660075
159799021821
1780321661013
159899681415
1780321662013
160000051946
1780321663012
160100282769
1780321664012
160201010721
1780321665012
160301721889
1780321666012
160402055373
1780321667011
160502416322
1780321668013
160602446583
1780321669011
160702736121
1780321670012
160803421105
1780321671012
160903713207
1780321672012
161003947692
1780321673012
161103712634
1780321674012
161203465613
1780321675012
161302951443
1780321676013
161403407607
1780321677013
161503591737
1780321678012
161604032581
1780321679013
161704225867
1780321680012
161804645959
1780321681011
161905360179
1780321682012
162005272094
1780321683011
162105508653
1780321684012
162205449560
1780321685009
162305717613
1780321686013
162406494150
1780321687013
162506508542
1780321688009
162607191878
1780321689011
162712297932
1780321690073
162805795435
1780321691012
162905585157
1780321692012
163006013489
1780321693012
163106545031
1780321694012
163206959142
1780321695012
163306924523
1780321696012
163407775339
1780321697009
163508502681
1780321698012
163608682173
1780321699011
163708858553
1780321700012
163808738607
1780321701011
163909053536
1780321702013
164009676447
1780321703012
164109833906
1780321704013
164209592622
1780321705012
164309535360
1780321706012
164410019111
1780321707012
164510509699
1780321708013
164610860028
1780321709013
164710980926
1780321710012
164811597307
1780321711012
164911617375
1780321712013
165012189872
1780321713013
165112878152
1780321714012
165213438868
1780321715012
165313721632
1780321716013
165413695375
1780321717012
165513843434
1780321718012
165614636145
1780321719012
165713984218
1780321720013
165814376417
1780321721011
165914902832
1780321722012
166015768846
1780321723012
166116516513
1780321724013
166216482443
1780321725012
166317014596
1780321726012
166417332515
1780321727010
166517486006
1780321728012
166618131745
1780321729012
166718683184
1780321730012
166819297184
1780321731012
166919541312
1780321732010
167020557594
1780321733011
167121240198
1780321734012
167220904066
1780321735013
167320778627
1780321736012
167421238026
1780321737012
167521648719
1780321738011
167622106897
1780321739012
167722568920
1780321740012
167822740050
1780321741011
167923008592
1780321742013
168023388828
1780321743012
168124439595
1780321744012
168225378912
1780321745013
168325818901
1780321746013
168426163920
1780321747012
168526402616
1780321748008
168627625746
1780321749013
168733141955
1780321750074
168827668386
1780321751012
168925760053
1780321752011
169024969882
1780321753011
169125332418
1780321754012
169225662728
1780321755013
169325512936
1780321756012
169425818588
1780321757012
169525798007
1780321758012
169626064962
1780321759012
169726581490
1780321760013
169827055414
1780321761013
169927240766
1780321762013
170027692779
1780321763010
170127940875
1780321764012
170233303398
1780321765073
170326476865
1780321766012
170426657761
1780321767012
170526794590
1780321768011
170627182150
1780321769012
170727682381
1780321770013
170828046321
1780321771013
170927765976
1780321772012
171027808017
1780321773011
171128688435
1780321774012
171229367376
1780321775011
171329053339
1780321776011
171429646221
1780321777011
171529789459
1780321778009
171630855545
1780321779012
171736166311
1780321780072
171829340511
1780321781012
171928726243
1780321782011
172029350192
1780321783012
172130170490
1780321784012
172230568121
1780321785012
172330837884
1780321786012
172431195049
1780321787011
172531246673
1780321788013
172631118915
1780321789012
172731667485
1780321790010
172831734978
1780321791012
172931823040
1780321792012
173032627775
1780321793012
173132940262
1780321794012
173232415898
1780321795012
173331202694
1780321796012
173431171371
1780321797011
173531728609
1780321798011
173631648031
1780321799012
173731311472
1780321800012
173831794857
1780321801012
173932024276
1780321802013
174032112521
1780321803012
174132389608
1780321804010
174233123236
1780321805011
174333084467
1780321806012
174433300703
1780321807012
174533353974
1780321808013
174633182576
1780321809012
174731982921
1780321810011
174831754150
1780321811012
174930929983
1780321812012
175031658790
1780321813013
175132443078
1780321814010
175233208201
1780321815012
175333089964
1780321816013
175433846176
1780321817013
175533621250
1780321818012
175633724204
1780321819012
175734101022
1780321820012
175834056760
1780321821012
175933283374
1780321822012
176033503088
1780321823012
176133962792
1780321824012
176233403638
1780321825012
176332799868
1780321826012
176433116323
1780321827012
176533378578
1780321828012
176633336147
1780321829013
176733602004
1780321830011
176834040345
1780321831012
176933230948
1780321832012
177033462320
1780321833012
177134477992
1780321834012
177235526378
1780321835012
177335502440
1780321836012
177435438403
1780321837013
177535369482
1780321838010
177635467004
1780321839012
177734141129
1780321840013
177833927007
1780321841012
177933709527
1780321842013
178034421122
1780321843012
178135101834
1780321844012
178235547988
1780321845012
178335841798
1780321846012
178436301624
1780321847011
178536346961
1780321848012
178636612452
1780321849013
178736794324
1780321850012
178837054871
1780321851012
178936520925
1780321852012
179036990455
1780321853011
179137758935
1780321854013
179236710098
1780321855012
179335607733
1780321856011
179436561637
1780321857011
179537060342
1780321858011
179637247769
1780321859013
179737204544
1780321860012
179837549014
1780321861013
179937868520
1780321862013
180038303627
1780321863013
180138255397
1780321864012
180238714857
1780321865012
180338654176
1780321866012
180438892262
1780321867012
180539056617
1780321868010
180638888027
1780321869011
180744480041
1780321870076
180837721624
1780321871012
180937993523
1780321872012
181038643290
1780321873011
181139099759
1780321874010
181239827162
1780321875012
181340029237
1780321876010
181440215687
1780321877012
181540320228
1780321878012
181640450404
1780321879013
181740834546
1780321880012
181841314148
1780321881012
181941558032
1780321882012
182042625095
1780321883013
182143219747
1780321884013
182242713083
1780321885013
182342107971
1780321886011
182442613084
1780321887012
182542553991
1780321888011
182642634484
1780321889012
182742875682
1780321890011
182842881652
1780321891010
182942861621
1780321892011
183043157812
1780321893011
183143740928
1780321894011
183244342416
1780321895012
183344427487
1780321896010
183445824261
1780321897012
183546394805
1780321898012
183646599565
1780321899011
183752432302
1780321900073
183846123957
1780321901012
183946505047
1780321902012
184046538910
1780321903011
184146664874
1780321904011
184247481450
1780321905011
184347748588
1780321906011
184448407083
1780321907012
184548701016
1780321908012
184648483719
1780321909012
184749065798
1780321910012
184849525075
1780321911012
184949292153
1780321912012
185049576931
1780321913012
185150021437
1780321914011
185249957277
1780321915011
185349787466
1780321916012
185450494605
1780321917012
185551186120
1780321918013
185651634654
1780321919013
185751571960
1780321920012
185851720934
1780321921011
185951752294
1780321922010
186051710596
1780321923012
186151844494
1780321924011
186252149413
1780321925011
186352964097
1780321926013
186453421664
1780321927013
186553402976
1780321928012
186653418406
1780321929008
186758925704
1780321930076
186851463858
1780321931012
186951538187
1780321932013
187051256682
1780321933013
187151182512
1780321934011
187251486699
1780321935013
187351728080
1780321936013
187452258280
1780321937013
187552563504
1780321938011
187652586136
1780321939012
187752898806
1780321940010
187853390431
1780321941012
187953960731
1780321942013
188054608300
1780321943012
188155013133
1780321944012
188254346253
1780321945011
188354193471
1780321946012
188454323036
1780321947012
188554729029
1780321948012
188654938123
1780321949012
188755150086
1780321950013
188855591601
1780321951013
188954876564
1780321952012
189054910244
1780321953012
189155414259
1780321954012
189255489381
1780321955010
189355993763
1780321956013
189456569311
1780321957013
189557176597
1780321958012
189657049022
1780321959009
189756721924
1780321960011
189856183705
1780321961010
189956520423
1780321962013
190056695094
1780321963011
190157036756
1780321964012
190256935548
1780321965012
190357326526
1780321966012
190457679968
1780321967011
190557876184
1780321968012
190658536021
1780321969011
190758868345
1780321970013
190858838548
1780321971013
190958772374
1780321972012
191058468652
1780321973012
191158375684
1780321974012
191257836062
1780321975013
191357186210
1780321976012
191458506996
1780321977013
191559347985
1780321978013
191659779918
1780321979012
191760243101
1780321980015
191859763232
1780321981012
191957030134
1780321982012
192057070161
1780321983012
192157144673
1780321984012
192257771673
1780321985013
192357974542
1780321986012
192458346355
1780321987012
192558520354
1780321988010
192659330948
1780321989011
192758979130
1780321990012
192859445304
1780321991010
192959765299
1780321992013
193060220059
1780321993013
193161315625
1780321994014
193261418152
1780321995013
193361777148
1780321996012
193462511265
1780321997013
193563130880
1780321998012
193663895942
1780321999012
193764197382
1780322000012
193864701947
1780322001012
193965429655
1780322002012
194065898148
1780322003013
194166834413
1780322004013
194271281716
1780322005075
194362486988
1780322006012
194461531290
1780322007012
194562113186
1780322008012
194660172445
1780322009012
194760155221
1780322010012
194860940302
1780322011012
194961256146
1780322012012
195062005034
1780322013011
195163340529
1780322014011
195264357299
1780322015012
195364772631
1780322016012
195466169405
1780322017013
195567406023
1780322018011
195668377810
1780322019010
195768268851
1780322020012
195869202553
1780322021013
195969694178
1780322022012
196067487628
1780322023012
196167209480
1780322024012
196267879877
1780322025013
196368718913
1780322026012
196469418301
1780322027013
196569919631
1780322028012
196670645203
1780322029012
196772245346
1780322030012
196873317292
1780322031013
196973170796
1780322032012
197073837225
1780322033009
197174979117
1780322034012
197281528466
1780322035073
197375500332
1780322036012
197476337721
1780322037012
197577786313
1780322038011
197678669600
1780322039012
197779234284
1780322040012
197880304826
1780322041012
197981364809
1780322042012
198081947926
1780322043010
198182852696
1780322044013
198283229515
1780322045012
198383702097
1780322046012
198481662173
1780322047012
198580966851
1780322048011
198682477089
1780322049012
198783105188
1780322050013
198883578259
1780322051013
198984083128
1780322052013
199084664536
1780322053012
199185492586
1780322054012
199286306048
1780322055012
199387122502
1780322056013
199487908926
1780322057013
199588855140
1780322058013
199689921958
1780322059012
199791352302
1780322060012
199891921502
1780322061011
199990315049
1780322062012
200088588052
1780322063012
200188904385
1780322064012
200294804931
1780322065073
200388995669
1780322066009
200490025806
1780322067012
200590707738
1780322068012
200691944601
1780322069009
200793406988
1780322070012
200894476309
1780322071012
200994460489
1780322072012
201094979458
1780322073011
201195268813
1780322074011
201295846253
1780322075012
201395794789
1780322076012
201496774694
1780322077011
201598003316
1780322078010
201699206732
1780322079012
201799083795
1780322080012
201900053508
1780322081011
202001060512
1780322082013
202102187512
1780322083012
202202706358
1780322084013
202303261521
1780322085011
202403819796
1780322086012
202504925189
1780322087011
202605632146
1780322088012
202706174613
1780322089011
202807029640
1780322090011
202908136376
1780322091012
203008339611
1780322092011
203109482662
1780322093012
203210471662
1780322094012
203310566010
1780322095012
203409966268
1780322096012
203510625129
1780322097011
203611404656
1780322098009
203712218058
1780322099009
203813200893
1780322100012
203914186901
1780322101012
204015216306
1780322102013
204115802535
1780322103013
204216232881
1780322104013
204316838702
1780322105013
204416900458
1780322106012
204517549553
1780322107012
204618657449
1780322108013
204719545862
1780322109013
204825044311
1780322110073
204918800845
1780322111013
205019083670
1780322112013
205119891212
1780322113012
205219897182
1780322114012
205320530347
1780322115013
205420998473
1780322116013
205521342760
1780322117012
205622339694
1780322118013
205723098164
1780322119010
205823622015
1780322120012
205924628471
1780322121013
206025127786
1780322122013
206125932338
1780322123011
206226871532
1780322124013
206324833623
1780322125011
206423609432
1780322126012
206524455121
1780322127012
206618298082
1780322128011
206670972385
1780322129013
206720163177
1780322130012
206777102790
1780322131012
206828038817
1780322132012
206881792158
1780322133013
206931861610
1780322134013
206974218679
1780322135013
207015046028
1780322136013
207054948026
1780322137013
207094470386
1780322138013
207134436653
1780322139013
207179403030
1780322140076
207221321074
1780322141013
207265217873
1780322142014
207307338066
1780322143014
207347032544
1780322144013
207387721100
1780322145014
207428321887
1780322146014
207468459113
1780322147013
207508316799
1780322148013
207548238267
1780322149013
207587547859
1780322150014
207628026454
1780322151013
207669283306
1780322152012
207711682734
1780322153013
207751360306
1780322154014
207793870390
1780322155013
207838583166
1780322156013
207879026055
1780322157013
207919300122
1780322158013
207958777865
1780322159013
207998765190
1780322160014
208038527051
1780322161013
208079016937
1780322162013
208121960370
1780322163013
208161618960
1780322164012
208203095538
1780322165014
208244832797
1780322166013
208285277701
1780322167014
208326293648
1780322168013
208366442166
1780322169013
208409967384
1780322170075
208452296133
1780322171014
208493143136
1780322172013
208534645166
1780322173013
208574853681
1780322174013
208615517151
1780322175013
208656093524
1780322176012
208695847023
1780322177013
208736421077
1780322178014
208776121964
1780322179013
208815970129
1780322180013
208855855952
1780322181013
208896836926
1780322182013
208938197233
1780322183013
208978743516
1780322184012
209020732605
1780322185013
209064470591
1780322186013
209105081510
1780322187013
209145073107
1780322188013
209185411017
1780322189012
209225755640
1780322190013
209265630233
1780322191013
209307468627
1780322192013
209349445448
1780322193013
209389618319
1780322194013
209430776233
1780322195014
209471768438
1780322196014
209511924585
1780322197013
209552086409
1780322198013
209592077700
1780322199013
209634942276
1780322200076
209678029690
1780322201013
209721098244
1780322202013
209762567742
1780322203013
209802254469
1780322204013
209843653350
1780322205013
209884333361
1780322206013
209924953069
1780322207013
209965579979
1780322208012
210005512433
1780322209014
210045161562
1780322210013
210085722249
1780322211015
210127666112
1780322212013
210169230153
1780322213013
210209255686
1780322214013
210254978103
1780322215075
210298577723
1780322216014
210343639375
1780322217013
210388586159
1780322218013
210433725692
1780322219013
210479177724
1780322220013
210523734190
1780322221013
210569218082
1780322222013
210614842111
1780322223013
210660351577
1780322224013
210706018879
1780322225014
210751069911
1780322226013
210795978366
1780322227013
210841177042
1780322228013
210886469345
1780322229014
210934469222
1780322230076
210978492852
1780322231014
211024413755
1780322232013
211070117007
1780322233014
211115570077
1780322234015
211161256422
1780322235013
211206581746
1780322236016
211251432522
1780322237013
211296717135
1780322238013
211341844156
1780322239015
211386630784
1780322240013
211432152702
1780322241013
211477801816
1780322242013
211523607607
1780322243013
211568769661
1780322244015
211617584966
1780322245076
211660796586
1780322246012
211706413352
1780322247013
211751625211
1780322248013
211796885532
1780322249013
211842106242
1780322250013
211887277513
1780322251014
211932573906
1780322252014
211978512448
1780322253014
212023630680
1780322254013
212069129464
1780322255013
212112904865
1780322256013
212153206276
1780322257013
212193233883
1780322258011
212233870803
1780322259013
212277355860
1780322260076
212319315897
1780322261014
212361834953
1780322262013
212403075143
1780322263012
212442396026
1780322264014
212483753037
1780322265013
212523539190
1780322266014
212563170619
1780322267012
212603504256
1780322268013
212643368290
1780322269013
212682472255
1780322270013
212723070234
1780322271013
212764219909
1780322272013
212805063127
1780322273013
212844868934
1780322274013
212889831648
1780322275076
212931483336
1780322276013
212971637652
1780322277013
213011455177
1780322278014
213051270322
1780322279013
213092404067
1780322280013
213132367770
1780322281013
213174361315
1780322282013
213215851749
1780322283013
213255966575
1780322284014
213297677406
1780322285012
213338600824
1780322286014
213378610182
1780322287013
213418122715
1780322288013
213457980279
1780322289013
213502083132
1780322290076
213544031145
1780322291012
213585529269
1780322292014
213627233935
1780322293013
213666736397
1780322294013
213708062280
1780322295013
213747903975
1780322296013
213787343450
1780322297012
213827644189
1780322298013
213867083053
1780322299014
213906626958
1780322300013
213946655114
1780322301013
213988148050
1780322302013
214029322261
1780322303013
214070076490
1780322304013
214111805937
1780322305013
214156713232
1780322306013
214197728507
1780322307013
214237342298
1780322308013
214277046481
1780322309014
214317473989
1780322310015
214357723459
1780322311012
214399205592
1780322312014
214441220255
1780322313013
214481565671
1780322314013
214522302445
1780322315013
214563139559
1780322316013
214602630303
1780322317013
214641627884
1780322318013
214681608860
1780322319014
214725018356
1780322320076
214766229493
1780322321011
214809775708
1780322322013
214851050748
1780322323013
214891104052
1780322324013
214931985112
1780322325013
214971894372
1780322326015
215011757612
1780322327013
215052666321
1780322328013
215092479269
1780322329013
215132002910
1780322330013
215171816956
1780322331013
215213381364
1780322332013
215255103791
1780322333013
215295524769
1780322334012
215340824458
1780322335076
215381659498
1780322336013
215422327606
1780322337013
215461651419
1780322338013
215502099375
1780322339013
215542654813
1780322340013
215583317490
1780322341014
215624744813
1780322342013
215666510209
1780322343013
215706857701
1780322344014
215747837393
1780322345013
215789066475
1780322346013
215829782069
1780322347014
215869170518
1780322348014
215909286321
1780322349015
215949952293
1780322350015
215993713717
1780322351015
216037224836
1780322352013
216078495726
1780322353013
216119066057
1780322354013
216159725865
1780322355013
216200060356
1780322356013
216240112683
1780322357013
216280219758
1780322358013
216319940360
1780322359013
216359666576
1780322360014
216401120328
1780322361013
216442944561
1780322362013
216484408872
1780322363013
216525043350
1780322364015
216569690880
1780322365075
216610856973
1780322366013
216651132200
1780322367014
216690686664
1780322368013
216729896036
1780322369014
216770161680
1780322370013
216810702653
1780322371013
216851750033
1780322372015
216893398669
1780322373013
216933345222
1780322374015
216974998863
1780322375012
217016014261
1780322376013
217056695798
1780322377013
217096583879
1780322378013
217136184303
1780322379013
217177526238
1780322380013
217221042118
1780322381013
217264820753
1780322382013
217306766630
1780322383013
217347306138
1780322384013
217388074649
1780322385014
217428640036
1780322386013
217469082926
1780322387013
217509445920
1780322388014
217548737629
1780322389013
217588081400
1780322390013
217628353270
1780322391013
217669753371
1780322392013
217711220062
1780322393014
217751652759
1780322394013
217796729365
1780322395076
217838615610
1780322396014
217880938500
1780322397014
217919942550
1780322398013
217960171146
1780322399013
218000494834
1780322400014
218040384014
1780322401015
218082538203
1780322402014
218124606272
1780322403013
218164514373
1780322404014
218206315291
1780322405013
218247081361
1780322406014
218287304342
1780322407014
218327217142
1780322408014
218367157592
1780322409014
218410714792
1780322410075
218452847375
1780322411013
218497773530
1780322412013
218540026717
1780322413013
218580080814
1780322414014
218621936725
1780322415013
218662806798
1780322416012
218702385310
1780322417014
218742655105
1780322418012
218782168309
1780322419013
218822004206
1780322420013
218863328014
1780322421014
218904440518
1780322422015
218946492779
1780322423013
218987387327
1780322424014
219029524915
1780322425013
219070360626
1780322426013
219115013588
1780322427013
219155314754
1780322428014
219194955461
1780322429012
219234759192
1780322430014
219274675960
1780322431013
219317263558
1780322432014
219361770158
1780322433012
