42414767821
1781710487607
42430581013
1781710488013
42469706462
1781710489013
42509750732
1781710490012
42550945756
1781710491050
42592102939
1781710492014
42633399036
1781710493012
42672102856
1781710494012
42710447240
1781710495013
42749630734
1781710496012
42787953450
1781710497014
42825716415
1781710498014
42864651984
1781710499012
42905112635
1781710500013
42945642012
1781710501012
42986138368
1781710502013
43024196620
1781710503012
43062933398
1781710504012
43101157727
1781710505013
43141926177
1781710506051
43181247182
1781710507013
43223666263
1781710508012
43263924217
1781710509010
43304409709
1781710510011
43344817137
1781710511012
43385792435
1781710512014
43424332375
1781710513013
43462766481
1781710514013
43501734399
1781710515012
43541088546
1781710516014
43579945563
1781710517013
43617903108
1781710518014
43657209709
1781710519012
43698143381
1781710520012
43739290309
1781710521012
43780935833
1781710522014
43824319083
1781710523012
43867157414
1781710524010
43917549497
1781710525013
43968076833
1781710526012
44039421865
1781710527013
44125430312
1781710528012
44212912937
1781710529012
44301167289
1781710530011
44388763805
1781710531011
44476570526
1781710532011
44564029531
1781710533011
44651473704
1781710534011
44739108856
1781710535011
44826647145
1781710536012
44914100473
1781710537012
45001631438
1781710538012
45089780810
1781710539011
45178408024
1781710540008
45266088525
1781710541011
45353672895
1781710542011
45441430849
1781710543012
45528739647
1781710544011
45616322980
1781710545012
45703834535
1781710546011
45790955650
1781710547012
45878096418
1781710548012
45965370304
1781710549012
46053171959
1781710550008
46140822064
1781710551012
46228147280
1781710552012
46315632652
1781710553012
46402781538
1781710554011
46489727421
1781710555011
46577033533
1781710556012
46664168747
1781710557012
46751346991
1781710558011
46838652797
1781710559012
46926930831
1781710560010
47014385929
1781710561012
47101836938
1781710562013
47188668625
1781710563012
47275759344
1781710564010
47362704251
1781710565011
47450020556
1781710566012
47537079598
1781710567011
47624202361
1781710568012
47711763233
1781710569009
47800249884
1781710570009
47887576504
1781710571011
47974970384
1781710572012
48062302192
1781710573012
48149251615
1781710574012
48236382190
1781710575011
48323501352
1781710576011
48410615570
1781710577011
48497894033
1781710578010
48583045915
1781710579012
48671267613
1781710580009
48758812799
1781710581010
48846419020
1781710582011
48933837863
1781710583011
49021183770
1781710584012
49108470961
1781710585013
49195664097
1781710586011
49283197015
1781710587012
49371035841
1781710588012
49458686007
1781710589012
49547195607
1781710590009
49635411507
1781710591012
49722954068
1781710592012
49810288378
1781710593011
49897937995
1781710594012
49985212796
1781710595011
50072653307
1781710596012
50160091987
1781710597012
50247773831
1781710598014
50335124742
1781710599012
50422233467
1781710600010
50507419956
1781710601011
50592381408
1781710602011
50677209194
1781710603012
50761881279
1781710604011
50846525594
1781710605010
50933052045
1781710606012
51020313357
1781710607011
51107284570
1781710608011
51194870954
1781710609012
51283269044
1781710610011
51370804098
1781710611011
51458574808
1781710612012
51546017822
1781710613012
51633455159
1781710614011
51720870462
1781710615014
51808156860
1781710616012
51895495626
1781710617012
51983001322
1781710618013
52070281677
1781710619012
52158745440
1781710620009
52246932531
1781710621012
52334406306
1781710622012
52421778336
1781710623012
52508958106
1781710624011
52596540889
1781710625012
52684046158
1781710626012
52771424292
1781710627012
52858745113
1781710628012
52946077409
1781710629011
53035205599
1781710630009
53123311208
1781710631011
53210614634
1781710632011
53297697541
1781710633012
53382165404
1781710634012
53466792384
1781710635011
53552085013
1781710636012
53636798785
1781710637011
53721629623
1781710638012
53806789988
1781710639012
53892585057
1781710640010
53978463194
1781710641012
54064075340
1781710642012
54148606008
1781710643012
54233433061
1781710644012
54319164531
1781710645012
54406640747
1781710646012
54494640156
1781710647014
54582084329
1781710648012
54669624327
1781710649012
54758317215
1781710650010
54846191929
1781710651011
54933942864
1781710652012
55021391676
1781710653012
55108844638
1781710654012
55196456352
1781710655012
55284111279
1781710656012
55371870088
1781710657012
55459510794
1781710658011
55547336069
1781710659011
55637100732
1781710660010
55725460919
1781710661011
55813419129
1781710662011
55901632221
1781710663012
55989431984
1781710664011
56077652278
1781710665012
56165304946
1781710666011
56253299777
1781710667012
56341141288
1781710668013
56428904919
1781710669011
56517487272
1781710670010
56605609178
1781710671012
56693845586
1781710672012
56781349695
1781710673012
56868712081
1781710674011
56956433597
1781710675011
57044313682
1781710676012
57132051068
1781710677012
57219704896
1781710678010
57307760274
1781710679012
57396495825
1781710680010
57484590143
1781710681011
57572777112
1781710682012
57659433263
1781710683012
57744291139
1781710684009
57832148397
1781710685012
57919841837
1781710686012
58007519530
1781710687012
58095211261
1781710688012
58183293189
1781710689012
58273027944
1781710690008
58361061593
1781710691012
58449056607
1781710692012
58536970689
1781710693012
58624750005
1781710694012
58712605920
1781710695012
58800181746
1781710696012
58887873111
1781710697012
58975657676
1781710698011
59063328961
1781710699010
59152109129
1781710700010
59240029619
1781710701012
59328367528
1781710702012
59416133721
1781710703012
59504160596
1781710704013
59591733125
1781710705011
59679372183
1781710706011
59767570505
1781710707014
59855510954
1781710708014
59943475145
1781710709012
60032231754
1781710710011
60120467612
1781710711012
60208864480
1781710712011
60297210323
1781710713014
60385191238
1781710714012
60473125339
1781710715011
60560846123
1781710716012
60648840466
1781710717012
60736335359
1781710718012
60824032522
1781710719011
60913770818
1781710720008
61002307822
1781710721012
61090538187
1781710722012
61178656919
1781710723012
61266526140
1781710724011
61354836705
1781710725012
61442937920
1781710726011
61530961254
1781710727011
61618951874
1781710728012
61706968921
1781710729012
61795882085
1781710730008
61884014611
1781710731012
61972140118
1781710732012
62060171020
1781710733012
62148117450
1781710734012
62235917396
1781710735010
62323837154
1781710736011
62411903213
1781710737012
62499892306
1781710738010
62588209890
1781710739011
62677271064
1781710740009
62766039330
1781710741012
62854318462
1781710742012
62942784544
1781710743012
63030861589
1781710744012
63118726843
1781710745011
63218636255
1781710746148
63294901502
1781710747011
63383295074
1781710748011
63471451282
1781710749011
63560880008
1781710750009
63649951496
1781710751011
63738503638
1781710752011
63826327570
1781710753012
63914163283
1781710754011
64002198885
1781710755011
64090309866
1781710756012
64178089976
1781710757010
64266273649
1781710758011
64354578843
1781710759012
64443837220
1781710760012
64532524859
1781710761012
64621261021
1781710762012
64709801139
1781710763012
64797799876
1781710764010
64886108793
1781710765012
64974104967
1781710766012
65061998113
1781710767012
65150075463
1781710768012
65238192914
1781710769012
65327384153
1781710770011
65415714127
1781710771012
65503793735
1781710772012
65591964896
1781710773012
65679875010
1781710774012
65767583038
1781710775011
65855831042
1781710776012
65943790350
1781710777012
66031988123
1781710778014
66120229352
1781710779014
66208985106
1781710780008
66298260451
1781710781011
66386332675
1781710782011
66474239188
1781710783011
66562327585
1781710784010
66650416105
1781710785012
66738510911
1781710786012
66826483892
1781710787011
66914759544
1781710788012
67003201152
1781710789013
67091797482
1781710790008
67180236404
1781710791012
67268535677
1781710792011
67356664602
1781710793011
67444758249
1781710794012
67532726041
1781710795011
67620585435
1781710796012
67708798588
1781710797012
67796851219
1781710798012
67884697247
1781710799011
67973871335
1781710800009
68062335952
1781710801012
68150390109
1781710802011
68238763357
1781710803010
68326688669
1781710804010
68415203030
1781710805012
68500832144
1781710806011
68586333817
1781710807011
68671393475
1781710808012
68757209418
1781710809012
68846145896
1781710810012
68935450844
1781710811012
69023300655
1781710812011
69111184830
1781710813012
69199007237
1781710814012
69287288627
1781710815012
69375632212
1781710816013
69463602629
1781710817011
69551487353
1781710818012
69639440130
1781710819012
69727971703
1781710820010
69816290263
1781710821012
69904606261
1781710822012
69992321002
1781710823012
70080262488
1781710824012
70168304194
1781710825012
70255960525
1781710826011
70343756015
1781710827010
70431569999
1781710828012
70519382397
1781710829010
70608297696
1781710830011
70696270921
1781710831012
70784113592
1781710832012
70871745936
1781710833012
70959354232
1781710834012
71046882633
1781710835012
71134590722
1781710836012
71222303815
1781710837012
71310149232
1781710838012
71398037740
1781710839012
71486522438
1781710840009
71576111320
1781710841012
71663923168
1781710842011
71752340788
1781710843012
71840198840
1781710844012
71928100531
1781710845013
72016284876
1781710846011
72104137007
1781710847011
72192285585
1781710848011
72280418416
1781710849011
72369243323
1781710850009
72457458795
1781710851012
72545641980
1781710852012
72633593659
1781710853012
72721374318
1781710854012
72808963327
1781710855012
72896687956
1781710856012
72984300037
1781710857012
73071917610
1781710858011
73160109706
1781710859011
73247657212
1781710860010
73335887515
1781710861011
73424018393
1781710862011
73511732280
1781710863011
73599634887
1781710864011
73687360554
1781710865012
73775047585
1781710866012
73862838803
1781710867011
73950638810
1781710868012
74038243383
1781710869011
74127397940
1781710870009
74216804572
1781710871012
74304864771
1781710872011
74392665267
1781710873012
74480455874
1781710874012
74568257652
1781710875012
74656046306
1781710876012
74743668152
1781710877012
74831439046
1781710878012
74919240762
1781710879012
75007826045
1781710880012
75099219061
1781710881048
75184018038
1781710882012
75272101736
1781710883011
75360169382
1781710884012
75447791045
1781710885012
75535638415
1781710886011
75623286689
1781710887012
75710945583
1781710888012
75798796616
1781710889012
75887404360
1781710890009
75975892537
1781710891012
76064033302
1781710892012
76151725888
1781710893012
76239627274
1781710894012
76327444554
1781710895012
76415230462
1781710896012
76503033399
1781710897012
76590598300
1781710898012
76678796621
1781710899014
76767363228
1781710900011
76856207544
1781710901010
76944503949
1781710902010
77032662598
1781710903012
77120549091
1781710904012
77208467567
1781710905012
77296318844
1781710906011
77384273819
1781710907012
77472199619
1781710908012
77560053154
1781710909011
77648737009
1781710910008
77736875455
1781710911012
77824855943
1781710912011
77912862981
1781710913012
78000394800
1781710914012
78088025313
1781710915013
78175577457
1781710916010
78263371117
1781710917011
78351360577
1781710918012
78439211731
1781710919012
78527988176
1781710920008
78616268834
1781710921012
78703865717
1781710922012
78791761854
1781710923012
78879651339
1781710924011
78967399954
1781710925012
79055505564
1781710926012
79143376921
1781710927012
79230954272
1781710928011
79319021063
1781710929012
79407754235
1781710930009
79496476786
1781710931009
79584984006
1781710932012
79672890092
1781710933011
79761028965
1781710934012
79849011345
1781710935011
79936831432
1781710936011
80024747406
1781710937012
80112409474
1781710938011
80200527779
1781710939012
80289240442
1781710940010
80377182966
1781710941012
80465214906
1781710942012
80553163412
1781710943012
80640979227
1781710944011
80729003660
1781710945012
80816994829
1781710946012
80904765356
1781710947012
80992683527
1781710948012
81080497389
1781710949012
81169176483
1781710950009
81257271961
1781710951012
81345215217
1781710952012
81433338160
1781710953014
81520770310
1781710954012
81608443791
1781710955011
81696392541
1781710956012
81784398114
1781710957012
81872268494
1781710958012
81959882650
1781710959011
82048676856
1781710960012
82137340875
1781710961010
82225848156
1781710962010
82313794525
1781710963012
82401620777
1781710964011
82489424141
1781710965011
82577218777
1781710966011
82665058823
1781710967012
82752999394
1781710968012
82841119469
1781710969012
82929609293
1781710970008
83017791990
1781710971012
83105996537
1781710972015
83193441015
1781710973011
83281684625
1781710974011
83369306166
1781710975011
83457085238
1781710976012
83544914786
1781710977011
83632701854
1781710978012
83720587676
1781710979012
83809500229
1781710980008
83897456852
1781710981012
83985445152
1781710982012
84073524639
1781710983011
84161403747
1781710984011
84249309589
1781710985011
84336983376
1781710986012
84424650266
1781710987011
84512371172
1781710988011
84600148169
1781710989011
84688407342
1781710990008
84776389661
1781710991009
84865160125
1781710992012
84953156481
1781710993012
85040604133
1781710994011
85128648342
1781710995012
85216507980
1781710996012
85304159489
1781710997012
85391854760
1781710998012
85480047466
1781710999012
85568421691
1781711000012
85657601577
1781711001048
85741818952
1781711002010
85829694337
1781711003012
85917306662
1781711004012
86005040385
1781711005012
86092804565
1781711006012
86180569233
1781711007011
86268262062
1781711008012
86356285641
1781711009012
86445206067
1781711010010
86533214021
1781711011012
86621265065
1781711012011
86709086068
1781711013014
86796629240
1781711014010
86884644029
1781711015012
86972322638
1781711016011
87060122279
1781711017011
87147531967
1781711018012
87235280766
1781711019012
87323899680
1781711020009
87412062845
1781711021011
87501181819
1781711022011
87589043837
1781711023012
87676481968
1781711024011
87764280144
1781711025011
87852257397
1781711026012
87939856233
1781711027012
88027725759
1781711028013
88115475107
1781711029010
88204174038
1781711030011
88292565352
1781711031012
88380620607
1781711032012
88468248191
1781711033012
88555880596
1781711034012
88643485657
1781711035012
88731375996
1781711036012
88818973123
1781711037012
88906677000
1781711038012
88994570635
1781711039012
89083286716
1781711040011
89171678397
1781711041012
89258254591
1781711042012
89343301798
1781711043012
89430991515
1781711044012
89518329365
1781711045013
89605811135
1781711046012
89693407469
1781711047011
89780770221
1781711048011
89868761329
1781711049015
89956877497
1781711050008
90044608657
1781711051012
90133421296
1781711052011
90220903311
1781711053011
90308231456
1781711054011
90396015533
1781711055012
90483497182
1781711056012
90570893504
1781711057011
90658299042
1781711058010
90745953846
1781711059012
90834543952
1781711060011
90922085720
1781711061010
91010171615
1781711062012
91097848576
1781711063012
91185449914
1781711064014
91272678450
1781711065012
91360153446
1781711066012
91447465173
1781711067013
91535042036
1781711068012
91622681399
1781711069012
91710957907
1781711070009
91799018717
1781711071012
91886860044
1781711072011
91974385516
1781711073011
92061935585
1781711074012
92149336606
1781711075012
92236861895
1781711076012
92324486304
1781711077011
92411851681
1781711078011
92499509477
1781711079012
92587665135
1781711080008
92675540643
1781711081012
92764506540
1781711082012
92851833099
1781711083011
92939468190
1781711084011
93027076913
1781711085012
93114237518
1781711086011
93202097949
1781711087012
93289597298
1781711088012
93377082792
1781711089010
93465790145
1781711090012
93553206792
1781711091012
93640902063
1781711092011
93728485396
1781711093012
93815734257
1781711094012
93903474206
1781711095012
93990796431
1781711096012
94078329471
1781711097012
94165857201
1781711098012
94253363508
1781711099011
94341741577
1781711100009
94429621601
1781711101012
94517175271
1781711102012
94604577330
1781711103010
94692271014
1781711104011
94779624734
1781711105011
94870491444
1781711106048
94954897722
1781711107012
95042200416
1781711108012
95129827817
1781711109012
95218194839
1781711110010
95306052524
1781711111012
95394439871
1781711112008
95482151744
1781711113012
95569696319
1781711114011
95657097524
1781711115010
95744899789
1781711116012
95832296782
1781711117012
95919730030
1781711118012
96007389230
1781711119012
96095667995
1781711120010
96183212571
1781711121011
96271012395
1781711122011
96358513148
1781711123012
96446013717
1781711124012
96530534802
1781711125012
96611222340
1781711126013
96659133411
1781711127015
96705181328
1781711128013
96750750791
1781711129012
96797623169
1781711130010
96848401969
1781711131012
96896567923
1781711132012
96947290754
1781711133012
97025206815
1781711134012
97110137627
1781711135010
97209261153
1781711136148
97285221225
1781711137012
97373059562
1781711138011
97461249033
1781711139012
97549630948
1781711140008
97635529105
1781711141011
97722919872
1781711142010
97810982330
1781711143012
97898480946
1781711144011
97986017587
1781711145011
98073863920
1781711146012
98161463732
1781711147012
98249009224
1781711148012
98336625271
1781711149012
98424764572
1781711150010
98515986751
1781711151049
98600722068
1781711152012
98688204510
1781711153012
98775758485
1781711154012
98863136191
1781711155013
98950435956
1781711156011
99038292481
1781711157012
99125917440
1781711158014
99213485758
1781711159012
99302004819
1781711160009
99389884050
1781711161012
99477613805
1781711162012
99565295161
1781711163012
99653068434
1781711164011
99740676975
1781711165011
99832468549
1781711166047
99917997016
1781711167012
100005627957
1781711168011
100093297532
1781711169011
100182115237
1781711170010
100270094504
1781711171012
100358223856
1781711172011
100446710690
1781711173012
100534165788
1781711174012
100622034948
1781711175012
100709638789
1781711176012
100797199966
1781711177012
100885041843
1781711178012
100972973197
1781711179012
101061271128
1781711180010
101149444486
1781711181012
101237285509
1781711182012
101325024970
1781711183012
101412706081
1781711184012
101500248154
1781711185012
101587853398
1781711186011
101675582788
1781711187010
101763289167
1781711188012
101851111147
1781711189011
101939589070
1781711190008
102027779213
1781711191012
102115995357
1781711192012
102203594681
1781711193012
102291533604
1781711194012
102379508598
1781711195012
102467141858
1781711196012
102555067353
1781711197014
102642499807
1781711198012
102730479074
1781711199012
102819029141
1781711200008
102907067489
1781711201012
102994819950
1781711202008
103083832784
1781711203012
103171571573
1781711204012
103259264159
1781711205012
103347018206
1781711206012
103434557838
1781711207012
103522525753
1781711208012
103610526016
1781711209012
103699178438
1781711210010
103790857097
1781711211048
103875612984
1781711212012
103963324612
1781711213011
104050918382
1781711214012
104138463995
1781711215012
104226232569
1781711216012
104313827499
1781711217012
104401420475
1781711218012
104489116723
1781711219011
104577885600
1781711220012
104666053526
1781711221012
104753959551
1781711222011
104841780615
1781711223011
104929828791
1781711224012
105017569411
1781711225011
105105245578
1781711226012
105193110587
1781711227012
105280936107
1781711228015
105368609345
1781711229012
105457380602
1781711230011
105545527898
1781711231012
105633670617
1781711232012
105722595011
1781711233011
105810226439
1781711234011
105897888995
1781711235011
105985487038
1781711236012
106073368038
1781711237014
106160763994
1781711238012
106248564550
1781711239012
106337037346
1781711240009
106425430492
1781711241011
106513268585
1781711242011
106600962147
1781711243012
106688564278
1781711244012
106776326017
1781711245011
106863985521
1781711246011
106951727667
1781711247012
107039610377
1781711248012
107127425582
1781711249012
107215927186
1781711250008
107304609576
1781711251012
107392345741
1781711252011
107480330440
1781711253012
107568373244
1781711254012
107655964817
1781711255012
107743718316
1781711256012
107831895763
1781711257012
107919561005
1781711258012
108007695606
1781711259011
108095883430
1781711260008
108184002894
1781711261012
108272154707
1781711262012
108361245421
1781711263012
108449223773
1781711264012
108537127417
1781711265011
108624739192
1781711266012
108712436905
1781711267012
108800099827
1781711268011
108887903741
1781711269011
108976662669
1781711270010
109064593718
1781711271012
109152790514
1781711272011
109240540167
1781711273011
109328444544
1781711274012
109416385359
1781711275012
109504143191
1781711276011
109591860862
1781711277011
109679437298
1781711278011
109767172974
1781711279012
109855918292
1781711280009
109944375829
1781711281012
110032256890
1781711282010
110120458935
1781711283012
110208271516
1781711284011
110296083119
1781711285012
110383688486
1781711286012
110471332732
1781711287012
110558987109
1781711288011
110646838081
1781711289012
110735653588
1781711290010
110824023845
1781711291012
110912018554
1781711292011
111001097428
1781711293012
111089129246
1781711294012
111176977776
1781711295012
111264975903
1781711296012
111352696992
1781711297012
111440132437
1781711298012
111528139719
1781711299012
111616454861
1781711300010
111704478256
1781711301010
111792651981
1781711302012
111880130639
1781711303012
111966076708
1781711304011
112052594919
1781711305012
112140245268
1781711306011
112228457445
1781711307011
112316483526
1781711308012
112404611169
1781711309012
112493428263
1781711310009
112582231930
1781711311012
112670663771
1781711312012
112758846712
1781711313012
112847139577
1781711314012
112935449776
1781711315012
113023399990
1781711316011
113111551681
1781711317012
113199665713
1781711318012
113287774923
1781711319012
113376787147
1781711320009
113465114435
1781711321012
113553191053
1781711322011
113642090728
1781711323009
113730410997
1781711324012
113818327887
1781711325012
113906359827
1781711326012
113994185652
1781711327012
114082135073
1781711328012
114169971273
1781711329011
114258717384
1781711330010
114347398493
1781711331012
114435812207
1781711332011
114524017486
1781711333011
114612179919
1781711334012
114700348151
1781711335012
114788427271
1781711336011
114876618512
1781711337011
114964463991
1781711338011
115052944965
1781711339011
115141755651
1781711340009
115230312187
1781711341012
115318643321
1781711342012
115406922086
1781711343012
115495136948
1781711344010
115582738531
1781711345010
115670839318
1781711346012
115759297405
1781711347011
115847554137
1781711348014
115935697710
1781711349014
116024187169
1781711350009
116112755118
1781711351012
116200886179
1781711352012
116289611660
1781711353012
116378480146
1781711354012
116466818726
1781711355012
116555159015
1781711356012
116643421118
1781711357012
116731815850
1781711358012
116819781629
1781711359011
116908908048
1781711360011
116997479538
1781711361012
117085874026
1781711362012
117174095541
1781711363012
117262275369
1781711364011
117350224973
1781711365011
117438425980
1781711366011
117526363560
1781711367011
117614163323
1781711368011
117702110669
1781711369011
117791135404
1781711370010
117879624557
1781711371012
117967764530
1781711372011
118055542320
1781711373011
118143684184
1781711374012
118231391296
1781711375011
118318967671
1781711376011
118407186561
1781711377011
118495311885
1781711378012
118583193679
1781711379011
118672506805
1781711380012
118760669665
1781711381012
118848847662
1781711382012
118937236230
1781711383011
119026287271
1781711384012
119114440732
1781711385012
119202425553
1781711386012
119290563084
1781711387010
119379227835
1781711388012
119467191111
1781711389012
119556177516
1781711390010
119644611067
1781711391012
119732973206
1781711392012
119821146626
1781711393011
119909088417
1781711394012
119997281001
1781711395012
120085774061
1781711396012
120173705843
1781711397011
120262132985
1781711398011
120350239265
1781711399010
120439032739
1781711400008
120527564434
1781711401010
120615887938
1781711402010
120704092119
1781711403012
120792411107
1781711404012
120880615532
1781711405012
120968639843
1781711406011
121056972686
1781711407012
121145011279
1781711408012
121233376592
1781711409012
121322193808
1781711410010
121410378580
1781711411012
121498529539
1781711412011
121586899246
1781711413010
121675870027
1781711414012
121763843557
1781711415012
121851653207
1781711416010
121939789029
1781711417011
122027583665
1781711418011
122115683965
1781711419011
122204756246
1781711420008
122296411224
1781711421048
122381723262
1781711422012
122470332166
1781711423012
122556444616
1781711424011
122643226010
1781711425012
122730976457
1781711426012
122818945409
1781711427011
122906772638
1781711428012
122994516615
1781711429012
123083230194
1781711430010
123171229053
1781711431012
123258954536
1781711432012
123346770107
1781711433012
123434681870
1781711434012
123522294194
1781711435013
123610169030
1781711436012
123697903608
1781711437011
123785676577
1781711438012
123873371359
1781711439010
123961881997
1781711440009
124050184261
1781711441014
124137969681
1781711442012
124225556371
1781711443011
124314411673
1781711444010
124401970836
1781711445010
124490050384
1781711446012
124577633778
1781711447012
124665048288
1781711448011
124752968900
1781711449012
124841726363
1781711450010
124930059938
1781711451011
125018474751
1781711452011
125106088174
1781711453011
125193758482
1781711454011
125281404986
1781711455012
125368994972
1781711456011
125456596005
1781711457010
125544477494
1781711458012
125632144018
1781711459012
125720815299
1781711460010
125808727855
1781711461011
125896515594
1781711462012
125984333485
1781711463012
126071862313
1781711464012
126159612638
1781711465012
126250769631
1781711466048
126335426397
1781711467012
126423339685
1781711468012
126511166914
1781711469012
126599522034
1781711470009
126687611714
1781711471012
126775313821
1781711472012
126862942258
1781711473012
126951631973
1781711474011
127039219273
1781711475011
127127183220
1781711476012
127214796277
1781711477012
127302656343
1781711478012
127390355337
1781711479011
127478696114
1781711480010
127566950771
1781711481012
127654612046
1781711482012
127742294133
1781711483011
127830150354
1781711484011
127917689985
1781711485011
128005342166
1781711486011
128093077903
1781711487011
128180987773
1781711488011
128268706482
1781711489012
128357364763
1781711490009
128445420629
1781711491011
128533322382
1781711492011
128621016554
1781711493012
128708571689
1781711494010
128796391776
1781711495010
128884147655
1781711496012
128971939911
1781711497012
129059570973
1781711498012
129147144724
1781711499012
129235933559
1781711500011
129324004134
1781711501011
129411778873
1781711502011
129499750694
1781711503011
129588184061
1781711504009
129676116453
1781711505012
129763718341
1781711506012
129851338844
1781711507011
129939072018
1781711508012
130026856461
1781711509012
130115623995
1781711510010
130203920278
1781711511012
130292162361
1781711512012
130379837735
1781711513011
130467724168
1781711514012
130555562932
1781711515012
130643480127
1781711516012
130729579638
1781711517012
130817002632
1781711518011
130904834499
1781711519011
130993350630
1781711520009
131081288393
1781711521012
131168850852
1781711522012
131256461773
1781711523012
131344018189
1781711524010
131431788289
1781711525012
131519052043
1781711526011
131606777831
1781711527012
131694281697
1781711528012
131781928933
1781711529012
131870607844
1781711530008
131958627272
1781711531012
132046343906
1781711532012
132133963555
1781711533012
132221952648
1781711534010
132310229033
1781711535011
132398267077
1781711536012
132485854255
1781711537011
132573639187
1781711538011
132661532516
1781711539012
132749972842
1781711540011
132837888205
1781711541012
132925775981
1781711542011
133013386718
1781711543012
133100877278
1781711544012
133188350748
1781711545012
133276182615
1781711546014
133363408039
1781711547012
133451140847
1781711548012
133538897458
1781711549012
133627260940
1781711550008
133715390842
1781711551011
133803036918
1781711552011
133890803784
1781711553014
133978301423
1781711554012
134065653189
1781711555011
134153295726
1781711556012
134241013458
1781711557012
134328440114
1781711558012
134416046702
1781711559012
134504127104
1781711560008
134592059496
1781711561011
134679690680
1781711562011
134767315822
1781711563012
134855241134
1781711564010
134943513003
1781711565011
135031110618
1781711566011
135118845928
1781711567011
135206263917
1781711568011
135293993185
1781711569011
135382588661
1781711570010
135470555904
1781711571011
135556873676
1781711572012
135644289834
1781711573011
135731813475
1781711574012
135819275531
1781711575011
135906981911
1781711576011
135994675107
1781711577011
136082395219
1781711578010
136170184545
1781711579012
136259043204
1781711580011
136347010447
1781711581011
136434990996
1781711582011
136522777026
1781711583012
136610336983
1781711584010
136697928189
1781711585011
136789002541
1781711586048
136873669561
1781711587014
136961340723
1781711588011
137049171186
1781711589012
137137560181
1781711590010
137225698383
1781711591012
137311405073
1781711592012
137398140325
1781711593012
137486178918
1781711594010
137575154276
1781711595014
137662622192
1781711596012
137750279560
1781711597012
137837865945
1781711598012
137925879574
1781711599012
138014776808
1781711600009
138103074372
1781711601012
138191356739
1781711602013
138279149910
1781711603012
138366817288
1781711604013
138454474962
1781711605012
138542151861
1781711606013
138629916773
1781711607012
138717561630
1781711608011
138805369083
1781711609012
138894183675
1781711610009
138982540260
1781711611012
139070534969
1781711612012
139158475967
1781711613011
139246220677
1781711614012
139334149346
1781711615012
139421950207
1781711616012
139509716950
1781711617011
139597231009
1781711618010
139685277170
1781711619012
139773866787
1781711620011
139862025131
1781711621012
139949800968
1781711622010
140037713462
1781711623012
140125826213
1781711624011
140214467221
1781711625012
140302221391
1781711626011
140390058935
1781711627012
140477822687
1781711628012
140565892958
1781711629012
140654829070
1781711630010
140742957873
1781711631012
140831048834
1781711632012
140918667567
1781711633011
141006232956
1781711634012
141094169254
1781711635012
141181766259
1781711636012
141269612103
1781711637011
141357126161
1781711638011
141445129903
1781711639012
141533975013
1781711640012
141622199946
1781711641012
141710251722
1781711642012
141797907992
1781711643011
141885512260
1781711644010
141973458995
1781711645012
142061255462
1781711646012
142149043629
1781711647012
142236933968
1781711648012
142324593106
1781711649012
142413159408
1781711650010
142501147952
1781711651010
142589045859
1781711652010
142676941752
1781711653012
142764685668
1781711654011
142853737381
1781711655012
142941587620
1781711656012
143029641594
1781711657012
143117554760
1781711658012
143205502838
1781711659012
143293913379
1781711660010
143382192022
1781711661011
143470138513
1781711662010
143558226301
1781711663012
143646233766
1781711664012
143733976827
1781711665012
143821673502
1781711666011
143909467894
1781711667012
143997009235
1781711668012
144085091773
1781711669012
144173842339
1781711670009
144262400706
1781711671011
144350596220
1781711672011
144438359240
1781711673011
144526432928
1781711674012
144614363611
1781711675012
144702245589
1781711676012
144790079104
1781711677012
144877938132
1781711678012
144966134745
1781711679015
145054920833
1781711680010
145143341933
1781711681011
145231423799
1781711682012
145319270315
1781711683011
145407388620
1781711684011
145496530237
1781711685012
145584290328
1781711686012
145672030398
1781711687011
145760181906
1781711688012
145848140055
1781711689012
145936781247
1781711690010
146025136794
1781711691011
146113384798
1781711692011
146201517935
1781711693011
146289438059
1781711694012
146377337370
1781711695012
146465203112
1781711696012
146552756110
1781711697011
146640255154
1781711698011
146728119614
1781711699012
146816727419
1781711700010
146904878561
1781711701011
146992741617
1781711702012
147080527952
1781711703011
147168324969
1781711704011
147256358618
1781711705012
147344093013
1781711706012
147431941298
1781711707012
147519657688
1781711708012
147607624564
1781711709012
147694050552
1781711710008
147780822852
1781711711010
147868875788
1781711712012
147956600234
1781711713012
148044466952
1781711714013
148133052419
1781711715009
148220986092
1781711716012
148308586210
1781711717012
148396249071
1781711718012
148483971564
1781711719012
148572595178
1781711720010
148660541669
1781711721012
148748550355
1781711722011
148837236895
1781711723012
148925840794
1781711724012
149014214836
1781711725011
149102628306
1781711726012
149191476833
1781711727012
149280076032
1781711728012
149368311952
1781711729011
149457682084
1781711730010
149546627291
1781711731011
149633760735
1781711732012
149718264486
1781711733012
149784138646
1781711734012
149829332622
1781711735012
149877121196
1781711736012
149923433211
1781711737012
149968605337
1781711738013
150014354792
1781711739015
150062243525
1781711740013
150113795212
1781711741014
150168735073
1781711742012
150255044179
1781711743012
150341330396
1781711744011
150428705660
1781711745012
150515825371
1781711746012
150603114271
1781711747012
150691806427
1781711748012
150780680589
1781711749012
150868273322
1781711750010
150958195150
1781711751048
151043259507
1781711752012
151131738529
1781711753012
151218416163
1781711754011
151304522327
1781711755011
151391050731
1781711756012
151478090669
1781711757011
151566906055
1781711758011
151655470525
1781711759012
151744167564
1781711760008
151832379130
1781711761012
151919943786
1781711762012
152007415974
1781711763011
152095258157
1781711764012
152182940732
1781711765012
152270647356
1781711766012
152359853060
1781711767012
152447439201
1781711768011
152535300670
1781711769011
152623653532
1781711770008
152711796251
1781711771012
152799681402
1781711772012
152887124843
1781711773012
152974875412
1781711774012
153062797855
1781711775011
153151041831
1781711776012
153238632549
1781711777011
153326183838
1781711778011
153414085103
1781711779012
153502592994
1781711780009
153590683528
1781711781012
153678820875
1781711782012
153766726107
1781711783012
153854547842
1781711784012
153942601938
1781711785012
154030505339
1781711786012
154118412096
1781711787012
154206312994
1781711788012
154294191980
1781711789012
154382943401
1781711790009
154471322081
1781711791012
154559189959
1781711792011
154647332373
1781711793011
154734972590
1781711794011
154822888869
1781711795011
154910777621
1781711796012
154998638053
1781711797012
155086322948
1781711798012
155174201263
1781711799011
155262865587
1781711800010
155350957647
1781711801012
155438590845
1781711802012
155526274947
1781711803011
155614010379
1781711804011
155702283835
1781711805011
155790689858
1781711806010
155878608518
1781711807012
155966261797
1781711808010
156054624608
1781711809011
156143141776
1781711810009
156231320810
1781711811012
156319598294
1781711812011
156407238634
1781711813012
156494838813
1781711814012
156582639064
1781711815012
156670138230
1781711816012
156757937016
1781711817012
156845883080
1781711818011
156933677899
1781711819011
157022455016
1781711820008
157110953141
1781711821012
157199248447
1781711822012
157287142509
1781711823011
157375089855
1781711824011
157463364715
1781711825012
157551080432
1781711826012
157639006843
1781711827012
157726784450
1781711828013
157814494370
1781711829011
157903248110
1781711830009
157991287863
1781711831010
158079335184
1781711832011
158167505490
1781711833012
158255337174
1781711834011
158343363499
1781711835009
158432002127
1781711836011
158519766307
1781711837011
158607934050
1781711838011
158695878466
1781711839012
158784378667
1781711840011
158872330651
1781711841012
158960339337
1781711842012
159047987428
1781711843012
159135759847
1781711844011
159223317301
1781711845012
159311100524
1781711846012
159398819782
1781711847012
159486484047
1781711848012
159574311032
1781711849011
159662934462
1781711850009
159751138216
1781711851012
159839072439
1781711852012
159926837778
1781711853012
160015003995
1781711854012
160102696947
1781711855011
160190465033
1781711856011
160278574976
1781711857011
160366224715
1781711858012
160454123599
1781711859012
160542932820
1781711860009
160630940834
1781711861011
160719063594
1781711862010
160807188063
1781711863012
160892066569
1781711864012
160978679751
1781711865012
161067459309
1781711866012
161155019143
1781711867012
161242658811
1781711868010
161330361468
1781711869012
161418761266
1781711870008
161506831414
1781711871011
161594765515
1781711872012
161682353120
1781711873011
161769896414
1781711874011
161857548534
1781711875012
161945391204
1781711876012
162032812489
1781711877012
162120435434
1781711878011
162208222502
1781711879012
162296250353
1781711880008
162383269600
1781711881012
162470975735
1781711882012
162558589708
1781711883012
162645973578
1781711884008
162733683132
1781711885012
162821151597
1781711886012
162908895513
1781711887012
162996248866
1781711888012
163084064193
1781711889012
163172159487
1781711890008
163259934958
1781711891012
163347471477
1781711892011
163434773195
1781711893010
163522235495
1781711894011
163610095561
1781711895012
163698494932
1781711896011
163786173540
1781711897012
163873686378
1781711898011
163961318783
1781711899012
164049818068
1781711900010
164140970545
1781711901048
164225796194
1781711902014
164312998241
1781711903010
164400449739
1781711904011
164488200918
1781711905012
164575949778
1781711906012
164663205841
1781711907011
164750754872
1781711908010
164838441782
1781711909012
164927165553
1781711910009
165015147811
1781711911011
165102888553
1781711912011
165190478478
1781711913012
165278144086
1781711914014
165364951603
1781711915010
165452496972
1781711916011
165539861067
1781711917012
165627062016
1781711918012
165714605310
1781711919011
165802961041
1781711920010
165890549989
1781711921011
165978068991
1781711922011
166065541912
1781711923012
166152907167
1781711924012
166240491964
1781711925012
166328575235
1781711926011
166416576535
1781711927011
166503770587
1781711928011
166591455177
1781711929012
166679870173
1781711930010
166767344986
1781711931012
166855095066
1781711932012
166942377191
1781711933012
167029872207
1781711934011
167117583164
1781711935012
167205021416
1781711936012
167292450758
1781711937010
167380267672
1781711938011
167467701591
1781711939012
167556183664
1781711940008
167644038054
1781711941012
167731670764
1781711942012
167819205513
1781711943012
167906465055
1781711944011
167993808521
1781711945012
168081271187
1781711946012
168168706327
1781711947011
168256145007
1781711948012
168343739693
1781711949011
168431955959
1781711950009
168519864425
1781711951012
168607570255
1781711952011
168694890771
1781711953012
168782387862
1781711954010
168870238284
1781711955012
168958535055
1781711956012
169046617105
1781711957012
169134067503
1781711958013
169221765765
1781711959011
169310026648
1781711960009
169397864802
1781711961012
169485774306
1781711962011
169573126316
1781711963012
169660626458
1781711964012
169747924697
1781711965012
169835191014
1781711966011
169922450068
1781711967011
170009878250
1781711968012
170097267613
1781711969012
170185646721
1781711970009
170273415478
1781711971012
170360849824
1781711972012
170448284842
1781711973011
170535732250
1781711974012
170623253633
1781711975012
170710776968
1781711976011
170798327159
1781711977012
170885819916
1781711978011
170973469777
1781711979012
171061808784
1781711980011
171149972926
1781711981011
171237478806
1781711982011
171325169133
1781711983011
171412582728
1781711984012
171500069869
1781711985012
171588293826
1781711986011
171676313193
1781711987012
171763584209
1781711988012
171851337830
1781711989012
171939448200
1781711990010
172027332558
1781711991012
172115233517
1781711992012
172202736894
1781711993012
172290067420
1781711994011
172377200742
1781711995011
172464762712
1781711996011
172552146094
1781711997012
172639259641
1781711998012
172726900347
1781711999012
172815160558
1781712000010
172903153436
1781712001012
172989703873
1781712002011
173075235698
1781712003012
173162448487
1781712004008
173250119588
1781712005012
173337477336
1781712006012
173424992371
1781712007012
173512296957
1781712008012
173599563945
1781712009012
173688134031
1781712010010
173775830401
1781712011012
173863674902
1781712012012
173951294368
1781712013012
174038572465
1781712014010
174126218969
1781712015012
174214083612
1781712016010
174302337903
1781712017011
174389722079
1781712018010
174477479667
1781712019012
174565746714
1781712020011
174652860016
1781712021011
174740519215
1781712022011
174828247384
1781712023011
174915865995
1781712024011
175003404040
1781712025010
175091228828
1781712026012
175179250453
1781712027012
175266954818
1781712028012
175354883609
1781712029012
175443393393
1781712030009
175531572366
1781712031011
175619470273
1781712032012
175707000140
1781712033011
175794716773
1781712034010
175882371883
1781712035012
175969774186
1781712036011
176057251379
1781712037011
176144628841
1781712038011
176232559097
1781712039011
176320810092
1781712040009
176408477775
1781712041012
176496253429
1781712042012
176584078827
1781712043012
176671722584
1781712044012
176759390085
1781712045012
176846962981
1781712046009
176935507981
1781712047011
177023050787
1781712048012
177110739832
1781712049012
177199262677
1781712050010
177287153504
1781712051012
177374797811
1781712052012
177462414530
1781712053012
177549923766
1781712054012
177637430073
1781712055011
177725091165
1781712056012
177812708982
1781712057012
177900668230
1781712058012
177988366064
1781712059012
178076990532
1781712060011
178165056225
1781712061012
178252666718
1781712062011
178340254934
1781712063011
178428024912
1781712064010
178515675444
1781712065010
178603519702
1781712066012
178691163826
1781712067012
178778704312
1781712068012
178866427781
1781712069012
178954444463
1781712070008
179042159326
1781712071012
179129590072
1781712072010
179217020207
1781712073011
179304367212
1781712074011
179391738143
1781712075012
179479201603
1781712076012
179567446739
1781712077011
179654919415
1781712078012
179742373415
1781712079011
179830560567
1781712080009
179918518411
1781712081012
180006117430
1781712082012
180093399433
1781712083012
180180979470
1781712084012
180268390440
1781712085012
180355687702
1781712086011
180443316872
1781712087012
180530794126
1781712088012
180618346026
1781712089012
180706777745
1781712090011
180794626764
1781712091011
180881999648
1781712092011
180969607822
1781712093011
181057071404
1781712094012
181144788770
1781712095011
181232366427
1781712096012
181319546746
1781712097010
181406996473
1781712098011
181494669771
1781712099012
181582697561
1781712100009
181670597544
1781712101011
181758145965
1781712102012
181845504872
1781712103011
181932826853
1781712104012
182020092438
1781712105011
182107465871
1781712106012
182195275400
1781712107009
182283009428
1781712108012
182370442249
1781712109011
182458618109
1781712110009
182546188137
1781712111012
182633727952
1781712112012
182721206915
1781712113012
182808213162
1781712114010
182895796250
1781712115011
182983093695
1781712116012
183070582607
1781712117012
183158113084
1781712118012
183245488226
1781712119012
183333894677
1781712120010
183421514570
1781712121012
183509039493
1781712122012
183596507103
1781712123012
183683838483
1781712124012
183771233035
1781712125012
183858815086
1781712126012
183946135053
1781712127012
184033332645
1781712128012
184120679223
1781712129012
184208862713
1781712130009
184296614808
1781712131012
184384127767
1781712132012
184471714335
1781712133011
184558975525
1781712134012
184646548360
1781712135012
184734091654
1781712136012
184821944701
1781712137011
184909775531
1781712138012
184997452796
1781712139012
185085434993
1781712140010
185176536689
1781712141048
185259768226
1781712142011
185345613709
1781712143012
185433181478
1781712144012
185520682170
1781712145011
185608349670
1781712146011
185695814778
1781712147011
185783502969
1781712148011
185871220274
1781712149012
185959412736
1781712150008
186047484898
1781712151012
186135237481
1781712152012
186222888258
1781712153012
186310482272
1781712154011
186398346732
1781712155012
186485887096
1781712156012
186573447846
1781712157012
186661055715
1781712158012
186748680369
1781712159012
186837053678
1781712160010
186925031175
1781712161011
187012753851
1781712162011
187100578150
1781712163012
187187981796
1781712164011
187275446537
1781712165011
187363393395
1781712166011
187451315716
1781712167011
187539449463
1781712168011
187627385883
1781712169012
187715817053
1781712170009
187804049127
1781712171011
187891772291
1781712172011
187979403781
1781712173012
188067115592
1781712174012
188154832531
1781712175011
188242757965
1781712176012
188330536976
1781712177012
188418073678
1781712178012
188505998075
1781712179012
188594375900
1781712180009
188682217228
1781712181011
188769953149
1781712182012
188857389326
1781712183011
188945165163
1781712184011
189033222555
1781712185012
189120852031
1781712186011
189208373840
1781712187011
189296079792
1781712188012
189383742166
1781712189011
189472487422
1781712190008
189560690687
1781712191011
189648826204
1781712192012
189736468802
1781712193012
189824018321
1781712194012
189911844268
1781712195012
189999332997
1781712196012
190087323738
1781712197010
190175879481
1781712198012
190263635299
1781712199010
190352467225
1781712200011
190440408833
1781712201011
190528354165
1781712202012
190616245480
1781712203010
190704260392
1781712204012
190791862340
1781712205012
190879684503
1781712206010
190967268629
1781712207012
191055162203
1781712208012
191142860770
1781712209012
191231326059
1781712210008
191319386624
1781712211012
191407108080
1781712212012
191494704779
1781712213011
191582477382
1781712214012
191669935959
1781712215012
191760750363
1781712216048
191845148035
1781712217011
191932603560
1781712218010
192020803774
1781712219011
192109218709
1781712220009
192197199319
1781712221012
192285257321
1781712222012
192373040604
1781712223012
192460511450
1781712224010
192548487421
1781712225012
192636205275
1781712226011
192724416475
1781712227009
192812970997
1781712228011
192900573800
1781712229011
192989102077
1781712230009
193080234106
1781712231048
193165194704
1781712232012
193252689353
1781712233011
193340683269
1781712234012
193428593688
1781712235012
193516332172
1781712236011
193603975319
1781712237012
193691665280
1781712238010
193779519120
1781712239012
193866871375
1781712240008
193953270568
1781712241012
194041017780
1781712242012
194128933204
1781712243011
194216816524
1781712244011
194304474319
1781712245010
194392358555
1781712246012
194480281365
1781712247012
194568122448
1781712248012
194655928315
1781712249012
194744367236
1781712250009
194832559760
1781712251012
194920479884
1781712252011
195007943161
1781712253011
195095489384
1781712254011
195183372094
1781712255012
195271131879
1781712256012
195358811342
1781712257008
195447363972
1781712258011
195535292214
1781712259012
195623825861
1781712260008
195715086431
1781712261048
195800019746
1781712262012
195887788259
1781712263011
195975281383
1781712264012
196063143584
1781712265012
196150792957
1781712266011
196238542855
1781712267012
196325997770
1781712268011
196413581835
1781712269010
196502399418
1781712270008
196590752158
1781712271011
196678704692
1781712272011
196766524779
1781712273012
196854252887
1781712274012
196941893471
1781712275011
197032995838
1781712276048
197117426408
1781712277012
197205442906
1781712278012
197293153558
1781712279012
197382087779
1781712280009
197470352018
1781712281011
197558279894
1781712282012
197646032415
1781712283012
197733955347
1781712284012
197821946760
1781712285012
197910027772
1781712286012
197997886861
1781712287012
198086396950
1781712288009
198174845088
1781712289011
198263282483
1781712290009
198351503815
1781712291010
198440073718
1781712292012
198527837165
1781712293012
198615916346
1781712294011
198703890974
1781712295012
198791822512
1781712296012
198879635764
1781712297011
198967562785
1781712298012
199055604124
1781712299011
199144349625
1781712300010
199232375461
1781712301012
199320429252
1781712302012
199408120373
1781712303012
199495715424
1781712304010
199583975880
1781712305012
199671828682
1781712306012
199759879421
1781712307012
199847602158
1781712308012
199935403020
1781712309012
200024229757
1781712310011
200112384012
1781712311012
200200600095
1781712312012
200288816238
1781712313012
200376540806
1781712314012
200464556633
1781712315012
200552444592
1781712316012
200640336151
1781712317012
200728829272
1781712318012
200817146368
1781712319011
200905721702
1781712320008
200994079814
1781712321012
201082491147
1781712322012
201170501359
1781712323012
201258656529
1781712324012
201346490960
1781712325012
201434306653
1781712326012
201522301118
1781712327012
201610265980
1781712328011
201698402168
1781712329011
201787264368
1781712330010
201875658428
1781712331013
201963687012
1781712332012
202051797504
1781712333012
202139741371
1781712334011
202227804072
1781712335012
202315520339
1781712336011
202403719882
1781712337012
202491720023
1781712338011
202580004037
1781712339012
202668695705
1781712340008
202752989373
1781712341010
202818943001
1781712342012
202869226258
1781712343011
202911496414
1781712344012
202954118070
1781712345013
203003966026
1781712346012
203048525116
1781712347011
203097311551
1781712348013
203144514799
1781712349013
203195912434
1781712350012
203254171684
1781712351012
203341738660
1781712352011
203430081451
1781712353012
203518190967
1781712354012
203605868416
1781712355010
203694129969
1781712356010
203781927535
1781712357010
203870044375
1781712358012
203958052634
1781712359012
204046888405
1781712360008
204135769159
1781712361012
204224161510
1781712362012
204312298919
1781712363011
204400898912
1781712364011
204488805975
1781712365011
204577238793
1781712366012
204666948951
1781712367012
204755114192
1781712368011
204843773389
1781712369012
204932795378
1781712370009
205021746871
1781712371012
205110520875
1781712372012
205198769733
1781712373012
205287395971
1781712374012
205375548028
1781712375011
205463944958
1781712376011
205552590666
1781712377012
205641499801
1781712378012
205730443848
1781712379012
205820030411
1781712380011
205908614168
1781712381011
205997216786
1781712382011
206085684638
1781712383011
206173979944
1781712384011
206262254987
1781712385011
206350818969
1781712386011
206439046465
1781712387012
206527830845
1781712388012
206616401419
1781712389012
206705872137
1781712390011
206794417504
1781712391011
206882835185
1781712392012
206971325987
1781712393012
207059967666
1781712394012
207148233737
1781712395012
207236762136
1781712396012
207324926705
1781712397012
207413495082
1781712398012
207502069257
1781712399011
207591386533
1781712400009
207679997756
1781712401012
207767079687
1781712402011
207854902643
1781712403011
207942882276
1781712404012
208030586031
1781712405012
208118396842
1781712406011
208206181529
1781712407011
208294707059
1781712408011
208383670271
1781712409010
208472791320
1781712410010
208561216509
1781712411012
208649464391
1781712412012
208737160882
1781712413012
208824857924
1781712414012
208912683138
1781712415012
209000279350
1781712416012
209088059703
1781712417012
209176023712
1781712418011
209263873279
1781712419013
209352722844
1781712420009
209441064781
1781712421012
209529070232
1781712422012
209617158691
1781712423012
209704943805
1781712424011
209792776100
1781712425010
209882696036
1781712426048
209967188556
1781712427012
210055148109
1781712428012
210142813717
1781712429011
210231649671
1781712430010
210319968720
1781712431012
210407958912
1781712432012
210496119392
1781712433011
210584135219
1781712434011
210672141219
1781712435012
210760237002
1781712436011
210848050559
1781712437012
210936633035
1781712438009
211025653620
1781712439012
211114179761
1781712440011
211205821189
1781712441049
211290628650
1781712442010
211378539619
1781712443012
211466507533
1781712444012
211554116195
1781712445012
211641704350
1781712446012
211729804283
1781712447012
211817513959
1781712448010
211905714722
1781712449012
211994522478
1781712450010
212082597325
1781712451011
212170717400
1781712452012
212258481885
1781712453011
212346412446
1781712454012
212434244680
1781712455012
212524909487
1781712456047
212609731657
1781712457012
212697593981
1781712458012
212785441534
1781712459012
212874126610
1781712460009
212962525066
1781712461013
213050464904
1781712462012
213138469683
1781712463012
213226337867
1781712464012
213314148067
1781712465012
213401912063
1781712466012
213489686497
1781712467012
213577661857
1781712468009
213666734017
1781712469010
213755614161
1781712470010
213844025189
1781712471014
213932062256
1781712472012
214020023152
1781712473012
214108023476
1781712474012
214196031490
1781712475010
214284327651
1781712476011
214372174960
1781712477012
214460193656
1781712478012
214548481272
1781712479012
214636967984
1781712480008
214725426925
1781712481011
214813612734
1781712482012
214901495871
1781712483012
214989444681
1781712484011
215077573484
1781712485012
215165466875
1781712486012
215253386144
1781712487012
215341080805
1781712488012
215429146559
1781712489012
215518002960
1781712490011
215606062121
1781712491011
215694341986
1781712492012
215781916041
1781712493012
215869557907
1781712494011
215957584232
1781712495011
216045521384
1781712496012
216133344646
1781712497012
216221079346
1781712498011
216309783342
1781712499009
216398966097
1781712500009
216490346418
1781712501049
216575339852
1781712502012
216663332730
1781712503011
216750972398
1781712504011
216838892217
1781712505012
216926961755
1781712506012
217014686201
1781712507012
217102693300
1781712508012
217190408834
1781712509012
217278956154
1781712510009
217367434931
1781712511012
217455171584
1781712512012
217543051303
1781712513012
217630958793
1781712514012
217718492199
1781712515011
217806437043
1781712516012
217894015432
1781712517012
217981689096
1781712518011
218069531584
1781712519012
218157862290
1781712520011
218246015812
1781712521012
218333751916
1781712522011
218421368879
1781712523012
218509083681
1781712524011
218596634482
1781712525011
218684370403
1781712526012
218772046326
1781712527011
218859757710
1781712528012
218948158607
1781712529011
219037446098
1781712530011
219125387157
1781712531012
219213402618
1781712532010
219301113270
1781712533011
219388829293
1781712534011
219476924343
1781712535011
219564528733
1781712536012
219652138860
1781712537012
219740022241
1781712538011
219827612960
1781712539012
219916494751
1781712540010
220004598713
1781712541012
220092471229
1781712542012
220180462337
1781712543012
220268122391
1781712544012
220355762670
1781712545011
220446856186
1781712546048
220531395765
1781712547012
220619234163
1781712548011
220707096365
1781712549011
220795744942
1781712550010
220883932521
1781712551012
220971627731
1781712552012
221059536747
1781712553012
221147439659
1781712554012
221235099408
1781712555012
221322800477
1781712556012
221410662191
1781712557012
221498287455
1781712558012
221586704953
1781712559012
221675913099
1781712560009
221763923921
1781712561012
221851788320
1781712562011
221939521921
1781712563012
222027181364
1781712564012
222115174181
1781712565012
222202675971
1781712566012
222290409084
1781712567012
222378099594
1781712568011
222465975529
1781712569012
222554860739
1781712570010
222642836893
1781712571012
222730629026
1781712572012
222818226519
1781712573012
222905816993
1781712574012
222993460873
1781712575011
223081023637
1781712576012
223168800390
1781712577012
223256580256
1781712578012
223344151382
1781712579012
223432987702
1781712580010
223520982899
1781712581012
223608805306
1781712582012
223696491788
1781712583012
223783943652
1781712584011
223871839850
1781712585012
223959644191
1781712586012
224046970627
1781712587012
224134694463
1781712588012
224222856163
1781712589012
224311928872
1781712590011
224400143612
1781712591011
224488215713
1781712592012
224576016087
1781712593012
224663739007
1781712594012
224751308668
1781712595012
224839119539
1781712596012
224926770316
1781712597012
225014303051
1781712598011
225102218902
1781712599012
225190737719
1781712600009
225278996099
1781712601012
225366894616
1781712602011
225454621626
1781712603012
225542455385
1781712604011
225630194846
1781712605012
225717881511
1781712606012
225805680664
1781712607012
225893160725
1781712608012
225980796243
1781712609012
226069149899
1781712610009
226156993241
1781712611012
226244576818
1781712612011
226332278803
1781712613012
226419784621
1781712614012
226507519443
1781712615012
226595219902
1781712616012
226682632337
1781712617013
226770541231
1781712618012
226858562184
1781712619011
226947713201
1781712620010
227036064538
1781712621012
227123863751
1781712622012
227211502504
1781712623012
227299016318
1781712624012
227386773479
1781712625012
227474343384
1781712626011
227561777852
1781712627012
227649577860
1781712628012
227737355589
1781712629012
227825749528
1781712630009
227914083774
1781712631011
228001918144
1781712632011
228089807568
1781712633011
228177479157
1781712634012
228265014028
1781712635012
228352531382
1781712636012
228440225555
1781712637012
228527741932
1781712638011
228615466744
1781712639012
228703879360
1781712640010
228791646896
1781712641011
228879532047
1781712642012
228967082788
1781712643011
229054661848
1781712644012
229142418703
1781712645011
229230236960
1781712646013
229317841167
1781712647012
229405507324
1781712648012
229493205586
1781712649009
229582524510
1781712650008
229670577447
1781712651012
229758622326
1781712652012
229846400666
1781712653012
229933823843
1781712654012
230021585215
1781712655011
230109046539
1781712656011
230196691273
1781712657012
230284147287
1781712658011
230371946745
1781712659011
230460547165
1781712660010
230548681278
1781712661012
230636311852
1781712662012
230724231243
1781712663011
230811823609
1781712664012
230899159934
1781712665010
230987036418
1781712666012
231074327820
1781712667010
231161984822
1781712668012
231249735880
1781712669012
231337828733
1781712670008
231425827714
1781712671012
231513682653
1781712672011
231601530999
1781712673012
231689096022
1781712674012
231777110811
1781712675011
231864825491
1781712676012
231952745799
1781712677012
232040452361
1781712678011
232128184803
1781712679011
232217436954
1781712680011
232305259117
1781712681012
232393330608
1781712682012
232481032837
1781712683012
232568624837
1781712684011
232656411844
1781712685011
232744091917
1781712686010
232831850360
1781712687012
232919654456
1781712688012
233007478389
1781712689012
233096091565
1781712690009
233184478973
1781712691012
233272221974
1781712692012
233359901315
1781712693011
233447716703
1781712694012
233535439440
1781712695011
233626575315
1781712696048
233711100855
1781712697012
233798614242
1781712698012
233886511966
1781712699012
233974718161
1781712700009
234062922342
1781712701011
234150546569
1781712702011
234238253436
1781712703011
234326047523
1781712704012
234413670407
1781712705011
234501456254
1781712706011
234588928076
1781712707011
234676758356
1781712708012
234764557021
1781712709011
234853466217
1781712710008
234942081347
1781712711011
235029974859
1781712712012
235117455592
1781712713012
235204864060
1781712714011
235292623662
1781712715011
235380315271
1781712716011
235467811446
1781712717011
235555377689
1781712718011
235643256370
1781712719012
235731821268
1781712720010
235819722899
1781712721011
235907333697
1781712722011
235995074745
1781712723011
236082993099
1781712724011
236170788589
1781712725012
236258325963
1781712726011
236346319512
1781712727012
236433919996
1781712728012
236521308688
1781712729011
236610021290
1781712730009
236698034371
1781712731012
236785533414
1781712732010
236873348558
1781712733011
236960832770
1781712734011
237048389248
1781712735011
237135977341
1781712736011
237223222357
1781712737010
237310856899
1781712738011
237398481857
1781712739011
237487403688
1781712740008
237575992267
1781712741011
237663950904
1781712742012
237751429745
1781712743012
237838876787
1781712744012
237926267433
1781712745012
238013991756
1781712746012
238101487138
1781712747011
238189011145
1781712748011
238276914301
1781712749011
238365386975
1781712750009
238453314545
1781712751010
238541084096
1781712752012
238628542734
1781712753012
238716008453
1781712754011
238803987232
1781712755012
238894698059
1781712756048
238979313504
1781712757012
239066735094
1781712758012
239152308972
1781712759012
239240666839
1781712760009
239328665332
1781712761012
239416522101
1781712762012
239504042019
1781712763011
239591507371
1781712764011
239679508061
1781712765013
239766946619
1781712766012
239854480819
1781712767011
239941946843
1781712768010
240029778954
1781712769012
240119149453
1781712770008
240211206346
1781712771048
240295803115
1781712772011
240383476962
1781712773012
240471146294
1781712774012
240558716260
1781712775012
240646281465
1781712776011
240733667289
1781712777012
240821170483
1781712778012
240908901277
1781712779012
240997301014
1781712780009
241085584784
1781712781012
241173079189
1781712782011
241260783615
1781712783012
241348569585
1781712784011
241435940516
1781712785011
241524002485
1781712786012
241611698550
1781712787011
241699075279
1781712788012
241786558820
1781712789011
241875296080
1781712790009
241963353350
1781712791012
242050967811
1781712792010
242138597652
1781712793012
242225891740
1781712794011
242313640295
1781712795012
242401350337
1781712796011
242488903030
1781712797012
242576406346
1781712798011
242664169305
1781712799012
242753268137
1781712800010
242841792019
1781712801012
242929805283
1781712802012
243017372869
1781712803012
243104698939
1781712804012
243192353988
1781712805012
243279917973
1781712806012
243367361108
1781712807012
243454988386
1781712808012
243542619205
1781712809012
243631152608
1781712810012
243719125589
1781712811011
243806763304
1781712812011
243894514971
1781712813012
243982091163
1781712814012
244069609250
1781712815012
244159408153
1781712816048
244243396952
1781712817011
244330775817
1781712818012
244418601032
1781712819012
244506978796
1781712820010
244594773005
1781712821012
244682406082
1781712822012
244769737767
1781712823011
244857463251
1781712824012
244945114149
1781712825011
245032451999
1781712826011
245120031365
1781712827012
245207314223
1781712828012
245295055331
1781712829012
245383755421
1781712830008
245472257209
1781712831011
245560017421
1781712832012
245647417527
1781712833012
245734942633
1781712834012
245822675868
1781712835012
245910153183
1781712836012
245997621770
1781712837011
246085095545
1781712838012
246172552352
1781712839012
246261020021
1781712840010
246348844198
1781712841012
246436346477
1781712842012
246523825684
1781712843012
246611126608
1781712844011
246698661662
1781712845011
246786276062
1781712846012
246873623067
1781712847012
246961202250
1781712848012
247048916869
1781712849012
247137279314
1781712850009
247225385595
1781712851012
247312952143
1781712852010
247400913527
1781712853012
247488544162
1781712854010
247576179252
1781712855012
247663913769
1781712856012
247751437226
1781712857012
247838633536
1781712858011
247926486095
1781712859011
248015292081
1781712860010
248104126021
1781712861015
248191679263
1781712862011
248278983056
1781712863011
248366757673
1781712864012
248454081485
1781712865012
248541332360
1781712866012
248629056562
1781712867012
248716535830
1781712868012
248804181541
1781712869012
248892727945
1781712870008
248980839475
1781712871012
249068436601
1781712872010
249156060401
1781712873009
249243662044
1781712874012
249331193192
1781712875010
249418822118
1781712876012
249506469843
1781712877011
249594060805
1781712878010
249682044039
1781712879012
249770418386
1781712880008
249858374765
1781712881012
249946100187
1781712882012
250033742236
1781712883011
250121338813
1781712884012
250208744534
1781712885012
250296461107
1781712886012
250383714118
1781712887011
250471729396
1781712888011
250559609420
1781712889012
250647942873
1781712890011
250740154612
1781712891048
250825135351
1781712892012
250912674678
1781712893012
251000437149
1781712894012
251087847325
1781712895012
251175432672
1781712896012
251262779983
1781712897010
251350340061
1781712898012
251437971795
1781712899012
251524343461
1781712900011
251611378151
1781712901011
251699164669
1781712902011
251786410906
1781712903011
251873918311
1781712904011
251961177670
1781712905011
252048752763
1781712906012
252136266638
1781712907012
252223727901
1781712908012
252311460160
1781712909014
252399511936
1781712910008
252487570304
1781712911012
252575167248
1781712912011
252662811921
1781712913012
252749926689
1781712914012
252837600964
1781712915011
252925049897
1781712916012
253012266898
1781712917010
253099853893
1781712918012
253187200471
1781712919011
253275359975
1781712920009
253363766059
1781712921012
253451837917
1781712922012
253539408859
1781712923012
253626842046
1781712924012
253714094325
1781712925012
253801723862
1781712926012
253888938238
1781712927012
253976358424
1781712928011
254063892624
1781712929012
254152157596
1781712930010
254240135642
1781712931012
254327918926
1781712932012
254415289552
1781712933011
254502722189
1781712934012
254589971722
1781712935012
254677295961
1781712936010
254764976034
1781712937010
254852430400
1781712938012
254940108215
1781712939012
255028352252
1781712940008
255116383948
1781712941012
255204118465
1781712942011
255291358476
1781712943012
255376246747
1781712944011
255463675723
1781712945010
255551492392
1781712946013
255638735150
1781712947011
255726754822
1781712948012
255813105187
1781712949012
255895964655
1781712950012
255945462087
1781712951013
255998819250
1781712952011
256043186324
1781712953013
256086074093
1781712954012
256127533520
1781712955011
256171656088
1781712956011
256213691442
1781712957012
256253322017
1781712958012
256294068555
1781712959012
256335716947
1781712960010
256377298994
1781712961013
256417630068
1781712962013
256457099937
1781712963013
256496951459
1781712964014
256535338629
1781712965013
256576761069
1781712966050
256617983681
1781712967011
256659581902
1781712968012
256699308485
1781712969012
256740133759
1781712970012
256780438953
1781712971013
256821115607
1781712972013
256860008757
1781712973014
256899510670
1781712974012
256938280529
1781712975012
256977764620
1781712976014
257016760126
1781712977013
257055237444
1781712978012
257094693703
1781712979012
257134880612
1781712980013
257175736586
1781712981013
257218418179
1781712982013
257263096958
1781712983014
257302683161
1781712984013
257342210770
1781712985013
257380467996
1781712986013
257418961061
1781712987012
257457795374
1781712988012
257497194382
1781712989012
257538345338
1781712990013
257578663656
1781712991013
257619056985
1781712992013
257658086365
1781712993012
257697628378
1781712994012
257736429121
1781712995013
257776326419
1781712996012
257817585956
1781712997013
257861158965
1781712998013
257900113699
1781712999013
257940678232
1781713000011
257981122464
1781713001014
258021562668
1781713002012
258060341927
1781713003012
258099807890
1781713004014
258138748159
1781713005014
258178612681
1781713006014
258217416842
1781713007012
258256347101
1781713008012
258296621046
1781713009012
258336866121
1781713010012
258380265851
1781713011051
258422059140
1781713012012
258464922495
1781713013012
258503946565
1781713014014
258542120723
1781713015013
258581086321
1781713016015
258619968485
1781713017013
258658733828
1781713018012
258698633200
1781713019012
258739700844
1781713020012
258780572688
1781713021013
258820974501
1781713022013
258859611670
1781713023013
258898163879
1781713024012
258937280966
1781713025012
258977590616
1781713026014
259019306086
1781713027012
259060106396
1781713028012
259099683749
1781713029012
259140598988
1781713030012
259180643075
1781713031013
259220651884
1781713032012
259259846913
1781713033012
259298414380
1781713034012
259338160738
1781713035013
259378566030
1781713036012
259417393812
1781713037014
259455681128
1781713038012
259494389525
1781713039012
259534643511
1781713040012
259577512786
1781713041049
259619651717
1781713042010
259659811648
1781713043012
259698780726
1781713044012
259738484909
1781713045013
259777879217
1781713046012
259816571867
1781713047013
259855409231
1781713048012
259894251294
1781713049013
259935477263
1781713050012
259976304795
1781713051012
260016590520
1781713052014
260056269618
1781713053012
260094742297
1781713054013
260133122509
1781713055012
260173015473
1781713056014
260214458299
1781713057015
260252195752
1781713058012
260291190708
1781713059013
260332226125
1781713060013
260373284248
1781713061013
260416731891
1781713062012
260455671305
1781713063012
260493856266
1781713064013
260533678185
1781713065013
260572864364
1781713066012
260611752021
1781713067014
260651299771
1781713068013
260690481129
1781713069013
260731185858
1781713070010
260771400660
1781713071012
260814123757
1781713072013
260855994560
1781713073013
260894071306
1781713074013
260933084817
1781713075014
260972041748
1781713076012
261011504294
1781713077012
261050843243
1781713078012
261089193548
1781713079013
261130005333
1781713080010
261170411480
1781713081013
261210299317
1781713082012
261249478843
1781713083013
261288470076
1781713084013
261327367987
1781713085014
261367152675
1781713086013
261408093122
1781713087012
261448226625
1781713088012
261487578087
1781713089013
261528201213
1781713090012
261568953977
1781713091013
261609098406
1781713092013
261648177652
1781713093012
261686388796
1781713094012
261724860317
1781713095013
261764943588
1781713096012
261804013495
1781713097012
261845648154
1781713098012
261890340911
1781713099014
261931374986
1781713100011
261971640202
1781713101014
262013782612
1781713102012
262057954801
1781713103013
262096858571
1781713104013
262135334119
1781713105012
30648359
1781713106013
69520757
1781713107013
108207608
1781713108012
147436390
1781713109014
188242926
1781713110012
228750329
1781713111014
268659163
1781713112013
307302680
1781713113012
345998381
1781713114013
384022332
1781713115012
424025342
1781713116012
465550138
1781713117012
507934673
1781713118014
546764408
1781713119013
586972801
1781713120012
627093365
1781713121012
667151429
1781713122013
706106163
1781713123012
744747116
1781713124012
783617073
1781713125013
823235868
1781713126012
863416124
1781713127013
902027903
1781713128013
941389069
1781713129013
981796253
1781713130011
1022645148
1781713131013
1065811419
1781713132014
1107514803
1781713133012
1145636776
1781713134013
1183968404
1781713135013
1222434858
1781713136012
1262004215
1781713137012
1301403162
1781713138013
1340933334
1781713139012
1382153138
1781713140011
1422609334
1781713141013
1462100932
1781713142013
1500898989
1781713143012
1539350185
1781713144012
1577722950
1781713145012
1619827762
1781713146051
1660221091
1781713147013
1704576507
1781713148013
1743710868
1781713149012
1784670968
1781713150012
1825427883
1781713151013
1865255967
1781713152013
1904250435
1781713153012
1942260225
1781713154013
1980843439
1781713155012
2020528824
1781713156012
2059639197
1781713157012
2099298580
1781713158012
2138737505
1781713159012
2178769324
1781713160011
2225210673
1781713161151
2263513431
1781713162013
2306564712
1781713163012
2344609903
1781713164012
2383253786
1781713165013
2422174524
1781713166012
2460502551
1781713167013
2500629523
1781713168013
2539824125
1781713169012
2580001329
1781713170011
2620384649
1781713171012
2660562524
1781713172013
2699550095
1781713173013
2737990244
1781713174013
2776310336
1781713175012
2815527643
1781713176013
2857118113
1781713177012
2901397662
1781713178012
2940975198
1781713179013
2981497555
1781713180012
3022256301
1781713181013
3062660921
1781713182013
3101463068
1781713183014
3140087969
1781713184012
3178458965
1781713185012
3218222596
1781713186014
3257011010
1781713187012
3296429488
1781713188012
3335439886
1781713189012
3375746240
1781713190011
3416750347
1781713191013
3459490533
1781713192012
3502336615
1781713193011
3541063932
1781713194013
3579608939
1781713195012
3618071670
1781713196012
3657591222
1781713197012
3696669918
1781713198014
3737002762
1781713199014
3778347261
1781713200012
3818650929
1781713201013
3858646066
1781713202012
3896419468
1781713203012
3935004208
1781713204016
3973183249
1781713205011
4012440716
1781713206013
4053465819
1781713207013
4093674822
1781713208012
4133788001
1781713209014
4174240412
1781713210012
4215230358
1781713211012
4255853545
1781713212015
4294863516
1781713213013
4333339004
1781713214013
4371970741
1781713215012
4411181761
1781713216013
4450955402
1781713217013
4489975566
1781713218013
4529076357
1781713219013
4570939653
1781713220015
4612443331
1781713221012
4654777878
1781713222012
4696625122
1781713223010
4734958032
1781713224013
4776893166
1781713225013
